           1  1 0.3420 0.3438 0.3142 
           2  1 0.3115 0.3138 0.3747 
           3  1 0.3329 0.3389 0.3282 
           4  1 0.3310 0.3255 0.3435 
           5  1 0.3029 0.3029 0.3942 
           6  1 0.3417 0.3289 0.3294 
           7  1 0.3540 0.3507 0.2954 
           8  1 0.3418 0.3409 0.3173 
           9  1 0.3321 0.3352 0.3327 
          10  1 0.3234 0.3295 0.3471 
          11  1 0.2931 0.2931 0.4137 
          12  1 0.3333 0.3309 0.3358 
          13  1 0.3098 0.3147 0.3755 
          14  1 0.3323 0.3359 0.3318 
          15  1 0.3499 0.3351 0.3150 
          16  1 0.3242 0.3266 0.3491 
          17  1 0.3463 0.3468 0.3069 
          18  1 0.3391 0.3262 0.3347 
          19  1 0.2992 0.2988 0.4021 
          20  1 0.3627 0.3701 0.2672 
          21  1 0.3442 0.3471 0.3087 
          22  1 0.3281 0.3319 0.3401 
          23  1 0.3211 0.3177 0.3611 
          24  1 0.3340 0.3413 0.3247 
          25  1 0.3461 0.3382 0.3157 
          26  1 0.3267 0.3337 0.3396 
          27  1 0.3229 0.3318 0.3453 
          28  1 0.3035 0.3048 0.3917 
          29  1 0.3047 0.3137 0.3816 
          30  1 0.3478 0.3407 0.3114 
          31  1 0.3445 0.3433 0.3121 
          32  1 0.2946 0.2936 0.4118 
          33  1 0.3401 0.3317 0.3281 
          34  1 0.3221 0.3281 0.3499 
          35  1 0.3575 0.3490 0.2936 
          36  1 0.3318 0.3390 0.3292 
          37  1 0.3277 0.3339 0.3384 
          38  1 0.3072 0.3044 0.3884 
          39  1 0.3528 0.3513 0.2959 
          40  1 0.3415 0.3368 0.3217 
          41  1 0.3324 0.3398 0.3278 
          42  1 0.3561 0.3560 0.2880 
          43  1 0.3163 0.3270 0.3567 
          44  1 0.3373 0.3427 0.3200 
          45  1 0.3389 0.3460 0.3150 
          46  1 0.3378 0.3469 0.3153 
          47  1 0.3291 0.3389 0.3321 
          48  1 0.3307 0.3332 0.3362 
          49  1 0.3281 0.3225 0.3495 
          50  1 0.3196 0.3170 0.3635 
          51  1 0.3351 0.3332 0.3317 
          52  1 0.3354 0.3332 0.3314 
          53  1 0.3111 0.3169 0.3720 
          54  1 0.3354 0.3435 0.3211 
          55  1 0.3382 0.3481 0.3137 
          56  1 0.3130 0.3058 0.3812 
          57  1 0.3257 0.3322 0.3421 
          58  1 0.3342 0.3288 0.3370 
          59  1 0.3524 0.3468 0.3007 
          60  1 0.3336 0.3418 0.3245 
          61  1 0.3366 0.3388 0.3246 
          62  1 0.3258 0.3299 0.3443 
          63  1 0.3441 0.3361 0.3198 
          64  1 0.3520 0.3435 0.3045 
          65  1 0.3236 0.3198 0.3566 
          66  1 0.3276 0.3259 0.3466 
          67  1 0.3384 0.3390 0.3226 
          68  1 0.3632 0.3524 0.2844 
          69  1 0.3330 0.3433 0.3236 
          70  1 0.3468 0.3466 0.3067 
          71  1 0.3374 0.3335 0.3291 
          72  1 0.3478 0.3541 0.2981 
          73  1 0.3324 0.3260 0.3415 
          74  1 0.3414 0.3347 0.3238 
          75  1 0.3500 0.3487 0.3014 
          76  1 0.3365 0.3349 0.3286 
          77  1 0.3384 0.3324 0.3292 
          78  1 0.3139 0.3242 0.3619 
          79  1 0.3332 0.3330 0.3339 
          80  1 0.3484 0.3538 0.2978 
          81  1 0.3221 0.3200 0.3579 
          82  1 0.3218 0.3231 0.3551 
          83  1 0.3466 0.3617 0.2917 
          84  1 0.3395 0.3287 0.3318 
          85  1 0.3482 0.3524 0.2994 
          86  1 0.3581 0.3460 0.2959 
          87  1 0.3380 0.3368 0.3252 
          88  1 0.3390 0.3340 0.3270 
          89  1 0.3231 0.3244 0.3524 
          90  1 0.3378 0.3309 0.3314 
          91  1 0.3198 0.3174 0.3628 
          92  1 0.3246 0.3247 0.3507 
          93  1 0.3226 0.3147 0.3627 
          94  1 0.3549 0.3524 0.2928 
          95  1 0.3457 0.3443 0.3100 
          96  1 0.3345 0.3432 0.3223 
          97  1 0.3361 0.3347 0.3292 
          98  1 0.3368 0.3357 0.3275 
          99  1 0.3386 0.3339 0.3275 
         100  1 0.3259 0.3168 0.3573 
         101  1 0.3537 0.3635 0.2828 
         102  1 0.3037 0.3184 0.3780 
         103  1 0.3218 0.3283 0.3499 
         104  1 0.3194 0.3321 0.3485 
         105  1 0.3471 0.3444 0.3086 
         106  1 0.3419 0.3408 0.3173 
         107  1 0.3513 0.3457 0.3030 
         108  1 0.3111 0.3069 0.3820 
         109  1 0.3063 0.3179 0.3758 
         110  1 0.3050 0.3090 0.3859 
         111  1 0.3180 0.3267 0.3552 
         112  1 0.3279 0.3314 0.3407 
         113  1 0.3426 0.3488 0.3086 
         114  1 0.3279 0.3241 0.3480 
         115  1 0.3458 0.3434 0.3108 
         116  1 0.3290 0.3372 0.3338 
         117  1 0.3465 0.3380 0.3155 
         118  1 0.3325 0.3330 0.3344 
         119  1 0.3367 0.3448 0.3185 
         120  1 0.3312 0.3334 0.3354 
         121  1 0.3530 0.3483 0.2987 
         122  1 0.3477 0.3405 0.3118 
         123  1 0.3196 0.3188 0.3616 
         124  1 0.3302 0.3318 0.3379 
         125  1 0.3329 0.3192 0.3478 
         126  1 0.3355 0.3386 0.3259 
         127  1 0.3384 0.3403 0.3212 
         128  1 0.3566 0.3461 0.2973 
         129  1 0.3286 0.3247 0.3467 
         130  1 0.3243 0.3285 0.3471 
         131  1 0.3435 0.3395 0.3170 
         132  1 0.3399 0.3543 0.3058 
         133  1 0.3206 0.3294 0.3501 
         134  1 0.3171 0.3242 0.3586 
         135  1 0.3632 0.3540 0.2828 
         136  1 0.3290 0.3366 0.3344 
         137  1 0.3460 0.3418 0.3122 
         138  1 0.3479 0.3439 0.3082 
         139  1 0.3303 0.3374 0.3323 
         140  1 0.3135 0.3241 0.3624 
         141  1 0.3420 0.3416 0.3164 
         142  1 0.3409 0.3450 0.3142 
         143  1 0.3403 0.3362 0.3235 
         144  1 0.3420 0.3441 0.3139 
         145  1 0.3364 0.3338 0.3297 
         146  1 0.3356 0.3379 0.3265 
         147  1 0.3322 0.3307 0.3371 
         148  1 0.3376 0.3283 0.3340 
         149  1 0.3262 0.3282 0.3456 
         150  1 0.3349 0.3323 0.3328 
         151  1 0.3281 0.3234 0.3484 
         152  1 0.3149 0.3171 0.3680 
         153  1 0.3363 0.3318 0.3319 
         154  1 0.3244 0.3227 0.3529 
         155  1 0.3536 0.3477 0.2987 
         156  1 0.3338 0.3290 0.3372 
         157  1 0.3451 0.3327 0.3222 
         158  1 0.3188 0.3300 0.3511 
         159  1 0.3183 0.3257 0.3560 
         160  1 0.2936 0.3034 0.4029 
         161  1 0.3436 0.3455 0.3108 
         162  1 0.3504 0.3420 0.3076 
         163  1 0.3322 0.3418 0.3260 
         164  1 0.3351 0.3510 0.3139 
         165  1 0.3298 0.3134 0.3568 
         166  1 0.3323 0.3419 0.3258 
         167  1 0.3415 0.3472 0.3113 
         168  1 0.3427 0.3455 0.3118 
         169  1 0.3498 0.3510 0.2993 
         170  1 0.3244 0.3178 0.3578 
         171  1 0.3258 0.3248 0.3494 
         172  1 0.3152 0.3164 0.3684 
         173  1 0.3400 0.3431 0.3170 
         174  1 0.3427 0.3210 0.3363 
         175  1 0.3336 0.3441 0.3223 
         176  1 0.3180 0.3184 0.3637 
         177  1 0.3579 0.3597 0.2824 
         178  1 0.3355 0.3355 0.3290 
         179  1 0.3339 0.3319 0.3342 
         180  1 0.3280 0.3340 0.3380 
         181  1 0.3581 0.3515 0.2904 
         182  1 0.3418 0.3376 0.3206 
         183  1 0.3325 0.3312 0.3363 
         184  1 0.3507 0.3302 0.3192 
         185  1 0.3105 0.3095 0.3801 
         186  1 0.3550 0.3508 0.2943 
         187  1 0.3298 0.3331 0.3371 
         188  1 0.3258 0.3255 0.3487 
         189  1 0.3236 0.3249 0.3515 
         190  1 0.3128 0.3107 0.3765 
         191  1 0.3137 0.3091 0.3773 
         192  1 0.3431 0.3411 0.3158 
         193  1 0.3474 0.3433 0.3093 
         194  1 0.3155 0.3239 0.3606 
         195  1 0.3393 0.3411 0.3195 
         196  1 0.3099 0.3141 0.3759 
         197  1 0.3301 0.3244 0.3455 
         198  1 0.3331 0.3222 0.3447 
         199  1 0.3302 0.3327 0.3370 
         200  1 0.3365 0.3336 0.3299 
         201  1 0.3658 0.3604 0.2738 
         202  1 0.3421 0.3489 0.3089 
         203  1 0.3113 0.3169 0.3718 
         204  1 0.3237 0.3204 0.3559 
         205  1 0.3213 0.3261 0.3526 
         206  1 0.3324 0.3300 0.3376 
         207  1 0.3234 0.3344 0.3422 
         208  1 0.2469 0.2506 0.5024 
         209  1 0.3447 0.3447 0.3106 
         210  1 0.3505 0.3637 0.2858 
         211  1 0.3282 0.3327 0.3392 
         212  1 0.3449 0.3539 0.3012 
         213  1 0.3214 0.3237 0.3548 
         214  1 0.3306 0.3408 0.3286 
         215  1 0.3350 0.3321 0.3329 
         216  1 0.3297 0.3411 0.3292 
         217  1 0.3477 0.3410 0.3113 
         218  1 0.3649 0.3481 0.2871 
         219  1 0.3589 0.3497 0.2914 
         220  1 0.3349 0.3356 0.3295 
         221  1 0.3341 0.3342 0.3317 
         222  1 0.3344 0.3364 0.3291 
         223  1 0.3044 0.3102 0.3853 
         224  1 0.3132 0.3094 0.3774 
         225  1 0.3394 0.3358 0.3248 
         226  1 0.3222 0.3227 0.3551 
         227  1 0.3410 0.3260 0.3330 
         228  1 0.3411 0.3440 0.3148 
         229  1 0.3506 0.3461 0.3032 
         230  1 0.3501 0.3645 0.2854 
         231  1 0.3363 0.3429 0.3208 
         232  1 0.3440 0.3426 0.3134 
         233  1 0.3593 0.3579 0.2828 
         234  1 0.3095 0.3063 0.3842 
         235  1 0.3476 0.3345 0.3179 
         236  1 0.3257 0.3272 0.3471 
         237  1 0.3375 0.3369 0.3256 
         238  1 0.3471 0.3544 0.2986 
         239  1 0.3221 0.3302 0.3477 
         240  1 0.3312 0.3270 0.3417 
         241  1 0.3500 0.3438 0.3062 
         242  1 0.3372 0.3416 0.3212 
         243  1 0.3664 0.3550 0.2786 
         244  1 0.3369 0.3371 0.3260 
         245  1 0.3250 0.3387 0.3363 
         246  1 0.3564 0.3394 0.3042 
         247  1 0.3273 0.3304 0.3424 
         248  1 0.3106 0.3088 0.3806 
         249  1 0.3282 0.3366 0.3352 
         250  1 0.3613 0.3543 0.2844 
         251  1 0.3341 0.3372 0.3287 
         252  1 0.3484 0.3446 0.3070 
         253  1 0.3615 0.3507 0.2879 
         254  1 0.3068 0.3036 0.3896 
         255  1 0.3316 0.3388 0.3296 
         256  1 0.3185 0.3100 0.3715 
         257  1 0.3214 0.3247 0.3540 
         258  1 0.3367 0.3400 0.3233 
         259  1 0.3333 0.3412 0.3255 
         260  1 0.3410 0.3493 0.3097 
         261  1 0.3469 0.3393 0.3138 
         262  1 0.3050 0.3022 0.3929 
         263  1 0.3597 0.3569 0.2834 
         264  1 0.3393 0.3386 0.3221 
         265  1 0.3329 0.3383 0.3288 
         266  1 0.3157 0.3079 0.3764 
         267  1 0.3504 0.3502 0.2995 
         268  1 0.3430 0.3404 0.3166 
         269  1 0.3114 0.3184 0.3703 
         270  1 0.3647 0.3444 0.2909 
         271  1 0.3339 0.3267 0.3394 
         272  1 0.3317 0.3303 0.3380 
         273  1 0.3291 0.3311 0.3398 
         274  1 0.3387 0.3448 0.3166 
         275  1 0.3366 0.3342 0.3292 
         276  1 0.3423 0.3410 0.3167 
         277  1 0.3347 0.3420 0.3234 
         278  1 0.3350 0.3421 0.3230 
         279  1 0.3580 0.3579 0.2841 
         280  1 0.3379 0.3394 0.3227 
         281  1 0.3095 0.3162 0.3743 
         282  1 0.3072 0.3122 0.3806 
         283  1 0.3233 0.3170 0.3597 
         284  1 0.3306 0.3291 0.3403 
         285  1 0.3570 0.3397 0.3033 
         286  1 0.2813 0.2867 0.4320 
         287  1 0.3135 0.3177 0.3688 
         288  1 0.3348 0.3309 0.3343 
         289  1 0.3269 0.3375 0.3356 
         290  1 0.3322 0.3343 0.3336 
         291  1 0.3555 0.3471 0.2973 
         292  1 0.3149 0.3211 0.3640 
         293  1 0.3405 0.3380 0.3215 
         294  1 0.3506 0.3416 0.3078 
         295  1 0.3112 0.3063 0.3825 
         296  1 0.3616 0.3542 0.2842 
         297  1 0.3609 0.3567 0.2824 
         298  1 0.3250 0.3306 0.3444 
         299  1 0.3272 0.3322 0.3406 
         300  1 0.3349 0.3522 0.3129 
         301  1 0.3189 0.3169 0.3642 
         302  1 0.3514 0.3467 0.3019 
         303  1 0.3592 0.3536 0.2872 
