

----------------------------------------------------
STRUCTURE by Pritchard, Stephens and Donnelly (2000)
     and Falush, Stephens and Pritchard (2003)
       Code by Pritchard, Falush and Hubisz
             Version 2.3.4 (Jul 2012)
----------------------------------------------------



Command line arguments:   /usr/local/bin/structure -m parameter_job_T9_1 
Input File:    /home/martin/bottleneck/structure_analysis/structure_4/data_job_T9_1

Run parameters:
   303 individuals
   10 loci
   9 populations assumed
   10000 Burn-in period
   100000 Reps


--------------------------------------------
Proportion of membership of each pre-defined
 population in each of the 9 clusters

Given    Inferred Clusters                                                 Number of
 Pop       1      2      3      4      5      6      7      8      9      Individuals

  1:     0.111  0.111  0.111  0.111  0.111  0.111  0.111  0.111  0.111      303
--------------------------------------------

Allele-freq. divergence among pops (Net nucleotide distance),
computed using point estimates of P.

      1       2       3       4       5       6       7       8       9      
 1      -    0.0177  0.0114  0.0178  0.0082  0.0068  0.0062  0.0056  0.0176  
 2   0.0177     -    0.0112  0.0000  0.0104  0.0135  0.0100  0.0081  0.0000  
 3   0.0114  0.0112     -    0.0113  0.0020  0.0044  0.0026  0.0025  0.0111  
 4   0.0178  0.0000  0.0113     -    0.0105  0.0136  0.0102  0.0083  0.0000  
 5   0.0082  0.0104  0.0020  0.0105     -    0.0036  0.0012  0.0017  0.0103  
 6   0.0068  0.0135  0.0044  0.0136  0.0036     -    0.0023  0.0028  0.0134  
 7   0.0062  0.0100  0.0026  0.0102  0.0012  0.0023     -    0.0011  0.0100  
 8   0.0056  0.0081  0.0025  0.0083  0.0017  0.0028  0.0011     -    0.0081  
 9   0.0176  0.0000  0.0111  0.0000  0.0103  0.0134  0.0100  0.0081     -    

Average distances (expected heterozygosity) between individuals in same cluster:
cluster  1  : 0.8426 
cluster  2  : 0.9214 
cluster  3  : 0.8565 
cluster  4  : 0.9221 
cluster  5  : 0.8568 
cluster  6  : 0.8499 
cluster  7  : 0.8587 
cluster  8  : 0.8667 
cluster  9  : 0.9213 

--------------------------------------------
Estimated Ln Prob of Data   = -17493.1
Mean value of ln likelihood = -15110.0
Variance of ln likelihood   = 4766.2
Mean value of alpha         = 2.9166

Mean value of Fst_1         = 0.3357
Mean value of Fst_2         = 0.0034
Mean value of Fst_3         = 0.3010
Mean value of Fst_4         = 0.0009
Mean value of Fst_5         = 0.3069
Mean value of Fst_6         = 0.3374
Mean value of Fst_7         = 0.3181
Mean value of Fst_8         = 0.2757
Mean value of Fst_9         = 0.0038


Inferred ancestry of individuals:
        Label (%Miss) Pop:  Inferred clusters
  1        1    (0)    1 :  0.115 0.105 0.113 0.105 0.116 0.111 0.114 0.114 0.106 
  2        2    (0)    1 :  0.114 0.119 0.106 0.120 0.101 0.108 0.105 0.107 0.119 
  3        3    (0)    1 :  0.110 0.108 0.114 0.107 0.111 0.115 0.111 0.115 0.108 
  4        4    (0)    1 :  0.103 0.113 0.114 0.113 0.108 0.116 0.108 0.110 0.113 
  5        5    (0)    1 :  0.101 0.127 0.110 0.127 0.104 0.100 0.102 0.104 0.126 
  6        6    (0)    1 :  0.104 0.109 0.116 0.109 0.121 0.106 0.115 0.112 0.109 
  7        7    (0)    1 :  0.114 0.103 0.120 0.102 0.117 0.111 0.116 0.115 0.103 
  8        8    (0)    1 :  0.108 0.106 0.118 0.106 0.113 0.113 0.114 0.113 0.107 
  9        9    (0)    1 :  0.112 0.110 0.112 0.111 0.111 0.110 0.111 0.113 0.110 
 10       10    (0)    1 :  0.112 0.116 0.108 0.116 0.109 0.106 0.109 0.110 0.115 
 11       11    (0)    1 :  0.102 0.131 0.103 0.134 0.100 0.099 0.100 0.101 0.129 
 12       12    (0)    1 :  0.106 0.113 0.112 0.113 0.113 0.110 0.110 0.110 0.113 
 13       13    (0)    1 :  0.107 0.121 0.105 0.121 0.105 0.105 0.107 0.108 0.121 
 14       14    (0)    1 :  0.108 0.111 0.110 0.110 0.115 0.109 0.115 0.111 0.111 
 15       15    (0)    1 :  0.106 0.106 0.119 0.106 0.120 0.112 0.113 0.111 0.106 
 16       16    (0)    1 :  0.108 0.116 0.111 0.118 0.109 0.105 0.108 0.109 0.115 
 17       17    (0)    1 :  0.106 0.106 0.113 0.106 0.119 0.115 0.114 0.115 0.106 
 18       18    (0)    1 :  0.105 0.110 0.117 0.111 0.111 0.112 0.111 0.111 0.111 
 19       19    (0)    1 :  0.100 0.127 0.105 0.128 0.101 0.103 0.105 0.104 0.127 
 20       20    (0)    1 :  0.127 0.095 0.116 0.094 0.116 0.119 0.120 0.119 0.094 
 21       21    (0)    1 :  0.117 0.103 0.116 0.104 0.114 0.112 0.117 0.112 0.104 
 22       22    (0)    1 :  0.110 0.114 0.108 0.115 0.113 0.108 0.111 0.107 0.114 
 23       23    (0)    1 :  0.106 0.119 0.109 0.120 0.108 0.109 0.105 0.106 0.119 
 24       24    (0)    1 :  0.121 0.106 0.108 0.107 0.108 0.115 0.116 0.112 0.107 
 25       25    (0)    1 :  0.108 0.105 0.114 0.104 0.120 0.118 0.112 0.113 0.106 
 26       26    (0)    1 :  0.113 0.115 0.109 0.115 0.108 0.107 0.107 0.110 0.115 
 27       27    (0)    1 :  0.106 0.114 0.109 0.116 0.108 0.111 0.113 0.109 0.114 
 28       28    (0)    1 :  0.100 0.124 0.105 0.124 0.105 0.104 0.106 0.107 0.125 
 29       29    (0)    1 :  0.105 0.124 0.106 0.123 0.104 0.103 0.105 0.108 0.124 
 30       30    (0)    1 :  0.107 0.107 0.117 0.107 0.116 0.114 0.112 0.112 0.108 
 31       31    (0)    1 :  0.112 0.108 0.113 0.108 0.116 0.113 0.112 0.111 0.107 
 32       32    (0)    1 :  0.096 0.130 0.104 0.131 0.103 0.101 0.101 0.104 0.130 
 33       33    (0)    1 :  0.104 0.111 0.114 0.112 0.117 0.109 0.112 0.110 0.112 
 34       34    (0)    1 :  0.117 0.114 0.108 0.113 0.110 0.107 0.110 0.110 0.113 
 35       35    (0)    1 :  0.117 0.103 0.115 0.103 0.117 0.115 0.114 0.114 0.103 
 36       36    (0)    1 :  0.116 0.110 0.106 0.110 0.115 0.106 0.113 0.115 0.110 
 37       37    (0)    1 :  0.111 0.111 0.109 0.111 0.109 0.109 0.114 0.113 0.112 
 38       38    (0)    1 :  0.105 0.122 0.104 0.124 0.107 0.106 0.104 0.105 0.123 
 39       39    (0)    1 :  0.120 0.102 0.115 0.103 0.119 0.108 0.114 0.116 0.103 
 40       40    (0)    1 :  0.109 0.108 0.111 0.107 0.115 0.116 0.112 0.115 0.107 
 41       41    (0)    1 :  0.115 0.110 0.108 0.110 0.109 0.113 0.112 0.112 0.111 
 42       42    (0)    1 :  0.120 0.100 0.120 0.099 0.119 0.112 0.116 0.116 0.099 
 43       43    (0)    1 :  0.107 0.118 0.110 0.119 0.106 0.105 0.107 0.110 0.117 
 44       44    (0)    1 :  0.114 0.109 0.112 0.109 0.106 0.116 0.112 0.113 0.109 
 45       45    (0)    1 :  0.112 0.106 0.114 0.105 0.114 0.112 0.117 0.114 0.105 
 46       46    (0)    1 :  0.116 0.106 0.110 0.106 0.111 0.116 0.116 0.114 0.106 
 47       47    (0)    1 :  0.117 0.111 0.110 0.110 0.111 0.107 0.111 0.112 0.111 
 48       48    (0)    1 :  0.104 0.112 0.112 0.113 0.112 0.112 0.114 0.108 0.113 
 49       49    (0)    1 :  0.103 0.115 0.114 0.116 0.110 0.108 0.111 0.107 0.115 
 50       50    (0)    1 :  0.107 0.120 0.111 0.120 0.106 0.102 0.106 0.108 0.120 
 51       51    (0)    1 :  0.110 0.111 0.110 0.111 0.114 0.108 0.113 0.112 0.111 
 52       52    (0)    1 :  0.103 0.110 0.111 0.110 0.114 0.113 0.117 0.111 0.110 
 53       53    (0)    1 :  0.104 0.119 0.107 0.118 0.108 0.106 0.109 0.109 0.119 
 54       54    (0)    1 :  0.116 0.107 0.114 0.107 0.110 0.111 0.113 0.114 0.107 
 55       55    (0)    1 :  0.127 0.103 0.113 0.102 0.112 0.108 0.116 0.116 0.103 
 56       56    (0)    1 :  0.100 0.123 0.112 0.123 0.106 0.105 0.102 0.107 0.122 
 57       57    (0)    1 :  0.121 0.114 0.105 0.114 0.109 0.107 0.108 0.110 0.113 
 58       58    (0)    1 :  0.115 0.110 0.113 0.111 0.109 0.110 0.108 0.113 0.111 
 59       59    (0)    1 :  0.111 0.102 0.116 0.103 0.113 0.116 0.117 0.118 0.103 
 60       60    (0)    1 :  0.119 0.108 0.112 0.107 0.108 0.113 0.110 0.115 0.107 
 61       61    (0)    1 :  0.115 0.109 0.112 0.108 0.112 0.110 0.112 0.114 0.109 
 62       62    (0)    1 :  0.105 0.115 0.113 0.115 0.112 0.108 0.109 0.108 0.115 
 63       63    (0)    1 :  0.106 0.110 0.116 0.109 0.110 0.116 0.112 0.111 0.109 
 64       64    (0)    1 :  0.107 0.105 0.117 0.104 0.117 0.115 0.117 0.112 0.105 
 65       65    (0)    1 :  0.105 0.117 0.112 0.118 0.109 0.108 0.106 0.107 0.116 
 66       66    (0)    1 :  0.104 0.115 0.114 0.115 0.110 0.110 0.107 0.111 0.116 
 67       67    (0)    1 :  0.121 0.110 0.111 0.109 0.110 0.113 0.108 0.109 0.109 
 68       68    (0)    1 :  0.115 0.100 0.123 0.100 0.118 0.116 0.114 0.113 0.100 
 69       69    (0)    1 :  0.105 0.111 0.110 0.112 0.113 0.112 0.117 0.109 0.111 
 70       70    (0)    1 :  0.116 0.103 0.110 0.104 0.114 0.121 0.115 0.113 0.104 
 71       71    (0)    1 :  0.109 0.109 0.109 0.110 0.113 0.119 0.113 0.109 0.110 
 72       72    (0)    1 :  0.123 0.102 0.109 0.101 0.115 0.118 0.119 0.114 0.101 
 73       73    (0)    1 :  0.106 0.116 0.113 0.116 0.111 0.105 0.107 0.109 0.116 
 74       74    (0)    1 :  0.107 0.111 0.117 0.110 0.111 0.114 0.110 0.109 0.110 
 75       75    (0)    1 :  0.129 0.101 0.111 0.100 0.111 0.120 0.113 0.115 0.101 
 76       76    (0)    1 :  0.109 0.111 0.115 0.111 0.114 0.108 0.111 0.110 0.110 
 77       77    (0)    1 :  0.109 0.110 0.111 0.111 0.112 0.111 0.111 0.113 0.111 
 78       78    (0)    1 :  0.108 0.117 0.105 0.118 0.106 0.108 0.110 0.110 0.118 
 79       79    (0)    1 :  0.122 0.109 0.111 0.109 0.111 0.106 0.111 0.113 0.109 
 80       80    (0)    1 :  0.125 0.103 0.111 0.103 0.112 0.116 0.115 0.113 0.103 
 81       81    (0)    1 :  0.108 0.119 0.110 0.119 0.108 0.103 0.106 0.108 0.119 
 82       82    (0)    1 :  0.119 0.116 0.104 0.117 0.104 0.114 0.105 0.108 0.114 
 83       83    (0)    1 :  0.133 0.100 0.111 0.100 0.115 0.111 0.115 0.117 0.100 
 84       84    (0)    1 :  0.107 0.112 0.113 0.112 0.111 0.113 0.110 0.111 0.111 
 85       85    (0)    1 :  0.122 0.103 0.114 0.102 0.115 0.111 0.114 0.117 0.102 
 86       86    (0)    1 :  0.114 0.103 0.115 0.102 0.117 0.120 0.113 0.113 0.103 
 87       87    (0)    1 :  0.114 0.107 0.106 0.107 0.112 0.126 0.114 0.109 0.106 
 88       88    (0)    1 :  0.109 0.110 0.115 0.111 0.113 0.111 0.110 0.110 0.111 
 89       89    (0)    1 :  0.107 0.118 0.107 0.118 0.110 0.105 0.108 0.110 0.117 
 90       90    (0)    1 :  0.105 0.110 0.113 0.110 0.114 0.114 0.112 0.113 0.110 
 91       91    (0)    1 :  0.109 0.118 0.108 0.120 0.109 0.107 0.108 0.104 0.118 
 92       92    (0)    1 :  0.107 0.116 0.109 0.116 0.113 0.106 0.111 0.108 0.116 
 93       93    (0)    1 :  0.101 0.118 0.111 0.117 0.109 0.109 0.112 0.106 0.117 
 94       94    (0)    1 :  0.126 0.101 0.111 0.100 0.116 0.115 0.115 0.115 0.100 
 95       95    (0)    1 :  0.111 0.107 0.115 0.108 0.113 0.112 0.113 0.113 0.108 
 96       96    (0)    1 :  0.128 0.106 0.108 0.107 0.111 0.109 0.112 0.113 0.106 
 97       97    (0)    1 :  0.106 0.110 0.109 0.109 0.115 0.116 0.113 0.114 0.108 
 98       98    (0)    1 :  0.112 0.109 0.110 0.109 0.110 0.118 0.112 0.110 0.109 
 99       99    (0)    1 :  0.105 0.108 0.116 0.108 0.110 0.121 0.111 0.112 0.109 
100      100    (0)    1 :  0.101 0.117 0.111 0.117 0.110 0.114 0.108 0.107 0.116 
101      101    (0)    1 :  0.122 0.100 0.118 0.100 0.114 0.115 0.115 0.116 0.100 
102      102    (0)    1 :  0.120 0.119 0.102 0.118 0.108 0.102 0.105 0.109 0.118 
103      103    (0)    1 :  0.123 0.115 0.101 0.117 0.107 0.107 0.107 0.109 0.115 
104      104    (0)    1 :  0.112 0.114 0.108 0.115 0.106 0.106 0.114 0.111 0.114 
105      105    (0)    1 :  0.107 0.107 0.113 0.106 0.115 0.114 0.118 0.114 0.106 
106      106    (0)    1 :  0.108 0.108 0.114 0.107 0.113 0.115 0.113 0.114 0.108 
107      107    (0)    1 :  0.117 0.103 0.115 0.103 0.117 0.113 0.114 0.115 0.104 
108      108    (0)    1 :  0.102 0.122 0.108 0.122 0.112 0.101 0.106 0.106 0.122 
109      109    (0)    1 :  0.100 0.120 0.107 0.120 0.111 0.103 0.111 0.108 0.120 
110      110    (0)    1 :  0.102 0.121 0.108 0.121 0.105 0.108 0.105 0.109 0.121 
111      111    (0)    1 :  0.115 0.115 0.103 0.118 0.108 0.106 0.110 0.109 0.115 
112      112    (0)    1 :  0.115 0.112 0.107 0.112 0.107 0.116 0.111 0.108 0.112 
113      113    (0)    1 :  0.129 0.106 0.110 0.105 0.111 0.108 0.112 0.115 0.105 
114      114    (0)    1 :  0.109 0.115 0.114 0.115 0.112 0.104 0.108 0.109 0.115 
115      115    (0)    1 :  0.107 0.106 0.116 0.106 0.117 0.119 0.115 0.109 0.105 
116      116    (0)    1 :  0.106 0.113 0.111 0.112 0.110 0.112 0.113 0.111 0.113 
117      117    (0)    1 :  0.109 0.107 0.119 0.107 0.114 0.112 0.112 0.113 0.108 
118      118    (0)    1 :  0.105 0.111 0.114 0.111 0.110 0.115 0.112 0.112 0.111 
119      119    (0)    1 :  0.120 0.107 0.110 0.108 0.111 0.111 0.113 0.112 0.107 
120      120    (0)    1 :  0.104 0.110 0.113 0.111 0.114 0.111 0.112 0.115 0.110 
121      121   (10)    1 :  0.118 0.102 0.112 0.102 0.118 0.117 0.117 0.112 0.102 
122      122    (0)    1 :  0.111 0.106 0.116 0.106 0.117 0.108 0.115 0.115 0.106 
123      123    (0)    1 :  0.106 0.120 0.108 0.121 0.108 0.104 0.106 0.107 0.120 
124      124    (0)    1 :  0.112 0.111 0.109 0.112 0.105 0.115 0.112 0.111 0.112 
125      125    (0)    1 :  0.105 0.115 0.113 0.116 0.111 0.109 0.109 0.107 0.116 
126      126    (0)    1 :  0.120 0.109 0.106 0.108 0.109 0.116 0.111 0.112 0.109 
127      127    (0)    1 :  0.115 0.107 0.110 0.106 0.111 0.118 0.113 0.111 0.107 
128      128    (0)    1 :  0.113 0.102 0.116 0.101 0.114 0.122 0.114 0.116 0.102 
129      129    (0)    1 :  0.118 0.115 0.109 0.117 0.108 0.106 0.105 0.107 0.115 
130      130    (0)    1 :  0.110 0.115 0.109 0.116 0.107 0.107 0.111 0.109 0.116 
131      131    (0)    1 :  0.110 0.105 0.117 0.105 0.114 0.113 0.116 0.115 0.105 
132      132    (0)    1 :  0.111 0.102 0.114 0.102 0.116 0.115 0.121 0.115 0.103 
133      133    (0)    1 :  0.109 0.115 0.109 0.116 0.112 0.104 0.112 0.109 0.115 
134      134    (0)    1 :  0.113 0.117 0.105 0.117 0.105 0.109 0.108 0.109 0.117 
135      135    (0)    1 :  0.112 0.099 0.118 0.099 0.121 0.118 0.121 0.113 0.099 
136      136    (0)    1 :  0.107 0.111 0.110 0.112 0.113 0.114 0.111 0.110 0.111 
137      137    (0)    1 :  0.102 0.105 0.117 0.105 0.120 0.117 0.117 0.111 0.106 
138      138    (0)    1 :  0.107 0.104 0.120 0.105 0.109 0.123 0.115 0.112 0.105 
139      139    (0)    1 :  0.106 0.111 0.114 0.113 0.110 0.112 0.115 0.111 0.110 
140      140    (0)    1 :  0.106 0.118 0.110 0.119 0.109 0.103 0.109 0.109 0.117 
141      141    (0)    1 :  0.116 0.107 0.115 0.105 0.114 0.109 0.113 0.114 0.107 
142      142    (0)    1 :  0.108 0.107 0.117 0.106 0.116 0.114 0.113 0.114 0.106 
143      143    (0)    1 :  0.110 0.109 0.115 0.109 0.109 0.113 0.112 0.114 0.109 
144      144    (0)    1 :  0.115 0.105 0.108 0.104 0.115 0.116 0.119 0.115 0.104 
145      145    (0)    1 :  0.106 0.113 0.113 0.113 0.114 0.109 0.109 0.110 0.113 
146      146    (0)    1 :  0.115 0.112 0.109 0.112 0.109 0.109 0.111 0.112 0.111 
147      147    (0)    1 :  0.104 0.113 0.111 0.112 0.114 0.110 0.112 0.112 0.113 
148      148    (0)    1 :  0.102 0.111 0.117 0.110 0.112 0.113 0.110 0.114 0.111 
149      149    (0)    1 :  0.113 0.113 0.106 0.114 0.109 0.108 0.113 0.110 0.114 
150      150    (0)    1 :  0.115 0.110 0.108 0.109 0.111 0.114 0.112 0.112 0.109 
151      151    (0)    1 :  0.101 0.113 0.118 0.112 0.110 0.112 0.110 0.110 0.113 
152      152    (0)    1 :  0.108 0.117 0.109 0.117 0.107 0.111 0.107 0.108 0.117 
153      153    (0)    1 :  0.107 0.111 0.115 0.110 0.110 0.114 0.110 0.112 0.111 
154      154    (0)    1 :  0.107 0.115 0.109 0.115 0.108 0.110 0.108 0.113 0.116 
155      155    (0)    1 :  0.112 0.104 0.117 0.104 0.112 0.119 0.114 0.115 0.103 
156      156    (0)    1 :  0.108 0.113 0.113 0.113 0.110 0.112 0.108 0.111 0.113 
157      157    (0)    1 :  0.109 0.107 0.118 0.107 0.111 0.117 0.110 0.113 0.107 
158      158    (0)    1 :  0.117 0.113 0.107 0.112 0.111 0.104 0.112 0.111 0.113 
159      159    (0)    1 :  0.115 0.115 0.106 0.118 0.106 0.110 0.109 0.105 0.115 
160      160    (0)    1 :  0.114 0.128 0.101 0.128 0.101 0.097 0.098 0.106 0.127 
161      161    (0)    1 :  0.115 0.105 0.112 0.105 0.117 0.110 0.115 0.115 0.105 
162      162    (0)    1 :  0.112 0.105 0.114 0.106 0.116 0.117 0.114 0.112 0.105 
163      163    (0)    1 :  0.120 0.108 0.108 0.108 0.110 0.113 0.112 0.112 0.109 
164      164    (0)    1 :  0.121 0.104 0.111 0.104 0.111 0.111 0.117 0.117 0.105 
165      165    (0)    1 :  0.101 0.115 0.118 0.116 0.109 0.111 0.108 0.107 0.116 
166      166    (0)    1 :  0.110 0.107 0.109 0.108 0.110 0.117 0.117 0.113 0.108 
167      167    (0)    1 :  0.123 0.104 0.107 0.103 0.116 0.110 0.118 0.116 0.104 
168      168    (0)    1 :  0.113 0.106 0.115 0.106 0.110 0.118 0.115 0.111 0.106 
169      169    (0)    1 :  0.114 0.102 0.122 0.101 0.114 0.114 0.117 0.115 0.102 
170      170    (0)    1 :  0.106 0.117 0.110 0.117 0.107 0.107 0.108 0.110 0.117 
171      171    (0)    1 :  0.104 0.116 0.108 0.120 0.109 0.107 0.111 0.109 0.116 
172      172    (0)    1 :  0.105 0.120 0.108 0.119 0.107 0.108 0.106 0.107 0.120 
173      173    (0)    1 :  0.113 0.109 0.115 0.109 0.113 0.109 0.110 0.112 0.110 
174      174    (0)    1 :  0.105 0.111 0.118 0.112 0.114 0.113 0.110 0.107 0.111 
175      175    (0)    1 :  0.115 0.109 0.110 0.109 0.114 0.110 0.113 0.112 0.109 
176      176    (0)    1 :  0.105 0.118 0.111 0.119 0.111 0.104 0.107 0.107 0.118 
177      177    (0)    1 :  0.117 0.098 0.116 0.098 0.119 0.118 0.122 0.113 0.098 
178      178    (0)    1 :  0.105 0.113 0.112 0.112 0.113 0.106 0.112 0.113 0.113 
179      179    (0)    1 :  0.111 0.113 0.109 0.112 0.110 0.113 0.109 0.111 0.113 
180      180    (0)    1 :  0.116 0.113 0.106 0.114 0.107 0.109 0.112 0.110 0.113 
181      181    (0)    1 :  0.112 0.100 0.121 0.099 0.116 0.123 0.114 0.114 0.100 
182      182    (0)    1 :  0.112 0.107 0.112 0.107 0.113 0.117 0.113 0.112 0.106 
183      183    (0)    1 :  0.104 0.114 0.114 0.114 0.110 0.112 0.109 0.109 0.113 
184      184    (0)    1 :  0.113 0.105 0.114 0.106 0.119 0.112 0.113 0.111 0.106 
185      185    (0)    1 :  0.106 0.124 0.106 0.125 0.105 0.101 0.106 0.104 0.123 
186      186    (0)    1 :  0.112 0.102 0.118 0.101 0.112 0.123 0.116 0.114 0.101 
187      187    (0)    1 :  0.106 0.113 0.111 0.113 0.110 0.112 0.114 0.109 0.111 
188      188    (0)    1 :  0.113 0.114 0.105 0.116 0.108 0.112 0.109 0.109 0.114 
189      189    (0)    1 :  0.107 0.116 0.111 0.116 0.109 0.110 0.108 0.108 0.115 
190      190    (0)    1 :  0.105 0.123 0.106 0.124 0.105 0.103 0.104 0.108 0.123 
191      191    (0)    1 :  0.098 0.120 0.111 0.121 0.112 0.103 0.107 0.107 0.121 
192      192    (0)    1 :  0.121 0.105 0.110 0.105 0.112 0.116 0.113 0.112 0.106 
193      193    (0)    1 :  0.110 0.105 0.118 0.106 0.113 0.116 0.113 0.114 0.106 
194      194    (0)    1 :  0.119 0.117 0.102 0.120 0.106 0.104 0.108 0.107 0.118 
195      195    (0)    1 :  0.121 0.108 0.109 0.108 0.111 0.111 0.113 0.110 0.109 
196      196    (0)    1 :  0.106 0.121 0.107 0.122 0.108 0.103 0.109 0.105 0.121 
197      197    (0)    1 :  0.121 0.113 0.108 0.113 0.106 0.112 0.108 0.108 0.112 
198      198    (0)    1 :  0.104 0.113 0.115 0.114 0.113 0.108 0.108 0.112 0.113 
199      199    (0)    1 :  0.109 0.113 0.106 0.114 0.112 0.111 0.112 0.110 0.113 
200      200    (0)    1 :  0.104 0.112 0.114 0.111 0.115 0.107 0.113 0.111 0.112 
201      201    (0)    1 :  0.119 0.094 0.117 0.094 0.113 0.130 0.121 0.117 0.094 
202      202    (0)    1 :  0.120 0.104 0.109 0.104 0.111 0.120 0.114 0.114 0.104 
203      203    (0)    1 :  0.109 0.123 0.103 0.125 0.105 0.106 0.103 0.105 0.121 
204      204    (0)    1 :  0.107 0.117 0.112 0.117 0.108 0.106 0.105 0.111 0.117 
205      205    (0)    1 :  0.107 0.116 0.109 0.116 0.107 0.110 0.108 0.113 0.115 
206      206    (0)    1 :  0.112 0.113 0.111 0.113 0.109 0.111 0.107 0.111 0.113 
207      207    (0)    1 :  0.113 0.111 0.107 0.110 0.105 0.118 0.114 0.110 0.110 
208      208    (0)    1 :  0.090 0.155 0.091 0.164 0.087 0.087 0.085 0.090 0.152 
209      209    (0)    1 :  0.108 0.107 0.113 0.108 0.113 0.118 0.115 0.111 0.107 
210      210    (0)    1 :  0.139 0.098 0.111 0.097 0.112 0.111 0.114 0.119 0.098 
211      211    (0)    1 :  0.115 0.114 0.103 0.113 0.109 0.114 0.110 0.110 0.113 
212      212    (0)    1 :  0.130 0.103 0.109 0.103 0.113 0.111 0.113 0.115 0.103 
213      213    (0)    1 :  0.106 0.119 0.109 0.120 0.105 0.111 0.105 0.108 0.117 
214      214    (0)    1 :  0.104 0.111 0.109 0.111 0.115 0.112 0.115 0.112 0.111 
215      215    (0)    1 :  0.105 0.112 0.114 0.111 0.110 0.112 0.114 0.112 0.110 
216      216    (0)    1 :  0.111 0.110 0.109 0.110 0.114 0.109 0.115 0.110 0.111 
217      217    (0)    1 :  0.106 0.105 0.114 0.105 0.120 0.115 0.118 0.113 0.104 
218      218    (0)    1 :  0.110 0.100 0.118 0.099 0.123 0.119 0.115 0.116 0.100 
219      219    (0)    1 :  0.120 0.101 0.116 0.101 0.118 0.115 0.116 0.112 0.101 
220      220    (0)    1 :  0.105 0.112 0.112 0.113 0.112 0.110 0.111 0.112 0.112 
221      221    (0)    1 :  0.107 0.112 0.112 0.112 0.114 0.107 0.110 0.113 0.112 
222      222    (0)    1 :  0.107 0.110 0.112 0.111 0.115 0.109 0.114 0.111 0.111 
223      223    (0)    1 :  0.105 0.124 0.107 0.124 0.105 0.100 0.104 0.107 0.124 
224      224    (0)    1 :  0.105 0.123 0.109 0.123 0.107 0.101 0.104 0.105 0.123 
225      225    (0)    1 :  0.127 0.106 0.108 0.106 0.109 0.111 0.112 0.114 0.106 
226      226    (0)    1 :  0.104 0.117 0.111 0.117 0.108 0.110 0.111 0.106 0.116 
227      227    (0)    1 :  0.107 0.110 0.117 0.110 0.110 0.116 0.108 0.112 0.110 
228      228    (0)    1 :  0.110 0.107 0.115 0.107 0.114 0.114 0.114 0.112 0.107 
229      229    (0)    1 :  0.107 0.105 0.114 0.104 0.116 0.118 0.116 0.116 0.104 
230      230    (0)    1 :  0.124 0.098 0.114 0.097 0.118 0.114 0.118 0.120 0.098 
231      231    (0)    1 :  0.114 0.109 0.113 0.109 0.112 0.107 0.110 0.115 0.110 
232      232    (0)    1 :  0.117 0.108 0.113 0.109 0.115 0.108 0.110 0.112 0.108 
233      233    (0)    1 :  0.121 0.098 0.117 0.098 0.113 0.122 0.116 0.116 0.098 
234      234    (0)    1 :  0.101 0.125 0.106 0.128 0.106 0.103 0.102 0.103 0.125 
235      235    (0)    1 :  0.120 0.108 0.108 0.108 0.114 0.112 0.112 0.111 0.108 
236      236    (0)    1 :  0.116 0.115 0.111 0.117 0.106 0.108 0.103 0.110 0.115 
237      237    (0)    1 :  0.106 0.110 0.110 0.109 0.116 0.112 0.115 0.112 0.109 
238      238    (0)    1 :  0.126 0.103 0.110 0.103 0.111 0.119 0.112 0.113 0.104 
239      239    (0)    1 :  0.105 0.117 0.111 0.117 0.109 0.107 0.108 0.110 0.117 
240      240    (0)    1 :  0.105 0.114 0.109 0.115 0.116 0.106 0.113 0.107 0.114 
241      241    (0)    1 :  0.108 0.104 0.117 0.105 0.115 0.119 0.115 0.113 0.105 
242      242    (0)    1 :  0.111 0.109 0.112 0.109 0.111 0.110 0.115 0.113 0.109 
243      243    (0)    1 :  0.115 0.098 0.117 0.097 0.120 0.120 0.118 0.117 0.098 
244      244    (0)    1 :  0.107 0.108 0.111 0.107 0.116 0.114 0.117 0.112 0.109 
245      245    (0)    1 :  0.120 0.112 0.105 0.112 0.108 0.107 0.112 0.113 0.111 
246      246    (0)    1 :  0.102 0.104 0.122 0.103 0.121 0.118 0.115 0.112 0.104 
247      247    (0)    1 :  0.107 0.113 0.109 0.113 0.113 0.110 0.110 0.113 0.113 
248      248    (0)    1 :  0.107 0.123 0.106 0.123 0.107 0.102 0.104 0.107 0.121 
249      249    (0)    1 :  0.110 0.113 0.110 0.115 0.109 0.108 0.113 0.110 0.112 
250      250    (0)    1 :  0.111 0.099 0.119 0.099 0.118 0.119 0.117 0.118 0.099 
251      251    (0)    1 :  0.107 0.109 0.111 0.109 0.116 0.113 0.113 0.113 0.109 
252      252    (0)    1 :  0.109 0.104 0.115 0.105 0.115 0.121 0.115 0.112 0.104 
253      253    (0)    1 :  0.115 0.099 0.119 0.098 0.113 0.123 0.117 0.116 0.100 
254      254    (0)    1 :  0.102 0.123 0.105 0.123 0.110 0.100 0.108 0.107 0.122 
255      255    (0)    1 :  0.108 0.111 0.107 0.110 0.115 0.114 0.115 0.109 0.111 
256      256    (0)    1 :  0.107 0.119 0.108 0.120 0.107 0.106 0.108 0.107 0.119 
257      257    (0)    1 :  0.106 0.116 0.108 0.116 0.107 0.111 0.110 0.110 0.116 
258      258    (0)    1 :  0.120 0.110 0.105 0.110 0.108 0.114 0.109 0.112 0.110 
259      259    (0)    1 :  0.110 0.108 0.113 0.109 0.112 0.110 0.113 0.115 0.109 
260      260    (0)    1 :  0.126 0.103 0.111 0.103 0.109 0.115 0.113 0.116 0.103 
261      261    (0)    1 :  0.116 0.105 0.111 0.104 0.118 0.111 0.115 0.115 0.105 
262      262    (0)    1 :  0.102 0.128 0.106 0.130 0.103 0.100 0.101 0.104 0.128 
263      263    (0)    1 :  0.124 0.098 0.118 0.098 0.114 0.117 0.116 0.117 0.098 
264      264    (0)    1 :  0.112 0.107 0.111 0.109 0.111 0.120 0.115 0.108 0.107 
265      265    (0)    1 :  0.114 0.111 0.110 0.112 0.110 0.109 0.112 0.111 0.111 
266      266    (0)    1 :  0.099 0.120 0.112 0.120 0.109 0.105 0.108 0.107 0.120 
267      267    (0)    1 :  0.117 0.100 0.115 0.101 0.114 0.123 0.115 0.115 0.101 
268      268    (0)    1 :  0.114 0.107 0.113 0.107 0.114 0.108 0.113 0.116 0.107 
269      269    (0)    1 :  0.103 0.122 0.108 0.122 0.107 0.102 0.107 0.108 0.122 
270      270    (0)    1 :  0.108 0.101 0.120 0.101 0.122 0.114 0.116 0.118 0.101 
271      271    (0)    1 :  0.108 0.112 0.114 0.112 0.111 0.111 0.112 0.109 0.111 
272      272    (0)    1 :  0.108 0.114 0.114 0.113 0.110 0.109 0.109 0.110 0.113 
273      273    (0)    1 :  0.102 0.114 0.111 0.114 0.114 0.106 0.111 0.114 0.114 
274      274    (0)    1 :  0.120 0.107 0.112 0.106 0.108 0.113 0.110 0.118 0.106 
275      275    (0)    1 :  0.108 0.109 0.113 0.110 0.112 0.111 0.116 0.111 0.110 
276      276    (0)    1 :  0.110 0.106 0.112 0.106 0.118 0.115 0.113 0.113 0.107 
277      277    (0)    1 :  0.108 0.110 0.110 0.109 0.116 0.110 0.116 0.111 0.110 
278      278    (0)    1 :  0.115 0.107 0.110 0.107 0.111 0.114 0.115 0.112 0.107 
279      279    (0)    1 :  0.129 0.099 0.111 0.098 0.112 0.123 0.112 0.117 0.098 
280      280    (0)    1 :  0.115 0.109 0.109 0.109 0.108 0.116 0.113 0.112 0.109 
281      281    (0)    1 :  0.104 0.120 0.103 0.121 0.108 0.106 0.110 0.107 0.121 
282      282    (0)    1 :  0.115 0.121 0.103 0.120 0.103 0.106 0.102 0.108 0.121 
283      283    (0)    1 :  0.103 0.119 0.110 0.121 0.108 0.106 0.106 0.108 0.119 
284      284    (0)    1 :  0.109 0.112 0.109 0.112 0.107 0.116 0.112 0.110 0.113 
285      285    (0)    1 :  0.109 0.104 0.123 0.103 0.116 0.119 0.110 0.113 0.104 
286      286    (0)    1 :  0.100 0.139 0.098 0.141 0.095 0.096 0.097 0.098 0.137 
287      287    (0)    1 :  0.106 0.118 0.109 0.118 0.107 0.108 0.105 0.110 0.118 
288      288    (0)    1 :  0.107 0.112 0.109 0.112 0.111 0.115 0.115 0.108 0.112 
289      289    (0)    1 :  0.123 0.111 0.107 0.111 0.107 0.109 0.110 0.112 0.110 
290      290    (0)    1 :  0.117 0.111 0.106 0.110 0.111 0.112 0.111 0.112 0.111 
291      291    (0)    1 :  0.122 0.100 0.115 0.100 0.115 0.122 0.113 0.112 0.100 
292      292    (0)    1 :  0.113 0.120 0.104 0.119 0.105 0.108 0.105 0.107 0.120 
293      293    (0)    1 :  0.119 0.108 0.107 0.107 0.111 0.116 0.111 0.113 0.107 
294      294    (0)    1 :  0.114 0.104 0.114 0.104 0.113 0.121 0.110 0.116 0.104 
295      295    (0)    1 :  0.101 0.126 0.104 0.126 0.107 0.103 0.104 0.105 0.124 
296      296    (0)    1 :  0.125 0.099 0.116 0.099 0.114 0.118 0.113 0.117 0.099 
297      297    (0)    1 :  0.122 0.098 0.111 0.098 0.116 0.123 0.114 0.122 0.098 
298      298    (0)    1 :  0.116 0.114 0.113 0.116 0.105 0.106 0.106 0.111 0.113 
299      299    (0)    1 :  0.120 0.113 0.105 0.113 0.110 0.108 0.105 0.114 0.112 
300      300    (0)    1 :  0.126 0.105 0.107 0.105 0.111 0.110 0.110 0.120 0.106 
301      301    (0)    1 :  0.108 0.117 0.106 0.119 0.104 0.112 0.107 0.109 0.119 
302      302    (0)    1 :  0.113 0.104 0.119 0.104 0.113 0.115 0.112 0.117 0.104 
303      303    (0)    1 :  0.123 0.100 0.114 0.099 0.115 0.120 0.115 0.115 0.100 


Estimated Allele Frequencies in each cluster
First column gives estimated ancestral frequencies


Locus 1 : 
22 alleles
0.3% missing data
 107   (0.084) 0.081 0.085 0.100 0.084 0.096 0.096 0.093 0.108 0.085 
 115   (0.067) 0.191 0.068 0.071 0.068 0.102 0.068 0.101 0.107 0.068 
  95   (0.031) 0.013 0.031 0.013 0.031 0.011 0.010 0.011 0.014 0.031 
 119   (0.076) 0.067 0.076 0.096 0.076 0.082 0.094 0.081 0.092 0.076 
  97   (0.109) 0.168 0.109 0.122 0.109 0.150 0.194 0.148 0.135 0.109 
 109   (0.045) 0.023 0.046 0.025 0.045 0.024 0.025 0.022 0.028 0.046 
 103   (0.126) 0.156 0.127 0.244 0.127 0.200 0.215 0.197 0.163 0.127 
 121   (0.061) 0.083 0.061 0.094 0.061 0.082 0.071 0.105 0.090 0.062 
 117   (0.084) 0.066 0.084 0.074 0.084 0.094 0.081 0.090 0.076 0.085 
 113   (0.051) 0.028 0.052 0.029 0.051 0.030 0.030 0.031 0.040 0.052 
 111   (0.055) 0.039 0.055 0.043 0.055 0.044 0.039 0.038 0.046 0.055 
 105   (0.051) 0.028 0.051 0.033 0.051 0.038 0.032 0.034 0.040 0.051 
 123   (0.041) 0.019 0.041 0.020 0.041 0.019 0.017 0.020 0.022 0.041 
 124   (0.008) 0.001 0.007 0.001 0.007 0.001 0.001 0.001 0.001 0.007 
  99   (0.029) 0.015 0.029 0.014 0.029 0.013 0.011 0.013 0.016 0.029 
  91   (0.007) 0.001 0.006 0.001 0.006 0.001 0.000 0.001 0.001 0.006 
 127   (0.010) 0.002 0.010 0.002 0.010 0.001 0.001 0.001 0.002 0.010 
 101   (0.030) 0.011 0.030 0.011 0.030 0.009 0.010 0.009 0.013 0.030 
 114   (0.007) 0.001 0.006 0.001 0.007 0.001 0.000 0.001 0.001 0.006 
 118   (0.007) 0.001 0.007 0.001 0.007 0.001 0.000 0.001 0.001 0.007 
 125   (0.013) 0.003 0.013 0.003 0.013 0.002 0.002 0.002 0.003 0.013 
 120   (0.007) 0.001 0.007 0.001 0.007 0.001 0.000 0.001 0.001 0.006 

Locus 2 : 
35 alleles
0.0% missing data
 151   (0.041) 0.047 0.041 0.074 0.041 0.069 0.052 0.051 0.056 0.041 
 153   (0.047) 0.101 0.048 0.061 0.047 0.067 0.063 0.064 0.073 0.048 
 159   (0.053) 0.181 0.053 0.087 0.053 0.098 0.147 0.122 0.098 0.053 
 175   (0.013) 0.003 0.013 0.003 0.013 0.002 0.002 0.002 0.003 0.013 
 133   (0.048) 0.030 0.048 0.047 0.048 0.045 0.045 0.050 0.048 0.048 
 117   (0.056) 0.041 0.056 0.092 0.056 0.061 0.053 0.050 0.062 0.056 
 173   (0.015) 0.004 0.014 0.004 0.015 0.003 0.003 0.003 0.004 0.015 
 119   (0.013) 0.003 0.012 0.003 0.013 0.002 0.001 0.002 0.003 0.013 
 139   (0.023) 0.008 0.023 0.008 0.023 0.006 0.006 0.006 0.008 0.023 
 165   (0.043) 0.048 0.043 0.045 0.043 0.071 0.050 0.075 0.062 0.043 
 149   (0.043) 0.041 0.043 0.047 0.043 0.047 0.040 0.038 0.037 0.044 
 157   (0.055) 0.086 0.055 0.139 0.055 0.111 0.122 0.131 0.122 0.055 
 161   (0.061) 0.102 0.061 0.076 0.061 0.090 0.078 0.083 0.073 0.062 
 167   (0.042) 0.051 0.042 0.047 0.042 0.046 0.048 0.044 0.051 0.042 
 155   (0.056) 0.073 0.057 0.060 0.056 0.083 0.088 0.101 0.090 0.057 
 135   (0.033) 0.016 0.033 0.016 0.033 0.015 0.013 0.017 0.017 0.033 
 163   (0.059) 0.059 0.059 0.078 0.059 0.076 0.087 0.064 0.071 0.059 
 171   (0.022) 0.007 0.022 0.008 0.022 0.007 0.006 0.006 0.009 0.022 
 137   (0.024) 0.008 0.024 0.008 0.024 0.007 0.006 0.006 0.009 0.024 
 169   (0.030) 0.016 0.031 0.021 0.030 0.029 0.027 0.023 0.027 0.031 
 145   (0.024) 0.009 0.024 0.009 0.024 0.008 0.007 0.007 0.010 0.024 
 141   (0.018) 0.005 0.017 0.005 0.018 0.004 0.004 0.004 0.006 0.017 
 147   (0.033) 0.016 0.033 0.018 0.033 0.016 0.016 0.015 0.016 0.033 
 129   (0.019) 0.006 0.019 0.006 0.019 0.005 0.005 0.005 0.007 0.019 
 152   (0.006) 0.001 0.006 0.001 0.006 0.001 0.000 0.001 0.001 0.006 
 131   (0.030) 0.013 0.030 0.012 0.030 0.013 0.012 0.012 0.013 0.030 
 231   (0.010) 0.002 0.009 0.002 0.010 0.001 0.001 0.001 0.002 0.009 
 143   (0.029) 0.012 0.029 0.013 0.029 0.011 0.013 0.012 0.015 0.029 
 241   (0.007) 0.001 0.007 0.001 0.007 0.001 0.001 0.001 0.001 0.007 
 123   (0.006) 0.001 0.006 0.001 0.006 0.001 0.000 0.000 0.001 0.006 
 177   (0.007) 0.001 0.006 0.001 0.007 0.001 0.000 0.001 0.001 0.006 
 114   (0.010) 0.002 0.010 0.002 0.010 0.001 0.001 0.001 0.002 0.009 
 125   (0.010) 0.002 0.009 0.002 0.009 0.001 0.001 0.001 0.002 0.009 
 162   (0.007) 0.001 0.006 0.001 0.007 0.001 0.001 0.001 0.001 0.006 
 319   (0.010) 0.002 0.009 0.002 0.010 0.001 0.001 0.001 0.002 0.009 

Locus 3 : 
26 alleles
0.0% missing data
 147   (0.092) 0.091 0.092 0.077 0.092 0.105 0.106 0.110 0.100 0.093 
 157   (0.059) 0.071 0.059 0.048 0.059 0.058 0.046 0.059 0.057 0.059 
 141   (0.072) 0.082 0.072 0.134 0.072 0.084 0.149 0.092 0.123 0.072 
 149   (0.091) 0.101 0.092 0.102 0.091 0.108 0.128 0.110 0.125 0.092 
 151   (0.088) 0.202 0.089 0.117 0.088 0.124 0.136 0.120 0.153 0.089 
 145   (0.079) 0.066 0.079 0.090 0.079 0.093 0.077 0.082 0.076 0.079 
 155   (0.083) 0.063 0.083 0.073 0.083 0.073 0.058 0.076 0.071 0.083 
 143   (0.083) 0.111 0.083 0.188 0.083 0.182 0.106 0.144 0.108 0.084 
 139   (0.030) 0.014 0.030 0.014 0.030 0.012 0.011 0.012 0.014 0.030 
 153   (0.084) 0.117 0.085 0.072 0.084 0.085 0.114 0.123 0.083 0.085 
 160   (0.010) 0.002 0.009 0.002 0.010 0.001 0.001 0.001 0.002 0.009 
 144   (0.016) 0.004 0.016 0.004 0.016 0.003 0.002 0.003 0.004 0.016 
 150   (0.024) 0.010 0.024 0.009 0.024 0.007 0.007 0.007 0.009 0.024 
 146   (0.013) 0.003 0.013 0.003 0.013 0.002 0.002 0.002 0.003 0.013 
 156   (0.013) 0.003 0.013 0.003 0.013 0.002 0.002 0.002 0.003 0.013 
 166   (0.007) 0.001 0.007 0.001 0.007 0.001 0.001 0.001 0.001 0.007 
 159   (0.043) 0.028 0.044 0.034 0.043 0.037 0.035 0.035 0.038 0.044 
 137   (0.014) 0.004 0.014 0.004 0.014 0.003 0.003 0.003 0.004 0.014 
 148   (0.021) 0.007 0.021 0.009 0.021 0.007 0.006 0.007 0.009 0.021 
 167   (0.007) 0.001 0.007 0.001 0.007 0.001 0.000 0.001 0.001 0.007 
 163   (0.010) 0.002 0.010 0.002 0.010 0.001 0.001 0.001 0.002 0.010 
 161   (0.022) 0.007 0.022 0.007 0.022 0.006 0.006 0.006 0.008 0.022 
 165   (0.010) 0.002 0.010 0.002 0.010 0.001 0.001 0.001 0.002 0.010 
 154   (0.010) 0.002 0.009 0.002 0.010 0.001 0.001 0.001 0.002 0.009 
 152   (0.010) 0.002 0.010 0.002 0.010 0.001 0.001 0.001 0.002 0.010 
 158   (0.007) 0.001 0.006 0.001 0.007 0.001 0.000 0.001 0.001 0.006 

Locus 4 : 
21 alleles
0.0% missing data
 243   (0.171) 0.215 0.172 0.323 0.172 0.303 0.291 0.269 0.277 0.173 
 245   (0.060) 0.035 0.060 0.037 0.060 0.042 0.036 0.045 0.044 0.060 
 217   (0.049) 0.056 0.049 0.047 0.049 0.037 0.051 0.047 0.050 0.049 
 241   (0.110) 0.215 0.111 0.118 0.110 0.149 0.229 0.166 0.161 0.111 
 237   (0.058) 0.150 0.058 0.057 0.058 0.081 0.059 0.089 0.091 0.058 
 239   (0.099) 0.093 0.100 0.173 0.100 0.132 0.116 0.132 0.109 0.100 
 249   (0.045) 0.016 0.045 0.018 0.045 0.019 0.017 0.015 0.019 0.046 
 233   (0.036) 0.016 0.036 0.017 0.036 0.015 0.015 0.016 0.020 0.037 
 253   (0.038) 0.015 0.038 0.015 0.037 0.014 0.012 0.013 0.016 0.038 
 251   (0.045) 0.022 0.045 0.025 0.045 0.027 0.021 0.025 0.031 0.045 
 235   (0.064) 0.043 0.065 0.049 0.064 0.050 0.040 0.046 0.052 0.065 
 231   (0.079) 0.062 0.080 0.061 0.079 0.082 0.067 0.085 0.068 0.080 
 229   (0.010) 0.002 0.010 0.002 0.010 0.001 0.001 0.001 0.002 0.010 
 247   (0.054) 0.040 0.055 0.040 0.054 0.037 0.036 0.039 0.044 0.055 
 219   (0.011) 0.002 0.010 0.002 0.010 0.001 0.001 0.001 0.002 0.010 
 255   (0.019) 0.005 0.019 0.005 0.019 0.004 0.003 0.003 0.005 0.019 
 225   (0.019) 0.005 0.018 0.005 0.018 0.004 0.003 0.004 0.005 0.018 
 227   (0.010) 0.002 0.010 0.002 0.010 0.001 0.001 0.001 0.002 0.010 
 223   (0.007) 0.001 0.007 0.001 0.007 0.001 0.001 0.001 0.001 0.007 
 221   (0.007) 0.001 0.007 0.001 0.007 0.001 0.000 0.001 0.001 0.007 
 257   (0.007) 0.001 0.006 0.001 0.007 0.001 0.000 0.001 0.001 0.006 

Locus 5 : 
27 alleles
0.0% missing data
 308   (0.067) 0.075 0.067 0.059 0.067 0.078 0.061 0.083 0.088 0.067 
 310   (0.054) 0.030 0.055 0.042 0.054 0.039 0.037 0.039 0.044 0.055 
 289   (0.030) 0.013 0.030 0.015 0.030 0.011 0.013 0.013 0.013 0.030 
 298   (0.133) 0.269 0.135 0.203 0.134 0.206 0.279 0.233 0.225 0.135 
 306   (0.188) 0.191 0.189 0.316 0.188 0.275 0.246 0.250 0.235 0.190 
 294   (0.021) 0.006 0.021 0.006 0.021 0.005 0.004 0.005 0.007 0.021 
 304   (0.162) 0.238 0.163 0.172 0.162 0.198 0.201 0.182 0.197 0.163 
 312   (0.040) 0.019 0.040 0.022 0.040 0.021 0.021 0.024 0.022 0.040 
 305   (0.010) 0.002 0.009 0.002 0.010 0.001 0.001 0.001 0.002 0.009 
 302   (0.055) 0.030 0.055 0.042 0.055 0.040 0.030 0.039 0.048 0.056 
 300   (0.074) 0.086 0.074 0.081 0.074 0.100 0.085 0.106 0.082 0.074 
 307   (0.009) 0.002 0.009 0.002 0.009 0.001 0.001 0.001 0.002 0.009 
 314   (0.015) 0.004 0.015 0.004 0.015 0.003 0.002 0.003 0.004 0.015 
 309   (0.016) 0.004 0.016 0.004 0.016 0.003 0.002 0.003 0.004 0.016 
 326   (0.007) 0.001 0.007 0.001 0.007 0.001 0.000 0.001 0.001 0.007 
 303   (0.026) 0.010 0.026 0.011 0.026 0.009 0.008 0.009 0.011 0.026 
 311   (0.012) 0.003 0.012 0.003 0.012 0.002 0.001 0.002 0.003 0.012 
 320   (0.010) 0.002 0.010 0.002 0.010 0.001 0.001 0.001 0.002 0.010 
 292   (0.007) 0.001 0.006 0.001 0.007 0.001 0.000 0.001 0.001 0.006 
 322   (0.007) 0.001 0.007 0.001 0.007 0.001 0.001 0.001 0.001 0.007 
 286   (0.007) 0.001 0.007 0.001 0.007 0.001 0.000 0.001 0.001 0.007 
 313   (0.006) 0.001 0.006 0.001 0.006 0.001 0.000 0.001 0.001 0.006 
 278   (0.007) 0.001 0.007 0.001 0.007 0.001 0.000 0.000 0.001 0.006 
 287   (0.010) 0.002 0.010 0.002 0.010 0.001 0.001 0.001 0.002 0.009 
 299   (0.010) 0.002 0.010 0.002 0.010 0.001 0.001 0.001 0.002 0.010 
 317   (0.008) 0.001 0.007 0.001 0.008 0.001 0.000 0.001 0.001 0.007 
 301   (0.008) 0.001 0.007 0.001 0.008 0.001 0.000 0.001 0.001 0.007 

Locus 6 : 
32 alleles
0.0% missing data
 140   (0.060) 0.099 0.060 0.122 0.060 0.119 0.147 0.089 0.112 0.060 
 156   (0.048) 0.044 0.048 0.054 0.048 0.062 0.070 0.082 0.058 0.048 
 150   (0.062) 0.066 0.062 0.080 0.062 0.071 0.073 0.074 0.065 0.063 
 169   (0.036) 0.019 0.036 0.020 0.036 0.019 0.017 0.017 0.020 0.036 
 154   (0.072) 0.068 0.072 0.081 0.072 0.076 0.064 0.076 0.077 0.072 
 148   (0.044) 0.031 0.044 0.032 0.044 0.035 0.038 0.041 0.043 0.044 
 146   (0.095) 0.308 0.096 0.176 0.095 0.203 0.175 0.206 0.189 0.096 
 160   (0.061) 0.048 0.061 0.093 0.061 0.077 0.069 0.080 0.070 0.061 
 161   (0.012) 0.003 0.012 0.003 0.012 0.002 0.002 0.002 0.003 0.012 
 163   (0.020) 0.007 0.021 0.008 0.020 0.006 0.006 0.007 0.008 0.021 
 144   (0.055) 0.075 0.055 0.077 0.055 0.086 0.099 0.080 0.067 0.055 
 158   (0.053) 0.038 0.053 0.057 0.053 0.059 0.055 0.067 0.063 0.053 
 171   (0.035) 0.038 0.034 0.035 0.035 0.032 0.026 0.031 0.051 0.034 
 167   (0.034) 0.015 0.034 0.015 0.034 0.017 0.016 0.013 0.017 0.034 
 166   (0.023) 0.008 0.024 0.010 0.023 0.007 0.007 0.007 0.010 0.024 
 164   (0.038) 0.022 0.038 0.022 0.038 0.020 0.020 0.022 0.025 0.038 
 168   (0.016) 0.004 0.016 0.004 0.016 0.003 0.002 0.003 0.004 0.016 
 162   (0.043) 0.027 0.043 0.027 0.043 0.027 0.026 0.029 0.031 0.043 
 159   (0.024) 0.010 0.025 0.011 0.024 0.010 0.008 0.009 0.011 0.025 
 170   (0.010) 0.002 0.009 0.002 0.009 0.001 0.001 0.001 0.002 0.009 
 152   (0.043) 0.037 0.043 0.041 0.043 0.049 0.062 0.046 0.048 0.043 
 165   (0.022) 0.008 0.021 0.009 0.022 0.007 0.007 0.007 0.008 0.021 
 155   (0.012) 0.003 0.012 0.003 0.012 0.002 0.002 0.002 0.003 0.012 
 142   (0.012) 0.003 0.012 0.003 0.012 0.002 0.002 0.002 0.003 0.012 
 172   (0.006) 0.001 0.006 0.001 0.006 0.001 0.000 0.001 0.001 0.006 
 138   (0.012) 0.003 0.012 0.003 0.012 0.002 0.001 0.002 0.003 0.012 
 134   (0.009) 0.002 0.009 0.002 0.009 0.001 0.001 0.001 0.002 0.009 
 173   (0.015) 0.004 0.015 0.004 0.015 0.003 0.002 0.002 0.004 0.015 
 175   (0.010) 0.002 0.009 0.002 0.009 0.001 0.001 0.001 0.002 0.009 
 157   (0.007) 0.001 0.006 0.001 0.007 0.001 0.001 0.001 0.001 0.006 
 153   (0.006) 0.001 0.006 0.001 0.006 0.001 0.000 0.001 0.001 0.006 
 179   (0.007) 0.001 0.006 0.001 0.006 0.001 0.000 0.001 0.001 0.006 

Locus 7 : 
31 alleles
0.0% missing data
 156   (0.089) 0.123 0.089 0.191 0.089 0.161 0.136 0.154 0.144 0.089 
 176   (0.031) 0.016 0.031 0.017 0.030 0.015 0.012 0.015 0.016 0.030 
 162   (0.091) 0.334 0.092 0.145 0.092 0.166 0.261 0.183 0.180 0.092 
 168   (0.012) 0.003 0.012 0.003 0.012 0.002 0.001 0.002 0.003 0.012 
 164   (0.046) 0.036 0.046 0.041 0.046 0.035 0.036 0.040 0.044 0.046 
 172   (0.059) 0.081 0.059 0.149 0.059 0.076 0.144 0.115 0.105 0.059 
 158   (0.059) 0.052 0.060 0.075 0.060 0.154 0.081 0.116 0.092 0.060 
 173   (0.045) 0.036 0.046 0.042 0.045 0.052 0.044 0.056 0.061 0.046 
 170   (0.063) 0.089 0.064 0.072 0.063 0.076 0.059 0.074 0.082 0.064 
 178   (0.029) 0.015 0.029 0.017 0.029 0.016 0.014 0.015 0.016 0.029 
 150   (0.032) 0.011 0.032 0.013 0.032 0.011 0.010 0.010 0.014 0.032 
 160   (0.042) 0.025 0.042 0.035 0.042 0.041 0.032 0.037 0.033 0.042 
 192   (0.006) 0.001 0.006 0.001 0.006 0.001 0.000 0.000 0.001 0.006 
 154   (0.043) 0.030 0.043 0.040 0.043 0.046 0.039 0.042 0.038 0.044 
 180   (0.027) 0.012 0.027 0.012 0.027 0.012 0.010 0.011 0.014 0.027 
 171   (0.047) 0.033 0.047 0.039 0.047 0.038 0.037 0.042 0.041 0.047 
 184   (0.007) 0.001 0.007 0.001 0.007 0.001 0.000 0.001 0.001 0.006 
 166   (0.034) 0.017 0.034 0.021 0.034 0.021 0.017 0.016 0.020 0.034 
 167   (0.012) 0.003 0.012 0.003 0.012 0.002 0.001 0.002 0.003 0.012 
 169   (0.017) 0.005 0.017 0.005 0.017 0.004 0.004 0.004 0.005 0.017 
 174   (0.035) 0.017 0.035 0.017 0.035 0.016 0.017 0.015 0.020 0.035 
 177   (0.023) 0.008 0.024 0.009 0.024 0.007 0.006 0.007 0.010 0.024 
 186   (0.017) 0.005 0.017 0.005 0.017 0.004 0.003 0.004 0.005 0.017 
 165   (0.007) 0.001 0.006 0.001 0.007 0.001 0.000 0.001 0.001 0.006 
 182   (0.015) 0.004 0.015 0.004 0.015 0.003 0.002 0.003 0.004 0.015 
 152   (0.021) 0.007 0.021 0.008 0.021 0.007 0.007 0.007 0.009 0.021 
 159   (0.037) 0.021 0.037 0.021 0.037 0.023 0.019 0.020 0.024 0.037 
 179   (0.012) 0.003 0.011 0.003 0.012 0.002 0.002 0.002 0.003 0.011 
 188   (0.014) 0.004 0.014 0.004 0.014 0.003 0.003 0.003 0.004 0.014 
 175   (0.018) 0.005 0.018 0.005 0.018 0.004 0.003 0.004 0.005 0.018 
 157   (0.007) 0.001 0.007 0.001 0.007 0.001 0.000 0.001 0.001 0.006 

Locus 8 : 
16 alleles
0.0% missing data
 229   (0.087) 0.070 0.088 0.077 0.087 0.078 0.085 0.086 0.068 0.088 
 239   (0.050) 0.030 0.050 0.028 0.050 0.030 0.030 0.030 0.033 0.050 
 223   (0.120) 0.266 0.120 0.172 0.120 0.136 0.167 0.188 0.197 0.120 
 225   (0.150) 0.234 0.151 0.173 0.150 0.225 0.209 0.208 0.181 0.151 
 231   (0.073) 0.053 0.073 0.060 0.073 0.061 0.064 0.054 0.066 0.073 
 241   (0.046) 0.021 0.046 0.022 0.046 0.021 0.023 0.020 0.024 0.046 
 233   (0.084) 0.061 0.084 0.067 0.084 0.069 0.075 0.076 0.069 0.084 
 227   (0.125) 0.107 0.125 0.210 0.125 0.202 0.175 0.155 0.171 0.125 
 237   (0.082) 0.061 0.082 0.091 0.082 0.073 0.073 0.084 0.085 0.082 
 235   (0.082) 0.059 0.082 0.063 0.082 0.074 0.069 0.068 0.068 0.082 
 215   (0.023) 0.008 0.023 0.007 0.023 0.006 0.006 0.006 0.008 0.023 
 217   (0.017) 0.004 0.016 0.004 0.016 0.003 0.002 0.003 0.004 0.016 
 221   (0.036) 0.019 0.036 0.021 0.036 0.019 0.020 0.020 0.023 0.036 
 213   (0.010) 0.002 0.010 0.002 0.010 0.001 0.001 0.001 0.002 0.010 
 243   (0.007) 0.001 0.007 0.001 0.007 0.001 0.001 0.001 0.001 0.007 
 247   (0.008) 0.001 0.007 0.001 0.008 0.001 0.001 0.001 0.001 0.007 

Locus 9 : 
23 alleles
0.0% missing data
 189   (0.333) 0.550 0.336 0.502 0.334 0.504 0.453 0.492 0.496 0.337 
 191   (0.155) 0.211 0.156 0.248 0.156 0.254 0.326 0.269 0.220 0.157 
 185   (0.058) 0.030 0.058 0.035 0.058 0.036 0.037 0.032 0.043 0.058 
 187   (0.062) 0.030 0.062 0.034 0.062 0.032 0.031 0.034 0.039 0.062 
 161   (0.038) 0.014 0.038 0.013 0.038 0.011 0.010 0.010 0.014 0.038 
 195   (0.053) 0.024 0.054 0.029 0.053 0.030 0.031 0.031 0.036 0.054 
 215   (0.010) 0.002 0.009 0.002 0.010 0.001 0.001 0.001 0.002 0.009 
 193   (0.104) 0.088 0.105 0.087 0.104 0.094 0.083 0.097 0.102 0.105 
 197   (0.022) 0.006 0.022 0.006 0.022 0.005 0.004 0.005 0.006 0.022 
 209   (0.017) 0.004 0.016 0.004 0.017 0.003 0.002 0.003 0.004 0.016 
 179   (0.036) 0.015 0.036 0.016 0.036 0.016 0.012 0.013 0.016 0.036 
 199   (0.011) 0.002 0.010 0.002 0.010 0.001 0.001 0.001 0.002 0.010 
 181   (0.019) 0.005 0.019 0.005 0.019 0.004 0.003 0.004 0.005 0.018 
 213   (0.010) 0.002 0.010 0.002 0.010 0.001 0.001 0.001 0.002 0.010 
 178   (0.008) 0.002 0.007 0.001 0.008 0.001 0.001 0.001 0.001 0.007 
 183   (0.010) 0.002 0.010 0.002 0.010 0.001 0.001 0.001 0.002 0.010 
 205   (0.007) 0.001 0.006 0.001 0.007 0.001 0.000 0.001 0.001 0.006 
 180   (0.007) 0.001 0.006 0.001 0.007 0.001 0.001 0.001 0.001 0.006 
 203   (0.007) 0.001 0.007 0.001 0.007 0.001 0.000 0.001 0.001 0.006 
 175   (0.009) 0.002 0.009 0.002 0.009 0.001 0.001 0.001 0.002 0.009 
 159   (0.007) 0.001 0.007 0.001 0.007 0.001 0.000 0.000 0.001 0.007 
 201   (0.007) 0.001 0.007 0.001 0.007 0.001 0.000 0.001 0.001 0.007 
 211   (0.011) 0.002 0.010 0.002 0.010 0.001 0.001 0.001 0.002 0.010 

Locus 10 : 
31 alleles
0.0% missing data
 154   (0.140) 0.260 0.141 0.256 0.141 0.274 0.252 0.236 0.263 0.141 
 156   (0.130) 0.186 0.131 0.205 0.130 0.196 0.242 0.249 0.212 0.131 
 166   (0.054) 0.057 0.054 0.067 0.054 0.053 0.046 0.058 0.063 0.054 
 168   (0.032) 0.015 0.032 0.017 0.032 0.013 0.013 0.012 0.016 0.032 
 152   (0.080) 0.173 0.081 0.101 0.080 0.099 0.145 0.111 0.106 0.081 
 165   (0.020) 0.006 0.020 0.007 0.020 0.006 0.005 0.005 0.007 0.020 
 170   (0.043) 0.024 0.043 0.030 0.043 0.039 0.032 0.035 0.035 0.043 
 158   (0.077) 0.108 0.078 0.097 0.077 0.105 0.086 0.087 0.092 0.078 
 181   (0.011) 0.003 0.010 0.002 0.010 0.001 0.001 0.001 0.002 0.010 
 164   (0.022) 0.010 0.022 0.011 0.022 0.010 0.009 0.008 0.011 0.022 
 175   (0.010) 0.002 0.009 0.002 0.010 0.001 0.001 0.001 0.002 0.009 
 171   (0.026) 0.010 0.026 0.010 0.026 0.009 0.008 0.009 0.012 0.026 
 148   (0.007) 0.001 0.006 0.001 0.007 0.001 0.000 0.001 0.001 0.006 
 172   (0.026) 0.010 0.026 0.011 0.026 0.009 0.010 0.009 0.011 0.026 
 174   (0.018) 0.005 0.018 0.005 0.018 0.004 0.003 0.003 0.005 0.018 
 160   (0.091) 0.069 0.091 0.116 0.091 0.134 0.107 0.132 0.103 0.092 
 157   (0.013) 0.003 0.012 0.003 0.012 0.002 0.002 0.002 0.003 0.012 
 162   (0.031) 0.012 0.031 0.014 0.031 0.012 0.011 0.011 0.013 0.031 
 169   (0.020) 0.006 0.020 0.006 0.020 0.005 0.004 0.005 0.007 0.020 
 163   (0.010) 0.002 0.009 0.002 0.009 0.001 0.001 0.001 0.002 0.009 
 167   (0.018) 0.005 0.018 0.005 0.018 0.004 0.003 0.004 0.005 0.018 
 176   (0.015) 0.005 0.015 0.004 0.015 0.003 0.002 0.003 0.004 0.015 
 173   (0.010) 0.002 0.010 0.002 0.010 0.001 0.001 0.001 0.002 0.010 
 159   (0.024) 0.009 0.024 0.009 0.024 0.008 0.007 0.007 0.010 0.024 
 178   (0.009) 0.002 0.009 0.002 0.009 0.001 0.001 0.001 0.002 0.009 
 153   (0.010) 0.002 0.009 0.002 0.010 0.001 0.001 0.001 0.002 0.009 
 142   (0.007) 0.001 0.006 0.001 0.007 0.001 0.000 0.001 0.001 0.006 
 183   (0.008) 0.001 0.007 0.001 0.007 0.001 0.001 0.001 0.001 0.007 
 177   (0.021) 0.006 0.021 0.007 0.021 0.005 0.004 0.005 0.006 0.021 
 155   (0.009) 0.002 0.009 0.002 0.009 0.001 0.001 0.001 0.002 0.009 
 179   (0.010) 0.002 0.009 0.002 0.010 0.001 0.001 0.001 0.002 0.009 

Values of parameters used in structure:
DATAFILE=/home/martin/bottleneck/structure_analysis/structure_4/data_job_T9_1,	OUTFILE=/home/martin/bottleneck/structure_analysis/structure_4/structure_results/arctic_ringed_seal/results_job_T9_1,	NUMINDS=303,	NUMLOCI=10,	MISSING=-9,	LABEL=1,	POPDATA=1,	POPFLAG=0,	PHENOTYPE=0,	EXTRACOLS=0,	MAXPOPS=9,	BURNIN=10000,	NUMREPS=100000,	USEPOPINFO=0,	INFERALPHA=1,	INFERLAMBDA=0,	POPSPECIFICLAMBDA=0,	POPALPHAS=0,	COMPUTEPROB=1,	NOADMIX=0,	ADMBURNIN=2500,	UPDATEFREQ=1,	PRINTLIKES=0,	INTERMEDSAVE=0,	PRINTKLD=0,	PRINTNET=0,	PRINTLAMBDA=0,	ANCESTDIST=0,	NUMBOXES=1000,	ANCESTPINT=0.90000,	GENSBACK=2,	MIGRPRIOR=0.05000,	PRINTQHAT=1,	PRINTQSUM=0,	ALPHA=1.0000,	FREQSCORR=1,	FPRIORMEAN=0.0100,	FPRIORSD=0.0500,	ONEFST=0,	LAMBDA=1.0000,	UNIFPRIORALPHA=1,	ALPHAMAX=10.0000,	ALPHAPRIORA=1.0000,	ALPHAPRIORB=2.0000,	ALPHAPROPSD=0.0250,	STARTATPOPINFO=0,	RANDOMIZE=1,	LINKAGE=0,	METROFREQ=10,	REPORTHITRATE=0,	MARKOVPHASE=-1,	PHASED=0,	PLOIDY=2,	PHASEINFO=0	LOCPRIOR=0, 	LOCPRIORINIT=1.000000, 	LOCDATA=0, 	LOCISPOP=0, 	LOCPRIORSTEP=0.100000, 	MAXLOCPRIOR=20.000000, 	SEED=1470529849,	
[STRAT parameters]:    NUMSIMSTATS=1000,	PHENOTYPECOL=-9,	POOLFREQ=10,	LOCUSxONLY=0,	EMERROR=0.00100,	MISSINGPHENO=-9,	