

----------------------------------------------------
STRUCTURE by Pritchard, Stephens and Donnelly (2000)
     and Falush, Stephens and Pritchard (2003)
       Code by Pritchard, Falush and Hubisz
             Version 2.3.4 (Jul 2012)
----------------------------------------------------



Command line arguments:   /usr/local/bin/structure -m parameter_job_T8_5 
Input File:    /home/martin/bottleneck/structure_analysis/structure_4/data_job_T8_5

Run parameters:
   260 individuals
   13 loci
   8 populations assumed
   10000 Burn-in period
   100000 Reps


--------------------------------------------
Proportion of membership of each pre-defined
 population in each of the 8 clusters

Given    Inferred Clusters                                          Number of
 Pop       1      2      3      4      5      6      7      8      Individuals

  1:     0.145  0.109  0.142  0.117  0.115  0.141  0.117  0.115      260
--------------------------------------------

Allele-freq. divergence among pops (Net nucleotide distance),
computed using point estimates of P.

      1       2       3       4       5       6       7       8      
 1      -    0.0606  0.0003  0.0601  0.0339  0.0293  0.0725  0.0489  
 2   0.0606     -    0.0616  0.1051  0.0801  0.1026  0.1503  0.0855  
 3   0.0003  0.0616     -    0.0613  0.0358  0.0308  0.0739  0.0502  
 4   0.0601  0.1051  0.0613     -    0.1044  0.0811  0.1162  0.1119  
 5   0.0339  0.0801  0.0358  0.1044     -    0.0623  0.1262  0.0794  
 6   0.0293  0.1026  0.0308  0.0811  0.0623     -    0.0999  0.0721  
 7   0.0725  0.1503  0.0739  0.1162  0.1262  0.0999     -    0.1414  
 8   0.0489  0.0855  0.0502  0.1119  0.0794  0.0721  0.1414     -    

Average distances (expected heterozygosity) between individuals in same cluster:
cluster  1  : 0.7890 
cluster  2  : 0.6936 
cluster  3  : 0.7857 
cluster  4  : 0.6677 
cluster  5  : 0.7292 
cluster  6  : 0.7242 
cluster  7  : 0.6420 
cluster  8  : 0.6982 

--------------------------------------------
Estimated Ln Prob of Data   = -11866.6
Mean value of ln likelihood = -10836.0
Variance of ln likelihood   = 2061.2
Mean value of alpha         = 0.1043

Mean value of Fst_1         = 0.0260
Mean value of Fst_2         = 0.1782
Mean value of Fst_3         = 0.0362
Mean value of Fst_4         = 0.1740
Mean value of Fst_5         = 0.1109
Mean value of Fst_6         = 0.1048
Mean value of Fst_7         = 0.2072
Mean value of Fst_8         = 0.1637


Inferred ancestry of individuals:
        Label (%Miss) Pop:  Inferred clusters
  1        1    (0)    1 :  0.171 0.258 0.224 0.077 0.018 0.054 0.027 0.171 
  2        2    (0)    1 :  0.146 0.238 0.132 0.016 0.022 0.387 0.029 0.030 
  3        3    (0)    1 :  0.032 0.060 0.032 0.760 0.059 0.016 0.015 0.026 
  4        4    (0)    1 :  0.294 0.116 0.341 0.048 0.043 0.073 0.022 0.063 
  5        5    (0)    1 :  0.318 0.086 0.401 0.011 0.054 0.030 0.038 0.063 
  6        6    (0)    1 :  0.095 0.354 0.110 0.037 0.343 0.028 0.012 0.021 
  7        7    (7)    1 :  0.226 0.060 0.213 0.041 0.043 0.172 0.120 0.125 
  8        8    (7)    1 :  0.109 0.083 0.133 0.365 0.024 0.036 0.111 0.140 
  9        9    (0)    1 :  0.069 0.139 0.082 0.018 0.025 0.014 0.608 0.044 
 10       10    (0)    1 :  0.204 0.354 0.297 0.017 0.026 0.020 0.032 0.050 
 11       11    (0)    1 :  0.108 0.247 0.089 0.086 0.277 0.030 0.010 0.153 
 12       12    (0)    1 :  0.090 0.055 0.097 0.022 0.040 0.121 0.554 0.022 
 13       13   (23)    1 :  0.094 0.017 0.089 0.086 0.069 0.368 0.016 0.262 
 14       14    (0)    1 :  0.043 0.033 0.049 0.744 0.018 0.059 0.023 0.032 
 15       15    (0)    1 :  0.356 0.015 0.335 0.025 0.065 0.020 0.011 0.173 
 16       16    (7)    1 :  0.296 0.016 0.263 0.029 0.044 0.060 0.273 0.019 
 17       17    (0)    1 :  0.162 0.014 0.170 0.493 0.060 0.048 0.021 0.032 
 18       18    (0)    1 :  0.053 0.032 0.045 0.738 0.057 0.040 0.017 0.018 
 19       19    (0)    1 :  0.022 0.760 0.020 0.012 0.026 0.016 0.126 0.018 
 20       20    (0)    1 :  0.060 0.700 0.054 0.016 0.083 0.052 0.019 0.016 
 21       21    (0)    1 :  0.041 0.015 0.046 0.018 0.011 0.118 0.726 0.025 
 22       22   (23)    1 :  0.147 0.555 0.139 0.019 0.033 0.056 0.017 0.034 
 23       23    (0)    1 :  0.227 0.047 0.197 0.310 0.057 0.080 0.052 0.030 
 24       24    (0)    1 :  0.024 0.011 0.021 0.010 0.014 0.013 0.898 0.010 
 25       25    (0)    1 :  0.160 0.014 0.117 0.305 0.090 0.262 0.019 0.033 
 26       26    (0)    1 :  0.274 0.141 0.294 0.066 0.058 0.069 0.067 0.031 
 27       27    (0)    1 :  0.296 0.068 0.271 0.029 0.044 0.033 0.227 0.032 
 28       28    (0)    1 :  0.035 0.028 0.033 0.046 0.059 0.751 0.016 0.031 
 29       29    (0)    1 :  0.269 0.032 0.351 0.114 0.031 0.092 0.013 0.099 
 30       30    (0)    1 :  0.065 0.034 0.063 0.166 0.021 0.550 0.030 0.070 
 31       31    (0)    1 :  0.155 0.058 0.126 0.185 0.117 0.228 0.061 0.070 
 32       32    (0)    1 :  0.196 0.065 0.230 0.021 0.278 0.169 0.024 0.017 
 33       33   (30)    1 :  0.036 0.015 0.034 0.804 0.026 0.046 0.019 0.020 
 34       34    (0)    1 :  0.019 0.841 0.018 0.034 0.014 0.020 0.018 0.035 
 35       35    (0)    1 :  0.013 0.011 0.013 0.914 0.010 0.010 0.008 0.021 
 36       36    (0)    1 :  0.074 0.585 0.123 0.035 0.009 0.015 0.036 0.122 
 37       37    (0)    1 :  0.309 0.057 0.294 0.107 0.028 0.098 0.059 0.048 
 38       38    (0)    1 :  0.086 0.021 0.081 0.044 0.024 0.054 0.615 0.076 
 39       39    (0)    1 :  0.336 0.034 0.388 0.022 0.077 0.032 0.021 0.091 
 40       40    (0)    1 :  0.295 0.021 0.244 0.156 0.091 0.088 0.089 0.014 
 41       41    (0)    1 :  0.046 0.016 0.045 0.019 0.034 0.044 0.750 0.047 
 42       42    (0)    1 :  0.219 0.046 0.197 0.407 0.027 0.063 0.014 0.027 
 43       43    (0)    1 :  0.017 0.014 0.016 0.400 0.013 0.020 0.507 0.013 
 44       44    (0)    1 :  0.025 0.043 0.027 0.009 0.029 0.031 0.734 0.103 
 45       45    (0)    1 :  0.217 0.075 0.174 0.031 0.340 0.103 0.037 0.022 
 46       46    (0)    1 :  0.066 0.030 0.066 0.760 0.018 0.031 0.019 0.011 
 47       47    (0)    1 :  0.307 0.045 0.285 0.042 0.089 0.059 0.154 0.019 
 48       48    (0)    1 :  0.316 0.029 0.248 0.011 0.209 0.043 0.097 0.047 
 49       49    (0)    1 :  0.302 0.018 0.288 0.054 0.219 0.067 0.025 0.027 
 50       50    (0)    1 :  0.305 0.024 0.310 0.011 0.196 0.047 0.041 0.065 
 51       51    (0)    1 :  0.071 0.009 0.060 0.017 0.218 0.507 0.012 0.107 
 52       52    (0)    1 :  0.172 0.013 0.204 0.084 0.123 0.146 0.035 0.223 
 53       53    (0)    1 :  0.059 0.097 0.056 0.059 0.044 0.246 0.013 0.427 
 54       54    (0)    1 :  0.381 0.010 0.308 0.012 0.206 0.048 0.009 0.025 
 55       55    (0)    1 :  0.060 0.099 0.054 0.073 0.056 0.504 0.126 0.029 
 56       56    (0)    1 :  0.272 0.013 0.242 0.029 0.070 0.208 0.101 0.064 
 57       57    (0)    1 :  0.195 0.019 0.168 0.057 0.037 0.454 0.023 0.047 
 58       58    (0)    1 :  0.171 0.034 0.152 0.035 0.033 0.441 0.080 0.055 
 59       59    (0)    1 :  0.185 0.078 0.205 0.029 0.049 0.045 0.022 0.387 
 60       60    (0)    1 :  0.227 0.147 0.221 0.011 0.112 0.197 0.028 0.057 
 61       61    (0)    1 :  0.057 0.042 0.055 0.023 0.132 0.041 0.628 0.023 
 62       62    (0)    1 :  0.153 0.026 0.141 0.091 0.156 0.122 0.030 0.281 
 63       63    (0)    1 :  0.018 0.023 0.019 0.846 0.048 0.020 0.015 0.011 
 64       64    (0)    1 :  0.021 0.113 0.025 0.009 0.153 0.019 0.010 0.649 
 65       65    (0)    1 :  0.049 0.011 0.044 0.020 0.016 0.705 0.080 0.075 
 66       66    (0)    1 :  0.021 0.027 0.022 0.031 0.016 0.017 0.837 0.029 
 67       67    (0)    1 :  0.127 0.020 0.127 0.074 0.070 0.546 0.018 0.018 
 68       68    (0)    1 :  0.191 0.011 0.208 0.016 0.246 0.263 0.045 0.020 
 69       69    (0)    1 :  0.407 0.022 0.377 0.022 0.046 0.034 0.050 0.041 
 70       70    (0)    1 :  0.266 0.021 0.248 0.033 0.350 0.043 0.016 0.022 
 71       71    (0)    1 :  0.287 0.018 0.340 0.078 0.054 0.063 0.035 0.125 
 72       72    (0)    1 :  0.029 0.017 0.029 0.834 0.030 0.032 0.015 0.014 
 73       73    (0)    1 :  0.376 0.023 0.422 0.046 0.020 0.027 0.049 0.037 
 74       74    (0)    1 :  0.063 0.132 0.065 0.509 0.049 0.047 0.013 0.121 
 75       75    (0)    1 :  0.213 0.065 0.251 0.172 0.020 0.133 0.092 0.053 
 76       76    (0)    1 :  0.177 0.015 0.176 0.017 0.120 0.362 0.015 0.116 
 77       77    (0)    1 :  0.051 0.044 0.069 0.090 0.034 0.018 0.032 0.662 
 78       78    (0)    1 :  0.168 0.130 0.139 0.123 0.148 0.127 0.148 0.016 
 79       79    (0)    1 :  0.170 0.075 0.156 0.039 0.484 0.016 0.026 0.034 
 80       80    (0)    1 :  0.037 0.026 0.037 0.800 0.020 0.038 0.016 0.026 
 81       81    (0)    1 :  0.054 0.032 0.060 0.012 0.015 0.580 0.109 0.138 
 82       82    (0)    1 :  0.128 0.048 0.158 0.499 0.047 0.084 0.017 0.019 
 83       83    (0)    1 :  0.060 0.011 0.048 0.669 0.013 0.046 0.141 0.012 
 84       84    (0)    1 :  0.188 0.215 0.158 0.132 0.025 0.055 0.094 0.133 
 85       85    (0)    1 :  0.035 0.014 0.034 0.067 0.061 0.739 0.020 0.029 
 86       86    (0)    1 :  0.029 0.019 0.028 0.019 0.031 0.818 0.021 0.035 
 87       87    (0)    1 :  0.180 0.260 0.173 0.028 0.026 0.029 0.163 0.141 
 88       88    (0)    1 :  0.355 0.016 0.314 0.075 0.053 0.056 0.110 0.021 
 89       89    (0)    1 :  0.250 0.049 0.216 0.022 0.216 0.195 0.022 0.031 
 90       90    (0)    1 :  0.015 0.015 0.017 0.891 0.013 0.019 0.014 0.016 
 91       91    (0)    1 :  0.372 0.028 0.403 0.062 0.029 0.059 0.031 0.017 
 92       92    (0)    1 :  0.027 0.016 0.027 0.038 0.016 0.842 0.015 0.017 
 93       93    (0)    1 :  0.254 0.043 0.195 0.024 0.088 0.225 0.068 0.103 
 94       94    (0)    1 :  0.021 0.025 0.018 0.034 0.065 0.805 0.016 0.015 
 95       95    (0)    1 :  0.072 0.085 0.063 0.396 0.297 0.027 0.037 0.023 
 96       96    (0)    1 :  0.244 0.041 0.254 0.130 0.080 0.055 0.055 0.141 
 97       97    (0)    1 :  0.034 0.540 0.033 0.023 0.046 0.085 0.009 0.231 
 98       98    (0)    1 :  0.251 0.042 0.193 0.103 0.089 0.013 0.024 0.285 
 99       99    (0)    1 :  0.021 0.011 0.019 0.015 0.034 0.816 0.013 0.072 
100      100    (0)    1 :  0.188 0.059 0.174 0.033 0.057 0.379 0.028 0.081 
101      101    (0)    1 :  0.086 0.047 0.076 0.489 0.018 0.036 0.211 0.037 
102      102    (0)    1 :  0.039 0.017 0.040 0.726 0.052 0.026 0.075 0.024 
103      103    (0)    1 :  0.170 0.040 0.122 0.136 0.097 0.139 0.279 0.018 
104      104    (0)    1 :  0.067 0.440 0.054 0.085 0.253 0.038 0.029 0.033 
105      105    (0)    1 :  0.159 0.041 0.155 0.133 0.167 0.080 0.060 0.204 
106      106    (0)    1 :  0.080 0.026 0.078 0.021 0.037 0.642 0.062 0.054 
107      107    (0)    1 :  0.019 0.010 0.019 0.012 0.900 0.014 0.012 0.013 
108      108    (0)    1 :  0.336 0.056 0.264 0.143 0.034 0.090 0.058 0.019 
109      109    (0)    1 :  0.255 0.043 0.268 0.074 0.048 0.247 0.038 0.026 
110      110    (0)    1 :  0.045 0.038 0.051 0.343 0.422 0.020 0.018 0.064 
111      111    (0)    1 :  0.203 0.480 0.160 0.018 0.043 0.035 0.028 0.033 
112      112    (0)    1 :  0.188 0.331 0.233 0.040 0.079 0.048 0.028 0.053 
113      113    (0)    1 :  0.039 0.026 0.036 0.737 0.046 0.020 0.036 0.060 
114      114    (0)    1 :  0.068 0.020 0.073 0.012 0.792 0.016 0.007 0.012 
115      115    (0)    1 :  0.259 0.068 0.222 0.082 0.028 0.056 0.268 0.018 
116      116    (0)    1 :  0.250 0.038 0.247 0.083 0.025 0.207 0.110 0.039 
117      117    (0)    1 :  0.190 0.173 0.207 0.015 0.041 0.024 0.263 0.087 
118      118    (0)    1 :  0.336 0.084 0.313 0.037 0.134 0.034 0.025 0.036 
119      119    (0)    1 :  0.134 0.044 0.164 0.425 0.147 0.044 0.021 0.020 
120      120    (0)    1 :  0.016 0.011 0.015 0.028 0.013 0.025 0.011 0.881 
121      121    (0)    1 :  0.035 0.011 0.036 0.019 0.043 0.028 0.803 0.025 
122      122    (0)    1 :  0.151 0.024 0.145 0.109 0.042 0.106 0.043 0.379 
123      123    (0)    1 :  0.015 0.156 0.016 0.013 0.014 0.010 0.010 0.767 
124      124    (0)    1 :  0.062 0.017 0.062 0.650 0.014 0.164 0.013 0.018 
125      125    (0)    1 :  0.215 0.250 0.265 0.044 0.043 0.114 0.022 0.046 
126      126    (0)    1 :  0.068 0.069 0.072 0.029 0.093 0.015 0.032 0.623 
127      127    (0)    1 :  0.043 0.020 0.043 0.022 0.091 0.742 0.009 0.030 
128      128    (0)    1 :  0.086 0.217 0.072 0.294 0.179 0.028 0.104 0.020 
129      129    (0)    1 :  0.075 0.018 0.061 0.069 0.045 0.361 0.026 0.345 
130      130    (0)    1 :  0.378 0.069 0.304 0.027 0.027 0.138 0.026 0.031 
131      131    (0)    1 :  0.124 0.047 0.134 0.170 0.200 0.159 0.044 0.123 
132      132    (0)    1 :  0.029 0.071 0.029 0.075 0.014 0.015 0.026 0.741 
133      133    (0)    1 :  0.198 0.012 0.151 0.070 0.062 0.250 0.235 0.021 
134      134    (0)    1 :  0.095 0.022 0.106 0.087 0.015 0.631 0.016 0.029 
135      135    (0)    1 :  0.043 0.021 0.041 0.063 0.020 0.786 0.014 0.013 
136      136    (0)    1 :  0.029 0.028 0.032 0.014 0.038 0.838 0.010 0.011 
137      137    (0)    1 :  0.028 0.016 0.032 0.018 0.021 0.026 0.013 0.846 
138      138    (0)    1 :  0.024 0.020 0.025 0.017 0.017 0.145 0.054 0.698 
139      139    (0)    1 :  0.034 0.025 0.031 0.014 0.019 0.037 0.022 0.819 
140      140    (0)    1 :  0.082 0.569 0.100 0.062 0.022 0.019 0.012 0.135 
141      141    (0)    1 :  0.033 0.028 0.029 0.008 0.847 0.022 0.016 0.015 
142      142    (0)    1 :  0.026 0.033 0.029 0.017 0.846 0.020 0.014 0.015 
143      143    (0)    1 :  0.034 0.015 0.037 0.012 0.033 0.027 0.036 0.806 
144      144    (0)    1 :  0.111 0.019 0.095 0.224 0.051 0.439 0.032 0.028 
145      145    (0)    1 :  0.105 0.027 0.086 0.019 0.071 0.039 0.050 0.603 
146      146    (0)    1 :  0.077 0.029 0.079 0.020 0.139 0.603 0.012 0.040 
147      147    (0)    1 :  0.436 0.019 0.356 0.054 0.018 0.059 0.035 0.023 
148      148    (0)    1 :  0.301 0.029 0.248 0.092 0.187 0.078 0.043 0.022 
149      149    (0)    1 :  0.269 0.058 0.260 0.119 0.029 0.041 0.200 0.024 
150      150    (0)    1 :  0.149 0.028 0.141 0.031 0.433 0.159 0.020 0.038 
151      151    (0)    1 :  0.027 0.017 0.026 0.020 0.012 0.022 0.857 0.019 
152      152    (0)    1 :  0.137 0.050 0.136 0.496 0.083 0.043 0.027 0.029 
153      153    (0)    1 :  0.256 0.022 0.204 0.017 0.159 0.119 0.197 0.025 
154      154    (0)    1 :  0.076 0.080 0.068 0.143 0.035 0.028 0.547 0.024 
155      155    (0)    1 :  0.139 0.022 0.098 0.017 0.155 0.170 0.361 0.038 
156      156    (0)    1 :  0.356 0.058 0.441 0.020 0.037 0.041 0.014 0.033 
157      157    (0)    1 :  0.016 0.042 0.016 0.018 0.016 0.014 0.012 0.867 
158      158    (0)    1 :  0.112 0.011 0.091 0.016 0.630 0.068 0.024 0.047 
159      159    (0)    1 :  0.020 0.872 0.020 0.024 0.017 0.014 0.010 0.023 
160      160    (0)    1 :  0.328 0.023 0.282 0.057 0.109 0.118 0.042 0.042 
161      161    (0)    1 :  0.058 0.110 0.055 0.032 0.655 0.043 0.025 0.022 
162      162    (0)    1 :  0.307 0.047 0.246 0.108 0.077 0.044 0.152 0.019 
163      163    (0)    1 :  0.110 0.196 0.107 0.019 0.035 0.041 0.016 0.477 
164      164    (0)    1 :  0.115 0.113 0.124 0.104 0.342 0.039 0.027 0.137 
165      165    (0)    1 :  0.041 0.798 0.042 0.020 0.018 0.011 0.010 0.059 
166      166    (0)    1 :  0.256 0.098 0.229 0.085 0.215 0.036 0.063 0.018 
167      167    (0)    1 :  0.032 0.014 0.031 0.047 0.031 0.042 0.782 0.021 
168      168    (0)    1 :  0.243 0.014 0.286 0.018 0.046 0.328 0.029 0.036 
169      169    (0)    1 :  0.061 0.164 0.061 0.557 0.011 0.065 0.035 0.047 
170      170    (0)    1 :  0.073 0.012 0.076 0.013 0.035 0.710 0.025 0.055 
171      171    (0)    1 :  0.268 0.186 0.272 0.030 0.025 0.027 0.027 0.165 
172      172    (0)    1 :  0.349 0.065 0.262 0.052 0.017 0.070 0.149 0.037 
173      173    (0)    1 :  0.180 0.072 0.119 0.024 0.035 0.027 0.506 0.036 
174      174    (0)    1 :  0.193 0.056 0.255 0.017 0.133 0.111 0.032 0.202 
175      175    (0)    1 :  0.255 0.024 0.227 0.032 0.244 0.131 0.068 0.020 
176      176    (0)    1 :  0.409 0.013 0.355 0.013 0.068 0.072 0.054 0.015 
177      177    (0)    1 :  0.326 0.012 0.234 0.018 0.026 0.102 0.253 0.029 
178      178    (0)    1 :  0.121 0.060 0.109 0.108 0.033 0.514 0.025 0.030 
179      179    (0)    1 :  0.030 0.022 0.029 0.039 0.784 0.039 0.040 0.017 
180      180    (0)    1 :  0.046 0.046 0.050 0.020 0.675 0.022 0.031 0.111 
181      181    (0)    1 :  0.024 0.011 0.024 0.024 0.017 0.023 0.862 0.014 
182      182    (0)    1 :  0.118 0.015 0.095 0.241 0.116 0.350 0.048 0.016 
183      183    (0)    1 :  0.062 0.024 0.080 0.016 0.015 0.188 0.012 0.602 
184      184    (0)    1 :  0.313 0.029 0.312 0.186 0.059 0.042 0.041 0.017 
185      185    (0)    1 :  0.018 0.024 0.018 0.017 0.879 0.020 0.009 0.015 
186      186    (0)    1 :  0.249 0.235 0.354 0.013 0.033 0.034 0.066 0.016 
187      187    (0)    1 :  0.298 0.072 0.273 0.081 0.191 0.024 0.041 0.020 
188      188    (0)    1 :  0.309 0.015 0.276 0.023 0.257 0.053 0.025 0.043 
189      189    (0)    1 :  0.041 0.014 0.048 0.011 0.017 0.018 0.009 0.841 
190      190    (0)    1 :  0.069 0.024 0.088 0.053 0.017 0.019 0.714 0.015 
191      191    (0)    1 :  0.070 0.481 0.081 0.033 0.011 0.033 0.235 0.056 
192      192    (0)    1 :  0.355 0.019 0.350 0.025 0.143 0.051 0.038 0.019 
193      193    (0)    1 :  0.016 0.159 0.015 0.012 0.014 0.010 0.010 0.764 
194      194    (0)    1 :  0.025 0.867 0.031 0.011 0.012 0.021 0.010 0.025 
195      195    (0)    1 :  0.038 0.078 0.036 0.009 0.070 0.024 0.008 0.737 
196      196    (0)    1 :  0.058 0.629 0.051 0.026 0.167 0.023 0.032 0.014 
197      197    (0)    1 :  0.141 0.093 0.157 0.024 0.314 0.030 0.035 0.206 
198      198    (0)    1 :  0.175 0.059 0.167 0.023 0.441 0.036 0.010 0.089 
199      199    (0)    1 :  0.019 0.017 0.022 0.873 0.021 0.019 0.013 0.014 
200      200    (0)    1 :  0.119 0.491 0.118 0.072 0.043 0.053 0.021 0.084 
201      201    (0)    1 :  0.016 0.866 0.014 0.020 0.026 0.018 0.018 0.023 
202      202    (0)    1 :  0.280 0.035 0.369 0.071 0.042 0.168 0.015 0.021 
203      203    (0)    1 :  0.034 0.026 0.032 0.014 0.036 0.837 0.009 0.010 
204      204    (0)    1 :  0.066 0.086 0.069 0.037 0.017 0.701 0.012 0.011 
205      205    (0)    1 :  0.036 0.177 0.033 0.026 0.038 0.065 0.614 0.010 
206      206    (0)    1 :  0.251 0.067 0.185 0.037 0.351 0.032 0.013 0.064 
207      207    (0)    1 :  0.035 0.011 0.039 0.016 0.022 0.041 0.825 0.010 
208      208    (0)    1 :  0.177 0.181 0.176 0.030 0.258 0.055 0.059 0.063 
209      209    (0)    1 :  0.200 0.313 0.297 0.050 0.067 0.020 0.035 0.018 
210      210    (0)    1 :  0.026 0.031 0.027 0.017 0.697 0.028 0.022 0.152 
211      211    (0)    1 :  0.046 0.055 0.051 0.027 0.025 0.014 0.679 0.103 
212      212    (0)    1 :  0.114 0.050 0.112 0.027 0.071 0.024 0.563 0.038 
213      213    (0)    1 :  0.029 0.020 0.029 0.016 0.024 0.817 0.017 0.046 
214      214    (0)    1 :  0.063 0.217 0.058 0.093 0.062 0.049 0.021 0.436 
215      215    (0)    1 :  0.021 0.022 0.019 0.019 0.014 0.022 0.068 0.815 
216      216    (0)    1 :  0.038 0.071 0.043 0.027 0.071 0.659 0.011 0.080 
217      217    (0)    1 :  0.042 0.014 0.049 0.011 0.017 0.017 0.008 0.840 
218      218    (0)    1 :  0.057 0.075 0.059 0.018 0.100 0.032 0.595 0.062 
219      219    (0)    1 :  0.015 0.867 0.014 0.020 0.026 0.018 0.019 0.022 
220      220    (0)    1 :  0.215 0.028 0.300 0.032 0.019 0.360 0.018 0.028 
221      221    (0)    1 :  0.210 0.301 0.300 0.038 0.061 0.038 0.024 0.028 
222      222    (0)    1 :  0.380 0.036 0.315 0.032 0.032 0.138 0.034 0.033 
223      223    (0)    1 :  0.220 0.189 0.192 0.108 0.057 0.172 0.046 0.016 
224      224    (0)    1 :  0.073 0.018 0.089 0.020 0.014 0.052 0.040 0.695 
225      225    (0)    1 :  0.021 0.009 0.021 0.017 0.015 0.015 0.888 0.013 
226      226    (0)    1 :  0.032 0.018 0.027 0.027 0.030 0.015 0.833 0.017 
227      227    (0)    1 :  0.098 0.013 0.120 0.049 0.018 0.037 0.595 0.069 
228      228    (0)    1 :  0.185 0.431 0.154 0.037 0.093 0.034 0.034 0.032 
229      229    (0)    1 :  0.416 0.041 0.318 0.026 0.053 0.033 0.062 0.052 
230      230    (0)    1 :  0.301 0.024 0.354 0.080 0.107 0.034 0.014 0.087 
231      231    (0)    1 :  0.075 0.016 0.067 0.018 0.415 0.140 0.188 0.081 
232      232    (0)    1 :  0.232 0.144 0.197 0.059 0.274 0.058 0.016 0.019 
233      233    (0)    1 :  0.050 0.025 0.044 0.013 0.028 0.748 0.051 0.041 
234      234    (0)    1 :  0.433 0.020 0.310 0.017 0.058 0.057 0.014 0.091 
235      235    (0)    1 :  0.030 0.019 0.028 0.807 0.015 0.021 0.026 0.054 
236      236    (0)    1 :  0.174 0.127 0.231 0.047 0.029 0.320 0.018 0.053 
237      237    (0)    1 :  0.252 0.011 0.212 0.182 0.078 0.044 0.186 0.034 
238      238    (0)    1 :  0.075 0.010 0.083 0.021 0.045 0.025 0.728 0.012 
239      239    (0)    1 :  0.222 0.122 0.187 0.081 0.102 0.238 0.018 0.030 
240      240    (0)    1 :  0.265 0.090 0.306 0.020 0.083 0.100 0.021 0.116 
241      241    (0)    1 :  0.020 0.080 0.020 0.023 0.029 0.013 0.799 0.015 
242      242    (0)    1 :  0.228 0.038 0.170 0.027 0.290 0.037 0.024 0.185 
243      243    (0)    1 :  0.085 0.011 0.085 0.147 0.113 0.500 0.024 0.035 
244      244    (0)    1 :  0.026 0.012 0.022 0.856 0.022 0.013 0.032 0.016 
245      245    (0)    1 :  0.270 0.052 0.328 0.035 0.149 0.020 0.045 0.101 
246      246    (0)    1 :  0.021 0.017 0.021 0.020 0.032 0.011 0.014 0.864 
247      247    (0)    1 :  0.247 0.053 0.319 0.025 0.045 0.167 0.049 0.095 
248      248    (0)    1 :  0.326 0.022 0.253 0.021 0.122 0.078 0.116 0.064 
249      249    (0)    1 :  0.227 0.110 0.189 0.061 0.051 0.196 0.030 0.137 
250      250    (0)    1 :  0.329 0.018 0.305 0.035 0.047 0.149 0.052 0.066 
251      251    (0)    1 :  0.206 0.021 0.224 0.160 0.035 0.296 0.025 0.033 
252      252    (0)    1 :  0.047 0.014 0.046 0.025 0.581 0.153 0.076 0.058 
253      253    (0)    1 :  0.065 0.602 0.072 0.025 0.105 0.055 0.015 0.062 
254      254    (0)    1 :  0.267 0.045 0.323 0.076 0.212 0.023 0.031 0.023 
255      255    (0)    1 :  0.017 0.857 0.016 0.045 0.022 0.014 0.010 0.019 
256      256    (0)    1 :  0.017 0.858 0.017 0.044 0.023 0.014 0.010 0.018 
257      257    (0)    1 :  0.249 0.306 0.226 0.048 0.078 0.024 0.033 0.036 
258      258    (0)    1 :  0.085 0.036 0.070 0.009 0.737 0.021 0.024 0.019 
259      259    (0)    1 :  0.022 0.018 0.020 0.009 0.862 0.027 0.010 0.031 
260      260    (0)    1 :  0.352 0.016 0.380 0.013 0.057 0.019 0.049 0.112 


Estimated Allele Frequencies in each cluster
First column gives estimated ancestral frequencies


Locus 1 : 
8 alleles
0.4% missing data
 197   (0.169) 0.175 0.041 0.191 0.060 0.149 0.264 0.073 0.165 
 187   (0.251) 0.285 0.107 0.284 0.141 0.152 0.276 0.646 0.108 
 195   (0.183) 0.189 0.331 0.192 0.328 0.092 0.094 0.023 0.489 
 201   (0.044) 0.034 0.011 0.033 0.013 0.091 0.030 0.025 0.009 
 193   (0.285) 0.260 0.502 0.248 0.421 0.499 0.277 0.224 0.207 
 181   (0.016) 0.012 0.002 0.011 0.018 0.003 0.007 0.002 0.002 
 191   (0.030) 0.026 0.003 0.022 0.006 0.010 0.048 0.003 0.018 
 199   (0.021) 0.020 0.002 0.018 0.012 0.005 0.005 0.004 0.002 

Locus 2 : 
11 alleles
0.0% missing data
 143   (0.099) 0.101 0.551 0.115 0.029 0.061 0.032 0.020 0.202 
 151   (0.212) 0.212 0.073 0.217 0.209 0.161 0.257 0.395 0.113 
 141   (0.043) 0.030 0.012 0.025 0.223 0.014 0.039 0.007 0.042 
 157   (0.127) 0.124 0.124 0.129 0.082 0.387 0.092 0.033 0.038 
 153   (0.177) 0.157 0.059 0.145 0.358 0.065 0.264 0.468 0.436 
 155   (0.101) 0.104 0.052 0.103 0.045 0.139 0.170 0.020 0.019 
 145   (0.030) 0.026 0.063 0.025 0.008 0.006 0.014 0.002 0.005 
 149   (0.097) 0.111 0.039 0.107 0.026 0.105 0.023 0.042 0.090 
 147   (0.093) 0.123 0.018 0.121 0.018 0.058 0.105 0.012 0.051 
 135   (0.011) 0.007 0.005 0.006 0.001 0.002 0.002 0.001 0.001 
 159   (0.011) 0.007 0.004 0.007 0.001 0.002 0.002 0.001 0.001 

Locus 3 : 
6 alleles
0.0% missing data
 162   (0.329) 0.356 0.373 0.373 0.406 0.222 0.158 0.803 0.184 
 166   (0.019) 0.012 0.027 0.011 0.002 0.003 0.004 0.001 0.017 
 160   (0.402) 0.411 0.396 0.391 0.231 0.553 0.527 0.093 0.642 
 164   (0.190) 0.174 0.197 0.181 0.348 0.183 0.259 0.081 0.091 
 158   (0.041) 0.031 0.004 0.028 0.006 0.015 0.048 0.021 0.063 
 150   (0.019) 0.016 0.002 0.016 0.006 0.024 0.003 0.001 0.002 

Locus 4 : 
11 alleles
0.8% missing data
 184   (0.106) 0.077 0.371 0.075 0.061 0.102 0.134 0.044 0.326 
 192   (0.156) 0.163 0.109 0.153 0.374 0.074 0.139 0.056 0.100 
 182   (0.114) 0.123 0.036 0.127 0.024 0.171 0.151 0.277 0.016 
 188   (0.178) 0.180 0.315 0.184 0.088 0.140 0.144 0.165 0.210 
 196   (0.056) 0.053 0.012 0.057 0.262 0.198 0.014 0.005 0.007 
 194   (0.131) 0.153 0.066 0.155 0.069 0.074 0.082 0.103 0.075 
 198   (0.094) 0.087 0.023 0.082 0.074 0.158 0.034 0.294 0.037 
 190   (0.073) 0.087 0.050 0.089 0.017 0.051 0.024 0.041 0.039 
 186   (0.054) 0.054 0.011 0.053 0.017 0.020 0.266 0.013 0.008 
 180   (0.028) 0.019 0.004 0.018 0.014 0.009 0.011 0.003 0.176 
 178   (0.010) 0.006 0.003 0.005 0.001 0.002 0.002 0.001 0.007 

Locus 5 : 
16 alleles
0.8% missing data
 253   (0.022) 0.015 0.004 0.014 0.240 0.004 0.007 0.003 0.005 
 261   (0.073) 0.083 0.408 0.090 0.009 0.043 0.065 0.016 0.018 
 250   (0.071) 0.067 0.019 0.064 0.012 0.037 0.269 0.008 0.174 
 240   (0.039) 0.036 0.089 0.038 0.023 0.012 0.006 0.013 0.018 
 258   (0.097) 0.096 0.239 0.104 0.044 0.069 0.020 0.112 0.220 
 254   (0.073) 0.078 0.020 0.078 0.090 0.063 0.073 0.015 0.009 
 260   (0.181) 0.188 0.041 0.195 0.110 0.456 0.311 0.081 0.278 
 246   (0.042) 0.039 0.019 0.036 0.019 0.009 0.007 0.023 0.063 
 256   (0.050) 0.038 0.008 0.035 0.024 0.033 0.019 0.441 0.086 
 257   (0.067) 0.068 0.056 0.065 0.034 0.052 0.048 0.037 0.009 
 252   (0.143) 0.156 0.055 0.154 0.164 0.142 0.096 0.223 0.042 
 266   (0.045) 0.039 0.007 0.036 0.216 0.024 0.046 0.013 0.009 
 242   (0.026) 0.028 0.012 0.026 0.004 0.022 0.005 0.002 0.009 
 262   (0.013) 0.007 0.010 0.006 0.001 0.017 0.002 0.001 0.001 
 248   (0.031) 0.027 0.010 0.028 0.007 0.010 0.012 0.003 0.053 
 259   (0.028) 0.034 0.003 0.031 0.003 0.007 0.013 0.008 0.004 

Locus 6 : 
7 alleles
0.4% missing data
 279   (0.381) 0.400 0.489 0.395 0.140 0.447 0.353 0.247 0.394 
 277   (0.121) 0.125 0.050 0.122 0.038 0.050 0.403 0.059 0.030 
 283   (0.182) 0.184 0.310 0.197 0.663 0.074 0.057 0.335 0.086 
 281   (0.261) 0.255 0.139 0.255 0.115 0.405 0.171 0.348 0.467 
 287   (0.023) 0.017 0.005 0.015 0.040 0.007 0.004 0.002 0.004 
 282   (0.015) 0.009 0.003 0.008 0.002 0.012 0.007 0.002 0.002 
 285   (0.018) 0.011 0.004 0.009 0.002 0.005 0.004 0.008 0.017 

Locus 7 : 
14 alleles
0.0% missing data
 264   (0.273) 0.299 0.219 0.311 0.285 0.412 0.164 0.242 0.213 
 271   (0.018) 0.015 0.041 0.014 0.002 0.004 0.005 0.002 0.004 
 285   (0.041) 0.036 0.010 0.031 0.013 0.024 0.049 0.012 0.008 
 270   (0.080) 0.063 0.384 0.058 0.417 0.033 0.084 0.024 0.015 
 268   (0.174) 0.169 0.178 0.166 0.088 0.075 0.235 0.287 0.240 
 273   (0.036) 0.041 0.014 0.048 0.006 0.009 0.024 0.005 0.016 
 266   (0.047) 0.047 0.009 0.048 0.006 0.022 0.024 0.343 0.011 
 279   (0.080) 0.092 0.075 0.102 0.116 0.094 0.021 0.026 0.023 
 283   (0.079) 0.097 0.010 0.095 0.014 0.196 0.028 0.013 0.127 
 275   (0.072) 0.067 0.039 0.063 0.038 0.048 0.157 0.028 0.014 
 281   (0.053) 0.038 0.015 0.034 0.007 0.044 0.179 0.009 0.323 
 272   (0.026) 0.020 0.003 0.016 0.006 0.033 0.025 0.008 0.004 
 282   (0.011) 0.008 0.001 0.007 0.001 0.004 0.002 0.001 0.001 
 287   (0.009) 0.006 0.001 0.006 0.001 0.002 0.002 0.001 0.002 

Locus 8 : 
4 alleles
0.8% missing data
 149   (0.219) 0.207 0.265 0.204 0.379 0.085 0.320 0.102 0.304 
 151   (0.457) 0.478 0.361 0.495 0.489 0.513 0.467 0.434 0.252 
 153   (0.197) 0.195 0.333 0.182 0.096 0.157 0.078 0.435 0.180 
 145   (0.126) 0.121 0.041 0.119 0.036 0.244 0.134 0.029 0.264 

Locus 9 : 
10 alleles
0.0% missing data
 183   (0.507) 0.505 0.483 0.501 0.838 0.303 0.780 0.728 0.662 
 185   (0.147) 0.170 0.376 0.191 0.069 0.070 0.098 0.042 0.112 
 187   (0.093) 0.116 0.040 0.118 0.011 0.116 0.019 0.088 0.036 
 191   (0.047) 0.040 0.012 0.039 0.027 0.191 0.029 0.004 0.008 
 175   (0.044) 0.028 0.021 0.024 0.011 0.201 0.025 0.004 0.148 
 181   (0.033) 0.026 0.005 0.021 0.019 0.026 0.005 0.058 0.012 
 195   (0.016) 0.009 0.029 0.008 0.002 0.003 0.009 0.001 0.002 
 189   (0.052) 0.055 0.021 0.050 0.017 0.020 0.018 0.040 0.008 
 193   (0.032) 0.025 0.004 0.022 0.004 0.035 0.010 0.032 0.007 
 169   (0.028) 0.025 0.008 0.026 0.003 0.035 0.007 0.003 0.004 

Locus 10 : 
9 alleles
0.0% missing data
 100   (0.232) 0.233 0.149 0.224 0.525 0.224 0.102 0.142 0.442 
 102   (0.250) 0.278 0.082 0.266 0.225 0.132 0.372 0.351 0.065 
 112   (0.254) 0.284 0.169 0.315 0.171 0.224 0.366 0.128 0.117 
 108   (0.025) 0.021 0.008 0.020 0.030 0.009 0.008 0.002 0.003 
 110   (0.063) 0.056 0.205 0.063 0.008 0.032 0.017 0.017 0.156 
 104   (0.025) 0.018 0.005 0.016 0.005 0.005 0.010 0.337 0.003 
  96   (0.064) 0.047 0.325 0.042 0.008 0.286 0.058 0.011 0.013 
 114   (0.033) 0.028 0.016 0.025 0.016 0.008 0.029 0.004 0.004 
 118   (0.053) 0.034 0.042 0.029 0.012 0.079 0.036 0.007 0.197 

Locus 11 : 
6 alleles
0.0% missing data
 197   (0.222) 0.201 0.118 0.190 0.122 0.407 0.349 0.443 0.069 
 205   (0.103) 0.116 0.141 0.129 0.021 0.029 0.023 0.231 0.167 
 201   (0.193) 0.167 0.470 0.148 0.360 0.305 0.073 0.084 0.229 
 199   (0.353) 0.397 0.163 0.404 0.205 0.200 0.305 0.205 0.501 
 203   (0.085) 0.069 0.103 0.074 0.281 0.029 0.230 0.013 0.020 
 195   (0.043) 0.050 0.006 0.056 0.011 0.029 0.021 0.025 0.013 

Locus 12 : 
13 alleles
1.2% missing data
 138   (0.128) 0.111 0.181 0.112 0.022 0.190 0.228 0.042 0.437 
 140   (0.116) 0.115 0.105 0.129 0.077 0.070 0.092 0.036 0.310 
 148   (0.041) 0.038 0.007 0.040 0.005 0.010 0.094 0.009 0.019 
 154   (0.284) 0.311 0.108 0.328 0.512 0.423 0.337 0.176 0.143 
 152   (0.168) 0.188 0.111 0.179 0.195 0.149 0.088 0.274 0.044 
 142   (0.015) 0.009 0.005 0.007 0.001 0.002 0.002 0.356 0.001 
 156   (0.100) 0.086 0.431 0.080 0.130 0.109 0.110 0.018 0.021 
 158   (0.011) 0.008 0.001 0.007 0.001 0.002 0.001 0.001 0.002 
 150   (0.059) 0.069 0.015 0.064 0.025 0.019 0.025 0.068 0.011 
 146   (0.024) 0.025 0.003 0.020 0.012 0.009 0.005 0.005 0.003 
 144   (0.032) 0.025 0.029 0.022 0.018 0.014 0.013 0.008 0.006 
 160   (0.010) 0.008 0.002 0.006 0.001 0.001 0.002 0.002 0.001 
 136   (0.011) 0.007 0.002 0.006 0.001 0.002 0.002 0.005 0.001 

Locus 13 : 
11 alleles
0.8% missing data
 249   (0.161) 0.182 0.252 0.205 0.027 0.063 0.100 0.217 0.362 
 247   (0.265) 0.245 0.571 0.229 0.127 0.520 0.194 0.146 0.300 
 243   (0.160) 0.136 0.073 0.121 0.346 0.139 0.393 0.538 0.042 
 239   (0.091) 0.091 0.033 0.101 0.317 0.030 0.059 0.015 0.093 
 255   (0.036) 0.039 0.005 0.034 0.004 0.023 0.009 0.006 0.019 
 251   (0.051) 0.050 0.032 0.048 0.008 0.049 0.012 0.020 0.024 
 253   (0.071) 0.070 0.012 0.068 0.072 0.053 0.158 0.007 0.021 
 245   (0.100) 0.122 0.015 0.134 0.088 0.033 0.055 0.042 0.130 
 259   (0.026) 0.026 0.004 0.026 0.007 0.017 0.007 0.003 0.004 
 229   (0.029) 0.033 0.003 0.030 0.003 0.069 0.011 0.003 0.003 
 242   (0.010) 0.006 0.001 0.005 0.001 0.004 0.003 0.004 0.001 

Values of parameters used in structure:
DATAFILE=/home/martin/bottleneck/structure_analysis/structure_4/data_job_T8_5,	OUTFILE=/home/martin/bottleneck/structure_analysis/structure_4/structure_results/ses/results_job_T8_5,	NUMINDS=260,	NUMLOCI=13,	MISSING=-9,	LABEL=1,	POPDATA=1,	POPFLAG=0,	PHENOTYPE=0,	EXTRACOLS=0,	MAXPOPS=8,	BURNIN=10000,	NUMREPS=100000,	USEPOPINFO=0,	INFERALPHA=1,	INFERLAMBDA=0,	POPSPECIFICLAMBDA=0,	POPALPHAS=0,	COMPUTEPROB=1,	NOADMIX=0,	ADMBURNIN=2500,	UPDATEFREQ=1,	PRINTLIKES=0,	INTERMEDSAVE=0,	PRINTKLD=0,	PRINTNET=0,	PRINTLAMBDA=0,	ANCESTDIST=0,	NUMBOXES=1000,	ANCESTPINT=0.90000,	GENSBACK=2,	MIGRPRIOR=0.05000,	PRINTQHAT=1,	PRINTQSUM=0,	ALPHA=1.0000,	FREQSCORR=1,	FPRIORMEAN=0.0100,	FPRIORSD=0.0500,	ONEFST=0,	LAMBDA=1.0000,	UNIFPRIORALPHA=1,	ALPHAMAX=10.0000,	ALPHAPRIORA=1.0000,	ALPHAPRIORB=2.0000,	ALPHAPROPSD=0.0250,	STARTATPOPINFO=0,	RANDOMIZE=1,	LINKAGE=0,	METROFREQ=10,	REPORTHITRATE=0,	MARKOVPHASE=-1,	PHASED=0,	PLOIDY=2,	PHASEINFO=0	LOCPRIOR=0, 	LOCPRIORINIT=1.000000, 	LOCDATA=0, 	LOCISPOP=0, 	LOCPRIORSTEP=0.100000, 	MAXLOCPRIOR=20.000000, 	SEED=1470616032,	
[STRAT parameters]:    NUMSIMSTATS=1000,	PHENOTYPECOL=-9,	POOLFREQ=10,	LOCUSxONLY=0,	EMERROR=0.00100,	MISSINGPHENO=-9,	