

----------------------------------------------------
STRUCTURE by Pritchard, Stephens and Donnelly (2000)
     and Falush, Stephens and Pritchard (2003)
       Code by Pritchard, Falush and Hubisz
             Version 2.3.4 (Jul 2012)
----------------------------------------------------



Command line arguments:   /usr/local/bin/structure -m parameter_job_T5_3 
Input File:    /home/martin/bottleneck/structure_analysis/structure_4/data_job_T5_3

Run parameters:
   260 individuals
   13 loci
   5 populations assumed
   10000 Burn-in period
   100000 Reps


--------------------------------------------
Proportion of membership of each pre-defined
 population in each of the 5 clusters

Given    Inferred Clusters                     Number of
 Pop       1      2      3      4      5      Individuals

  1:     0.166  0.238  0.217  0.202  0.177      260
--------------------------------------------

Allele-freq. divergence among pops (Net nucleotide distance),
computed using point estimates of P.

      1       2       3       4       5      
 1      -    0.0609  0.0784  0.1067  0.0771  
 2   0.0609     -    0.0186  0.0360  0.0402  
 3   0.0784  0.0186     -    0.0601  0.0541  
 4   0.1067  0.0360  0.0601     -    0.0737  
 5   0.0771  0.0402  0.0541  0.0737     -    

Average distances (expected heterozygosity) between individuals in same cluster:
cluster  1  : 0.6827 
cluster  2  : 0.7904 
cluster  3  : 0.7465 
cluster  4  : 0.7345 
cluster  5  : 0.7123 

--------------------------------------------
Estimated Ln Prob of Data   = -11939.1
Mean value of ln likelihood = -11170.0
Variance of ln likelihood   = 1538.1
Mean value of alpha         = 0.1883

Mean value of Fst_1         = 0.1591
Mean value of Fst_2         = 0.0134
Mean value of Fst_3         = 0.0780
Mean value of Fst_4         = 0.1178
Mean value of Fst_5         = 0.1176


Inferred ancestry of individuals:
        Label (%Miss) Pop:  Inferred clusters
  1        1    (0)    1 :  0.058 0.157 0.123 0.511 0.150 
  2        2    (0)    1 :  0.086 0.276 0.344 0.243 0.052 
  3        3    (0)    1 :  0.027 0.058 0.026 0.100 0.789 
  4        4    (0)    1 :  0.049 0.350 0.220 0.252 0.129 
  5        5    (0)    1 :  0.138 0.329 0.088 0.413 0.033 
  6        6    (0)    1 :  0.026 0.321 0.049 0.503 0.102 
  7        7    (7)    1 :  0.217 0.252 0.248 0.186 0.096 
  8        8    (7)    1 :  0.197 0.070 0.112 0.161 0.461 
  9        9    (0)    1 :  0.682 0.049 0.030 0.204 0.035 
 10       10    (0)    1 :  0.075 0.093 0.044 0.752 0.036 
 11       11    (0)    1 :  0.020 0.179 0.071 0.608 0.121 
 12       12    (0)    1 :  0.669 0.096 0.098 0.063 0.073 
 13       13   (23)    1 :  0.031 0.200 0.510 0.064 0.195 
 14       14    (0)    1 :  0.040 0.048 0.073 0.040 0.800 
 15       15    (0)    1 :  0.024 0.757 0.120 0.040 0.059 
 16       16    (7)    1 :  0.563 0.262 0.078 0.030 0.068 
 17       17    (0)    1 :  0.036 0.190 0.112 0.027 0.635 
 18       18    (0)    1 :  0.038 0.084 0.050 0.059 0.768 
 19       19    (0)    1 :  0.152 0.041 0.023 0.758 0.026 
 20       20    (0)    1 :  0.030 0.191 0.050 0.692 0.037 
 21       21    (0)    1 :  0.737 0.051 0.150 0.025 0.037 
 22       22   (23)    1 :  0.037 0.315 0.098 0.501 0.050 
 23       23    (0)    1 :  0.108 0.156 0.081 0.064 0.592 
 24       24    (0)    1 :  0.922 0.024 0.019 0.016 0.019 
 25       25    (0)    1 :  0.045 0.228 0.249 0.035 0.442 
 26       26    (0)    1 :  0.158 0.263 0.140 0.282 0.157 
 27       27    (0)    1 :  0.584 0.147 0.049 0.147 0.073 
 28       28    (0)    1 :  0.036 0.069 0.695 0.068 0.133 
 29       29    (0)    1 :  0.032 0.322 0.340 0.094 0.213 
 30       30    (0)    1 :  0.051 0.061 0.634 0.050 0.204 
 31       31    (0)    1 :  0.110 0.187 0.252 0.133 0.318 
 32       32    (0)    1 :  0.065 0.559 0.160 0.134 0.082 
 33       33   (30)    1 :  0.034 0.047 0.058 0.027 0.834 
 34       34    (0)    1 :  0.035 0.029 0.030 0.819 0.087 
 35       35    (0)    1 :  0.017 0.023 0.024 0.025 0.911 
 36       36    (0)    1 :  0.063 0.031 0.037 0.806 0.064 
 37       37    (0)    1 :  0.178 0.272 0.218 0.077 0.255 
 38       38    (0)    1 :  0.696 0.079 0.105 0.043 0.077 
 39       39    (0)    1 :  0.082 0.417 0.192 0.249 0.059 
 40       40    (0)    1 :  0.219 0.306 0.094 0.041 0.340 
 41       41    (0)    1 :  0.803 0.049 0.075 0.035 0.037 
 42       42    (0)    1 :  0.029 0.235 0.091 0.066 0.579 
 43       43    (0)    1 :  0.512 0.028 0.027 0.024 0.409 
 44       44    (0)    1 :  0.756 0.042 0.057 0.127 0.018 
 45       45    (0)    1 :  0.075 0.553 0.140 0.170 0.062 
 46       46    (0)    1 :  0.040 0.056 0.031 0.031 0.842 
 47       47    (0)    1 :  0.220 0.452 0.112 0.072 0.144 
 48       48    (0)    1 :  0.226 0.523 0.152 0.074 0.025 
 49       49    (0)    1 :  0.050 0.685 0.090 0.032 0.143 
 50       50    (0)    1 :  0.092 0.613 0.219 0.051 0.026 
 51       51    (0)    1 :  0.021 0.153 0.766 0.023 0.037 
 52       52    (0)    1 :  0.060 0.273 0.453 0.059 0.155 
 53       53    (0)    1 :  0.022 0.092 0.507 0.299 0.081 
 54       54    (0)    1 :  0.022 0.816 0.110 0.024 0.028 
 55       55    (0)    1 :  0.167 0.124 0.391 0.140 0.178 
 56       56    (0)    1 :  0.221 0.260 0.409 0.032 0.078 
 57       57    (0)    1 :  0.047 0.292 0.461 0.040 0.160 
 58       58    (0)    1 :  0.135 0.167 0.525 0.066 0.107 
 59       59    (0)    1 :  0.052 0.268 0.256 0.368 0.056 
 60       60    (0)    1 :  0.071 0.319 0.302 0.281 0.027 
 61       61    (0)    1 :  0.714 0.098 0.053 0.087 0.048 
 62       62    (0)    1 :  0.047 0.262 0.530 0.045 0.116 
 63       63    (0)    1 :  0.029 0.033 0.025 0.039 0.874 
 64       64    (0)    1 :  0.019 0.060 0.073 0.830 0.017 
 65       65    (0)    1 :  0.144 0.053 0.745 0.021 0.037 
 66       66    (0)    1 :  0.860 0.030 0.029 0.040 0.042 
 67       67    (0)    1 :  0.043 0.334 0.327 0.046 0.250 
 68       68    (0)    1 :  0.106 0.499 0.311 0.026 0.058 
 69       69    (0)    1 :  0.137 0.592 0.164 0.055 0.051 
 70       70    (0)    1 :  0.043 0.726 0.080 0.056 0.095 
 71       71    (0)    1 :  0.077 0.464 0.263 0.050 0.147 
 72       72    (0)    1 :  0.026 0.041 0.034 0.029 0.870 
 73       73    (0)    1 :  0.172 0.420 0.166 0.062 0.179 
 74       74    (0)    1 :  0.025 0.086 0.106 0.227 0.555 
 75       75    (0)    1 :  0.198 0.132 0.187 0.127 0.356 
 76       76    (0)    1 :  0.036 0.214 0.670 0.042 0.038 
 77       77    (0)    1 :  0.055 0.158 0.149 0.486 0.152 
 78       78    (0)    1 :  0.234 0.224 0.075 0.192 0.275 
 79       79    (0)    1 :  0.052 0.378 0.040 0.426 0.104 
 80       80    (0)    1 :  0.027 0.038 0.041 0.035 0.859 
 81       81    (0)    1 :  0.184 0.046 0.674 0.070 0.026 
 82       82    (0)    1 :  0.033 0.130 0.082 0.069 0.686 
 83       83    (0)    1 :  0.186 0.049 0.051 0.019 0.694 
 84       84    (0)    1 :  0.175 0.101 0.084 0.454 0.186 
 85       85    (0)    1 :  0.049 0.080 0.706 0.029 0.136 
 86       86    (0)    1 :  0.052 0.061 0.805 0.035 0.048 
 87       87    (0)    1 :  0.217 0.284 0.070 0.375 0.053 
 88       88    (0)    1 :  0.248 0.397 0.084 0.041 0.229 
 89       89    (0)    1 :  0.056 0.624 0.192 0.075 0.052 
 90       90    (0)    1 :  0.026 0.026 0.034 0.026 0.888 
 91       91    (0)    1 :  0.113 0.415 0.119 0.065 0.288 
 92       92    (0)    1 :  0.035 0.067 0.712 0.029 0.158 
 93       93    (0)    1 :  0.100 0.305 0.471 0.073 0.051 
 94       94    (0)    1 :  0.053 0.123 0.651 0.045 0.128 
 95       95    (0)    1 :  0.064 0.265 0.047 0.129 0.495 
 96       96    (0)    1 :  0.161 0.259 0.187 0.162 0.231 
 97       97    (0)    1 :  0.016 0.062 0.133 0.749 0.039 
 98       98    (0)    1 :  0.051 0.544 0.047 0.211 0.146 
 99       99    (0)    1 :  0.023 0.038 0.886 0.022 0.031 
100      100    (0)    1 :  0.058 0.305 0.449 0.102 0.087 
101      101    (0)    1 :  0.262 0.066 0.052 0.057 0.564 
102      102    (0)    1 :  0.105 0.063 0.046 0.028 0.758 
103      103    (0)    1 :  0.442 0.162 0.070 0.060 0.266 
104      104    (0)    1 :  0.061 0.194 0.059 0.496 0.190 
105      105    (0)    1 :  0.111 0.267 0.253 0.173 0.196 
106      106    (0)    1 :  0.115 0.188 0.584 0.065 0.048 
107      107    (0)    1 :  0.028 0.636 0.074 0.205 0.057 
108      108    (0)    1 :  0.131 0.361 0.094 0.053 0.361 
109      109    (0)    1 :  0.107 0.349 0.276 0.058 0.210 
110      110    (0)    1 :  0.034 0.271 0.106 0.228 0.361 
111      111    (0)    1 :  0.068 0.250 0.052 0.583 0.047 
112      112    (0)    1 :  0.058 0.233 0.100 0.481 0.127 
113      113    (0)    1 :  0.064 0.059 0.067 0.041 0.770 
114      114    (0)    1 :  0.015 0.813 0.059 0.077 0.036 
115      115    (0)    1 :  0.495 0.188 0.072 0.119 0.126 
116      116    (0)    1 :  0.269 0.208 0.268 0.079 0.176 
117      117    (0)    1 :  0.385 0.149 0.078 0.357 0.031 
118      118    (0)    1 :  0.056 0.656 0.095 0.104 0.090 
119      119    (0)    1 :  0.043 0.161 0.053 0.061 0.682 
120      120    (0)    1 :  0.022 0.046 0.801 0.060 0.071 
121      121    (0)    1 :  0.836 0.052 0.056 0.023 0.034 
122      122    (0)    1 :  0.121 0.161 0.367 0.172 0.179 
123      123    (0)    1 :  0.018 0.026 0.029 0.904 0.023 
124      124    (0)    1 :  0.024 0.069 0.121 0.024 0.763 
125      125    (0)    1 :  0.052 0.217 0.151 0.500 0.080 
126      126    (0)    1 :  0.054 0.204 0.175 0.499 0.068 
127      127    (0)    1 :  0.022 0.211 0.638 0.050 0.078 
128      128    (0)    1 :  0.163 0.146 0.036 0.282 0.374 
129      129    (0)    1 :  0.043 0.073 0.736 0.035 0.112 
130      130    (0)    1 :  0.070 0.466 0.244 0.139 0.081 
131      131    (0)    1 :  0.075 0.196 0.284 0.165 0.279 
132      132    (0)    1 :  0.062 0.098 0.462 0.268 0.109 
133      133    (0)    1 :  0.431 0.196 0.195 0.022 0.156 
134      134    (0)    1 :  0.032 0.097 0.667 0.030 0.173 
135      135    (0)    1 :  0.033 0.143 0.533 0.038 0.253 
136      136    (0)    1 :  0.027 0.306 0.535 0.054 0.077 
137      137    (0)    1 :  0.030 0.111 0.707 0.108 0.045 
138      138    (0)    1 :  0.047 0.037 0.797 0.096 0.023 
139      139    (0)    1 :  0.046 0.110 0.648 0.161 0.035 
140      140    (0)    1 :  0.023 0.120 0.083 0.669 0.106 
141      141    (0)    1 :  0.038 0.614 0.118 0.210 0.020 
142      142    (0)    1 :  0.038 0.440 0.054 0.390 0.078 
143      143    (0)    1 :  0.053 0.181 0.584 0.152 0.029 
144      144    (0)    1 :  0.075 0.183 0.242 0.044 0.456 
145      145    (0)    1 :  0.091 0.178 0.374 0.311 0.046 
146      146    (0)    1 :  0.026 0.142 0.742 0.047 0.043 
147      147    (0)    1 :  0.157 0.548 0.130 0.042 0.122 
148      148    (0)    1 :  0.154 0.343 0.141 0.084 0.278 
149      149    (0)    1 :  0.455 0.125 0.050 0.151 0.220 
150      150    (0)    1 :  0.043 0.526 0.280 0.070 0.081 
151      151    (0)    1 :  0.886 0.028 0.028 0.026 0.032 
152      152    (0)    1 :  0.055 0.199 0.053 0.091 0.601 
153      153    (0)    1 :  0.329 0.376 0.192 0.062 0.041 
154      154    (0)    1 :  0.629 0.057 0.039 0.065 0.209 
155      155    (0)    1 :  0.429 0.345 0.142 0.047 0.037 
156      156    (0)    1 :  0.039 0.566 0.222 0.111 0.062 
157      157    (0)    1 :  0.039 0.050 0.237 0.596 0.079 
158      158    (0)    1 :  0.046 0.592 0.291 0.038 0.034 
159      159    (0)    1 :  0.019 0.042 0.028 0.845 0.067 
160      160    (0)    1 :  0.108 0.444 0.242 0.053 0.153 
161      161    (0)    1 :  0.063 0.341 0.084 0.446 0.066 
162      162    (0)    1 :  0.288 0.349 0.087 0.070 0.206 
163      163    (0)    1 :  0.035 0.170 0.227 0.526 0.042 
164      164    (0)    1 :  0.049 0.179 0.147 0.476 0.149 
165      165    (0)    1 :  0.020 0.052 0.031 0.858 0.040 
166      166    (0)    1 :  0.177 0.297 0.062 0.283 0.181 
167      167    (0)    1 :  0.806 0.047 0.048 0.025 0.074 
168      168    (0)    1 :  0.070 0.283 0.562 0.032 0.053 
169      169    (0)    1 :  0.061 0.076 0.120 0.105 0.638 
170      170    (0)    1 :  0.048 0.090 0.813 0.024 0.025 
171      171    (0)    1 :  0.084 0.313 0.141 0.396 0.066 
172      172    (0)    1 :  0.322 0.361 0.102 0.083 0.131 
173      173    (0)    1 :  0.585 0.214 0.067 0.086 0.048 
174      174    (0)    1 :  0.070 0.322 0.249 0.306 0.053 
175      175    (0)    1 :  0.167 0.505 0.192 0.059 0.077 
176      176    (0)    1 :  0.158 0.572 0.211 0.024 0.035 
177      177    (0)    1 :  0.401 0.326 0.179 0.027 0.068 
178      178    (0)    1 :  0.073 0.192 0.298 0.075 0.362 
179      179    (0)    1 :  0.075 0.492 0.102 0.165 0.166 
180      180    (0)    1 :  0.069 0.360 0.136 0.377 0.059 
181      181    (0)    1 :  0.875 0.032 0.030 0.020 0.043 
182      182    (0)    1 :  0.118 0.201 0.159 0.025 0.497 
183      183    (0)    1 :  0.024 0.065 0.769 0.117 0.025 
184      184    (0)    1 :  0.163 0.206 0.070 0.067 0.494 
185      185    (0)    1 :  0.022 0.370 0.071 0.438 0.099 
186      186    (0)    1 :  0.260 0.115 0.068 0.518 0.039 
187      187    (0)    1 :  0.090 0.459 0.048 0.202 0.201 
188      188    (0)    1 :  0.075 0.724 0.117 0.039 0.046 
189      189    (0)    1 :  0.019 0.230 0.653 0.074 0.024 
190      190    (0)    1 :  0.770 0.072 0.034 0.035 0.089 
191      191    (0)    1 :  0.314 0.060 0.063 0.494 0.069 
192      192    (0)    1 :  0.097 0.698 0.087 0.034 0.084 
193      193    (0)    1 :  0.018 0.027 0.028 0.903 0.024 
194      194    (0)    1 :  0.019 0.038 0.039 0.876 0.028 
195      195    (0)    1 :  0.016 0.108 0.472 0.385 0.019 
196      196    (0)    1 :  0.073 0.085 0.031 0.754 0.057 
197      197    (0)    1 :  0.097 0.214 0.085 0.552 0.052 
198      198    (0)    1 :  0.022 0.539 0.088 0.290 0.060 
199      199    (0)    1 :  0.023 0.029 0.027 0.032 0.889 
200      200    (0)    1 :  0.044 0.109 0.103 0.621 0.122 
201      201    (0)    1 :  0.032 0.030 0.030 0.864 0.043 
202      202    (0)    1 :  0.048 0.437 0.249 0.055 0.210 
203      203    (0)    1 :  0.027 0.306 0.537 0.053 0.077 
204      204    (0)    1 :  0.030 0.347 0.431 0.074 0.117 
205      205    (0)    1 :  0.653 0.086 0.061 0.134 0.067 
206      206    (0)    1 :  0.029 0.529 0.062 0.278 0.102 
207      207    (0)    1 :  0.862 0.049 0.038 0.020 0.030 
208      208    (0)    1 :  0.111 0.367 0.091 0.361 0.069 
209      209    (0)    1 :  0.099 0.103 0.037 0.647 0.114 
210      210    (0)    1 :  0.061 0.221 0.167 0.508 0.042 
211      211    (0)    1 :  0.723 0.047 0.037 0.148 0.045 
212      212    (0)    1 :  0.691 0.103 0.045 0.108 0.053 
213      213    (0)    1 :  0.037 0.054 0.844 0.028 0.037 
214      214    (0)    1 :  0.040 0.092 0.145 0.586 0.137 
215      215    (0)    1 :  0.107 0.072 0.579 0.207 0.035 
216      216    (0)    1 :  0.024 0.133 0.595 0.183 0.065 
217      217    (0)    1 :  0.019 0.227 0.657 0.073 0.025 
218      218    (0)    1 :  0.650 0.082 0.059 0.172 0.037 
219      219    (0)    1 :  0.032 0.031 0.030 0.863 0.045 
220      220    (0)    1 :  0.038 0.216 0.578 0.073 0.095 
221      221    (0)    1 :  0.064 0.108 0.074 0.662 0.092 
222      222    (0)    1 :  0.090 0.465 0.253 0.088 0.103 
223      223    (0)    1 :  0.072 0.457 0.112 0.142 0.217 
224      224    (0)    1 :  0.124 0.113 0.587 0.130 0.046 
225      225    (0)    1 :  0.902 0.027 0.023 0.019 0.029 
226      226    (0)    1 :  0.863 0.042 0.023 0.032 0.040 
227      227    (0)    1 :  0.741 0.058 0.091 0.035 0.076 
228      228    (0)    1 :  0.061 0.292 0.059 0.479 0.110 
229      229    (0)    1 :  0.216 0.507 0.071 0.110 0.096 
230      230    (0)    1 :  0.027 0.547 0.160 0.059 0.206 
231      231    (0)    1 :  0.320 0.271 0.243 0.114 0.051 
232      232    (0)    1 :  0.044 0.457 0.090 0.238 0.171 
233      233    (0)    1 :  0.153 0.108 0.653 0.042 0.044 
234      234    (0)    1 :  0.044 0.640 0.195 0.079 0.041 
235      235    (0)    1 :  0.043 0.047 0.052 0.042 0.816 
236      236    (0)    1 :  0.034 0.156 0.544 0.160 0.106 
237      237    (0)    1 :  0.296 0.309 0.078 0.028 0.289 
238      238    (0)    1 :  0.808 0.084 0.043 0.023 0.042 
239      239    (0)    1 :  0.036 0.419 0.168 0.158 0.219 
240      240    (0)    1 :  0.044 0.471 0.289 0.149 0.047 
241      241    (0)    1 :  0.826 0.036 0.023 0.077 0.037 
242      242    (0)    1 :  0.060 0.461 0.104 0.321 0.055 
243      243    (0)    1 :  0.053 0.173 0.439 0.030 0.304 
244      244    (0)    1 :  0.055 0.040 0.019 0.036 0.850 
245      245    (0)    1 :  0.147 0.287 0.080 0.404 0.083 
246      246    (0)    1 :  0.038 0.214 0.459 0.244 0.045 
247      247    (0)    1 :  0.148 0.250 0.327 0.182 0.092 
248      248    (0)    1 :  0.261 0.470 0.170 0.049 0.049 
249      249    (0)    1 :  0.062 0.219 0.412 0.185 0.123 
250      250    (0)    1 :  0.178 0.278 0.398 0.050 0.095 
251      251    (0)    1 :  0.063 0.173 0.342 0.039 0.382 
252      252    (0)    1 :  0.115 0.337 0.394 0.108 0.046 
253      253    (0)    1 :  0.029 0.075 0.090 0.758 0.049 
254      254    (0)    1 :  0.070 0.499 0.073 0.112 0.247 
255      255    (0)    1 :  0.019 0.034 0.027 0.823 0.096 
256      256    (0)    1 :  0.019 0.034 0.028 0.820 0.100 
257      257    (0)    1 :  0.067 0.482 0.047 0.325 0.080 
258      258    (0)    1 :  0.048 0.661 0.042 0.219 0.030 
259      259    (0)    1 :  0.022 0.479 0.128 0.340 0.032 
260      260    (0)    1 :  0.110 0.636 0.160 0.060 0.034 


Estimated Allele Frequencies in each cluster
First column gives estimated ancestral frequencies


Locus 1 : 
8 alleles
0.4% missing data
 197   (0.177) 0.080 0.180 0.233 0.097 0.107 
 187   (0.229) 0.610 0.229 0.210 0.120 0.161 
 195   (0.183) 0.033 0.175 0.208 0.351 0.278 
 201   (0.049) 0.030 0.050 0.024 0.021 0.026 
 193   (0.300) 0.234 0.317 0.267 0.404 0.387 
 181   (0.016) 0.003 0.011 0.004 0.002 0.020 
 191   (0.027) 0.004 0.022 0.049 0.003 0.007 
 199   (0.020) 0.007 0.017 0.005 0.002 0.014 

Locus 2 : 
11 alleles
0.0% missing data
 143   (0.090) 0.026 0.082 0.056 0.430 0.051 
 151   (0.180) 0.376 0.167 0.221 0.088 0.229 
 141   (0.039) 0.007 0.030 0.013 0.028 0.178 
 157   (0.146) 0.045 0.175 0.087 0.196 0.092 
 153   (0.168) 0.413 0.143 0.315 0.087 0.300 
 155   (0.115) 0.032 0.127 0.133 0.045 0.061 
 145   (0.031) 0.003 0.025 0.013 0.038 0.012 
 149   (0.105) 0.075 0.114 0.052 0.057 0.039 
 147   (0.105) 0.021 0.122 0.107 0.024 0.036 
 135   (0.010) 0.001 0.007 0.001 0.004 0.001 
 159   (0.011) 0.001 0.007 0.002 0.004 0.001 

Locus 3 : 
6 alleles
0.0% missing data
 162   (0.296) 0.737 0.281 0.147 0.338 0.388 
 166   (0.017) 0.001 0.011 0.006 0.025 0.002 
 160   (0.444) 0.146 0.480 0.577 0.465 0.278 
 164   (0.182) 0.096 0.170 0.205 0.165 0.313 
 158   (0.039) 0.018 0.035 0.062 0.005 0.009 
 150   (0.022) 0.002 0.022 0.004 0.002 0.010 

Locus 4 : 
11 alleles
0.8% missing data
 184   (0.104) 0.046 0.092 0.144 0.347 0.061 
 192   (0.144) 0.076 0.138 0.121 0.069 0.350 
 182   (0.136) 0.254 0.156 0.093 0.037 0.056 
 188   (0.160) 0.186 0.155 0.139 0.302 0.095 
 196   (0.068) 0.007 0.083 0.019 0.047 0.220 
 194   (0.125) 0.114 0.128 0.123 0.059 0.074 
 198   (0.094) 0.248 0.093 0.044 0.051 0.077 
 190   (0.075) 0.048 0.074 0.037 0.064 0.027 
 186   (0.054) 0.018 0.048 0.190 0.010 0.025 
 180   (0.030) 0.003 0.026 0.087 0.011 0.015 
 178   (0.011) 0.001 0.007 0.003 0.004 0.001 

Locus 5 : 
16 alleles
0.8% missing data
 253   (0.019) 0.004 0.013 0.005 0.003 0.170 
 261   (0.075) 0.025 0.071 0.048 0.275 0.013 
 250   (0.069) 0.010 0.065 0.253 0.037 0.021 
 240   (0.039) 0.014 0.035 0.007 0.060 0.026 
 258   (0.095) 0.101 0.098 0.052 0.236 0.056 
 254   (0.074) 0.023 0.078 0.038 0.029 0.100 
 260   (0.218) 0.118 0.250 0.339 0.159 0.149 
 246   (0.037) 0.031 0.032 0.007 0.049 0.016 
 256   (0.045) 0.345 0.037 0.044 0.011 0.021 
 257   (0.058) 0.063 0.052 0.025 0.038 0.069 
 252   (0.123) 0.225 0.126 0.100 0.064 0.171 
 266   (0.046) 0.014 0.040 0.028 0.006 0.170 
 242   (0.029) 0.003 0.033 0.005 0.013 0.005 
 262   (0.014) 0.001 0.012 0.002 0.007 0.001 
 248   (0.030) 0.003 0.030 0.033 0.011 0.008 
 259   (0.029) 0.020 0.028 0.013 0.003 0.005 

Locus 6 : 
7 alleles
0.4% missing data
 279   (0.386) 0.291 0.411 0.367 0.476 0.202 
 277   (0.121) 0.087 0.109 0.259 0.042 0.084 
 283   (0.156) 0.287 0.137 0.059 0.220 0.533 
 281   (0.282) 0.324 0.302 0.297 0.248 0.144 
 287   (0.021) 0.002 0.016 0.004 0.004 0.032 
 282   (0.015) 0.002 0.011 0.006 0.004 0.003 
 285   (0.018) 0.007 0.013 0.008 0.005 0.002 

Locus 7 : 
14 alleles
0.0% missing data
 264   (0.260) 0.263 0.290 0.191 0.281 0.317 
 271   (0.021) 0.003 0.016 0.004 0.025 0.003 
 285   (0.043) 0.017 0.041 0.027 0.013 0.018 
 270   (0.076) 0.028 0.061 0.045 0.209 0.323 
 268   (0.163) 0.256 0.154 0.243 0.150 0.106 
 273   (0.036) 0.007 0.032 0.037 0.015 0.011 
 266   (0.039) 0.286 0.033 0.018 0.012 0.006 
 279   (0.064) 0.050 0.057 0.019 0.127 0.106 
 283   (0.105) 0.025 0.140 0.101 0.034 0.031 
 275   (0.085) 0.037 0.084 0.083 0.031 0.051 
 281   (0.058) 0.011 0.050 0.216 0.095 0.011 
 272   (0.028) 0.015 0.026 0.011 0.005 0.014 
 282   (0.011) 0.001 0.009 0.001 0.001 0.001 
 287   (0.010) 0.001 0.007 0.003 0.001 0.001 

Locus 8 : 
4 alleles
0.8% missing data
 149   (0.193) 0.135 0.162 0.307 0.218 0.352 
 151   (0.460) 0.454 0.467 0.385 0.417 0.490 
 153   (0.194) 0.376 0.194 0.097 0.266 0.107 
 145   (0.153) 0.035 0.178 0.211 0.099 0.051 

Locus 9 : 
10 alleles
0.0% missing data
 183   (0.481) 0.691 0.458 0.716 0.406 0.786 
 185   (0.146) 0.055 0.150 0.121 0.268 0.092 
 187   (0.087) 0.108 0.094 0.026 0.108 0.016 
 191   (0.065) 0.006 0.084 0.037 0.032 0.039 
 175   (0.059) 0.005 0.067 0.044 0.128 0.016 
 181   (0.034) 0.050 0.030 0.005 0.008 0.015 
 195   (0.017) 0.001 0.013 0.005 0.012 0.002 
 189   (0.050) 0.050 0.046 0.020 0.016 0.022 
 193   (0.031) 0.029 0.029 0.018 0.004 0.004 
 169   (0.029) 0.004 0.029 0.008 0.018 0.008 

Locus 10 : 
9 alleles
0.0% missing data
 100   (0.238) 0.153 0.241 0.205 0.251 0.417 
 102   (0.223) 0.379 0.216 0.269 0.063 0.260 
 112   (0.251) 0.151 0.260 0.298 0.191 0.222 
 108   (0.025) 0.002 0.020 0.007 0.005 0.030 
 110   (0.053) 0.021 0.046 0.039 0.207 0.010 
 104   (0.020) 0.258 0.014 0.005 0.003 0.004 
  96   (0.100) 0.021 0.121 0.048 0.221 0.019 
 114   (0.033) 0.007 0.027 0.016 0.007 0.026 
 118   (0.057) 0.008 0.055 0.114 0.051 0.012 

Locus 11 : 
6 alleles
0.0% missing data
 197   (0.237) 0.397 0.246 0.264 0.139 0.163 
 205   (0.081) 0.226 0.069 0.034 0.206 0.021 
 201   (0.184) 0.105 0.182 0.098 0.404 0.310 
 199   (0.365) 0.229 0.382 0.427 0.181 0.252 
 203   (0.085) 0.015 0.069 0.149 0.063 0.233 
 195   (0.049) 0.028 0.053 0.029 0.008 0.022 

Locus 12 : 
13 alleles
1.2% missing data
 138   (0.121) 0.053 0.112 0.285 0.293 0.033 
 140   (0.110) 0.039 0.103 0.175 0.173 0.080 
 148   (0.037) 0.010 0.031 0.082 0.007 0.008 
 154   (0.319) 0.188 0.364 0.276 0.161 0.476 
 152   (0.156) 0.308 0.163 0.084 0.071 0.187 
 142   (0.017) 0.255 0.011 0.002 0.003 0.002 
 156   (0.101) 0.023 0.097 0.058 0.262 0.140 
 158   (0.011) 0.001 0.009 0.002 0.001 0.001 
 150   (0.052) 0.099 0.047 0.018 0.011 0.035 
 146   (0.024) 0.008 0.022 0.007 0.003 0.011 
 144   (0.031) 0.009 0.027 0.009 0.013 0.026 
 160   (0.011) 0.003 0.007 0.002 0.001 0.002 
 136   (0.011) 0.004 0.007 0.002 0.001 0.001 

Locus 13 : 
11 alleles
0.8% missing data
 249   (0.141) 0.233 0.127 0.199 0.281 0.036 
 247   (0.267) 0.161 0.286 0.194 0.543 0.195 
 243   (0.158) 0.463 0.142 0.235 0.056 0.301 
 239   (0.088) 0.017 0.084 0.085 0.029 0.259 
 255   (0.038) 0.010 0.038 0.020 0.012 0.007 
 251   (0.054) 0.029 0.055 0.018 0.031 0.014 
 253   (0.069) 0.010 0.070 0.113 0.015 0.086 
 245   (0.107) 0.061 0.113 0.111 0.023 0.084 
 259   (0.028) 0.006 0.027 0.007 0.006 0.013 
 229   (0.040) 0.007 0.052 0.016 0.004 0.005 
 242   (0.011) 0.003 0.008 0.002 0.001 0.001 

Values of parameters used in structure:
DATAFILE=/home/martin/bottleneck/structure_analysis/structure_4/data_job_T5_3,	OUTFILE=/home/martin/bottleneck/structure_analysis/structure_4/structure_results/ses/results_job_T5_3,	NUMINDS=260,	NUMLOCI=13,	MISSING=-9,	LABEL=1,	POPDATA=1,	POPFLAG=0,	PHENOTYPE=0,	EXTRACOLS=0,	MAXPOPS=5,	BURNIN=10000,	NUMREPS=100000,	USEPOPINFO=0,	INFERALPHA=1,	INFERLAMBDA=0,	POPSPECIFICLAMBDA=0,	POPALPHAS=0,	COMPUTEPROB=1,	NOADMIX=0,	ADMBURNIN=2500,	UPDATEFREQ=1,	PRINTLIKES=0,	INTERMEDSAVE=0,	PRINTKLD=0,	PRINTNET=0,	PRINTLAMBDA=0,	ANCESTDIST=0,	NUMBOXES=1000,	ANCESTPINT=0.90000,	GENSBACK=2,	MIGRPRIOR=0.05000,	PRINTQHAT=1,	PRINTQSUM=0,	ALPHA=1.0000,	FREQSCORR=1,	FPRIORMEAN=0.0100,	FPRIORSD=0.0500,	ONEFST=0,	LAMBDA=1.0000,	UNIFPRIORALPHA=1,	ALPHAMAX=10.0000,	ALPHAPRIORA=1.0000,	ALPHAPRIORB=2.0000,	ALPHAPROPSD=0.0250,	STARTATPOPINFO=0,	RANDOMIZE=1,	LINKAGE=0,	METROFREQ=10,	REPORTHITRATE=0,	MARKOVPHASE=-1,	PHASED=0,	PLOIDY=2,	PHASEINFO=0	LOCPRIOR=0, 	LOCPRIORINIT=1.000000, 	LOCDATA=0, 	LOCISPOP=0, 	LOCPRIORSTEP=0.100000, 	MAXLOCPRIOR=20.000000, 	SEED=1470613451,	
[STRAT parameters]:    NUMSIMSTATS=1000,	PHENOTYPECOL=-9,	POOLFREQ=10,	LOCUSxONLY=0,	EMERROR=0.00100,	MISSINGPHENO=-9,	