

----------------------------------------------------
STRUCTURE by Pritchard, Stephens and Donnelly (2000)
     and Falush, Stephens and Pritchard (2003)
       Code by Pritchard, Falush and Hubisz
             Version 2.3.4 (Jul 2012)
----------------------------------------------------



Command line arguments:   /usr/local/bin/structure -m parameter_job_T2_4 
Input File:    /home/martin/bottleneck/structure_analysis/structure_4/data_job_T2_4

Run parameters:
   260 individuals
   13 loci
   2 populations assumed
   10000 Burn-in period
   100000 Reps


--------------------------------------------
Proportion of membership of each pre-defined
 population in each of the 2 clusters

Given    Inferred Clusters       Number of
 Pop       1      2             Individuals

  1:     0.503  0.497             260
--------------------------------------------

Allele-freq. divergence among pops (Net nucleotide distance),
computed using point estimates of P.

      1       2      
 1      -    0.0281  
 2   0.0281     -    

Average distances (expected heterozygosity) between individuals in same cluster:
cluster  1  : 0.7798 
cluster  2  : 0.7592 

--------------------------------------------
Estimated Ln Prob of Data   = -11825.7
Mean value of ln likelihood = -11678.7
Variance of ln likelihood   = 293.9
Mean value of alpha         = 0.3766

Mean value of Fst_1         = 0.0320
Mean value of Fst_2         = 0.0428


Inferred ancestry of individuals:
        Label (%Miss) Pop:  Inferred clusters
  1        1    (0)    1 :  0.719 0.281 
  2        2    (0)    1 :  0.567 0.433 
  3        3    (0)    1 :  0.502 0.498 
  4        4    (0)    1 :  0.824 0.176 
  5        5    (0)    1 :  0.756 0.244 
  6        6    (0)    1 :  0.908 0.092 
  7        7    (7)    1 :  0.473 0.527 
  8        8    (7)    1 :  0.255 0.745 
  9        9    (0)    1 :  0.180 0.820 
 10       10    (0)    1 :  0.869 0.131 
 11       11    (0)    1 :  0.894 0.106 
 12       12    (0)    1 :  0.080 0.920 
 13       13   (23)    1 :  0.661 0.339 
 14       14    (0)    1 :  0.129 0.871 
 15       15    (0)    1 :  0.872 0.128 
 16       16    (7)    1 :  0.097 0.903 
 17       17    (0)    1 :  0.320 0.680 
 18       18    (0)    1 :  0.193 0.807 
 19       19    (0)    1 :  0.829 0.171 
 20       20    (0)    1 :  0.929 0.071 
 21       21    (0)    1 :  0.074 0.926 
 22       22   (23)    1 :  0.861 0.139 
 23       23    (0)    1 :  0.185 0.815 
 24       24    (0)    1 :  0.041 0.959 
 25       25    (0)    1 :  0.187 0.813 
 26       26    (0)    1 :  0.503 0.497 
 27       27    (0)    1 :  0.190 0.810 
 28       28    (0)    1 :  0.352 0.648 
 29       29    (0)    1 :  0.735 0.265 
 30       30    (0)    1 :  0.186 0.814 
 31       31    (0)    1 :  0.290 0.710 
 32       32    (0)    1 :  0.597 0.403 
 33       33   (30)    1 :  0.136 0.864 
 34       34    (0)    1 :  0.862 0.138 
 35       35    (0)    1 :  0.320 0.680 
 36       36    (0)    1 :  0.855 0.145 
 37       37    (0)    1 :  0.292 0.708 
 38       38    (0)    1 :  0.145 0.855 
 39       39    (0)    1 :  0.782 0.218 
 40       40    (0)    1 :  0.135 0.865 
 41       41    (0)    1 :  0.076 0.924 
 42       42    (0)    1 :  0.473 0.527 
 43       43    (0)    1 :  0.052 0.948 
 44       44    (0)    1 :  0.137 0.863 
 45       45    (0)    1 :  0.770 0.230 
 46       46    (0)    1 :  0.080 0.920 
 47       47    (0)    1 :  0.241 0.759 
 48       48    (0)    1 :  0.529 0.471 
 49       49    (0)    1 :  0.439 0.561 
 50       50    (0)    1 :  0.612 0.388 
 51       51    (0)    1 :  0.657 0.343 
 52       52    (0)    1 :  0.680 0.320 
 53       53    (0)    1 :  0.831 0.169 
 54       54    (0)    1 :  0.765 0.235 
 55       55    (0)    1 :  0.270 0.730 
 56       56    (0)    1 :  0.182 0.818 
 57       57    (0)    1 :  0.447 0.553 
 58       58    (0)    1 :  0.196 0.804 
 59       59    (0)    1 :  0.866 0.134 
 60       60    (0)    1 :  0.788 0.212 
 61       61    (0)    1 :  0.115 0.885 
 62       62    (0)    1 :  0.676 0.324 
 63       63    (0)    1 :  0.248 0.752 
 64       64    (0)    1 :  0.959 0.041 
 65       65    (0)    1 :  0.184 0.816 
 66       66    (0)    1 :  0.071 0.929 
 67       67    (0)    1 :  0.263 0.737 
 68       68    (0)    1 :  0.259 0.741 
 69       69    (0)    1 :  0.508 0.492 
 70       70    (0)    1 :  0.479 0.521 
 71       71    (0)    1 :  0.744 0.256 
 72       72    (0)    1 :  0.371 0.629 
 73       73    (0)    1 :  0.318 0.682 
 74       74    (0)    1 :  0.717 0.283 
 75       75    (0)    1 :  0.177 0.823 
 76       76    (0)    1 :  0.519 0.481 
 77       77    (0)    1 :  0.889 0.111 
 78       78    (0)    1 :  0.223 0.777 
 79       79    (0)    1 :  0.837 0.163 
 80       80    (0)    1 :  0.220 0.780 
 81       81    (0)    1 :  0.309 0.691 
 82       82    (0)    1 :  0.348 0.652 
 83       83    (0)    1 :  0.066 0.934 
 84       84    (0)    1 :  0.500 0.500 
 85       85    (0)    1 :  0.240 0.760 
 86       86    (0)    1 :  0.258 0.742 
 87       87    (0)    1 :  0.701 0.299 
 88       88    (0)    1 :  0.207 0.793 
 89       89    (0)    1 :  0.531 0.469 
 90       90    (0)    1 :  0.184 0.816 
 91       91    (0)    1 :  0.218 0.782 
 92       92    (0)    1 :  0.121 0.879 
 93       93    (0)    1 :  0.495 0.505 
 94       94    (0)    1 :  0.183 0.817 
 95       95    (0)    1 :  0.561 0.439 
 96       96    (0)    1 :  0.385 0.615 
 97       97    (0)    1 :  0.947 0.053 
 98       98    (0)    1 :  0.802 0.198 
 99       99    (0)    1 :  0.351 0.649 
100      100    (0)    1 :  0.570 0.430 
101      101    (0)    1 :  0.121 0.879 
102      102    (0)    1 :  0.148 0.852 
103      103    (0)    1 :  0.096 0.904 
104      104    (0)    1 :  0.750 0.250 
105      105    (0)    1 :  0.602 0.398 
106      106    (0)    1 :  0.402 0.598 
107      107    (0)    1 :  0.898 0.102 
108      108    (0)    1 :  0.194 0.806 
109      109    (0)    1 :  0.238 0.762 
110      110    (0)    1 :  0.863 0.137 
111      111    (0)    1 :  0.812 0.188 
112      112    (0)    1 :  0.834 0.166 
113      113    (0)    1 :  0.255 0.745 
114      114    (0)    1 :  0.918 0.082 
115      115    (0)    1 :  0.153 0.847 
116      116    (0)    1 :  0.155 0.845 
117      117    (0)    1 :  0.557 0.443 
118      118    (0)    1 :  0.726 0.274 
119      119    (0)    1 :  0.394 0.606 
120      120    (0)    1 :  0.777 0.223 
121      121    (0)    1 :  0.070 0.930 
122      122    (0)    1 :  0.362 0.638 
123      123    (0)    1 :  0.949 0.051 
124      124    (0)    1 :  0.155 0.845 
125      125    (0)    1 :  0.798 0.202 
126      126    (0)    1 :  0.896 0.104 
127      127    (0)    1 :  0.652 0.348 
128      128    (0)    1 :  0.537 0.463 
129      129    (0)    1 :  0.368 0.632 
130      130    (0)    1 :  0.599 0.401 
131      131    (0)    1 :  0.581 0.419 
132      132    (0)    1 :  0.834 0.166 
133      133    (0)    1 :  0.075 0.925 
134      134    (0)    1 :  0.242 0.758 
135      135    (0)    1 :  0.163 0.837 
136      136    (0)    1 :  0.562 0.438 
137      137    (0)    1 :  0.910 0.090 
138      138    (0)    1 :  0.772 0.228 
139      139    (0)    1 :  0.849 0.151 
140      140    (0)    1 :  0.926 0.074 
141      141    (0)    1 :  0.907 0.093 
142      142    (0)    1 :  0.869 0.131 
143      143    (0)    1 :  0.892 0.108 
144      144    (0)    1 :  0.136 0.864 
145      145    (0)    1 :  0.786 0.214 
146      146    (0)    1 :  0.688 0.312 
147      147    (0)    1 :  0.142 0.858 
148      148    (0)    1 :  0.226 0.774 
149      149    (0)    1 :  0.187 0.813 
150      150    (0)    1 :  0.699 0.301 
151      151    (0)    1 :  0.061 0.939 
152      152    (0)    1 :  0.415 0.585 
153      153    (0)    1 :  0.268 0.732 
154      154    (0)    1 :  0.076 0.924 
155      155    (0)    1 :  0.206 0.794 
156      156    (0)    1 :  0.772 0.228 
157      157    (0)    1 :  0.879 0.121 
158      158    (0)    1 :  0.719 0.281 
159      159    (0)    1 :  0.929 0.071 
160      160    (0)    1 :  0.349 0.651 
161      161    (0)    1 :  0.847 0.153 
162      162    (0)    1 :  0.183 0.817 
163      163    (0)    1 :  0.911 0.089 
164      164    (0)    1 :  0.859 0.141 
165      165    (0)    1 :  0.944 0.056 
166      166    (0)    1 :  0.481 0.519 
167      167    (0)    1 :  0.064 0.936 
168      168    (0)    1 :  0.337 0.663 
169      169    (0)    1 :  0.233 0.767 
170      170    (0)    1 :  0.584 0.416 
171      171    (0)    1 :  0.744 0.256 
172      172    (0)    1 :  0.122 0.878 
173      173    (0)    1 :  0.186 0.814 
174      174    (0)    1 :  0.853 0.147 
175      175    (0)    1 :  0.349 0.651 
176      176    (0)    1 :  0.144 0.856 
177      177    (0)    1 :  0.102 0.898 
178      178    (0)    1 :  0.218 0.782 
179      179    (0)    1 :  0.708 0.292 
180      180    (0)    1 :  0.871 0.129 
181      181    (0)    1 :  0.048 0.952 
182      182    (0)    1 :  0.075 0.925 
183      183    (0)    1 :  0.840 0.160 
184      184    (0)    1 :  0.105 0.895 
185      185    (0)    1 :  0.922 0.078 
186      186    (0)    1 :  0.602 0.398 
187      187    (0)    1 :  0.629 0.371 
188      188    (0)    1 :  0.452 0.548 
189      189    (0)    1 :  0.937 0.063 
190      190    (0)    1 :  0.088 0.912 
191      191    (0)    1 :  0.538 0.462 
192      192    (0)    1 :  0.358 0.642 
193      193    (0)    1 :  0.947 0.053 
194      194    (0)    1 :  0.939 0.061 
195      195    (0)    1 :  0.950 0.050 
196      196    (0)    1 :  0.847 0.153 
197      197    (0)    1 :  0.867 0.133 
198      198    (0)    1 :  0.918 0.082 
199      199    (0)    1 :  0.202 0.798 
200      200    (0)    1 :  0.872 0.128 
201      201    (0)    1 :  0.925 0.075 
202      202    (0)    1 :  0.429 0.571 
203      203    (0)    1 :  0.563 0.437 
204      204    (0)    1 :  0.593 0.407 
205      205    (0)    1 :  0.131 0.869 
206      206    (0)    1 :  0.830 0.170 
207      207    (0)    1 :  0.057 0.943 
208      208    (0)    1 :  0.824 0.176 
209      209    (0)    1 :  0.758 0.242 
210      210    (0)    1 :  0.904 0.096 
211      211    (0)    1 :  0.239 0.761 
212      212    (0)    1 :  0.173 0.827 
213      213    (0)    1 :  0.401 0.599 
214      214    (0)    1 :  0.829 0.171 
215      215    (0)    1 :  0.767 0.233 
216      216    (0)    1 :  0.809 0.191 
217      217    (0)    1 :  0.935 0.065 
218      218    (0)    1 :  0.202 0.798 
219      219    (0)    1 :  0.928 0.072 
220      220    (0)    1 :  0.544 0.456 
221      221    (0)    1 :  0.808 0.192 
222      222    (0)    1 :  0.467 0.533 
223      223    (0)    1 :  0.557 0.443 
224      224    (0)    1 :  0.542 0.458 
225      225    (0)    1 :  0.051 0.949 
226      226    (0)    1 :  0.057 0.943 
227      227    (0)    1 :  0.088 0.912 
228      228    (0)    1 :  0.821 0.179 
229      229    (0)    1 :  0.265 0.735 
230      230    (0)    1 :  0.861 0.139 
231      231    (0)    1 :  0.318 0.682 
232      232    (0)    1 :  0.623 0.377 
233      233    (0)    1 :  0.273 0.727 
234      234    (0)    1 :  0.676 0.324 
235      235    (0)    1 :  0.169 0.831 
236      236    (0)    1 :  0.679 0.321 
237      237    (0)    1 :  0.134 0.866 
238      238    (0)    1 :  0.071 0.929 
239      239    (0)    1 :  0.685 0.315 
240      240    (0)    1 :  0.836 0.164 
241      241    (0)    1 :  0.075 0.925 
242      242    (0)    1 :  0.822 0.178 
243      243    (0)    1 :  0.156 0.844 
244      244    (0)    1 :  0.126 0.874 
245      245    (0)    1 :  0.772 0.228 
246      246    (0)    1 :  0.934 0.066 
247      247    (0)    1 :  0.465 0.535 
248      248    (0)    1 :  0.306 0.694 
249      249    (0)    1 :  0.679 0.321 
250      250    (0)    1 :  0.212 0.788 
251      251    (0)    1 :  0.244 0.756 
252      252    (0)    1 :  0.721 0.279 
253      253    (0)    1 :  0.922 0.078 
254      254    (0)    1 :  0.529 0.471 
255      255    (0)    1 :  0.911 0.089 
256      256    (0)    1 :  0.908 0.092 
257      257    (0)    1 :  0.846 0.154 
258      258    (0)    1 :  0.852 0.148 
259      259    (0)    1 :  0.937 0.063 
260      260    (0)    1 :  0.635 0.365 


Estimated Allele Frequencies in each cluster
First column gives estimated ancestral frequencies


Locus 1 : 
8 alleles
0.4% missing data
 197   (0.154) 0.164 0.129 
 187   (0.217) 0.153 0.361 
 195   (0.205) 0.288 0.132 
 201   (0.048) 0.027 0.035 
 193   (0.306) 0.349 0.292 
 181   (0.019) 0.003 0.011 
 191   (0.031) 0.012 0.025 
 199   (0.020) 0.003 0.015 

Locus 2 : 
11 alleles
0.0% missing data
 143   (0.118) 0.210 0.050 
 151   (0.178) 0.136 0.280 
 141   (0.056) 0.026 0.069 
 157   (0.120) 0.185 0.062 
 153   (0.206) 0.166 0.315 
 155   (0.096) 0.089 0.082 
 145   (0.033) 0.027 0.010 
 149   (0.083) 0.076 0.064 
 147   (0.081) 0.076 0.064 
 135   (0.014) 0.004 0.002 
 159   (0.014) 0.004 0.002 

Locus 3 : 
6 alleles
0.0% missing data
 162   (0.323) 0.264 0.453 
 166   (0.021) 0.015 0.003 
 160   (0.394) 0.505 0.309 
 164   (0.192) 0.178 0.200 
 158   (0.046) 0.025 0.029 
 150   (0.024) 0.013 0.006 

Locus 4 : 
11 alleles
0.8% missing data
 184   (0.127) 0.213 0.065 
 192   (0.124) 0.087 0.206 
 182   (0.110) 0.080 0.160 
 188   (0.168) 0.212 0.138 
 196   (0.083) 0.084 0.065 
 194   (0.106) 0.103 0.100 
 198   (0.098) 0.076 0.119 
 190   (0.066) 0.057 0.047 
 186   (0.064) 0.037 0.088 
 180   (0.042) 0.048 0.012 
 178   (0.014) 0.005 0.001 

Locus 5 : 
16 alleles
0.8% missing data
 253   (0.034) 0.011 0.060 
 261   (0.081) 0.144 0.034 
 250   (0.088) 0.095 0.079 
 240   (0.040) 0.041 0.016 
 258   (0.100) 0.153 0.062 
 254   (0.061) 0.043 0.068 
 260   (0.184) 0.247 0.178 
 246   (0.042) 0.029 0.025 
 256   (0.062) 0.027 0.131 
 257   (0.054) 0.031 0.064 
 252   (0.109) 0.084 0.177 
 266   (0.051) 0.026 0.072 
 242   (0.024) 0.025 0.004 
 262   (0.016) 0.008 0.002 
 248   (0.029) 0.030 0.006 
 259   (0.024) 0.006 0.024 

Locus 6 : 
7 alleles
0.4% missing data
 279   (0.339) 0.405 0.310 
 277   (0.119) 0.084 0.159 
 283   (0.217) 0.196 0.267 
 281   (0.259) 0.291 0.239 
 287   (0.026) 0.009 0.014 
 282   (0.019) 0.006 0.005 
 285   (0.022) 0.009 0.006 

Locus 7 : 
14 alleles
0.0% missing data
 264   (0.219) 0.265 0.268 
 271   (0.022) 0.017 0.004 
 285   (0.038) 0.027 0.022 
 270   (0.117) 0.121 0.136 
 268   (0.155) 0.173 0.184 
 273   (0.036) 0.028 0.017 
 266   (0.053) 0.022 0.102 
 279   (0.075) 0.070 0.070 
 283   (0.079) 0.095 0.054 
 275   (0.067) 0.059 0.061 
 281   (0.083) 0.107 0.057 
 272   (0.028) 0.009 0.021 
 282   (0.014) 0.004 0.002 
 287   (0.014) 0.004 0.002 

Locus 8 : 
4 alleles
0.8% missing data
 149   (0.231) 0.194 0.273 
 151   (0.430) 0.425 0.457 
 153   (0.211) 0.194 0.211 
 145   (0.129) 0.187 0.058 

Locus 9 : 
10 alleles
0.0% missing data
 183   (0.504) 0.482 0.721 
 185   (0.142) 0.183 0.097 
 187   (0.085) 0.086 0.058 
 191   (0.053) 0.068 0.018 
 175   (0.053) 0.095 0.011 
 181   (0.037) 0.016 0.026 
 195   (0.020) 0.011 0.003 
 189   (0.044) 0.021 0.040 
 193   (0.034) 0.016 0.018 
 169   (0.030) 0.022 0.008 

Locus 10 : 
9 alleles
0.0% missing data
 100   (0.253) 0.279 0.225 
 102   (0.191) 0.117 0.347 
 112   (0.230) 0.231 0.229 
 108   (0.030) 0.014 0.013 
 110   (0.072) 0.108 0.023 
 104   (0.038) 0.007 0.089 
  96   (0.093) 0.151 0.032 
 114   (0.032) 0.011 0.023 
 118   (0.061) 0.082 0.019 

Locus 11 : 
6 alleles
0.0% missing data
 197   (0.217) 0.179 0.297 
 205   (0.119) 0.114 0.100 
 201   (0.215) 0.270 0.166 
 199   (0.293) 0.325 0.282 
 203   (0.112) 0.090 0.120 
 195   (0.044) 0.022 0.035 

Locus 12 : 
13 alleles
1.2% missing data
 138   (0.154) 0.225 0.101 
 140   (0.115) 0.158 0.073 
 148   (0.045) 0.033 0.028 
 154   (0.263) 0.284 0.312 
 152   (0.132) 0.094 0.215 
 142   (0.034) 0.006 0.083 
 156   (0.116) 0.153 0.078 
 158   (0.014) 0.005 0.002 
 150   (0.041) 0.014 0.066 
 146   (0.023) 0.006 0.016 
 144   (0.033) 0.017 0.017 
 160   (0.014) 0.002 0.004 
 136   (0.014) 0.002 0.004 

Locus 13 : 
11 alleles
0.8% missing data
 249   (0.168) 0.207 0.143 
 247   (0.252) 0.369 0.192 
 243   (0.167) 0.111 0.334 
 239   (0.099) 0.094 0.093 
 255   (0.035) 0.023 0.015 
 251   (0.047) 0.038 0.023 
 253   (0.066) 0.037 0.085 
 245   (0.088) 0.079 0.081 
 259   (0.028) 0.012 0.014 
 229   (0.036) 0.026 0.015 
 242   (0.014) 0.002 0.004 

Values of parameters used in structure:
DATAFILE=/home/martin/bottleneck/structure_analysis/structure_4/data_job_T2_4,	OUTFILE=/home/martin/bottleneck/structure_analysis/structure_4/structure_results/ses/results_job_T2_4,	NUMINDS=260,	NUMLOCI=13,	MISSING=-9,	LABEL=1,	POPDATA=1,	POPFLAG=0,	PHENOTYPE=0,	EXTRACOLS=0,	MAXPOPS=2,	BURNIN=10000,	NUMREPS=100000,	USEPOPINFO=0,	INFERALPHA=1,	INFERLAMBDA=0,	POPSPECIFICLAMBDA=0,	POPALPHAS=0,	COMPUTEPROB=1,	NOADMIX=0,	ADMBURNIN=2500,	UPDATEFREQ=1,	PRINTLIKES=0,	INTERMEDSAVE=0,	PRINTKLD=0,	PRINTNET=0,	PRINTLAMBDA=0,	ANCESTDIST=0,	NUMBOXES=1000,	ANCESTPINT=0.90000,	GENSBACK=2,	MIGRPRIOR=0.05000,	PRINTQHAT=1,	PRINTQSUM=0,	ALPHA=1.0000,	FREQSCORR=1,	FPRIORMEAN=0.0100,	FPRIORSD=0.0500,	ONEFST=0,	LAMBDA=1.0000,	UNIFPRIORALPHA=1,	ALPHAMAX=10.0000,	ALPHAPRIORA=1.0000,	ALPHAPRIORB=2.0000,	ALPHAPROPSD=0.0250,	STARTATPOPINFO=0,	RANDOMIZE=1,	LINKAGE=0,	METROFREQ=10,	REPORTHITRATE=0,	MARKOVPHASE=-1,	PHASED=0,	PLOIDY=2,	PHASEINFO=0	LOCPRIOR=0, 	LOCPRIORINIT=1.000000, 	LOCDATA=0, 	LOCISPOP=0, 	LOCPRIORSTEP=0.100000, 	MAXLOCPRIOR=20.000000, 	SEED=1470611549,	
[STRAT parameters]:    NUMSIMSTATS=1000,	PHENOTYPECOL=-9,	POOLFREQ=10,	LOCUSxONLY=0,	EMERROR=0.00100,	MISSINGPHENO=-9,	