

----------------------------------------------------
STRUCTURE by Pritchard, Stephens and Donnelly (2000)
     and Falush, Stephens and Pritchard (2003)
       Code by Pritchard, Falush and Hubisz
             Version 2.3.4 (Jul 2012)
----------------------------------------------------



Command line arguments:   /usr/local/bin/structure -m parameter_job_T3_1 
Input File:    /home/martin/bottleneck/structure_analysis/structure_4/data_job_T3_1

Run parameters:
   260 individuals
   13 loci
   3 populations assumed
   10000 Burn-in period
   100000 Reps


--------------------------------------------
Proportion of membership of each pre-defined
 population in each of the 3 clusters

Given    Inferred Clusters       Number of
 Pop       1      2      3      Individuals

  1:     0.371  0.335  0.294      260
--------------------------------------------

Allele-freq. divergence among pops (Net nucleotide distance),
computed using point estimates of P.

      1       2       3      
 1      -    0.0287  0.0291  
 2   0.0287     -    0.0487  
 3   0.0291  0.0487     -    

Average distances (expected heterozygosity) between individuals in same cluster:
cluster  1  : 0.7710 
cluster  2  : 0.7648 
cluster  3  : 0.7428 

--------------------------------------------
Estimated Ln Prob of Data   = -11701.7
Mean value of ln likelihood = -11459.9
Variance of ln likelihood   = 483.7
Mean value of alpha         = 0.2434

Mean value of Fst_1         = 0.0363
Mean value of Fst_2         = 0.0575
Mean value of Fst_3         = 0.0708


Inferred ancestry of individuals:
        Label (%Miss) Pop:  Inferred clusters
  1        1    (0)    1 :  0.119 0.700 0.181 
  2        2    (0)    1 :  0.339 0.440 0.220 
  3        3    (0)    1 :  0.295 0.432 0.272 
  4        4    (0)    1 :  0.472 0.436 0.092 
  5        5    (0)    1 :  0.162 0.602 0.236 
  6        6    (0)    1 :  0.177 0.775 0.047 
  7        7    (7)    1 :  0.376 0.274 0.350 
  8        8    (7)    1 :  0.209 0.259 0.533 
  9        9    (0)    1 :  0.039 0.151 0.811 
 10       10    (0)    1 :  0.080 0.810 0.110 
 11       11    (0)    1 :  0.120 0.830 0.049 
 12       12    (0)    1 :  0.118 0.060 0.822 
 13       13   (23)    1 :  0.793 0.138 0.069 
 14       14    (0)    1 :  0.649 0.058 0.293 
 15       15    (0)    1 :  0.576 0.360 0.063 
 16       16    (7)    1 :  0.154 0.048 0.797 
 17       17    (0)    1 :  0.813 0.054 0.134 
 18       18    (0)    1 :  0.417 0.173 0.410 
 19       19    (0)    1 :  0.038 0.792 0.170 
 20       20    (0)    1 :  0.088 0.866 0.046 
 21       21    (0)    1 :  0.125 0.038 0.836 
 22       22   (23)    1 :  0.222 0.694 0.085 
 23       23    (0)    1 :  0.370 0.152 0.479 
 24       24    (0)    1 :  0.026 0.023 0.951 
 25       25    (0)    1 :  0.661 0.089 0.250 
 26       26    (0)    1 :  0.255 0.397 0.349 
 27       27    (0)    1 :  0.071 0.133 0.796 
 28       28    (0)    1 :  0.748 0.149 0.103 
 29       29    (0)    1 :  0.725 0.202 0.073 
 30       30    (0)    1 :  0.727 0.106 0.167 
 31       31    (0)    1 :  0.419 0.208 0.374 
 32       32    (0)    1 :  0.541 0.294 0.165 
 33       33   (30)    1 :  0.480 0.085 0.434 
 34       34    (0)    1 :  0.044 0.892 0.064 
 35       35    (0)    1 :  0.421 0.226 0.353 
 36       36    (0)    1 :  0.053 0.847 0.100 
 37       37    (0)    1 :  0.441 0.148 0.411 
 38       38    (0)    1 :  0.109 0.075 0.815 
 39       39    (0)    1 :  0.289 0.520 0.191 
 40       40    (0)    1 :  0.338 0.088 0.573 
 41       41    (0)    1 :  0.059 0.050 0.891 
 42       42    (0)    1 :  0.698 0.163 0.139 
 43       43    (0)    1 :  0.099 0.038 0.863 
 44       44    (0)    1 :  0.050 0.130 0.820 
 45       45    (0)    1 :  0.502 0.351 0.147 
 46       46    (0)    1 :  0.509 0.056 0.434 
 47       47    (0)    1 :  0.411 0.117 0.472 
 48       48    (0)    1 :  0.438 0.158 0.405 
 49       49    (0)    1 :  0.760 0.089 0.151 
 50       50    (0)    1 :  0.549 0.196 0.255 
 51       51    (0)    1 :  0.900 0.062 0.038 
 52       52    (0)    1 :  0.766 0.150 0.084 
 53       53    (0)    1 :  0.346 0.602 0.052 
 54       54    (0)    1 :  0.866 0.074 0.060 
 55       55    (0)    1 :  0.487 0.192 0.321 
 56       56    (0)    1 :  0.501 0.075 0.425 
 57       57    (0)    1 :  0.855 0.065 0.080 
 58       58    (0)    1 :  0.532 0.143 0.325 
 59       59    (0)    1 :  0.192 0.717 0.091 
 60       60    (0)    1 :  0.356 0.498 0.146 
 61       61    (0)    1 :  0.068 0.087 0.845 
 62       62    (0)    1 :  0.769 0.139 0.092 
 63       63    (0)    1 :  0.425 0.195 0.380 
 64       64    (0)    1 :  0.039 0.935 0.025 
 65       65    (0)    1 :  0.702 0.060 0.238 
 66       66    (0)    1 :  0.037 0.045 0.917 
 67       67    (0)    1 :  0.792 0.073 0.135 
 68       68    (0)    1 :  0.730 0.059 0.210 
 69       69    (0)    1 :  0.568 0.128 0.304 
 70       70    (0)    1 :  0.669 0.159 0.171 
 71       71    (0)    1 :  0.677 0.199 0.124 
 72       72    (0)    1 :  0.618 0.127 0.256 
 73       73    (0)    1 :  0.525 0.117 0.358 
 74       74    (0)    1 :  0.441 0.450 0.109 
 75       75    (0)    1 :  0.356 0.153 0.491 
 76       76    (0)    1 :  0.764 0.138 0.098 
 77       77    (0)    1 :  0.147 0.775 0.078 
 78       78    (0)    1 :  0.265 0.231 0.505 
 79       79    (0)    1 :  0.113 0.768 0.119 
 80       80    (0)    1 :  0.530 0.134 0.336 
 81       81    (0)    1 :  0.535 0.152 0.313 
 82       82    (0)    1 :  0.630 0.160 0.210 
 83       83    (0)    1 :  0.349 0.045 0.607 
 84       84    (0)    1 :  0.112 0.486 0.402 
 85       85    (0)    1 :  0.847 0.057 0.096 
 86       86    (0)    1 :  0.798 0.075 0.127 
 87       87    (0)    1 :  0.074 0.646 0.280 
 88       88    (0)    1 :  0.354 0.118 0.529 
 89       89    (0)    1 :  0.589 0.233 0.179 
 90       90    (0)    1 :  0.558 0.095 0.347 
 91       91    (0)    1 :  0.504 0.117 0.379 
 92       92    (0)    1 :  0.861 0.046 0.093 
 93       93    (0)    1 :  0.615 0.162 0.223 
 94       94    (0)    1 :  0.736 0.093 0.171 
 95       95    (0)    1 :  0.301 0.424 0.275 
 96       96    (0)    1 :  0.280 0.334 0.386 
 97       97    (0)    1 :  0.115 0.857 0.027 
 98       98    (0)    1 :  0.129 0.725 0.147 
 99       99    (0)    1 :  0.887 0.062 0.051 
100      100    (0)    1 :  0.676 0.199 0.125 
101      101    (0)    1 :  0.159 0.086 0.755 
102      102    (0)    1 :  0.432 0.089 0.480 
103      103    (0)    1 :  0.157 0.073 0.771 
104      104    (0)    1 :  0.161 0.690 0.149 
105      105    (0)    1 :  0.288 0.451 0.261 
106      106    (0)    1 :  0.725 0.117 0.159 
107      107    (0)    1 :  0.230 0.703 0.067 
108      108    (0)    1 :  0.510 0.093 0.398 
109      109    (0)    1 :  0.591 0.099 0.310 
110      110    (0)    1 :  0.347 0.575 0.078 
111      111    (0)    1 :  0.100 0.762 0.139 
112      112    (0)    1 :  0.203 0.690 0.107 
113      113    (0)    1 :  0.410 0.170 0.420 
114      114    (0)    1 :  0.700 0.268 0.033 
115      115    (0)    1 :  0.145 0.100 0.754 
116      116    (0)    1 :  0.396 0.108 0.496 
117      117    (0)    1 :  0.100 0.419 0.481 
118      118    (0)    1 :  0.375 0.445 0.180 
119      119    (0)    1 :  0.615 0.157 0.228 
120      120    (0)    1 :  0.516 0.424 0.060 
121      121    (0)    1 :  0.076 0.035 0.889 
122      122    (0)    1 :  0.329 0.299 0.372 
123      123    (0)    1 :  0.032 0.937 0.031 
124      124    (0)    1 :  0.740 0.055 0.205 
125      125    (0)    1 :  0.175 0.712 0.113 
126      126    (0)    1 :  0.127 0.801 0.072 
127      127    (0)    1 :  0.849 0.105 0.046 
128      128    (0)    1 :  0.147 0.471 0.382 
129      129    (0)    1 :  0.784 0.106 0.110 
130      130    (0)    1 :  0.516 0.314 0.171 
131      131    (0)    1 :  0.510 0.311 0.179 
132      132    (0)    1 :  0.238 0.654 0.107 
133      133    (0)    1 :  0.338 0.033 0.629 
134      134    (0)    1 :  0.885 0.043 0.071 
135      135    (0)    1 :  0.855 0.050 0.094 
136      136    (0)    1 :  0.868 0.084 0.048 
137      137    (0)    1 :  0.423 0.529 0.048 
138      138    (0)    1 :  0.410 0.491 0.098 
139      139    (0)    1 :  0.319 0.598 0.083 
140      140    (0)    1 :  0.121 0.835 0.044 
141      141    (0)    1 :  0.251 0.675 0.074 
142      142    (0)    1 :  0.161 0.765 0.074 
143      143    (0)    1 :  0.314 0.609 0.077 
144      144    (0)    1 :  0.635 0.070 0.296 
145      145    (0)    1 :  0.211 0.643 0.146 
146      146    (0)    1 :  0.869 0.087 0.045 
147      147    (0)    1 :  0.402 0.072 0.527 
148      148    (0)    1 :  0.249 0.192 0.559 
149      149    (0)    1 :  0.089 0.138 0.773 
150      150    (0)    1 :  0.712 0.200 0.088 
151      151    (0)    1 :  0.035 0.036 0.929 
152      152    (0)    1 :  0.542 0.205 0.253 
153      153    (0)    1 :  0.335 0.122 0.543 
154      154    (0)    1 :  0.055 0.057 0.888 
155      155    (0)    1 :  0.172 0.181 0.647 
156      156    (0)    1 :  0.579 0.314 0.107 
157      157    (0)    1 :  0.094 0.845 0.061 
158      158    (0)    1 :  0.659 0.222 0.119 
159      159    (0)    1 :  0.043 0.919 0.038 
160      160    (0)    1 :  0.582 0.131 0.287 
161      161    (0)    1 :  0.131 0.767 0.102 
162      162    (0)    1 :  0.274 0.119 0.607 
163      163    (0)    1 :  0.137 0.808 0.055 
164      164    (0)    1 :  0.107 0.811 0.082 
165      165    (0)    1 :  0.044 0.925 0.031 
166      166    (0)    1 :  0.145 0.411 0.444 
167      167    (0)    1 :  0.078 0.039 0.884 
168      168    (0)    1 :  0.817 0.065 0.118 
169      169    (0)    1 :  0.574 0.123 0.304 
170      170    (0)    1 :  0.876 0.055 0.069 
171      171    (0)    1 :  0.178 0.644 0.178 
172      172    (0)    1 :  0.209 0.088 0.703 
173      173    (0)    1 :  0.090 0.116 0.794 
174      174    (0)    1 :  0.330 0.573 0.097 
175      175    (0)    1 :  0.514 0.142 0.344 
176      176    (0)    1 :  0.544 0.044 0.412 
177      177    (0)    1 :  0.292 0.050 0.657 
178      178    (0)    1 :  0.697 0.098 0.205 
179      179    (0)    1 :  0.366 0.472 0.162 
180      180    (0)    1 :  0.157 0.749 0.094 
181      181    (0)    1 :  0.041 0.029 0.931 
182      182    (0)    1 :  0.539 0.047 0.414 
183      183    (0)    1 :  0.531 0.419 0.051 
184      184    (0)    1 :  0.186 0.098 0.715 
185      185    (0)    1 :  0.165 0.795 0.040 
186      186    (0)    1 :  0.096 0.512 0.392 
187      187    (0)    1 :  0.265 0.471 0.265 
188      188    (0)    1 :  0.620 0.107 0.273 
189      189    (0)    1 :  0.487 0.479 0.034 
190      190    (0)    1 :  0.078 0.050 0.872 
191      191    (0)    1 :  0.095 0.496 0.410 
192      192    (0)    1 :  0.644 0.081 0.275 
193      193    (0)    1 :  0.032 0.936 0.032 
194      194    (0)    1 :  0.069 0.898 0.032 
195      195    (0)    1 :  0.204 0.770 0.026 
196      196    (0)    1 :  0.064 0.821 0.115 
197      197    (0)    1 :  0.065 0.825 0.110 
198      198    (0)    1 :  0.178 0.775 0.046 
199      199    (0)    1 :  0.461 0.151 0.388 
200      200    (0)    1 :  0.124 0.795 0.081 
201      201    (0)    1 :  0.038 0.920 0.043 
202      202    (0)    1 :  0.759 0.106 0.135 
203      203    (0)    1 :  0.867 0.086 0.048 
204      204    (0)    1 :  0.857 0.091 0.051 
205      205    (0)    1 :  0.079 0.122 0.799 
206      206    (0)    1 :  0.264 0.648 0.088 
207      207    (0)    1 :  0.057 0.031 0.912 
208      208    (0)    1 :  0.135 0.717 0.148 
209      209    (0)    1 :  0.077 0.751 0.172 
210      210    (0)    1 :  0.086 0.846 0.068 
211      211    (0)    1 :  0.046 0.150 0.804 
212      212    (0)    1 :  0.067 0.101 0.833 
213      213    (0)    1 :  0.886 0.056 0.058 
214      214    (0)    1 :  0.120 0.798 0.082 
215      215    (0)    1 :  0.284 0.564 0.151 
216      216    (0)    1 :  0.638 0.314 0.048 
217      217    (0)    1 :  0.483 0.482 0.035 
218      218    (0)    1 :  0.063 0.181 0.756 
219      219    (0)    1 :  0.038 0.919 0.043 
220      220    (0)    1 :  0.804 0.123 0.073 
221      221    (0)    1 :  0.088 0.803 0.109 
222      222    (0)    1 :  0.557 0.225 0.217 
223      223    (0)    1 :  0.602 0.238 0.161 
224      224    (0)    1 :  0.403 0.349 0.247 
225      225    (0)    1 :  0.034 0.029 0.937 
226      226    (0)    1 :  0.038 0.032 0.930 
227      227    (0)    1 :  0.092 0.051 0.857 
228      228    (0)    1 :  0.096 0.786 0.118 
229      229    (0)    1 :  0.181 0.200 0.619 
230      230    (0)    1 :  0.796 0.154 0.050 
231      231    (0)    1 :  0.228 0.248 0.525 
232      232    (0)    1 :  0.407 0.427 0.166 
233      233    (0)    1 :  0.655 0.104 0.241 
234      234    (0)    1 :  0.514 0.294 0.192 
235      235    (0)    1 :  0.562 0.087 0.352 
236      236    (0)    1 :  0.736 0.198 0.065 
237      237    (0)    1 :  0.299 0.070 0.632 
238      238    (0)    1 :  0.071 0.037 0.891 
239      239    (0)    1 :  0.484 0.415 0.101 
240      240    (0)    1 :  0.529 0.390 0.081 
241      241    (0)    1 :  0.034 0.050 0.916 
242      242    (0)    1 :  0.135 0.702 0.162 
243      243    (0)    1 :  0.730 0.065 0.205 
244      244    (0)    1 :  0.321 0.126 0.552 
245      245    (0)    1 :  0.109 0.680 0.211 
246      246    (0)    1 :  0.204 0.748 0.048 
247      247    (0)    1 :  0.434 0.307 0.259 
248      248    (0)    1 :  0.317 0.122 0.562 
249      249    (0)    1 :  0.504 0.349 0.147 
250      250    (0)    1 :  0.440 0.095 0.465 
251      251    (0)    1 :  0.733 0.075 0.192 
252      252    (0)    1 :  0.494 0.338 0.168 
253      253    (0)    1 :  0.075 0.879 0.046 
254      254    (0)    1 :  0.496 0.292 0.213 
255      255    (0)    1 :  0.059 0.897 0.044 
256      256    (0)    1 :  0.057 0.900 0.043 
257      257    (0)    1 :  0.099 0.776 0.125 
258      258    (0)    1 :  0.169 0.709 0.122 
259      259    (0)    1 :  0.138 0.827 0.035 
260      260    (0)    1 :  0.464 0.242 0.294 


Estimated Allele Frequencies in each cluster
First column gives estimated ancestral frequencies


Locus 1 : 
8 alleles
0.4% missing data
 197   (0.157) 0.209 0.126 0.092 
 187   (0.221) 0.209 0.138 0.455 
 195   (0.195) 0.190 0.319 0.112 
 201   (0.050) 0.031 0.030 0.033 
 193   (0.304) 0.307 0.376 0.273 
 181   (0.020) 0.010 0.003 0.008 
 191   (0.032) 0.034 0.006 0.013 
 199   (0.022) 0.010 0.003 0.015 

Locus 2 : 
11 alleles
0.0% missing data
 143   (0.096) 0.056 0.287 0.045 
 151   (0.189) 0.205 0.119 0.314 
 141   (0.061) 0.055 0.030 0.056 
 157   (0.118) 0.103 0.205 0.061 
 153   (0.217) 0.238 0.153 0.342 
 155   (0.097) 0.137 0.058 0.050 
 145   (0.033) 0.021 0.027 0.006 
 149   (0.084) 0.059 0.075 0.081 
 147   (0.078) 0.120 0.037 0.042 
 135   (0.014) 0.002 0.005 0.002 
 159   (0.014) 0.003 0.005 0.002 

Locus 3 : 
6 alleles
0.0% missing data
 162   (0.308) 0.227 0.306 0.581 
 166   (0.020) 0.004 0.020 0.002 
 160   (0.399) 0.484 0.478 0.235 
 164   (0.204) 0.227 0.176 0.156 
 158   (0.047) 0.040 0.016 0.023 
 150   (0.022) 0.018 0.004 0.003 

Locus 4 : 
11 alleles
0.8% missing data
 184   (0.119) 0.097 0.259 0.058 
 192   (0.143) 0.173 0.086 0.179 
 182   (0.115) 0.126 0.055 0.186 
 188   (0.157) 0.120 0.247 0.164 
 196   (0.077) 0.082 0.085 0.047 
 194   (0.110) 0.118 0.078 0.108 
 198   (0.096) 0.068 0.071 0.166 
 190   (0.068) 0.050 0.057 0.050 
 186   (0.062) 0.127 0.013 0.032 
 180   (0.040) 0.035 0.043 0.009 
 178   (0.013) 0.003 0.005 0.001 

Locus 5 : 
16 alleles
0.8% missing data
 253   (0.038) 0.036 0.012 0.059 
 261   (0.076) 0.053 0.179 0.036 
 250   (0.083) 0.143 0.075 0.025 
 240   (0.042) 0.020 0.048 0.017 
 258   (0.094) 0.064 0.183 0.079 
 254   (0.065) 0.081 0.032 0.046 
 260   (0.188) 0.263 0.221 0.140 
 246   (0.037) 0.011 0.036 0.036 
 256   (0.055) 0.030 0.023 0.205 
 257   (0.058) 0.042 0.035 0.070 
 252   (0.117) 0.125 0.074 0.204 
 266   (0.053) 0.078 0.015 0.046 
 242   (0.025) 0.010 0.030 0.004 
 262   (0.015) 0.003 0.010 0.002 
 248   (0.031) 0.024 0.024 0.006 
 259   (0.024) 0.018 0.003 0.025 

Locus 6 : 
7 alleles
0.4% missing data
 279   (0.339) 0.345 0.426 0.301 
 277   (0.128) 0.199 0.052 0.101 
 283   (0.214) 0.192 0.211 0.300 
 281   (0.254) 0.240 0.285 0.276 
 287   (0.026) 0.013 0.009 0.012 
 282   (0.018) 0.006 0.006 0.004 
 285   (0.021) 0.005 0.010 0.007 

Locus 7 : 
14 alleles
0.0% missing data
 264   (0.224) 0.239 0.289 0.276 
 271   (0.020) 0.004 0.024 0.004 
 285   (0.042) 0.032 0.021 0.021 
 270   (0.114) 0.107 0.164 0.111 
 268   (0.165) 0.200 0.146 0.191 
 273   (0.037) 0.037 0.017 0.010 
 266   (0.048) 0.021 0.017 0.163 
 279   (0.067) 0.033 0.095 0.087 
 283   (0.078) 0.101 0.073 0.043 
 275   (0.071) 0.097 0.033 0.044 
 281   (0.080) 0.107 0.105 0.024 
 272   (0.028) 0.013 0.010 0.023 
 282   (0.013) 0.006 0.002 0.001 
 287   (0.013) 0.004 0.003 0.002 

Locus 8 : 
4 alleles
0.8% missing data
 149   (0.244) 0.264 0.210 0.218 
 151   (0.434) 0.452 0.415 0.456 
 153   (0.189) 0.117 0.228 0.282 
 145   (0.133) 0.167 0.147 0.044 

Locus 9 : 
10 alleles
0.0% missing data
 183   (0.519) 0.657 0.457 0.686 
 185   (0.141) 0.141 0.189 0.085 
 187   (0.072) 0.032 0.102 0.089 
 191   (0.055) 0.060 0.053 0.011 
 175   (0.051) 0.034 0.117 0.007 
 181   (0.033) 0.008 0.018 0.039 
 195   (0.021) 0.008 0.011 0.002 
 189   (0.046) 0.024 0.020 0.051 
 193   (0.034) 0.022 0.007 0.023 
 169   (0.029) 0.012 0.025 0.007 

Locus 10 : 
9 alleles
0.0% missing data
 100   (0.248) 0.239 0.289 0.222 
 102   (0.210) 0.256 0.089 0.365 
 112   (0.238) 0.312 0.189 0.173 
 108   (0.029) 0.021 0.010 0.006 
 110   (0.063) 0.028 0.143 0.026 
 104   (0.030) 0.008 0.005 0.146 
  96   (0.085) 0.057 0.188 0.027 
 114   (0.034) 0.024 0.008 0.019 
 118   (0.064) 0.056 0.078 0.014 

Locus 11 : 
6 alleles
0.0% missing data
 197   (0.241) 0.237 0.175 0.316 
 205   (0.097) 0.037 0.143 0.154 
 201   (0.186) 0.110 0.358 0.192 
 199   (0.312) 0.403 0.247 0.244 
 203   (0.117) 0.170 0.064 0.064 
 195   (0.047) 0.042 0.013 0.030 

Locus 12 : 
13 alleles
1.2% missing data
 138   (0.145) 0.145 0.263 0.073 
 140   (0.117) 0.113 0.167 0.063 
 148   (0.042) 0.056 0.014 0.016 
 154   (0.275) 0.377 0.248 0.249 
 152   (0.139) 0.136 0.077 0.269 
 142   (0.024) 0.004 0.004 0.141 
 156   (0.111) 0.099 0.185 0.058 
 158   (0.013) 0.005 0.003 0.001 
 150   (0.047) 0.029 0.012 0.086 
 146   (0.024) 0.013 0.004 0.017 
 144   (0.035) 0.018 0.019 0.015 
 160   (0.014) 0.003 0.002 0.005 
 136   (0.014) 0.002 0.002 0.006 

Locus 13 : 
11 alleles
0.8% missing data
 249   (0.157) 0.116 0.234 0.185 
 247   (0.233) 0.185 0.467 0.191 
 243   (0.186) 0.229 0.083 0.375 
 239   (0.097) 0.151 0.055 0.058 
 255   (0.037) 0.021 0.020 0.016 
 251   (0.051) 0.029 0.036 0.029 
 253   (0.072) 0.107 0.025 0.041 
 245   (0.094) 0.104 0.058 0.076 
 259   (0.027) 0.015 0.011 0.013 
 229   (0.032) 0.040 0.007 0.011 
 242   (0.014) 0.003 0.002 0.005 

Values of parameters used in structure:
DATAFILE=/home/martin/bottleneck/structure_analysis/structure_4/data_job_T3_1,	OUTFILE=/home/martin/bottleneck/structure_analysis/structure_4/structure_results/ses/results_job_T3_1,	NUMINDS=260,	NUMLOCI=13,	MISSING=-9,	LABEL=1,	POPDATA=1,	POPFLAG=0,	PHENOTYPE=0,	EXTRACOLS=0,	MAXPOPS=3,	BURNIN=10000,	NUMREPS=100000,	USEPOPINFO=0,	INFERALPHA=1,	INFERLAMBDA=0,	POPSPECIFICLAMBDA=0,	POPALPHAS=0,	COMPUTEPROB=1,	NOADMIX=0,	ADMBURNIN=2500,	UPDATEFREQ=1,	PRINTLIKES=0,	INTERMEDSAVE=0,	PRINTKLD=0,	PRINTNET=0,	PRINTLAMBDA=0,	ANCESTDIST=0,	NUMBOXES=1000,	ANCESTPINT=0.90000,	GENSBACK=2,	MIGRPRIOR=0.05000,	PRINTQHAT=1,	PRINTQSUM=0,	ALPHA=1.0000,	FREQSCORR=1,	FPRIORMEAN=0.0100,	FPRIORSD=0.0500,	ONEFST=0,	LAMBDA=1.0000,	UNIFPRIORALPHA=1,	ALPHAMAX=10.0000,	ALPHAPRIORA=1.0000,	ALPHAPRIORB=2.0000,	ALPHAPROPSD=0.0250,	STARTATPOPINFO=0,	RANDOMIZE=1,	LINKAGE=0,	METROFREQ=10,	REPORTHITRATE=0,	MARKOVPHASE=-1,	PHASED=0,	PLOIDY=2,	PHASEINFO=0	LOCPRIOR=0, 	LOCPRIORINIT=1.000000, 	LOCDATA=0, 	LOCISPOP=0, 	LOCPRIORSTEP=0.100000, 	MAXLOCPRIOR=20.000000, 	SEED=1470612233,	
[STRAT parameters]:    NUMSIMSTATS=1000,	PHENOTYPECOL=-9,	POOLFREQ=10,	LOCUSxONLY=0,	EMERROR=0.00100,	MISSINGPHENO=-9,	