

----------------------------------------------------
STRUCTURE by Pritchard, Stephens and Donnelly (2000)
     and Falush, Stephens and Pritchard (2003)
       Code by Pritchard, Falush and Hubisz
             Version 2.3.4 (Jul 2012)
----------------------------------------------------



Command line arguments:   /usr/local/bin/structure -m parameter_job_T9_5 
Input File:    /home/martin/bottleneck/structure_analysis/structure_4/data_job_T9_5

Run parameters:
   260 individuals
   13 loci
   9 populations assumed
   10000 Burn-in period
   100000 Reps


--------------------------------------------
Proportion of membership of each pre-defined
 population in each of the 9 clusters

Given    Inferred Clusters                                                 Number of
 Pop       1      2      3      4      5      6      7      8      9      Individuals

  1:     0.092  0.118  0.125  0.125  0.106  0.107  0.126  0.097  0.104      260
--------------------------------------------

Allele-freq. divergence among pops (Net nucleotide distance),
computed using point estimates of P.

      1       2       3       4       5       6       7       8       9      
 1      -    0.0768  0.1185  0.0716  0.1186  0.1724  0.0720  0.0971  0.0982  
 2   0.0768     -    0.0383  0.0025  0.0683  0.0803  0.0024  0.0512  0.0567  
 3   0.1185  0.0383     -    0.0315  0.0882  0.1078  0.0322  0.0731  0.0788  
 4   0.0716  0.0025  0.0315     -    0.0624  0.0762  0.0001  0.0425  0.0517  
 5   0.1186  0.0683  0.0882  0.0624     -    0.1253  0.0633  0.1195  0.1195  
 6   0.1724  0.0803  0.1078  0.0762  0.1253     -    0.0761  0.1433  0.1513  
 7   0.0720  0.0024  0.0322  0.0001  0.0633  0.0761     -    0.0431  0.0521  
 8   0.0971  0.0512  0.0731  0.0425  0.1195  0.1433  0.0431     -    0.0914  
 9   0.0982  0.0567  0.0788  0.0517  0.1195  0.1513  0.0521  0.0914     -    

Average distances (expected heterozygosity) between individuals in same cluster:
cluster  1  : 0.6694 
cluster  2  : 0.7778 
cluster  3  : 0.7166 
cluster  4  : 0.7911 
cluster  5  : 0.6589 
cluster  6  : 0.6320 
cluster  7  : 0.7895 
cluster  8  : 0.7108 
cluster  9  : 0.6903 

--------------------------------------------
Estimated Ln Prob of Data   = -12226.6
Mean value of ln likelihood = -10797.8
Variance of ln likelihood   = 2857.7
Mean value of alpha         = 0.0869

Mean value of Fst_1         = 0.2055
Mean value of Fst_2         = 0.0612
Mean value of Fst_3         = 0.1157
Mean value of Fst_4         = 0.0205
Mean value of Fst_5         = 0.1837
Mean value of Fst_6         = 0.2166
Mean value of Fst_7         = 0.0239
Mean value of Fst_8         = 0.1359
Mean value of Fst_9         = 0.1766


Inferred ancestry of individuals:
        Label (%Miss) Pop:  Inferred clusters
  1        1    (0)    1 :  0.134 0.282 0.031 0.184 0.050 0.018 0.199 0.012 0.091 
  2        2    (0)    1 :  0.203 0.113 0.327 0.129 0.012 0.024 0.152 0.016 0.024 
  3        3    (0)    1 :  0.054 0.026 0.013 0.028 0.761 0.013 0.028 0.054 0.023 
  4        4    (0)    1 :  0.089 0.254 0.052 0.253 0.037 0.018 0.218 0.030 0.050 
  5        5    (0)    1 :  0.029 0.459 0.020 0.173 0.009 0.024 0.217 0.034 0.036 
  6        6    (0)    1 :  0.325 0.091 0.019 0.097 0.034 0.010 0.088 0.318 0.019 
  7        7    (7)    1 :  0.040 0.165 0.144 0.206 0.035 0.101 0.180 0.031 0.097 
  8        8    (7)    1 :  0.043 0.231 0.027 0.108 0.277 0.078 0.122 0.019 0.097 
  9        9    (0)    1 :  0.093 0.118 0.011 0.060 0.013 0.588 0.061 0.019 0.037 
 10       10    (0)    1 :  0.121 0.454 0.013 0.146 0.012 0.017 0.188 0.015 0.034 
 11       11    (0)    1 :  0.213 0.073 0.026 0.122 0.078 0.008 0.109 0.236 0.134 
 12       12    (0)    1 :  0.051 0.070 0.111 0.090 0.016 0.535 0.078 0.031 0.018 
 13       13   (23)    1 :  0.013 0.075 0.324 0.107 0.072 0.013 0.088 0.062 0.246 
 14       14    (0)    1 :  0.031 0.038 0.063 0.042 0.725 0.021 0.039 0.013 0.028 
 15       15    (0)    1 :  0.011 0.211 0.016 0.284 0.021 0.009 0.271 0.041 0.136 
 16       16    (7)    1 :  0.011 0.176 0.042 0.245 0.023 0.187 0.276 0.025 0.015 
 17       17    (0)    1 :  0.012 0.129 0.040 0.119 0.475 0.017 0.137 0.043 0.026 
 18       18    (0)    1 :  0.028 0.034 0.037 0.047 0.734 0.014 0.046 0.044 0.015 
 19       19    (0)    1 :  0.763 0.018 0.014 0.020 0.009 0.122 0.020 0.020 0.014 
 20       20    (0)    1 :  0.652 0.053 0.043 0.072 0.013 0.016 0.066 0.071 0.014 
 21       21    (0)    1 :  0.010 0.052 0.095 0.039 0.015 0.720 0.040 0.009 0.021 
 22       22   (23)    1 :  0.500 0.117 0.045 0.139 0.015 0.015 0.117 0.024 0.028 
 23       23    (0)    1 :  0.036 0.127 0.056 0.233 0.212 0.041 0.228 0.042 0.024 
 24       24    (0)    1 :  0.009 0.017 0.011 0.018 0.008 0.895 0.021 0.011 0.009 
 25       25    (0)    1 :  0.011 0.071 0.199 0.206 0.247 0.016 0.170 0.056 0.025 
 26       26    (0)    1 :  0.088 0.263 0.051 0.194 0.049 0.052 0.242 0.038 0.022 
 27       27    (0)    1 :  0.043 0.270 0.024 0.215 0.021 0.151 0.224 0.029 0.024 
 28       28    (0)    1 :  0.022 0.031 0.760 0.031 0.039 0.013 0.029 0.052 0.024 
 29       29    (0)    1 :  0.019 0.293 0.080 0.202 0.099 0.010 0.195 0.021 0.080 
 30       30    (0)    1 :  0.031 0.041 0.549 0.062 0.165 0.023 0.056 0.016 0.057 
 31       31    (0)    1 :  0.053 0.090 0.185 0.183 0.140 0.045 0.161 0.092 0.051 
 32       32    (0)    1 :  0.050 0.191 0.120 0.185 0.017 0.021 0.169 0.234 0.014 
 33       33   (30)    1 :  0.012 0.028 0.042 0.030 0.801 0.017 0.029 0.025 0.016 
 34       34    (0)    1 :  0.852 0.016 0.018 0.016 0.026 0.016 0.016 0.012 0.030 
 35       35    (0)    1 :  0.009 0.011 0.008 0.011 0.917 0.007 0.011 0.008 0.018 
 36       36    (0)    1 :  0.309 0.328 0.012 0.081 0.026 0.030 0.083 0.008 0.124 
 37       37    (0)    1 :  0.039 0.180 0.058 0.305 0.073 0.039 0.256 0.018 0.033 
 38       38    (0)    1 :  0.016 0.067 0.042 0.070 0.037 0.605 0.077 0.019 0.067 
 39       39    (0)    1 :  0.015 0.405 0.024 0.174 0.017 0.016 0.234 0.052 0.063 
 40       40    (0)    1 :  0.016 0.128 0.060 0.321 0.110 0.059 0.254 0.041 0.011 
 41       41    (0)    1 :  0.012 0.053 0.039 0.042 0.015 0.729 0.045 0.029 0.038 
 42       42    (0)    1 :  0.032 0.117 0.045 0.203 0.360 0.011 0.194 0.017 0.021 
 43       43    (0)    1 :  0.012 0.012 0.018 0.015 0.398 0.508 0.014 0.011 0.011 
 44       44    (0)    1 :  0.034 0.029 0.026 0.028 0.007 0.727 0.027 0.024 0.098 
 45       45    (0)    1 :  0.064 0.125 0.086 0.191 0.027 0.030 0.208 0.249 0.020 
 46       46    (0)    1 :  0.025 0.060 0.027 0.052 0.744 0.015 0.056 0.013 0.009 
 47       47    (0)    1 :  0.037 0.197 0.043 0.246 0.033 0.130 0.258 0.041 0.015 
 48       48    (0)    1 :  0.024 0.170 0.037 0.220 0.009 0.081 0.259 0.163 0.038 
 49       49    (0)    1 :  0.015 0.201 0.060 0.225 0.037 0.020 0.271 0.148 0.022 
 50       50    (0)    1 :  0.021 0.237 0.028 0.260 0.009 0.028 0.253 0.115 0.050 
 51       51    (0)    1 :  0.007 0.041 0.519 0.067 0.013 0.010 0.060 0.198 0.085 
 52       52    (0)    1 :  0.011 0.149 0.117 0.178 0.068 0.030 0.159 0.111 0.176 
 53       53    (0)    1 :  0.094 0.037 0.243 0.068 0.054 0.010 0.061 0.034 0.399 
 54       54    (0)    1 :  0.008 0.201 0.037 0.289 0.010 0.008 0.309 0.119 0.019 
 55       55    (0)    1 :  0.095 0.044 0.485 0.066 0.060 0.119 0.060 0.048 0.022 
 56       56    (0)    1 :  0.011 0.152 0.149 0.269 0.023 0.072 0.230 0.046 0.049 
 57       57    (0)    1 :  0.015 0.121 0.430 0.155 0.046 0.020 0.150 0.027 0.036 
 58       58    (0)    1 :  0.022 0.147 0.355 0.176 0.025 0.062 0.149 0.025 0.039 
 59       59    (0)    1 :  0.039 0.191 0.030 0.186 0.019 0.016 0.182 0.041 0.295 
 60       60    (0)    1 :  0.096 0.183 0.141 0.196 0.009 0.023 0.235 0.068 0.049 
 61       61    (0)    1 :  0.028 0.052 0.036 0.049 0.022 0.615 0.050 0.129 0.020 
 62       62    (0)    1 :  0.025 0.084 0.106 0.173 0.077 0.023 0.140 0.131 0.242 
 63       63    (0)    1 :  0.019 0.016 0.018 0.015 0.845 0.013 0.016 0.049 0.010 
 64       64    (0)    1 :  0.083 0.033 0.016 0.021 0.007 0.009 0.022 0.155 0.654 
 65       65    (0)    1 :  0.008 0.032 0.706 0.043 0.015 0.073 0.042 0.012 0.068 
 66       66    (0)    1 :  0.022 0.020 0.015 0.019 0.027 0.839 0.019 0.014 0.026 
 67       67    (0)    1 :  0.017 0.077 0.515 0.127 0.059 0.014 0.121 0.054 0.015 
 68       68    (0)    1 :  0.008 0.189 0.198 0.181 0.013 0.038 0.182 0.176 0.016 
 69       69    (0)    1 :  0.014 0.255 0.029 0.259 0.019 0.044 0.309 0.034 0.037 
 70       70    (0)    1 :  0.017 0.202 0.036 0.213 0.027 0.013 0.231 0.244 0.017 
 71       71    (0)    1 :  0.011 0.294 0.055 0.211 0.064 0.029 0.202 0.036 0.099 
 72       72    (0)    1 :  0.015 0.025 0.029 0.025 0.830 0.012 0.026 0.027 0.011 
 73       73    (0)    1 :  0.016 0.353 0.021 0.232 0.038 0.039 0.256 0.015 0.030 
 74       74    (0)    1 :  0.125 0.070 0.040 0.061 0.490 0.011 0.052 0.043 0.108 
 75       75    (0)    1 :  0.024 0.322 0.090 0.168 0.113 0.066 0.171 0.013 0.033 
 76       76    (0)    1 :  0.011 0.143 0.306 0.176 0.013 0.011 0.158 0.083 0.099 
 77       77    (0)    1 :  0.034 0.068 0.015 0.044 0.079 0.029 0.045 0.031 0.655 
 78       78    (0)    1 :  0.105 0.097 0.104 0.186 0.099 0.124 0.162 0.110 0.013 
 79       79    (0)    1 :  0.067 0.150 0.013 0.138 0.037 0.023 0.187 0.355 0.031 
 80       80    (0)    1 :  0.025 0.029 0.034 0.031 0.797 0.013 0.032 0.017 0.021 
 81       81    (0)    1 :  0.024 0.076 0.574 0.052 0.009 0.094 0.050 0.012 0.109 
 82       82    (0)    1 :  0.035 0.154 0.065 0.121 0.464 0.015 0.097 0.035 0.015 
 83       83    (0)    1 :  0.009 0.038 0.040 0.053 0.662 0.127 0.051 0.010 0.011 
 84       84    (0)    1 :  0.122 0.192 0.039 0.153 0.107 0.072 0.182 0.019 0.113 
 85       85    (0)    1 :  0.011 0.030 0.747 0.035 0.058 0.016 0.031 0.047 0.025 
 86       86    (0)    1 :  0.017 0.022 0.829 0.023 0.016 0.016 0.021 0.026 0.030 
 87       87    (0)    1 :  0.164 0.147 0.020 0.207 0.022 0.111 0.204 0.018 0.106 
 88       88    (0)    1 :  0.011 0.189 0.040 0.307 0.055 0.081 0.274 0.027 0.016 
 89       89    (0)    1 :  0.043 0.125 0.124 0.263 0.016 0.014 0.250 0.141 0.024 
 90       90    (0)    1 :  0.013 0.014 0.016 0.015 0.890 0.013 0.014 0.012 0.014 
 91       91    (0)    1 :  0.016 0.386 0.040 0.221 0.043 0.020 0.241 0.020 0.012 
 92       92    (0)    1 :  0.013 0.029 0.842 0.024 0.029 0.013 0.024 0.013 0.013 
 93       93    (0)    1 :  0.028 0.116 0.149 0.269 0.018 0.049 0.246 0.054 0.072 
 94       94    (0)    1 :  0.024 0.013 0.827 0.019 0.024 0.013 0.018 0.051 0.011 
 95       95    (0)    1 :  0.080 0.046 0.021 0.101 0.368 0.033 0.078 0.254 0.019 
 96       96    (0)    1 :  0.027 0.209 0.049 0.186 0.111 0.041 0.214 0.053 0.109 
 97       97    (0)    1 :  0.543 0.029 0.073 0.030 0.020 0.007 0.033 0.041 0.222 
 98       98    (0)    1 :  0.027 0.113 0.010 0.201 0.091 0.016 0.223 0.065 0.254 
 99       99    (0)    1 :  0.009 0.013 0.833 0.017 0.011 0.011 0.017 0.027 0.062 
100      100    (0)    1 :  0.062 0.115 0.325 0.180 0.027 0.023 0.168 0.038 0.062 
101      101    (0)    1 :  0.041 0.060 0.026 0.076 0.477 0.202 0.076 0.013 0.031 
102      102    (0)    1 :  0.017 0.027 0.022 0.038 0.717 0.070 0.041 0.049 0.020 
103      103    (0)    1 :  0.036 0.081 0.126 0.186 0.106 0.227 0.163 0.060 0.015 
104      104    (0)    1 :  0.512 0.037 0.037 0.057 0.067 0.022 0.054 0.190 0.025 
105      105    (0)    1 :  0.026 0.133 0.069 0.155 0.105 0.048 0.155 0.129 0.180 
106      106    (0)    1 :  0.020 0.086 0.581 0.084 0.017 0.051 0.084 0.033 0.044 
107      107    (0)    1 :  0.009 0.013 0.011 0.016 0.010 0.010 0.015 0.904 0.011 
108      108    (0)    1 :  0.045 0.142 0.065 0.296 0.093 0.045 0.281 0.020 0.013 
109      109    (0)    1 :  0.032 0.204 0.188 0.224 0.052 0.029 0.219 0.032 0.019 
110      110    (0)    1 :  0.034 0.037 0.014 0.042 0.342 0.016 0.032 0.436 0.047 
111      111    (0)    1 :  0.442 0.079 0.026 0.196 0.013 0.019 0.173 0.027 0.024 
112      112    (0)    1 :  0.236 0.202 0.029 0.217 0.033 0.021 0.169 0.050 0.042 
113      113    (0)    1 :  0.025 0.026 0.018 0.039 0.730 0.033 0.037 0.037 0.057 
114      114    (0)    1 :  0.016 0.062 0.014 0.054 0.010 0.006 0.051 0.777 0.010 
115      115    (0)    1 :  0.036 0.197 0.044 0.190 0.071 0.223 0.207 0.017 0.015 
116      116    (0)    1 :  0.020 0.244 0.177 0.190 0.055 0.074 0.195 0.017 0.028 
117      117    (0)    1 :  0.132 0.226 0.019 0.125 0.013 0.241 0.146 0.029 0.069 
118      118    (0)    1 :  0.063 0.188 0.026 0.287 0.031 0.019 0.263 0.093 0.029 
119      119    (0)    1 :  0.035 0.146 0.036 0.137 0.348 0.019 0.132 0.132 0.015 
120      120    (0)    1 :  0.009 0.014 0.022 0.014 0.024 0.009 0.014 0.011 0.883 
121      121    (0)    1 :  0.009 0.029 0.027 0.028 0.016 0.799 0.029 0.040 0.022 
122      122    (0)    1 :  0.016 0.149 0.086 0.154 0.079 0.032 0.158 0.036 0.289 
123      123    (0)    1 :  0.127 0.016 0.009 0.014 0.010 0.008 0.013 0.011 0.792 
124      124    (0)    1 :  0.014 0.042 0.155 0.061 0.632 0.012 0.060 0.011 0.015 
125      125    (0)    1 :  0.090 0.346 0.077 0.180 0.043 0.016 0.186 0.030 0.033 
126      126    (0)    1 :  0.068 0.060 0.012 0.068 0.024 0.027 0.062 0.071 0.608 
127      127    (0)    1 :  0.018 0.039 0.727 0.042 0.016 0.008 0.038 0.088 0.023 
128      128    (0)    1 :  0.202 0.064 0.024 0.099 0.267 0.095 0.097 0.136 0.016 
129      129    (0)    1 :  0.015 0.047 0.381 0.082 0.058 0.019 0.075 0.038 0.285 
130      130    (0)    1 :  0.052 0.172 0.091 0.286 0.022 0.022 0.313 0.018 0.024 
131      131    (0)    1 :  0.028 0.130 0.114 0.158 0.137 0.036 0.150 0.155 0.092 
132      132    (0)    1 :  0.059 0.024 0.014 0.028 0.069 0.023 0.027 0.012 0.743 
133      133    (0)    1 :  0.010 0.097 0.246 0.172 0.055 0.190 0.170 0.044 0.016 
134      134    (0)    1 :  0.019 0.076 0.607 0.081 0.086 0.013 0.080 0.012 0.025 
135      135    (0)    1 :  0.019 0.032 0.784 0.034 0.056 0.012 0.037 0.015 0.011 
136      136    (0)    1 :  0.023 0.039 0.830 0.025 0.012 0.008 0.028 0.027 0.009 
137      137    (0)    1 :  0.011 0.037 0.023 0.027 0.015 0.011 0.026 0.018 0.832 
138      138    (0)    1 :  0.017 0.019 0.149 0.022 0.013 0.049 0.022 0.016 0.692 
139      139    (0)    1 :  0.020 0.026 0.030 0.035 0.011 0.017 0.034 0.014 0.812 
140      140    (0)    1 :  0.528 0.105 0.016 0.063 0.056 0.011 0.061 0.017 0.143 
141      141    (0)    1 :  0.026 0.021 0.017 0.031 0.007 0.015 0.028 0.843 0.012 
142      142    (0)    1 :  0.026 0.036 0.017 0.025 0.015 0.012 0.027 0.831 0.012 
143      143    (0)    1 :  0.011 0.034 0.026 0.032 0.010 0.033 0.032 0.030 0.793 
144      144    (0)    1 :  0.014 0.086 0.368 0.122 0.197 0.027 0.124 0.040 0.023 
145      145    (0)    1 :  0.023 0.064 0.031 0.083 0.015 0.040 0.095 0.049 0.599 
146      146    (0)    1 :  0.028 0.059 0.597 0.073 0.016 0.011 0.066 0.113 0.036 
147      147    (0)    1 :  0.015 0.198 0.048 0.282 0.047 0.025 0.354 0.011 0.019 
148      148    (0)    1 :  0.025 0.172 0.057 0.218 0.073 0.032 0.272 0.135 0.017 
149      149    (0)    1 :  0.031 0.228 0.030 0.199 0.099 0.145 0.230 0.020 0.018 
150      150    (0)    1 :  0.026 0.104 0.142 0.152 0.025 0.016 0.125 0.377 0.032 
151      151    (0)    1 :  0.012 0.031 0.019 0.026 0.018 0.843 0.026 0.010 0.015 
152      152    (0)    1 :  0.041 0.093 0.029 0.150 0.454 0.022 0.130 0.058 0.024 
153      153    (0)    1 :  0.017 0.146 0.105 0.222 0.014 0.159 0.217 0.100 0.021 
154      154    (0)    1 :  0.086 0.048 0.023 0.067 0.127 0.530 0.072 0.026 0.021 
155      155    (0)    1 :  0.015 0.047 0.148 0.207 0.013 0.285 0.155 0.103 0.027 
156      156    (0)    1 :  0.041 0.361 0.030 0.238 0.017 0.010 0.253 0.024 0.026 
157      157    (0)    1 :  0.039 0.014 0.012 0.013 0.015 0.010 0.014 0.013 0.871 
158      158    (0)    1 :  0.010 0.064 0.070 0.088 0.015 0.022 0.089 0.602 0.040 
159      159    (0)    1 :  0.875 0.017 0.011 0.020 0.019 0.008 0.019 0.013 0.017 
160      160    (0)    1 :  0.018 0.169 0.073 0.275 0.044 0.031 0.282 0.077 0.030 
161      161    (0)    1 :  0.093 0.047 0.031 0.056 0.027 0.019 0.047 0.664 0.018 
162      162    (0)    1 :  0.030 0.141 0.034 0.282 0.073 0.117 0.258 0.050 0.013 
163      163    (0)    1 :  0.150 0.091 0.031 0.140 0.016 0.013 0.128 0.026 0.406 
164      164    (0)    1 :  0.072 0.159 0.036 0.098 0.094 0.021 0.101 0.303 0.117 
165      165    (0)    1 :  0.774 0.046 0.009 0.035 0.016 0.009 0.036 0.014 0.061 
166      166    (0)    1 :  0.085 0.163 0.031 0.195 0.073 0.047 0.247 0.142 0.015 
167      167    (0)    1 :  0.012 0.025 0.040 0.030 0.041 0.777 0.029 0.027 0.019 
168      168    (0)    1 :  0.010 0.225 0.275 0.200 0.014 0.021 0.199 0.026 0.028 
169      169    (0)    1 :  0.158 0.056 0.055 0.061 0.533 0.029 0.061 0.009 0.038 
170      170    (0)    1 :  0.010 0.082 0.683 0.058 0.012 0.021 0.061 0.028 0.045 
171      171    (0)    1 :  0.119 0.215 0.021 0.223 0.024 0.020 0.231 0.016 0.131 
172      172    (0)    1 :  0.047 0.129 0.051 0.305 0.039 0.108 0.281 0.012 0.027 
173      173    (0)    1 :  0.051 0.077 0.020 0.155 0.021 0.459 0.167 0.024 0.027 
174      174    (0)    1 :  0.027 0.325 0.066 0.167 0.012 0.022 0.156 0.095 0.131 
175      175    (0)    1 :  0.017 0.154 0.103 0.218 0.025 0.056 0.218 0.194 0.015 
176      176    (0)    1 :  0.009 0.232 0.063 0.285 0.010 0.038 0.312 0.038 0.012 
177      177    (0)    1 :  0.009 0.143 0.077 0.243 0.014 0.223 0.249 0.019 0.023 
178      178    (0)    1 :  0.052 0.095 0.470 0.115 0.090 0.021 0.105 0.026 0.026 
179      179    (0)    1 :  0.021 0.023 0.035 0.025 0.031 0.038 0.027 0.787 0.014 
180      180    (0)    1 :  0.038 0.047 0.018 0.038 0.016 0.027 0.038 0.689 0.089 
181      181    (0)    1 :  0.009 0.022 0.019 0.021 0.020 0.864 0.020 0.014 0.011 
182      182    (0)    1 :  0.013 0.068 0.319 0.151 0.190 0.040 0.124 0.082 0.014 
183      183    (0)    1 :  0.014 0.112 0.171 0.061 0.013 0.010 0.065 0.013 0.540 
184      184    (0)    1 :  0.019 0.210 0.034 0.241 0.146 0.031 0.266 0.040 0.013 
185      185    (0)    1 :  0.022 0.015 0.018 0.016 0.014 0.007 0.015 0.881 0.012 
186      186    (0)    1 :  0.058 0.493 0.020 0.156 0.009 0.029 0.207 0.017 0.011 
187      187    (0)    1 :  0.045 0.198 0.018 0.271 0.059 0.031 0.261 0.102 0.016 
188      188    (0)    1 :  0.012 0.187 0.038 0.231 0.019 0.018 0.275 0.183 0.038 
189      189    (0)    1 :  0.012 0.039 0.015 0.030 0.009 0.007 0.026 0.013 0.848 
190      190    (0)    1 :  0.018 0.078 0.014 0.059 0.045 0.704 0.056 0.013 0.013 
191      191    (0)    1 :  0.435 0.091 0.026 0.075 0.028 0.221 0.069 0.008 0.048 
192      192    (0)    1 :  0.014 0.224 0.034 0.292 0.019 0.027 0.300 0.077 0.013 
193      193    (0)    1 :  0.127 0.016 0.009 0.013 0.010 0.008 0.014 0.011 0.792 
194      194    (0)    1 :  0.834 0.046 0.018 0.024 0.009 0.009 0.026 0.010 0.024 
195      195    (0)    1 :  0.062 0.030 0.020 0.030 0.008 0.006 0.032 0.073 0.739 
196      196    (0)    1 :  0.581 0.058 0.018 0.056 0.023 0.027 0.058 0.166 0.012 
197      197    (0)    1 :  0.051 0.173 0.023 0.138 0.021 0.028 0.144 0.238 0.183 
198      198    (0)    1 :  0.043 0.131 0.030 0.165 0.018 0.008 0.174 0.364 0.066 
199      199    (0)    1 :  0.013 0.021 0.016 0.018 0.874 0.012 0.017 0.017 0.012 
200      200    (0)    1 :  0.428 0.119 0.047 0.105 0.065 0.017 0.102 0.032 0.084 
201      201    (0)    1 :  0.867 0.013 0.016 0.014 0.017 0.016 0.014 0.024 0.019 
202      202    (0)    1 :  0.028 0.253 0.111 0.268 0.057 0.012 0.227 0.030 0.015 
203      203    (0)    1 :  0.023 0.040 0.827 0.027 0.011 0.008 0.028 0.028 0.008 
204      204    (0)    1 :  0.083 0.075 0.631 0.083 0.029 0.011 0.066 0.014 0.009 
205      205    (0)    1 :  0.178 0.024 0.054 0.032 0.020 0.618 0.035 0.031 0.008 
206      206    (0)    1 :  0.056 0.112 0.023 0.257 0.025 0.010 0.226 0.237 0.053 
207      207    (0)    1 :  0.009 0.033 0.034 0.030 0.014 0.823 0.032 0.018 0.008 
208      208    (0)    1 :  0.151 0.125 0.042 0.171 0.024 0.048 0.187 0.205 0.047 
209      209    (0)    1 :  0.089 0.474 0.013 0.143 0.028 0.021 0.183 0.036 0.012 
210      210    (0)    1 :  0.025 0.021 0.022 0.026 0.014 0.017 0.024 0.716 0.136 
211      211    (0)    1 :  0.040 0.067 0.012 0.041 0.023 0.661 0.046 0.019 0.091 
212      212    (0)    1 :  0.033 0.105 0.020 0.099 0.023 0.532 0.104 0.054 0.031 
213      213    (0)    1 :  0.019 0.026 0.817 0.029 0.012 0.014 0.025 0.019 0.041 
214      214    (0)    1 :  0.220 0.043 0.044 0.072 0.074 0.018 0.067 0.043 0.419 
215      215    (0)    1 :  0.019 0.016 0.019 0.018 0.015 0.061 0.018 0.011 0.821 
216      216    (0)    1 :  0.059 0.054 0.636 0.041 0.021 0.009 0.040 0.068 0.072 
217      217    (0)    1 :  0.012 0.040 0.014 0.030 0.009 0.007 0.027 0.013 0.848 
218      218    (0)    1 :  0.070 0.052 0.026 0.055 0.015 0.590 0.052 0.086 0.053 
219      219    (0)    1 :  0.867 0.013 0.016 0.014 0.018 0.016 0.014 0.024 0.019 
220      220    (0)    1 :  0.012 0.365 0.219 0.172 0.026 0.014 0.161 0.012 0.018 
221      221    (0)    1 :  0.085 0.467 0.023 0.149 0.022 0.015 0.189 0.033 0.018 
222      222    (0)    1 :  0.029 0.160 0.090 0.304 0.026 0.026 0.320 0.021 0.025 
223      223    (0)    1 :  0.148 0.132 0.109 0.222 0.083 0.038 0.212 0.042 0.013 
224      224    (0)    1 :  0.013 0.106 0.044 0.074 0.016 0.035 0.070 0.011 0.630 
225      225    (0)    1 :  0.007 0.021 0.013 0.017 0.015 0.886 0.018 0.013 0.011 
226      226    (0)    1 :  0.017 0.020 0.013 0.029 0.023 0.829 0.029 0.026 0.015 
227      227    (0)    1 :  0.010 0.156 0.029 0.085 0.040 0.518 0.095 0.014 0.053 
228      228    (0)    1 :  0.372 0.113 0.025 0.163 0.026 0.028 0.181 0.067 0.024 
229      229    (0)    1 :  0.029 0.150 0.026 0.350 0.016 0.040 0.321 0.027 0.040 
230      230    (0)    1 :  0.016 0.269 0.021 0.250 0.063 0.012 0.224 0.076 0.069 
231      231    (0)    1 :  0.014 0.049 0.120 0.074 0.015 0.174 0.075 0.407 0.073 
232      232    (0)    1 :  0.148 0.118 0.048 0.219 0.047 0.013 0.209 0.183 0.015 
233      233    (0)    1 :  0.023 0.034 0.741 0.048 0.011 0.041 0.044 0.023 0.035 
234      234    (0)    1 :  0.015 0.175 0.040 0.292 0.014 0.012 0.345 0.032 0.075 
235      235    (0)    1 :  0.014 0.024 0.018 0.031 0.800 0.024 0.029 0.012 0.049 
236      236    (0)    1 :  0.090 0.220 0.249 0.175 0.036 0.014 0.151 0.024 0.042 
237      237    (0)    1 :  0.009 0.130 0.038 0.226 0.150 0.144 0.220 0.057 0.027 
238      238    (0)    1 :  0.008 0.074 0.020 0.067 0.018 0.709 0.062 0.033 0.010 
239      239    (0)    1 :  0.101 0.103 0.187 0.219 0.062 0.015 0.211 0.080 0.022 
240      240    (0)    1 :  0.082 0.172 0.068 0.277 0.016 0.017 0.217 0.066 0.086 
241      241    (0)    1 :  0.077 0.015 0.010 0.020 0.020 0.800 0.019 0.025 0.012 
242      242    (0)    1 :  0.029 0.110 0.031 0.214 0.021 0.018 0.216 0.195 0.165 
243      243    (0)    1 :  0.009 0.067 0.448 0.092 0.133 0.021 0.091 0.112 0.027 
244      244    (0)    1 :  0.010 0.017 0.011 0.023 0.857 0.025 0.022 0.020 0.014 
245      245    (0)    1 :  0.019 0.426 0.015 0.150 0.024 0.028 0.194 0.077 0.066 
246      246    (0)    1 :  0.014 0.018 0.009 0.017 0.017 0.012 0.018 0.028 0.867 
247      247    (0)    1 :  0.025 0.367 0.110 0.188 0.019 0.034 0.180 0.027 0.050 
248      248    (0)    1 :  0.018 0.140 0.054 0.280 0.015 0.078 0.295 0.068 0.051 
249      249    (0)    1 :  0.097 0.126 0.160 0.190 0.050 0.025 0.196 0.033 0.124 
250      250    (0)    1 :  0.011 0.213 0.112 0.265 0.027 0.035 0.256 0.036 0.045 
251      251    (0)    1 :  0.016 0.185 0.209 0.210 0.125 0.019 0.189 0.023 0.024 
252      252    (0)    1 :  0.010 0.040 0.121 0.040 0.024 0.072 0.044 0.611 0.039 
253      253    (0)    1 :  0.567 0.082 0.048 0.060 0.021 0.012 0.062 0.100 0.047 
254      254    (0)    1 :  0.034 0.261 0.017 0.239 0.066 0.023 0.220 0.122 0.018 
255      255    (0)    1 :  0.873 0.014 0.011 0.014 0.033 0.008 0.013 0.018 0.015 
256      256    (0)    1 :  0.872 0.014 0.012 0.013 0.034 0.008 0.014 0.017 0.015 
257      257    (0)    1 :  0.249 0.140 0.019 0.223 0.039 0.028 0.222 0.053 0.027 
258      258    (0)    1 :  0.035 0.048 0.018 0.091 0.007 0.020 0.094 0.671 0.016 
259      259    (0)    1 :  0.016 0.019 0.025 0.020 0.008 0.009 0.019 0.855 0.029 
260      260    (0)    1 :  0.012 0.274 0.015 0.262 0.012 0.043 0.262 0.034 0.085 


Estimated Allele Frequencies in each cluster
First column gives estimated ancestral frequencies


Locus 1 : 
8 alleles
0.4% missing data
 197   (0.173) 0.032 0.203 0.258 0.179 0.056 0.072 0.174 0.146 0.141 
 187   (0.259) 0.068 0.300 0.278 0.276 0.132 0.650 0.285 0.132 0.107 
 195   (0.181) 0.333 0.198 0.089 0.183 0.341 0.022 0.187 0.081 0.517 
 201   (0.043) 0.010 0.029 0.025 0.039 0.012 0.026 0.036 0.095 0.008 
 193   (0.279) 0.550 0.226 0.294 0.266 0.426 0.223 0.262 0.532 0.210 
 181   (0.016) 0.002 0.009 0.007 0.013 0.015 0.002 0.012 0.002 0.002 
 191   (0.030) 0.003 0.018 0.045 0.027 0.006 0.003 0.026 0.008 0.014 
 199   (0.019) 0.002 0.016 0.004 0.017 0.011 0.003 0.018 0.003 0.002 

Locus 2 : 
11 alleles
0.0% missing data
 143   (0.095) 0.569 0.154 0.027 0.103 0.023 0.018 0.105 0.058 0.211 
 151   (0.220) 0.062 0.225 0.247 0.221 0.198 0.397 0.218 0.165 0.092 
 141   (0.042) 0.011 0.019 0.040 0.034 0.232 0.006 0.032 0.012 0.046 
 157   (0.120) 0.113 0.146 0.092 0.121 0.082 0.032 0.123 0.425 0.031 
 153   (0.179) 0.064 0.131 0.281 0.164 0.370 0.477 0.160 0.057 0.452 
 155   (0.100) 0.056 0.090 0.170 0.105 0.044 0.019 0.101 0.139 0.019 
 145   (0.029) 0.062 0.025 0.011 0.026 0.007 0.002 0.027 0.005 0.005 
 149   (0.100) 0.039 0.095 0.021 0.105 0.025 0.035 0.108 0.093 0.090 
 147   (0.095) 0.017 0.105 0.108 0.105 0.017 0.011 0.112 0.044 0.053 
 135   (0.009) 0.004 0.003 0.001 0.007 0.001 0.001 0.006 0.001 0.001 
 159   (0.009) 0.002 0.007 0.002 0.008 0.001 0.001 0.007 0.002 0.001 

Locus 3 : 
6 alleles
0.0% missing data
 162   (0.334) 0.337 0.411 0.145 0.356 0.405 0.810 0.361 0.195 0.180 
 166   (0.018) 0.026 0.011 0.004 0.015 0.002 0.001 0.014 0.003 0.013 
 160   (0.407) 0.430 0.355 0.538 0.398 0.230 0.088 0.403 0.572 0.654 
 164   (0.185) 0.200 0.186 0.263 0.179 0.352 0.078 0.173 0.194 0.086 
 158   (0.039) 0.004 0.022 0.047 0.034 0.006 0.021 0.032 0.012 0.065 
 150   (0.018) 0.002 0.014 0.003 0.017 0.005 0.001 0.016 0.024 0.002 

Locus 4 : 
11 alleles
0.8% missing data
 184   (0.099) 0.420 0.081 0.139 0.087 0.061 0.044 0.083 0.103 0.331 
 192   (0.160) 0.115 0.143 0.139 0.160 0.374 0.051 0.168 0.063 0.090 
 182   (0.120) 0.033 0.122 0.143 0.129 0.023 0.280 0.126 0.166 0.015 
 188   (0.181) 0.297 0.211 0.148 0.182 0.088 0.158 0.180 0.130 0.218 
 196   (0.056) 0.008 0.065 0.013 0.056 0.268 0.005 0.055 0.215 0.006 
 194   (0.133) 0.065 0.135 0.075 0.143 0.071 0.100 0.142 0.069 0.068 
 198   (0.092) 0.021 0.070 0.031 0.082 0.070 0.309 0.085 0.182 0.034 
 190   (0.072) 0.027 0.099 0.019 0.079 0.015 0.038 0.083 0.049 0.036 
 186   (0.053) 0.009 0.055 0.281 0.054 0.016 0.012 0.053 0.015 0.007 
 180   (0.025) 0.003 0.015 0.011 0.020 0.013 0.003 0.019 0.008 0.189 
 178   (0.009) 0.002 0.004 0.001 0.007 0.001 0.001 0.006 0.002 0.005 

Locus 5 : 
16 alleles
0.8% missing data
 253   (0.022) 0.003 0.015 0.006 0.019 0.253 0.003 0.018 0.004 0.004 
 261   (0.077) 0.408 0.121 0.055 0.084 0.009 0.015 0.091 0.041 0.016 
 250   (0.071) 0.013 0.065 0.284 0.068 0.011 0.007 0.070 0.033 0.181 
 240   (0.038) 0.098 0.030 0.006 0.037 0.022 0.012 0.035 0.009 0.017 
 258   (0.089) 0.252 0.118 0.017 0.098 0.041 0.113 0.096 0.055 0.227 
 254   (0.067) 0.016 0.076 0.074 0.072 0.091 0.013 0.072 0.056 0.008 
 260   (0.188) 0.039 0.201 0.321 0.190 0.107 0.075 0.189 0.502 0.272 
 246   (0.041) 0.016 0.029 0.006 0.037 0.019 0.020 0.038 0.007 0.066 
 256   (0.049) 0.007 0.035 0.017 0.044 0.023 0.465 0.042 0.035 0.084 
 257   (0.068) 0.057 0.064 0.045 0.064 0.026 0.034 0.064 0.050 0.009 
 252   (0.149) 0.053 0.142 0.089 0.158 0.161 0.216 0.156 0.135 0.041 
 266   (0.048) 0.007 0.030 0.047 0.042 0.222 0.013 0.040 0.020 0.009 
 242   (0.026) 0.009 0.021 0.005 0.025 0.004 0.002 0.027 0.019 0.008 
 262   (0.012) 0.010 0.004 0.002 0.009 0.001 0.001 0.008 0.018 0.001 
 248   (0.029) 0.010 0.025 0.012 0.027 0.007 0.003 0.025 0.009 0.054 
 259   (0.026) 0.003 0.023 0.013 0.027 0.003 0.007 0.030 0.006 0.003 

Locus 6 : 
7 alleles
0.4% missing data
 279   (0.383) 0.502 0.390 0.350 0.395 0.133 0.239 0.400 0.439 0.393 
 277   (0.121) 0.044 0.123 0.419 0.118 0.034 0.053 0.120 0.046 0.025 
 283   (0.187) 0.300 0.227 0.054 0.189 0.678 0.342 0.187 0.062 0.083 
 281   (0.258) 0.144 0.236 0.164 0.256 0.111 0.357 0.255 0.432 0.478 
 287   (0.021) 0.004 0.011 0.003 0.018 0.041 0.002 0.017 0.005 0.003 
 282   (0.013) 0.002 0.006 0.005 0.011 0.002 0.002 0.009 0.012 0.002 
 285   (0.017) 0.003 0.007 0.004 0.013 0.002 0.005 0.012 0.004 0.016 

Locus 7 : 
14 alleles
0.0% missing data
 264   (0.285) 0.206 0.331 0.157 0.305 0.269 0.230 0.303 0.418 0.206 
 271   (0.019) 0.034 0.014 0.004 0.017 0.002 0.002 0.017 0.003 0.003 
 285   (0.040) 0.010 0.026 0.049 0.035 0.012 0.012 0.036 0.017 0.007 
 270   (0.079) 0.446 0.047 0.088 0.067 0.443 0.024 0.065 0.032 0.015 
 268   (0.176) 0.176 0.155 0.240 0.167 0.085 0.298 0.165 0.071 0.245 
 273   (0.035) 0.012 0.052 0.019 0.038 0.005 0.004 0.036 0.008 0.013 
 266   (0.046) 0.006 0.054 0.024 0.046 0.005 0.354 0.047 0.019 0.010 
 279   (0.073) 0.037 0.138 0.017 0.084 0.113 0.021 0.092 0.096 0.016 
 283   (0.075) 0.009 0.078 0.026 0.089 0.013 0.012 0.090 0.217 0.126 
 275   (0.074) 0.044 0.057 0.153 0.071 0.039 0.026 0.072 0.043 0.013 
 281   (0.052) 0.015 0.028 0.193 0.045 0.007 0.009 0.041 0.043 0.339 
 272   (0.027) 0.003 0.012 0.026 0.022 0.005 0.006 0.021 0.028 0.003 
 282   (0.009) 0.001 0.005 0.001 0.008 0.001 0.001 0.008 0.002 0.001 
 287   (0.009) 0.001 0.004 0.002 0.007 0.001 0.001 0.006 0.002 0.001 

Locus 8 : 
4 alleles
0.8% missing data
 149   (0.224) 0.272 0.216 0.333 0.216 0.372 0.092 0.214 0.077 0.297 
 151   (0.457) 0.316 0.526 0.455 0.470 0.496 0.428 0.476 0.520 0.246 
 153   (0.198) 0.370 0.156 0.074 0.194 0.096 0.451 0.195 0.140 0.186 
 145   (0.121) 0.042 0.102 0.138 0.120 0.036 0.029 0.115 0.263 0.271 

Locus 9 : 
10 alleles
0.0% missing data
 183   (0.523) 0.490 0.515 0.793 0.519 0.844 0.741 0.517 0.288 0.663 
 185   (0.144) 0.391 0.195 0.097 0.166 0.066 0.040 0.160 0.055 0.115 
 187   (0.090) 0.023 0.131 0.016 0.100 0.011 0.085 0.116 0.098 0.030 
 191   (0.045) 0.013 0.034 0.028 0.043 0.027 0.004 0.041 0.211 0.007 
 175   (0.041) 0.019 0.020 0.023 0.033 0.010 0.003 0.030 0.238 0.153 
 181   (0.034) 0.005 0.017 0.005 0.029 0.020 0.052 0.028 0.027 0.012 
 195   (0.013) 0.030 0.006 0.008 0.011 0.001 0.001 0.009 0.003 0.001 
 189   (0.053) 0.019 0.041 0.016 0.050 0.015 0.037 0.050 0.014 0.008 
 193   (0.029) 0.004 0.016 0.009 0.025 0.003 0.034 0.024 0.038 0.006 
 169   (0.027) 0.006 0.026 0.005 0.025 0.003 0.002 0.024 0.028 0.004 

Locus 10 : 
9 alleles
0.0% missing data
 100   (0.234) 0.145 0.215 0.101 0.232 0.547 0.139 0.236 0.208 0.453 
 102   (0.263) 0.087 0.236 0.378 0.267 0.218 0.343 0.276 0.116 0.060 
 112   (0.248) 0.125 0.361 0.361 0.279 0.159 0.123 0.275 0.217 0.103 
 108   (0.024) 0.007 0.015 0.007 0.020 0.030 0.002 0.021 0.008 0.003 
 110   (0.062) 0.191 0.087 0.015 0.063 0.008 0.017 0.061 0.029 0.154 
 104   (0.024) 0.005 0.013 0.011 0.020 0.005 0.356 0.019 0.004 0.003 
  96   (0.062) 0.377 0.032 0.060 0.051 0.008 0.011 0.049 0.326 0.013 
 114   (0.032) 0.016 0.019 0.028 0.027 0.013 0.003 0.027 0.007 0.004 
 118   (0.049) 0.047 0.021 0.039 0.039 0.012 0.006 0.037 0.085 0.208 

Locus 11 : 
6 alleles
0.0% missing data
 197   (0.223) 0.112 0.175 0.366 0.212 0.117 0.453 0.207 0.441 0.065 
 205   (0.097) 0.095 0.179 0.020 0.109 0.020 0.227 0.118 0.025 0.159 
 201   (0.195) 0.530 0.124 0.070 0.174 0.369 0.079 0.176 0.309 0.240 
 199   (0.359) 0.155 0.381 0.301 0.373 0.197 0.205 0.375 0.176 0.506 
 203   (0.086) 0.102 0.091 0.227 0.081 0.287 0.013 0.076 0.030 0.018 
 195   (0.039) 0.005 0.050 0.016 0.052 0.010 0.023 0.047 0.019 0.012 

Locus 12 : 
13 alleles
1.2% missing data
 138   (0.124) 0.165 0.137 0.240 0.118 0.020 0.038 0.120 0.209 0.445 
 140   (0.119) 0.058 0.166 0.083 0.127 0.075 0.036 0.122 0.060 0.312 
 148   (0.041) 0.006 0.041 0.091 0.037 0.005 0.009 0.039 0.008 0.017 
 154   (0.276) 0.090 0.319 0.341 0.297 0.528 0.177 0.296 0.448 0.139 
 152   (0.179) 0.129 0.167 0.090 0.181 0.192 0.262 0.186 0.135 0.042 
 142   (0.014) 0.005 0.005 0.002 0.011 0.001 0.383 0.010 0.002 0.001 
 156   (0.104) 0.497 0.068 0.112 0.093 0.127 0.017 0.092 0.100 0.020 
 158   (0.009) 0.001 0.005 0.001 0.008 0.001 0.001 0.007 0.001 0.002 
 150   (0.062) 0.015 0.052 0.022 0.065 0.024 0.059 0.066 0.014 0.012 
 146   (0.023) 0.003 0.015 0.005 0.022 0.012 0.004 0.022 0.006 0.003 
 144   (0.031) 0.027 0.018 0.010 0.027 0.014 0.009 0.026 0.013 0.006 
 160   (0.009) 0.001 0.004 0.001 0.007 0.001 0.001 0.007 0.001 0.001 
 136   (0.009) 0.001 0.004 0.001 0.007 0.001 0.004 0.007 0.002 0.001 

Locus 13 : 
11 alleles
0.8% missing data
 249   (0.159) 0.204 0.274 0.091 0.179 0.024 0.205 0.188 0.061 0.353 
 247   (0.270) 0.622 0.217 0.188 0.250 0.119 0.149 0.255 0.547 0.312 
 243   (0.163) 0.076 0.112 0.414 0.145 0.352 0.556 0.145 0.146 0.042 
 239   (0.093) 0.032 0.097 0.051 0.093 0.324 0.015 0.086 0.029 0.092 
 255   (0.035) 0.004 0.028 0.008 0.033 0.004 0.005 0.036 0.022 0.019 
 251   (0.051) 0.030 0.041 0.011 0.049 0.007 0.019 0.047 0.044 0.025 
 253   (0.068) 0.012 0.057 0.168 0.072 0.070 0.006 0.069 0.042 0.020 
 245   (0.097) 0.013 0.125 0.051 0.116 0.091 0.037 0.113 0.025 0.130 
 259   (0.026) 0.004 0.022 0.006 0.025 0.006 0.003 0.023 0.013 0.003 
 229   (0.028) 0.003 0.025 0.011 0.032 0.003 0.003 0.033 0.069 0.003 
 242   (0.009) 0.001 0.003 0.003 0.007 0.001 0.002 0.006 0.003 0.001 

Values of parameters used in structure:
DATAFILE=/home/martin/bottleneck/structure_analysis/structure_4/data_job_T9_5,	OUTFILE=/home/martin/bottleneck/structure_analysis/structure_4/structure_results/ses/results_job_T9_5,	NUMINDS=260,	NUMLOCI=13,	MISSING=-9,	LABEL=1,	POPDATA=1,	POPFLAG=0,	PHENOTYPE=0,	EXTRACOLS=0,	MAXPOPS=9,	BURNIN=10000,	NUMREPS=100000,	USEPOPINFO=0,	INFERALPHA=1,	INFERLAMBDA=0,	POPSPECIFICLAMBDA=0,	POPALPHAS=0,	COMPUTEPROB=1,	NOADMIX=0,	ADMBURNIN=2500,	UPDATEFREQ=1,	PRINTLIKES=0,	INTERMEDSAVE=0,	PRINTKLD=0,	PRINTNET=0,	PRINTLAMBDA=0,	ANCESTDIST=0,	NUMBOXES=1000,	ANCESTPINT=0.90000,	GENSBACK=2,	MIGRPRIOR=0.05000,	PRINTQHAT=1,	PRINTQSUM=0,	ALPHA=1.0000,	FREQSCORR=1,	FPRIORMEAN=0.0100,	FPRIORSD=0.0500,	ONEFST=0,	LAMBDA=1.0000,	UNIFPRIORALPHA=1,	ALPHAMAX=10.0000,	ALPHAPRIORA=1.0000,	ALPHAPRIORB=2.0000,	ALPHAPROPSD=0.0250,	STARTATPOPINFO=0,	RANDOMIZE=1,	LINKAGE=0,	METROFREQ=10,	REPORTHITRATE=0,	MARKOVPHASE=-1,	PHASED=0,	PLOIDY=2,	PHASEINFO=0	LOCPRIOR=0, 	LOCPRIORINIT=1.000000, 	LOCDATA=0, 	LOCISPOP=0, 	LOCPRIORSTEP=0.100000, 	MAXLOCPRIOR=20.000000, 	SEED=1470617339,	
[STRAT parameters]:    NUMSIMSTATS=1000,	PHENOTYPECOL=-9,	POOLFREQ=10,	LOCUSxONLY=0,	EMERROR=0.00100,	MISSINGPHENO=-9,	