

----------------------------------------------------
STRUCTURE by Pritchard, Stephens and Donnelly (2000)
     and Falush, Stephens and Pritchard (2003)
       Code by Pritchard, Falush and Hubisz
             Version 2.3.4 (Jul 2012)
----------------------------------------------------



Command line arguments:   /usr/local/bin/structure -m parameter_job_T3_1 
Input File:    /home/martin/bottleneck/structure_analysis/structure_4/data_job_T3_1

Run parameters:
   205 individuals
   17 loci
   3 populations assumed
   10000 Burn-in period
   100000 Reps


--------------------------------------------
Proportion of membership of each pre-defined
 population in each of the 3 clusters

Given    Inferred Clusters       Number of
 Pop       1      2      3      Individuals

  1:     0.349  0.351  0.300      205
--------------------------------------------

Allele-freq. divergence among pops (Net nucleotide distance),
computed using point estimates of P.

      1       2       3      
 1      -    0.0002  0.0100  
 2   0.0002     -    0.0096  
 3   0.0100  0.0096     -    

Average distances (expected heterozygosity) between individuals in same cluster:
cluster  1  : 0.6714 
cluster  2  : 0.6709 
cluster  3  : 0.6914 

--------------------------------------------
Estimated Ln Prob of Data   = -9827.0
Mean value of ln likelihood = -9496.9
Variance of ln likelihood   = 660.1
Mean value of alpha         = 0.0899

Mean value of Fst_1         = 0.0339
Mean value of Fst_2         = 0.0348
Mean value of Fst_3         = 0.0332


Inferred ancestry of individuals:
        Label (%Miss) Pop:  Inferred clusters
  1        1    (0)    1 :  0.514 0.415 0.071 
  2        2    (0)    1 :  0.502 0.427 0.071 
  3        3    (0)    1 :  0.526 0.442 0.032 
  4        4    (0)    1 :  0.396 0.493 0.111 
  5        5    (0)    1 :  0.233 0.188 0.579 
  6        6    (0)    1 :  0.043 0.046 0.911 
  7        7    (0)    1 :  0.475 0.453 0.073 
  8        8    (0)    1 :  0.387 0.494 0.119 
  9        9    (0)    1 :  0.417 0.543 0.040 
 10       10    (0)    1 :  0.339 0.391 0.270 
 11       11    (0)    1 :  0.257 0.257 0.486 
 12       12    (0)    1 :  0.515 0.412 0.073 
 13       13    (0)    1 :  0.475 0.490 0.035 
 14       14    (0)    1 :  0.455 0.481 0.064 
 15       15    (0)    1 :  0.536 0.417 0.047 
 16       16   (52)    1 :  0.080 0.091 0.828 
 17       17    (0)    1 :  0.406 0.535 0.059 
 18       18    (0)    1 :  0.423 0.536 0.041 
 19       19    (0)    1 :  0.255 0.242 0.503 
 20       20    (0)    1 :  0.468 0.493 0.039 
 21       21    (0)    1 :  0.490 0.371 0.139 
 22       22    (0)    1 :  0.020 0.021 0.959 
 23       23    (0)    1 :  0.029 0.029 0.942 
 24       24    (0)    1 :  0.226 0.208 0.566 
 25       25    (0)    1 :  0.255 0.225 0.520 
 26       26    (0)    1 :  0.363 0.331 0.306 
 27       27    (0)    1 :  0.028 0.028 0.944 
 28       28    (0)    1 :  0.393 0.327 0.281 
 29       29    (0)    1 :  0.031 0.031 0.938 
 30       30    (5)    1 :  0.085 0.079 0.836 
 31       31    (0)    1 :  0.018 0.018 0.964 
 32       32    (5)    1 :  0.072 0.057 0.871 
 33       33    (0)    1 :  0.356 0.291 0.353 
 34       34    (0)    1 :  0.033 0.032 0.935 
 35       35    (0)    1 :  0.071 0.072 0.857 
 36       36    (0)    1 :  0.087 0.069 0.844 
 37       37    (0)    1 :  0.021 0.023 0.956 
 38       38    (0)    1 :  0.063 0.066 0.871 
 39       39    (0)    1 :  0.033 0.034 0.933 
 40       40    (0)    1 :  0.412 0.366 0.222 
 41       41    (5)    1 :  0.062 0.063 0.875 
 42       42    (5)    1 :  0.104 0.092 0.804 
 43       43    (5)    1 :  0.051 0.040 0.909 
 44       44    (0)    1 :  0.107 0.092 0.801 
 45       45    (0)    1 :  0.037 0.038 0.924 
 46       46    (0)    1 :  0.032 0.034 0.934 
 47       47    (0)    1 :  0.088 0.082 0.830 
 48       48    (0)    1 :  0.034 0.037 0.929 
 49       49    (0)    1 :  0.046 0.046 0.908 
 50       50    (0)    1 :  0.114 0.124 0.761 
 51       51    (0)    1 :  0.038 0.038 0.924 
 52       52    (0)    1 :  0.061 0.067 0.873 
 53       53    (0)    1 :  0.066 0.079 0.855 
 54       54    (0)    1 :  0.028 0.027 0.945 
 55       55    (0)    1 :  0.432 0.498 0.071 
 56       56    (0)    1 :  0.415 0.338 0.247 
 57       57    (0)    1 :  0.411 0.503 0.086 
 58       58    (0)    1 :  0.418 0.487 0.095 
 59       59    (0)    1 :  0.210 0.209 0.581 
 60       60    (0)    1 :  0.422 0.534 0.044 
 61       61    (0)    1 :  0.434 0.526 0.041 
 62       62    (0)    1 :  0.539 0.393 0.068 
 63       63    (5)    1 :  0.488 0.402 0.111 
 64       64    (0)    1 :  0.484 0.432 0.084 
 65       65    (0)    1 :  0.390 0.454 0.156 
 66       66    (5)    1 :  0.400 0.451 0.149 
 67       67    (0)    1 :  0.468 0.482 0.050 
 68       68    (0)    1 :  0.544 0.393 0.062 
 69       69    (0)    1 :  0.482 0.489 0.029 
 70       70    (0)    1 :  0.446 0.516 0.038 
 71       71    (0)    1 :  0.490 0.406 0.104 
 72       72    (0)    1 :  0.410 0.552 0.039 
 73       73    (0)    1 :  0.053 0.062 0.886 
 74       74    (0)    1 :  0.551 0.410 0.039 
 75       75    (0)    1 :  0.417 0.556 0.027 
 76       76    (0)    1 :  0.105 0.081 0.814 
 77       77    (0)    1 :  0.551 0.415 0.033 
 78       78    (0)    1 :  0.448 0.483 0.069 
 79       79    (0)    1 :  0.381 0.507 0.113 
 80       80    (0)    1 :  0.075 0.092 0.833 
 81       81    (0)    1 :  0.415 0.435 0.150 
 82       82    (0)    1 :  0.374 0.363 0.263 
 83       83    (0)    1 :  0.503 0.461 0.035 
 84       84    (0)    1 :  0.393 0.504 0.103 
 85       85    (0)    1 :  0.417 0.434 0.149 
 86       86    (0)    1 :  0.095 0.105 0.799 
 87       87    (0)    1 :  0.431 0.529 0.040 
 88       88    (0)    1 :  0.489 0.477 0.033 
 89       89    (0)    1 :  0.442 0.497 0.060 
 90       90    (0)    1 :  0.497 0.444 0.059 
 91       91   (41)    1 :  0.345 0.381 0.273 
 92       92    (0)    1 :  0.546 0.419 0.035 
 93       93    (0)    1 :  0.092 0.093 0.814 
 94       94    (0)    1 :  0.410 0.490 0.100 
 95       95    (0)    1 :  0.337 0.349 0.314 
 96       96    (0)    1 :  0.538 0.425 0.037 
 97       97    (0)    1 :  0.088 0.089 0.823 
 98       98    (0)    1 :  0.465 0.420 0.115 
 99       99    (0)    1 :  0.567 0.415 0.018 
100      100    (0)    1 :  0.418 0.463 0.119 
101      101    (0)    1 :  0.415 0.504 0.081 
102      102    (0)    1 :  0.431 0.498 0.071 
103      103    (0)    1 :  0.393 0.436 0.170 
104      104    (0)    1 :  0.515 0.457 0.027 
105      105    (0)    1 :  0.119 0.117 0.764 
106      106    (0)    1 :  0.289 0.237 0.475 
107      107    (0)    1 :  0.131 0.161 0.707 
108      108    (0)    1 :  0.512 0.434 0.054 
109      109    (0)    1 :  0.451 0.365 0.184 
110      110    (0)    1 :  0.038 0.043 0.919 
111      111    (0)    1 :  0.432 0.522 0.046 
112      112    (0)    1 :  0.419 0.526 0.055 
113      113    (0)    1 :  0.505 0.445 0.050 
114      114    (0)    1 :  0.418 0.538 0.044 
115      115    (0)    1 :  0.039 0.041 0.920 
116      116    (0)    1 :  0.462 0.465 0.073 
117      117    (0)    1 :  0.566 0.414 0.020 
118      118    (0)    1 :  0.425 0.535 0.040 
119      119    (0)    1 :  0.073 0.072 0.856 
120      120    (0)    1 :  0.427 0.459 0.114 
121      121    (0)    1 :  0.490 0.468 0.042 
122      122    (0)    1 :  0.064 0.064 0.872 
123      123    (0)    1 :  0.427 0.404 0.169 
124      124    (0)    1 :  0.346 0.333 0.320 
125      125    (0)    1 :  0.396 0.421 0.183 
126      126    (0)    1 :  0.468 0.482 0.050 
127      127    (0)    1 :  0.422 0.489 0.089 
128      128    (0)    1 :  0.418 0.537 0.045 
129      129    (0)    1 :  0.531 0.439 0.030 
130      130    (0)    1 :  0.395 0.472 0.133 
131      131    (0)    1 :  0.080 0.061 0.859 
132      132    (0)    1 :  0.552 0.413 0.035 
133      133    (0)    1 :  0.099 0.102 0.799 
134      134    (0)    1 :  0.510 0.448 0.042 
135      135    (0)    1 :  0.484 0.455 0.061 
136      136    (0)    1 :  0.423 0.520 0.056 
137      137    (5)    1 :  0.486 0.449 0.065 
138      138    (0)    1 :  0.131 0.128 0.741 
139      139    (0)    1 :  0.084 0.096 0.820 
140      140    (0)    1 :  0.450 0.505 0.045 
141      141    (0)    1 :  0.182 0.176 0.642 
142      142    (0)    1 :  0.093 0.108 0.798 
143      143    (0)    1 :  0.412 0.550 0.037 
144      144    (0)    1 :  0.160 0.187 0.653 
145      145    (0)    1 :  0.497 0.444 0.059 
146      146    (0)    1 :  0.555 0.416 0.029 
147      147    (0)    1 :  0.392 0.436 0.172 
148      148    (0)    1 :  0.466 0.454 0.080 
149      149    (0)    1 :  0.465 0.475 0.060 
150      150    (0)    1 :  0.486 0.451 0.063 
151      151    (0)    1 :  0.441 0.527 0.033 
152      152    (0)    1 :  0.505 0.458 0.037 
153      153    (0)    1 :  0.483 0.455 0.061 
154      154    (0)    1 :  0.456 0.474 0.071 
155      155    (0)    1 :  0.420 0.539 0.041 
156      156    (0)    1 :  0.463 0.484 0.054 
157      157    (0)    1 :  0.495 0.458 0.047 
158      158    (0)    1 :  0.445 0.491 0.065 
159      159    (0)    1 :  0.341 0.387 0.272 
160      160    (0)    1 :  0.417 0.509 0.074 
161      161    (0)    1 :  0.385 0.380 0.236 
162      162    (0)    1 :  0.428 0.528 0.043 
163      163    (0)    1 :  0.441 0.498 0.060 
164      164    (0)    1 :  0.377 0.455 0.168 
165      165    (0)    1 :  0.209 0.252 0.539 
166      166    (0)    1 :  0.504 0.406 0.091 
167      167    (0)    1 :  0.474 0.445 0.081 
168      168    (0)    1 :  0.429 0.532 0.040 
169      169    (0)    1 :  0.313 0.331 0.356 
170      170    (0)    1 :  0.071 0.080 0.849 
171      171    (0)    1 :  0.401 0.421 0.178 
172      172    (0)    1 :  0.410 0.537 0.053 
173      173    (0)    1 :  0.481 0.421 0.098 
174      174    (0)    1 :  0.416 0.460 0.124 
175      175    (0)    1 :  0.472 0.474 0.054 
176      176    (0)    1 :  0.522 0.450 0.029 
177      177    (0)    1 :  0.386 0.458 0.156 
178      178    (0)    1 :  0.431 0.522 0.047 
179      179    (0)    1 :  0.528 0.410 0.062 
180      180    (0)    1 :  0.371 0.351 0.279 
181      181    (0)    1 :  0.531 0.416 0.053 
182      182    (0)    1 :  0.478 0.473 0.049 
183      183    (0)    1 :  0.540 0.408 0.052 
184      184    (0)    1 :  0.504 0.460 0.035 
185      185    (0)    1 :  0.535 0.438 0.028 
186      186    (0)    1 :  0.419 0.536 0.045 
187      187    (0)    1 :  0.443 0.441 0.115 
188      188    (0)    1 :  0.457 0.413 0.130 
189      189    (0)    1 :  0.433 0.514 0.053 
190      190    (0)    1 :  0.403 0.530 0.066 
191      191    (0)    1 :  0.495 0.402 0.103 
192      192    (0)    1 :  0.437 0.514 0.049 
193      193    (0)    1 :  0.417 0.545 0.038 
194      194    (0)    1 :  0.461 0.489 0.050 
195      195    (0)    1 :  0.076 0.065 0.859 
196      196    (0)    1 :  0.410 0.494 0.097 
197      197    (0)    1 :  0.381 0.458 0.160 
198      198    (0)    1 :  0.542 0.395 0.063 
199      199    (0)    1 :  0.482 0.483 0.035 
200      200    (0)    1 :  0.486 0.416 0.098 
201      201    (0)    1 :  0.518 0.456 0.026 
202      202    (0)    1 :  0.474 0.471 0.054 
203      203    (0)    1 :  0.530 0.426 0.044 
204      204    (5)    1 :  0.541 0.429 0.030 
205      205    (0)    1 :  0.020 0.023 0.958 


Estimated Allele Frequencies in each cluster
First column gives estimated ancestral frequencies


Locus 1 : 
4 alleles
0.5% missing data
 140   (0.446) 0.498 0.468 0.362 
 136   (0.323) 0.301 0.319 0.397 
 138   (0.081) 0.076 0.079 0.062 
 142   (0.150) 0.124 0.134 0.178 

Locus 2 : 
4 alleles
0.0% missing data
 173   (0.044) 0.038 0.033 0.023 
 177   (0.616) 0.633 0.632 0.624 
 175   (0.301) 0.309 0.315 0.302 
 171   (0.040) 0.020 0.020 0.051 

Locus 3 : 
9 alleles
0.5% missing data
 152   (0.366) 0.408 0.408 0.410 
 150   (0.034) 0.022 0.020 0.024 
 154   (0.207) 0.217 0.224 0.196 
 156   (0.230) 0.246 0.234 0.225 
 162   (0.035) 0.020 0.021 0.034 
 148   (0.073) 0.056 0.058 0.084 
 160   (0.016) 0.006 0.006 0.010 
 158   (0.028) 0.021 0.023 0.013 
 164   (0.012) 0.005 0.005 0.003 

Locus 4 : 
4 alleles
1.0% missing data
 185   (0.397) 0.449 0.434 0.341 
 189   (0.464) 0.451 0.466 0.498 
 193   (0.086) 0.058 0.056 0.120 
 187   (0.053) 0.042 0.044 0.041 

Locus 5 : 
13 alleles
0.5% missing data
 149   (0.176) 0.192 0.200 0.184 
 156   (0.164) 0.173 0.167 0.190 
 158   (0.042) 0.031 0.032 0.033 
 160   (0.221) 0.268 0.261 0.234 
 162   (0.158) 0.173 0.180 0.158 
 177   (0.011) 0.005 0.005 0.003 
 164   (0.066) 0.059 0.056 0.058 
 153   (0.042) 0.026 0.026 0.052 
 151   (0.053) 0.040 0.041 0.057 
 166   (0.029) 0.016 0.015 0.021 
 175   (0.015) 0.008 0.007 0.005 
 144   (0.011) 0.005 0.005 0.003 
 169   (0.012) 0.005 0.005 0.003 

Locus 6 : 
7 alleles
0.0% missing data
 169   (0.192) 0.195 0.195 0.194 
 173   (0.354) 0.359 0.353 0.384 
 175   (0.285) 0.313 0.316 0.280 
 177   (0.077) 0.080 0.084 0.050 
 167   (0.020) 0.009 0.009 0.011 
 171   (0.024) 0.007 0.007 0.051 
 179   (0.047) 0.037 0.035 0.031 

Locus 7 : 
7 alleles
0.5% missing data
 248   (0.187) 0.187 0.174 0.223 
 230   (0.112) 0.096 0.091 0.122 
 246   (0.364) 0.381 0.382 0.384 
 250   (0.196) 0.213 0.228 0.165 
 242   (0.099) 0.099 0.103 0.086 
 244   (0.029) 0.020 0.018 0.014 
 240   (0.012) 0.004 0.004 0.006 

Locus 8 : 
9 alleles
0.0% missing data
 147   (0.322) 0.307 0.320 0.442 
 152   (0.274) 0.316 0.315 0.228 
 154   (0.266) 0.293 0.286 0.234 
 156   (0.029) 0.017 0.015 0.021 
 163   (0.035) 0.021 0.021 0.026 
 150   (0.026) 0.010 0.010 0.032 
 158   (0.026) 0.029 0.025 0.006 
 165   (0.012) 0.005 0.005 0.003 
 167   (0.012) 0.003 0.003 0.008 

Locus 9 : 
8 alleles
0.5% missing data
 152   (0.113) 0.095 0.096 0.132 
 166   (0.021) 0.015 0.013 0.008 
 150   (0.494) 0.539 0.543 0.549 
 158   (0.070) 0.057 0.059 0.060 
 156   (0.086) 0.089 0.095 0.059 
 164   (0.079) 0.078 0.066 0.074 
 154   (0.123) 0.118 0.121 0.116 
 162   (0.014) 0.009 0.008 0.003 

Locus 10 : 
4 alleles
0.5% missing data
 170   (0.411) 0.448 0.449 0.375 
 172   (0.429) 0.420 0.417 0.464 
 173   (0.083) 0.071 0.069 0.068 
 168   (0.076) 0.062 0.066 0.093 

Locus 11 : 
4 alleles
0.0% missing data
 160   (0.651) 0.693 0.686 0.648 
 156   (0.206) 0.194 0.198 0.213 
 164   (0.077) 0.054 0.057 0.098 
 162   (0.065) 0.059 0.060 0.041 

Locus 12 : 
5 alleles
1.5% missing data
 186   (0.659) 0.703 0.701 0.666 
 190   (0.187) 0.174 0.175 0.191 
 188   (0.130) 0.115 0.114 0.136 
 191   (0.012) 0.004 0.004 0.004 
 184   (0.012) 0.005 0.005 0.003 

Locus 13 : 
13 alleles
3.9% missing data
 260   (0.187) 0.224 0.216 0.144 
 264   (0.152) 0.180 0.189 0.109 
 249   (0.278) 0.363 0.373 0.196 
 258   (0.062) 0.054 0.054 0.044 
 251   (0.058) 0.027 0.026 0.157 
 253   (0.019) 0.005 0.006 0.020 
 265   (0.040) 0.020 0.018 0.078 
 262   (0.105) 0.083 0.079 0.138 
 248   (0.036) 0.016 0.015 0.070 
 257   (0.018) 0.006 0.005 0.020 
 269   (0.016) 0.004 0.004 0.014 
 267   (0.015) 0.009 0.007 0.004 
 240   (0.015) 0.008 0.008 0.005 

Locus 14 : 
17 alleles
0.5% missing data
 222   (0.120) 0.167 0.154 0.040 
 234   (0.033) 0.028 0.026 0.011 
 226   (0.168) 0.229 0.232 0.060 
 238   (0.029) 0.025 0.020 0.012 
 218   (0.107) 0.139 0.143 0.036 
 232   (0.035) 0.013 0.012 0.098 
 216   (0.028) 0.006 0.006 0.108 
 214   (0.091) 0.118 0.138 0.038 
 220   (0.064) 0.027 0.025 0.182 
 230   (0.118) 0.147 0.145 0.047 
 236   (0.022) 0.006 0.006 0.032 
 210   (0.059) 0.046 0.047 0.035 
 224   (0.030) 0.007 0.007 0.101 
 228   (0.032) 0.009 0.008 0.139 
 240   (0.020) 0.005 0.005 0.041 
 244   (0.030) 0.024 0.021 0.013 
 212   (0.013) 0.004 0.004 0.007 

Locus 15 : 
9 alleles
0.5% missing data
 192   (0.373) 0.422 0.434 0.391 
 206   (0.017) 0.007 0.006 0.009 
 198   (0.141) 0.144 0.146 0.134 
 180   (0.080) 0.062 0.061 0.091 
 196   (0.122) 0.120 0.132 0.121 
 208   (0.112) 0.099 0.092 0.125 
 200   (0.083) 0.096 0.082 0.057 
 194   (0.059) 0.041 0.039 0.069 
 210   (0.014) 0.009 0.007 0.003 

Locus 16 : 
7 alleles
0.5% missing data
 204   (0.319) 0.316 0.340 0.400 
 206   (0.189) 0.190 0.191 0.192 
 210   (0.135) 0.121 0.118 0.134 
 208   (0.116) 0.116 0.116 0.095 
 212   (0.106) 0.133 0.112 0.063 
 202   (0.123) 0.121 0.121 0.107 
 200   (0.012) 0.003 0.002 0.009 

Locus 17 : 
4 alleles
1.5% missing data
 210   (0.610) 0.645 0.644 0.600 
 214   (0.252) 0.249 0.251 0.259 
 216   (0.056) 0.039 0.041 0.055 
 212   (0.082) 0.068 0.063 0.087 

Values of parameters used in structure:
DATAFILE=/home/martin/bottleneck/structure_analysis/structure_4/data_job_T3_1,	OUTFILE=/home/martin/bottleneck/structure_analysis/structure_4/structure_results/new_zealand_sea_lion/results_job_T3_1,	NUMINDS=205,	NUMLOCI=17,	MISSING=-9,	LABEL=1,	POPDATA=1,	POPFLAG=0,	PHENOTYPE=0,	EXTRACOLS=0,	MAXPOPS=3,	BURNIN=10000,	NUMREPS=100000,	USEPOPINFO=0,	INFERALPHA=1,	INFERLAMBDA=0,	POPSPECIFICLAMBDA=0,	POPALPHAS=0,	COMPUTEPROB=1,	NOADMIX=0,	ADMBURNIN=2500,	UPDATEFREQ=1,	PRINTLIKES=0,	INTERMEDSAVE=0,	PRINTKLD=0,	PRINTNET=0,	PRINTLAMBDA=0,	ANCESTDIST=0,	NUMBOXES=1000,	ANCESTPINT=0.90000,	GENSBACK=2,	MIGRPRIOR=0.05000,	PRINTQHAT=1,	PRINTQSUM=0,	ALPHA=1.0000,	FREQSCORR=1,	FPRIORMEAN=0.0100,	FPRIORSD=0.0500,	ONEFST=0,	LAMBDA=1.0000,	UNIFPRIORALPHA=1,	ALPHAMAX=10.0000,	ALPHAPRIORA=1.0000,	ALPHAPRIORB=2.0000,	ALPHAPROPSD=0.0250,	STARTATPOPINFO=0,	RANDOMIZE=1,	LINKAGE=0,	METROFREQ=10,	REPORTHITRATE=0,	MARKOVPHASE=-1,	PHASED=0,	PLOIDY=2,	PHASEINFO=0	LOCPRIOR=0, 	LOCPRIORINIT=1.000000, 	LOCDATA=0, 	LOCISPOP=0, 	LOCPRIORSTEP=0.100000, 	MAXLOCPRIOR=20.000000, 	SEED=1470648323,	
[STRAT parameters]:    NUMSIMSTATS=1000,	PHENOTYPECOL=-9,	POOLFREQ=10,	LOCUSxONLY=0,	EMERROR=0.00100,	MISSINGPHENO=-9,	