

----------------------------------------------------
STRUCTURE by Pritchard, Stephens and Donnelly (2000)
     and Falush, Stephens and Pritchard (2003)
       Code by Pritchard, Falush and Hubisz
             Version 2.3.4 (Jul 2012)
----------------------------------------------------



Command line arguments:   /usr/local/bin/structure -m parameter_job_T2_3 
Input File:    /home/martin/bottleneck/structure_analysis/structure_4/data_job_T2_3

Run parameters:
   205 individuals
   17 loci
   2 populations assumed
   10000 Burn-in period
   100000 Reps


--------------------------------------------
Proportion of membership of each pre-defined
 population in each of the 2 clusters

Given    Inferred Clusters       Number of
 Pop       1      2             Individuals

  1:     0.478  0.522             205
--------------------------------------------

Allele-freq. divergence among pops (Net nucleotide distance),
computed using point estimates of P.

      1       2      
 1      -    0.0190  
 2   0.0190     -    

Average distances (expected heterozygosity) between individuals in same cluster:
cluster  1  : 0.7116 
cluster  2  : 0.6327 

--------------------------------------------
Estimated Ln Prob of Data   = -9900.0
Mean value of ln likelihood = -9658.3
Variance of ln likelihood   = 483.4
Mean value of alpha         = 1.1225

Mean value of Fst_1         = 0.0020
Mean value of Fst_2         = 0.1120


Inferred ancestry of individuals:
        Label (%Miss) Pop:  Inferred clusters
  1        1    (0)    1 :  0.483 0.517 
  2        2    (0)    1 :  0.586 0.414 
  3        3    (0)    1 :  0.466 0.534 
  4        4    (0)    1 :  0.430 0.570 
  5        5    (0)    1 :  0.694 0.306 
  6        6    (0)    1 :  0.728 0.272 
  7        7    (0)    1 :  0.336 0.664 
  8        8    (0)    1 :  0.442 0.558 
  9        9    (0)    1 :  0.242 0.758 
 10       10    (0)    1 :  0.715 0.285 
 11       11    (0)    1 :  0.786 0.214 
 12       12    (0)    1 :  0.294 0.706 
 13       13    (0)    1 :  0.256 0.744 
 14       14    (0)    1 :  0.410 0.590 
 15       15    (0)    1 :  0.541 0.459 
 16       16   (52)    1 :  0.781 0.219 
 17       17    (0)    1 :  0.388 0.612 
 18       18    (0)    1 :  0.315 0.685 
 19       19    (0)    1 :  0.572 0.428 
 20       20    (0)    1 :  0.249 0.751 
 21       21    (0)    1 :  0.416 0.584 
 22       22    (0)    1 :  0.856 0.144 
 23       23    (0)    1 :  0.867 0.133 
 24       24    (0)    1 :  0.456 0.544 
 25       25    (0)    1 :  0.676 0.324 
 26       26    (0)    1 :  0.464 0.536 
 27       27    (0)    1 :  0.785 0.215 
 28       28    (0)    1 :  0.535 0.465 
 29       29    (0)    1 :  0.736 0.264 
 30       30    (5)    1 :  0.674 0.326 
 31       31    (0)    1 :  0.840 0.160 
 32       32    (5)    1 :  0.401 0.599 
 33       33    (0)    1 :  0.758 0.242 
 34       34    (0)    1 :  0.710 0.290 
 35       35    (0)    1 :  0.793 0.207 
 36       36    (0)    1 :  0.549 0.451 
 37       37    (0)    1 :  0.889 0.111 
 38       38    (0)    1 :  0.772 0.228 
 39       39    (0)    1 :  0.811 0.189 
 40       40    (0)    1 :  0.729 0.271 
 41       41    (5)    1 :  0.632 0.368 
 42       42    (5)    1 :  0.626 0.374 
 43       43    (5)    1 :  0.644 0.356 
 44       44    (0)    1 :  0.701 0.299 
 45       45    (0)    1 :  0.779 0.221 
 46       46    (0)    1 :  0.787 0.213 
 47       47    (0)    1 :  0.765 0.235 
 48       48    (0)    1 :  0.756 0.244 
 49       49    (0)    1 :  0.733 0.267 
 50       50    (0)    1 :  0.703 0.297 
 51       51    (0)    1 :  0.780 0.220 
 52       52    (0)    1 :  0.830 0.170 
 53       53    (0)    1 :  0.739 0.261 
 54       54    (0)    1 :  0.842 0.158 
 55       55    (0)    1 :  0.232 0.768 
 56       56    (0)    1 :  0.640 0.360 
 57       57    (0)    1 :  0.438 0.562 
 58       58    (0)    1 :  0.449 0.551 
 59       59    (0)    1 :  0.777 0.223 
 60       60    (0)    1 :  0.252 0.748 
 61       61    (0)    1 :  0.214 0.786 
 62       62    (0)    1 :  0.638 0.362 
 63       63    (5)    1 :  0.613 0.387 
 64       64    (0)    1 :  0.309 0.691 
 65       65    (0)    1 :  0.724 0.276 
 66       66    (5)    1 :  0.403 0.597 
 67       67    (0)    1 :  0.468 0.532 
 68       68    (0)    1 :  0.629 0.371 
 69       69    (0)    1 :  0.187 0.813 
 70       70    (0)    1 :  0.177 0.823 
 71       71    (0)    1 :  0.375 0.625 
 72       72    (0)    1 :  0.210 0.790 
 73       73    (0)    1 :  0.675 0.325 
 74       74    (0)    1 :  0.532 0.468 
 75       75    (0)    1 :  0.167 0.833 
 76       76    (0)    1 :  0.834 0.166 
 77       77    (0)    1 :  0.401 0.599 
 78       78    (0)    1 :  0.278 0.722 
 79       79    (0)    1 :  0.309 0.691 
 80       80    (0)    1 :  0.497 0.503 
 81       81    (0)    1 :  0.356 0.644 
 82       82    (0)    1 :  0.439 0.561 
 83       83    (0)    1 :  0.157 0.843 
 84       84    (0)    1 :  0.285 0.715 
 85       85    (0)    1 :  0.614 0.386 
 86       86    (0)    1 :  0.808 0.192 
 87       87    (0)    1 :  0.439 0.561 
 88       88    (0)    1 :  0.293 0.707 
 89       89    (0)    1 :  0.381 0.619 
 90       90    (0)    1 :  0.423 0.577 
 91       91   (41)    1 :  0.743 0.257 
 92       92    (0)    1 :  0.202 0.798 
 93       93    (0)    1 :  0.464 0.536 
 94       94    (0)    1 :  0.478 0.522 
 95       95    (0)    1 :  0.675 0.325 
 96       96    (0)    1 :  0.231 0.769 
 97       97    (0)    1 :  0.521 0.479 
 98       98    (0)    1 :  0.410 0.590 
 99       99    (0)    1 :  0.268 0.732 
100      100    (0)    1 :  0.536 0.464 
101      101    (0)    1 :  0.308 0.692 
102      102    (0)    1 :  0.423 0.577 
103      103    (0)    1 :  0.547 0.453 
104      104    (0)    1 :  0.133 0.867 
105      105    (0)    1 :  0.661 0.339 
106      106    (0)    1 :  0.719 0.281 
107      107    (0)    1 :  0.532 0.468 
108      108    (0)    1 :  0.476 0.524 
109      109    (0)    1 :  0.398 0.602 
110      110    (0)    1 :  0.740 0.260 
111      111    (0)    1 :  0.307 0.693 
112      112    (0)    1 :  0.239 0.761 
113      113    (0)    1 :  0.241 0.759 
114      114    (0)    1 :  0.301 0.699 
115      115    (0)    1 :  0.838 0.162 
116      116    (0)    1 :  0.277 0.723 
117      117    (0)    1 :  0.233 0.767 
118      118    (0)    1 :  0.344 0.656 
119      119    (0)    1 :  0.574 0.426 
120      120    (0)    1 :  0.298 0.702 
121      121    (0)    1 :  0.238 0.762 
122      122    (0)    1 :  0.610 0.390 
123      123    (0)    1 :  0.514 0.486 
124      124    (0)    1 :  0.587 0.413 
125      125    (0)    1 :  0.684 0.316 
126      126    (0)    1 :  0.270 0.730 
127      127    (0)    1 :  0.332 0.668 
128      128    (0)    1 :  0.334 0.666 
129      129    (0)    1 :  0.204 0.796 
130      130    (0)    1 :  0.459 0.541 
131      131    (0)    1 :  0.552 0.448 
132      132    (0)    1 :  0.330 0.670 
133      133    (0)    1 :  0.855 0.145 
134      134    (0)    1 :  0.206 0.794 
135      135    (0)    1 :  0.395 0.605 
136      136    (0)    1 :  0.245 0.755 
137      137    (5)    1 :  0.226 0.774 
138      138    (0)    1 :  0.774 0.226 
139      139    (0)    1 :  0.661 0.339 
140      140    (0)    1 :  0.216 0.784 
141      141    (0)    1 :  0.647 0.353 
142      142    (0)    1 :  0.597 0.403 
143      143    (0)    1 :  0.294 0.706 
144      144    (0)    1 :  0.329 0.671 
145      145    (0)    1 :  0.356 0.644 
146      146    (0)    1 :  0.238 0.762 
147      147    (0)    1 :  0.638 0.362 
148      148    (0)    1 :  0.423 0.577 
149      149    (0)    1 :  0.390 0.610 
150      150    (0)    1 :  0.523 0.477 
151      151    (0)    1 :  0.163 0.837 
152      152    (0)    1 :  0.279 0.721 
153      153    (0)    1 :  0.403 0.597 
154      154    (0)    1 :  0.210 0.790 
155      155    (0)    1 :  0.232 0.768 
156      156    (0)    1 :  0.244 0.756 
157      157    (0)    1 :  0.238 0.762 
158      158    (0)    1 :  0.419 0.581 
159      159    (0)    1 :  0.619 0.381 
160      160    (0)    1 :  0.279 0.721 
161      161    (0)    1 :  0.691 0.309 
162      162    (0)    1 :  0.243 0.757 
163      163    (0)    1 :  0.478 0.522 
164      164    (0)    1 :  0.416 0.584 
165      165    (0)    1 :  0.614 0.386 
166      166    (0)    1 :  0.510 0.490 
167      167    (0)    1 :  0.328 0.672 
168      168    (0)    1 :  0.397 0.603 
169      169    (0)    1 :  0.623 0.377 
170      170    (0)    1 :  0.616 0.384 
171      171    (0)    1 :  0.359 0.641 
172      172    (0)    1 :  0.348 0.652 
173      173    (0)    1 :  0.352 0.648 
174      174    (0)    1 :  0.366 0.634 
175      175    (0)    1 :  0.427 0.573 
176      176    (0)    1 :  0.254 0.746 
177      177    (0)    1 :  0.562 0.438 
178      178    (0)    1 :  0.287 0.713 
179      179    (0)    1 :  0.668 0.332 
180      180    (0)    1 :  0.629 0.371 
181      181    (0)    1 :  0.510 0.490 
182      182    (0)    1 :  0.383 0.617 
183      183    (0)    1 :  0.471 0.529 
184      184    (0)    1 :  0.255 0.745 
185      185    (0)    1 :  0.304 0.696 
186      186    (0)    1 :  0.206 0.794 
187      187    (0)    1 :  0.397 0.603 
188      188    (0)    1 :  0.525 0.475 
189      189    (0)    1 :  0.504 0.496 
190      190    (0)    1 :  0.222 0.778 
191      191    (0)    1 :  0.482 0.518 
192      192    (0)    1 :  0.377 0.623 
193      193    (0)    1 :  0.234 0.766 
194      194    (0)    1 :  0.149 0.851 
195      195    (0)    1 :  0.787 0.213 
196      196    (0)    1 :  0.596 0.404 
197      197    (0)    1 :  0.460 0.540 
198      198    (0)    1 :  0.406 0.594 
199      199    (0)    1 :  0.254 0.746 
200      200    (0)    1 :  0.623 0.377 
201      201    (0)    1 :  0.129 0.871 
202      202    (0)    1 :  0.251 0.749 
203      203    (0)    1 :  0.461 0.539 
204      204    (5)    1 :  0.312 0.688 
205      205    (0)    1 :  0.856 0.144 


Estimated Allele Frequencies in each cluster
First column gives estimated ancestral frequencies


Locus 1 : 
4 alleles
0.5% missing data
 140   (0.410) 0.410 0.481 
 136   (0.320) 0.320 0.354 
 138   (0.069) 0.067 0.080 
 142   (0.201) 0.203 0.086 

Locus 2 : 
4 alleles
0.0% missing data
 173   (0.050) 0.050 0.014 
 177   (0.638) 0.641 0.622 
 175   (0.263) 0.261 0.356 
 171   (0.049) 0.049 0.009 

Locus 3 : 
9 alleles
0.5% missing data
 152   (0.321) 0.322 0.496 
 150   (0.037) 0.037 0.005 
 154   (0.235) 0.238 0.190 
 156   (0.225) 0.226 0.245 
 162   (0.039) 0.038 0.011 
 148   (0.090) 0.091 0.039 
 160   (0.014) 0.013 0.001 
 158   (0.029) 0.028 0.011 
 164   (0.010) 0.008 0.001 

Locus 4 : 
4 alleles
1.0% missing data
 185   (0.296) 0.293 0.523 
 189   (0.537) 0.542 0.406 
 193   (0.116) 0.117 0.035 
 187   (0.051) 0.049 0.037 

Locus 5 : 
13 alleles
0.5% missing data
 149   (0.183) 0.185 0.200 
 156   (0.167) 0.169 0.184 
 158   (0.047) 0.046 0.016 
 160   (0.150) 0.148 0.361 
 162   (0.185) 0.187 0.158 
 177   (0.010) 0.008 0.001 
 164   (0.079) 0.079 0.035 
 153   (0.051) 0.051 0.016 
 151   (0.068) 0.068 0.022 
 166   (0.029) 0.029 0.004 
 175   (0.013) 0.012 0.001 
 144   (0.009) 0.008 0.001 
 169   (0.010) 0.008 0.001 

Locus 6 : 
7 alleles
0.0% missing data
 169   (0.195) 0.195 0.195 
 173   (0.419) 0.424 0.306 
 175   (0.216) 0.215 0.390 
 177   (0.064) 0.061 0.084 
 167   (0.018) 0.017 0.003 
 171   (0.038) 0.039 0.003 
 179   (0.050) 0.049 0.019 

Locus 7 : 
7 alleles
0.5% missing data
 248   (0.164) 0.163 0.223 
 230   (0.136) 0.137 0.066 
 246   (0.383) 0.387 0.379 
 250   (0.192) 0.192 0.217 
 242   (0.088) 0.086 0.107 
 244   (0.028) 0.027 0.008 
 240   (0.010) 0.008 0.001 

Locus 8 : 
9 alleles
0.0% missing data
 147   (0.352) 0.357 0.350 
 152   (0.234) 0.234 0.341 
 154   (0.279) 0.282 0.263 
 156   (0.027) 0.026 0.008 
 163   (0.034) 0.033 0.011 
 150   (0.029) 0.029 0.002 
 158   (0.024) 0.022 0.023 
 165   (0.010) 0.008 0.001 
 167   (0.010) 0.008 0.001 

Locus 9 : 
8 alleles
0.5% missing data
 152   (0.134) 0.135 0.078 
 166   (0.021) 0.020 0.005 
 150   (0.458) 0.461 0.625 
 158   (0.085) 0.085 0.031 
 156   (0.077) 0.075 0.089 
 164   (0.096) 0.096 0.050 
 154   (0.117) 0.116 0.120 
 162   (0.013) 0.012 0.003 

Locus 10 : 
4 alleles
0.5% missing data
 170   (0.355) 0.354 0.495 
 172   (0.488) 0.492 0.373 
 173   (0.086) 0.085 0.053 
 168   (0.071) 0.069 0.079 

Locus 11 : 
4 alleles
0.0% missing data
 160   (0.606) 0.607 0.744 
 156   (0.236) 0.238 0.166 
 164   (0.095) 0.094 0.043 
 162   (0.063) 0.061 0.048 

Locus 12 : 
5 alleles
1.5% missing data
 186   (0.623) 0.625 0.754 
 190   (0.202) 0.202 0.157 
 188   (0.154) 0.155 0.087 
 191   (0.010) 0.009 0.001 
 184   (0.010) 0.009 0.001 

Locus 13 : 
13 alleles
3.9% missing data
 260   (0.146) 0.144 0.248 
 264   (0.129) 0.128 0.196 
 249   (0.213) 0.212 0.422 
 258   (0.059) 0.058 0.044 
 251   (0.117) 0.122 0.010 
 253   (0.019) 0.018 0.001 
 265   (0.064) 0.066 0.008 
 262   (0.134) 0.136 0.060 
 248   (0.056) 0.058 0.006 
 257   (0.019) 0.018 0.001 
 269   (0.015) 0.014 0.001 
 267   (0.015) 0.013 0.002 
 240   (0.015) 0.014 0.001 

Locus 14 : 
17 alleles
0.5% missing data
 222   (0.060) 0.058 0.186 
 234   (0.026) 0.024 0.020 
 226   (0.096) 0.094 0.258 
 238   (0.033) 0.033 0.005 
 218   (0.080) 0.078 0.140 
 232   (0.068) 0.071 0.006 
 216   (0.070) 0.073 0.006 
 214   (0.063) 0.060 0.142 
 220   (0.127) 0.134 0.015 
 230   (0.081) 0.079 0.149 
 236   (0.026) 0.025 0.002 
 210   (0.053) 0.052 0.029 
 224   (0.063) 0.064 0.012 
 228   (0.085) 0.088 0.016 
 240   (0.030) 0.030 0.003 
 244   (0.030) 0.029 0.011 
 212   (0.010) 0.008 0.000 

Locus 15 : 
9 alleles
0.5% missing data
 192   (0.326) 0.327 0.508 
 206   (0.014) 0.013 0.001 
 198   (0.132) 0.131 0.152 
 180   (0.100) 0.101 0.040 
 196   (0.151) 0.152 0.098 
 208   (0.141) 0.143 0.064 
 200   (0.053) 0.050 0.108 
 194   (0.071) 0.071 0.026 
 210   (0.013) 0.012 0.002 

Locus 16 : 
7 alleles
0.5% missing data
 204   (0.346) 0.350 0.353 
 206   (0.153) 0.152 0.228 
 210   (0.168) 0.170 0.076 
 208   (0.102) 0.101 0.117 
 212   (0.103) 0.102 0.111 
 202   (0.118) 0.117 0.115 
 200   (0.010) 0.008 0.000 

Locus 17 : 
4 alleles
1.5% missing data
 210   (0.598) 0.601 0.661 
 214   (0.248) 0.247 0.259 
 216   (0.069) 0.069 0.020 
 212   (0.085) 0.084 0.060 

Values of parameters used in structure:
DATAFILE=/home/martin/bottleneck/structure_analysis/structure_4/data_job_T2_3,	OUTFILE=/home/martin/bottleneck/structure_analysis/structure_4/structure_results/new_zealand_sea_lion/results_job_T2_3,	NUMINDS=205,	NUMLOCI=17,	MISSING=-9,	LABEL=1,	POPDATA=1,	POPFLAG=0,	PHENOTYPE=0,	EXTRACOLS=0,	MAXPOPS=2,	BURNIN=10000,	NUMREPS=100000,	USEPOPINFO=0,	INFERALPHA=1,	INFERLAMBDA=0,	POPSPECIFICLAMBDA=0,	POPALPHAS=0,	COMPUTEPROB=1,	NOADMIX=0,	ADMBURNIN=2500,	UPDATEFREQ=1,	PRINTLIKES=0,	INTERMEDSAVE=0,	PRINTKLD=0,	PRINTNET=0,	PRINTLAMBDA=0,	ANCESTDIST=0,	NUMBOXES=1000,	ANCESTPINT=0.90000,	GENSBACK=2,	MIGRPRIOR=0.05000,	PRINTQHAT=1,	PRINTQSUM=0,	ALPHA=1.0000,	FREQSCORR=1,	FPRIORMEAN=0.0100,	FPRIORSD=0.0500,	ONEFST=0,	LAMBDA=1.0000,	UNIFPRIORALPHA=1,	ALPHAMAX=10.0000,	ALPHAPRIORA=1.0000,	ALPHAPRIORB=2.0000,	ALPHAPROPSD=0.0250,	STARTATPOPINFO=0,	RANDOMIZE=1,	LINKAGE=0,	METROFREQ=10,	REPORTHITRATE=0,	MARKOVPHASE=-1,	PHASED=0,	PLOIDY=2,	PHASEINFO=0	LOCPRIOR=0, 	LOCPRIORINIT=1.000000, 	LOCDATA=0, 	LOCISPOP=0, 	LOCPRIORSTEP=0.100000, 	MAXLOCPRIOR=20.000000, 	SEED=1470647609,	
[STRAT parameters]:    NUMSIMSTATS=1000,	PHENOTYPECOL=-9,	POOLFREQ=10,	LOCUSxONLY=0,	EMERROR=0.00100,	MISSINGPHENO=-9,	