           1  1 0.1431 0.1441 0.1410 0.1435 0.1430 0.1431 0.1422 
           2  1 0.1414 0.1444 0.1466 0.1419 0.1407 0.1424 0.1426 
           3  1 0.1432 0.1428 0.1424 0.1411 0.1451 0.1430 0.1424 
           4  1 0.1444 0.1432 0.1420 0.1428 0.1421 0.1412 0.1444 
           5  1 0.1421 0.1420 0.1433 0.1438 0.1430 0.1424 0.1434 
           6  1 0.1439 0.1447 0.1427 0.1453 0.1389 0.1442 0.1401 
           7  1 0.1434 0.1417 0.1417 0.1438 0.1418 0.1434 0.1443 
           8  1 0.1420 0.1458 0.1406 0.1457 0.1405 0.1426 0.1428 
           9  1 0.1430 0.1419 0.1408 0.1456 0.1414 0.1438 0.1436 
          10  1 0.1433 0.1463 0.1395 0.1457 0.1374 0.1430 0.1447 
          11  1 0.1442 0.1465 0.1395 0.1436 0.1415 0.1428 0.1420 
          12  1 0.1433 0.1438 0.1391 0.1431 0.1430 0.1437 0.1440 
          13  1 0.1425 0.1419 0.1433 0.1423 0.1437 0.1441 0.1422 
          14  1 0.1441 0.1432 0.1405 0.1453 0.1431 0.1425 0.1413 
          15  1 0.1447 0.1430 0.1407 0.1414 0.1410 0.1460 0.1432 
          16  1 0.1419 0.1459 0.1391 0.1456 0.1406 0.1442 0.1427 
