

----------------------------------------------------
STRUCTURE by Pritchard, Stephens and Donnelly (2000)
     and Falush, Stephens and Pritchard (2003)
       Code by Pritchard, Falush and Hubisz
             Version 2.3.4 (Jul 2012)
----------------------------------------------------



Command line arguments:   /usr/local/bin/structure -m parameter_job_T7_2 
Input File:    /home/martin/bottleneck/structure_analysis/structure_4/data_job_T7_2

Run parameters:
   16 individuals
   17 loci
   7 populations assumed
   10000 Burn-in period
   100000 Reps


--------------------------------------------
Proportion of membership of each pre-defined
 population in each of the 7 clusters

Given    Inferred Clusters                                   Number of
 Pop       1      2      3      4      5      6      7      Individuals

  1:     0.143  0.143  0.144  0.145  0.141  0.143  0.140       16
--------------------------------------------

Allele-freq. divergence among pops (Net nucleotide distance),
computed using point estimates of P.

      1       2       3       4       5       6       7      
 1      -    0.0000  0.0000  0.0000  0.0000  0.0000  0.0001  
 2   0.0000     -    0.0000  0.0000  0.0000  0.0000  0.0000  
 3   0.0000  0.0000     -    0.0000  0.0000  0.0000  0.0000  
 4   0.0000  0.0000  0.0000     -    0.0000  0.0000  0.0001  
 5   0.0000  0.0000  0.0000  0.0000     -    0.0000  0.0000  
 6   0.0000  0.0000  0.0000  0.0000  0.0000     -    0.0000  
 7   0.0001  0.0000  0.0000  0.0001  0.0000  0.0000     -    

Average distances (expected heterozygosity) between individuals in same cluster:
cluster  1  : 0.7566 
cluster  2  : 0.7561 
cluster  3  : 0.7557 
cluster  4  : 0.7574 
cluster  5  : 0.7533 
cluster  6  : 0.7544 
cluster  7  : 0.7509 

--------------------------------------------
Estimated Ln Prob of Data   = -957.3
Mean value of ln likelihood = -911.9
Variance of ln likelihood   = 90.8
Mean value of alpha         = 1.7887

Mean value of Fst_1         = 0.0130
Mean value of Fst_2         = 0.0164
Mean value of Fst_3         = 0.0191
Mean value of Fst_4         = 0.0091
Mean value of Fst_5         = 0.0337
Mean value of Fst_6         = 0.0238
Mean value of Fst_7         = 0.0453


Inferred ancestry of individuals:
        Label (%Miss) Pop:  Inferred clusters
  1        1    (0)    1 :  0.144 0.141 0.142 0.139 0.145 0.143 0.145 
  2        2    (0)    1 :  0.140 0.143 0.142 0.147 0.146 0.144 0.138 
  3        3    (0)    1 :  0.143 0.143 0.140 0.142 0.142 0.142 0.147 
  4        4    (0)    1 :  0.139 0.144 0.148 0.143 0.146 0.141 0.140 
  5        5    (0)    1 :  0.142 0.143 0.144 0.146 0.140 0.146 0.139 
  6        6    (0)    1 :  0.145 0.145 0.147 0.149 0.137 0.143 0.134 
  7        7    (0)    1 :  0.144 0.142 0.146 0.141 0.144 0.142 0.141 
  8        8    (0)    1 :  0.142 0.145 0.143 0.147 0.142 0.143 0.137 
  9        9    (0)    1 :  0.144 0.142 0.143 0.149 0.138 0.145 0.139 
 10       10    (0)    1 :  0.144 0.146 0.149 0.148 0.135 0.144 0.133 
 11       11    (0)    1 :  0.143 0.143 0.145 0.145 0.141 0.143 0.139 
 12       12    (0)    1 :  0.141 0.142 0.145 0.142 0.143 0.144 0.144 
 13       13    (0)    1 :  0.143 0.143 0.139 0.145 0.141 0.143 0.146 
 14       14    (0)    1 :  0.146 0.145 0.144 0.144 0.140 0.146 0.135 
 15       15    (0)    1 :  0.147 0.141 0.147 0.149 0.138 0.141 0.137 
 16       16    (0)    1 :  0.146 0.143 0.144 0.148 0.136 0.143 0.139 


Estimated Allele Frequencies in each cluster
First column gives estimated ancestral frequencies


Locus 1 : 
7 alleles
0.0% missing data
 187   (0.201) 0.203 0.203 0.201 0.201 0.204 0.202 0.205 
 188   (0.183) 0.183 0.183 0.183 0.183 0.185 0.185 0.184 
 189   (0.242) 0.244 0.244 0.248 0.243 0.246 0.246 0.249 
 191   (0.161) 0.162 0.162 0.160 0.162 0.161 0.161 0.160 
 195   (0.054) 0.053 0.053 0.053 0.053 0.052 0.052 0.050 
 186   (0.078) 0.077 0.077 0.077 0.077 0.076 0.075 0.075 
 190   (0.080) 0.078 0.079 0.078 0.079 0.077 0.078 0.078 

Locus 2 : 
8 alleles
0.0% missing data
 114   (0.201) 0.202 0.205 0.203 0.201 0.206 0.202 0.206 
 124   (0.312) 0.315 0.314 0.319 0.315 0.320 0.317 0.323 
 120   (0.151) 0.151 0.152 0.151 0.152 0.152 0.154 0.152 
 116   (0.080) 0.079 0.078 0.078 0.079 0.076 0.079 0.075 
 122   (0.082) 0.081 0.081 0.081 0.081 0.079 0.079 0.078 
 126   (0.076) 0.075 0.075 0.073 0.075 0.073 0.074 0.073 
 132   (0.051) 0.050 0.049 0.049 0.050 0.048 0.049 0.047 
 110   (0.048) 0.047 0.047 0.047 0.048 0.046 0.047 0.045 

Locus 3 : 
7 alleles
0.0% missing data
 108   (0.444) 0.449 0.451 0.451 0.446 0.456 0.454 0.461 
  98   (0.083) 0.082 0.082 0.082 0.082 0.079 0.080 0.079 
 100   (0.135) 0.134 0.134 0.134 0.135 0.134 0.134 0.132 
 104   (0.079) 0.078 0.077 0.077 0.078 0.077 0.078 0.077 
 106   (0.052) 0.051 0.050 0.050 0.051 0.049 0.050 0.048 
 102   (0.110) 0.110 0.109 0.109 0.110 0.108 0.107 0.106 
  96   (0.098) 0.097 0.097 0.097 0.098 0.097 0.097 0.097 

Locus 4 : 
9 alleles
0.0% missing data
 132   (0.096) 0.096 0.096 0.096 0.096 0.095 0.093 0.096 
 142   (0.075) 0.075 0.075 0.074 0.075 0.073 0.073 0.072 
 134   (0.285) 0.288 0.289 0.289 0.288 0.294 0.296 0.296 
 157   (0.050) 0.049 0.049 0.048 0.049 0.047 0.047 0.046 
 156   (0.243) 0.245 0.245 0.245 0.244 0.247 0.247 0.251 
 154   (0.078) 0.078 0.078 0.077 0.077 0.076 0.076 0.076 
 140   (0.045) 0.043 0.043 0.043 0.044 0.043 0.044 0.041 
 150   (0.077) 0.077 0.076 0.077 0.077 0.076 0.076 0.074 
 148   (0.051) 0.050 0.049 0.049 0.050 0.049 0.049 0.047 

Locus 5 : 
11 alleles
0.0% missing data
 160   (0.069) 0.069 0.068 0.069 0.069 0.068 0.067 0.067 
 173   (0.088) 0.089 0.088 0.089 0.089 0.090 0.089 0.089 
 158   (0.069) 0.068 0.068 0.067 0.068 0.068 0.068 0.068 
 171   (0.046) 0.045 0.045 0.044 0.045 0.044 0.043 0.043 
 146   (0.071) 0.070 0.070 0.069 0.071 0.069 0.070 0.069 
 152   (0.307) 0.310 0.313 0.317 0.309 0.317 0.317 0.321 
 150   (0.116) 0.116 0.116 0.116 0.116 0.116 0.117 0.119 
 164   (0.074) 0.073 0.074 0.073 0.073 0.072 0.072 0.072 
 178   (0.068) 0.067 0.067 0.067 0.067 0.066 0.067 0.066 
 156   (0.046) 0.045 0.045 0.044 0.045 0.043 0.044 0.043 
 180   (0.048) 0.047 0.046 0.046 0.047 0.045 0.045 0.044 

Locus 6 : 
10 alleles
0.0% missing data
 188   (0.140) 0.141 0.141 0.142 0.140 0.143 0.142 0.144 
 204   (0.116) 0.116 0.117 0.117 0.116 0.118 0.118 0.118 
 190   (0.195) 0.197 0.198 0.196 0.196 0.200 0.197 0.201 
 196   (0.073) 0.073 0.073 0.072 0.073 0.072 0.072 0.072 
 194   (0.182) 0.184 0.184 0.186 0.184 0.186 0.186 0.188 
 198   (0.075) 0.074 0.074 0.074 0.074 0.073 0.074 0.072 
 192   (0.051) 0.050 0.049 0.049 0.050 0.047 0.048 0.047 
 200   (0.071) 0.071 0.071 0.070 0.071 0.069 0.071 0.069 
 202   (0.049) 0.048 0.048 0.047 0.048 0.047 0.047 0.046 
 208   (0.047) 0.047 0.046 0.046 0.047 0.045 0.046 0.045 

Locus 7 : 
4 alleles
0.0% missing data
 186   (0.589) 0.590 0.590 0.590 0.590 0.591 0.591 0.596 
 188   (0.267) 0.267 0.268 0.268 0.267 0.270 0.269 0.269 
 184   (0.059) 0.058 0.057 0.057 0.059 0.056 0.057 0.054 
 190   (0.085) 0.084 0.084 0.084 0.085 0.083 0.083 0.081 

Locus 8 : 
6 alleles
0.0% missing data
 200   (0.296) 0.299 0.298 0.296 0.297 0.297 0.298 0.300 
 222   (0.191) 0.190 0.193 0.191 0.190 0.191 0.189 0.192 
 220   (0.150) 0.150 0.149 0.149 0.150 0.151 0.151 0.151 
 208   (0.106) 0.105 0.105 0.104 0.105 0.104 0.104 0.104 
 218   (0.203) 0.203 0.203 0.207 0.204 0.205 0.207 0.204 
 214   (0.054) 0.052 0.053 0.053 0.053 0.051 0.051 0.049 

Locus 9 : 
15 alleles
0.0% missing data
 141   (0.044) 0.043 0.043 0.043 0.043 0.042 0.042 0.043 
 153   (0.107) 0.108 0.109 0.109 0.108 0.110 0.108 0.110 
 129   (0.124) 0.125 0.126 0.127 0.125 0.130 0.127 0.131 
 155   (0.105) 0.106 0.106 0.108 0.106 0.108 0.108 0.109 
 161   (0.061) 0.061 0.061 0.061 0.061 0.061 0.061 0.061 
 163   (0.067) 0.067 0.067 0.067 0.067 0.067 0.066 0.066 
 157   (0.083) 0.084 0.084 0.084 0.084 0.085 0.084 0.086 
 151   (0.064) 0.064 0.064 0.064 0.064 0.064 0.064 0.063 
 147   (0.062) 0.062 0.061 0.062 0.062 0.061 0.063 0.061 
 143   (0.045) 0.045 0.045 0.044 0.045 0.043 0.044 0.043 
 171   (0.044) 0.043 0.043 0.042 0.043 0.041 0.043 0.042 
 145   (0.043) 0.042 0.042 0.042 0.042 0.042 0.043 0.041 
 169   (0.042) 0.042 0.042 0.041 0.042 0.041 0.041 0.041 
 159   (0.067) 0.066 0.066 0.066 0.067 0.066 0.066 0.066 
 167   (0.042) 0.041 0.041 0.040 0.041 0.040 0.041 0.039 

Locus 10 : 
7 alleles
0.0% missing data
 110   (0.204) 0.205 0.206 0.207 0.205 0.206 0.202 0.207 
 118   (0.458) 0.462 0.463 0.462 0.460 0.468 0.468 0.474 
 120   (0.103) 0.103 0.102 0.103 0.103 0.103 0.102 0.101 
 116   (0.077) 0.076 0.077 0.076 0.077 0.075 0.076 0.074 
 114   (0.058) 0.056 0.056 0.056 0.057 0.054 0.055 0.053 
 106   (0.050) 0.049 0.049 0.048 0.049 0.047 0.048 0.046 
 112   (0.050) 0.048 0.048 0.048 0.049 0.047 0.048 0.046 

Locus 11 : 
4 alleles
0.0% missing data
 107   (0.387) 0.388 0.389 0.391 0.388 0.392 0.388 0.388 
 105   (0.465) 0.466 0.467 0.464 0.466 0.468 0.469 0.473 
 109   (0.087) 0.086 0.085 0.086 0.086 0.083 0.084 0.082 
 103   (0.061) 0.060 0.059 0.059 0.060 0.058 0.059 0.056 

Locus 12 : 
8 alleles
0.0% missing data
 187   (0.102) 0.102 0.102 0.102 0.102 0.102 0.101 0.102 
 177   (0.080) 0.078 0.078 0.077 0.079 0.077 0.079 0.076 
 185   (0.289) 0.292 0.294 0.294 0.292 0.297 0.292 0.298 
 179   (0.123) 0.123 0.123 0.122 0.122 0.123 0.123 0.123 
 189   (0.081) 0.080 0.080 0.079 0.080 0.078 0.079 0.078 
 171   (0.206) 0.207 0.206 0.207 0.206 0.207 0.208 0.208 
 173   (0.072) 0.071 0.070 0.071 0.071 0.070 0.070 0.069 
 167   (0.049) 0.048 0.048 0.048 0.048 0.047 0.048 0.046 

Locus 13 : 
6 alleles
0.0% missing data
 139   (0.445) 0.448 0.449 0.448 0.448 0.453 0.453 0.454 
 141   (0.136) 0.136 0.135 0.136 0.136 0.135 0.134 0.135 
 149   (0.210) 0.210 0.210 0.211 0.210 0.210 0.211 0.212 
 137   (0.105) 0.104 0.104 0.104 0.104 0.103 0.102 0.103 
 143   (0.052) 0.051 0.050 0.051 0.051 0.049 0.050 0.048 
 147   (0.052) 0.051 0.051 0.051 0.051 0.049 0.050 0.049 

Locus 14 : 
5 alleles
0.0% missing data
 161   (0.779) 0.784 0.785 0.784 0.782 0.792 0.789 0.797 
 165   (0.059) 0.058 0.058 0.058 0.058 0.056 0.056 0.055 
 169   (0.054) 0.053 0.053 0.053 0.054 0.051 0.052 0.050 
 171   (0.051) 0.050 0.050 0.050 0.051 0.049 0.049 0.047 
 167   (0.056) 0.054 0.054 0.055 0.055 0.052 0.054 0.052 

Locus 15 : 
10 alleles
0.0% missing data
 135   (0.096) 0.097 0.096 0.096 0.097 0.096 0.097 0.097 
 141   (0.260) 0.264 0.263 0.265 0.263 0.268 0.265 0.270 
 145   (0.095) 0.095 0.094 0.095 0.095 0.096 0.096 0.094 
 151   (0.071) 0.071 0.070 0.070 0.071 0.070 0.069 0.069 
 153   (0.099) 0.099 0.100 0.098 0.099 0.098 0.099 0.099 
 139   (0.129) 0.130 0.131 0.132 0.129 0.133 0.133 0.135 
 143   (0.075) 0.075 0.074 0.074 0.074 0.072 0.073 0.071 
 149   (0.052) 0.051 0.051 0.051 0.051 0.050 0.050 0.049 
 157   (0.050) 0.049 0.049 0.048 0.049 0.047 0.048 0.046 
 147   (0.072) 0.071 0.071 0.071 0.071 0.071 0.070 0.070 

Locus 16 : 
7 alleles
0.0% missing data
 154   (0.331) 0.332 0.334 0.338 0.332 0.338 0.337 0.339 
 156   (0.330) 0.333 0.333 0.331 0.332 0.336 0.332 0.338 
 174   (0.053) 0.052 0.052 0.051 0.053 0.050 0.051 0.050 
 177   (0.082) 0.081 0.081 0.080 0.081 0.079 0.080 0.078 
 158   (0.081) 0.080 0.080 0.079 0.080 0.078 0.080 0.078 
 152   (0.075) 0.074 0.074 0.074 0.074 0.072 0.073 0.071 
 169   (0.048) 0.048 0.047 0.047 0.048 0.046 0.047 0.045 

Locus 17 : 
6 alleles
0.0% missing data
 117   (0.383) 0.386 0.387 0.388 0.384 0.389 0.390 0.395 
 123   (0.126) 0.125 0.125 0.127 0.126 0.126 0.126 0.124 
 133   (0.150) 0.150 0.149 0.150 0.150 0.150 0.150 0.150 
 119   (0.203) 0.204 0.204 0.201 0.203 0.202 0.200 0.200 
 125   (0.055) 0.054 0.054 0.053 0.054 0.051 0.052 0.051 
 121   (0.083) 0.082 0.082 0.082 0.082 0.082 0.082 0.080 

Values of parameters used in structure:
DATAFILE=/home/martin/bottleneck/structure_analysis/structure_4/data_job_T7_2,	OUTFILE=/home/martin/bottleneck/structure_analysis/structure_4/structure_results/lagoda_ringed_seal/results_job_T7_2,	NUMINDS=16,	NUMLOCI=17,	MISSING=-9,	LABEL=1,	POPDATA=1,	POPFLAG=0,	PHENOTYPE=0,	EXTRACOLS=0,	MAXPOPS=7,	BURNIN=10000,	NUMREPS=100000,	USEPOPINFO=0,	INFERALPHA=1,	INFERLAMBDA=0,	POPSPECIFICLAMBDA=0,	POPALPHAS=0,	COMPUTEPROB=1,	NOADMIX=0,	ADMBURNIN=2500,	UPDATEFREQ=1,	PRINTLIKES=0,	INTERMEDSAVE=0,	PRINTKLD=0,	PRINTNET=0,	PRINTLAMBDA=0,	ANCESTDIST=0,	NUMBOXES=1000,	ANCESTPINT=0.90000,	GENSBACK=2,	MIGRPRIOR=0.05000,	PRINTQHAT=1,	PRINTQSUM=0,	ALPHA=1.0000,	FREQSCORR=1,	FPRIORMEAN=0.0100,	FPRIORSD=0.0500,	ONEFST=0,	LAMBDA=1.0000,	UNIFPRIORALPHA=1,	ALPHAMAX=10.0000,	ALPHAPRIORA=1.0000,	ALPHAPRIORB=2.0000,	ALPHAPROPSD=0.0250,	STARTATPOPINFO=0,	RANDOMIZE=1,	LINKAGE=0,	METROFREQ=10,	REPORTHITRATE=0,	MARKOVPHASE=-1,	PHASED=0,	PLOIDY=2,	PHASEINFO=0	LOCPRIOR=0, 	LOCPRIORINIT=1.000000, 	LOCDATA=0, 	LOCISPOP=0, 	LOCPRIORSTEP=0.100000, 	MAXLOCPRIOR=20.000000, 	SEED=1470666223,	
[STRAT parameters]:    NUMSIMSTATS=1000,	PHENOTYPECOL=-9,	POOLFREQ=10,	LOCUSxONLY=0,	EMERROR=0.00100,	MISSINGPHENO=-9,	