           1  1 0.2495 0.2495 0.2487 0.2523 
           2  1 0.2516 0.2512 0.2497 0.2475 
           3  1 0.2497 0.2496 0.2524 0.2484 
           4  1 0.2477 0.2491 0.2510 0.2522 
           5  1 0.2519 0.2506 0.2496 0.2480 
           6  1 0.2482 0.2540 0.2485 0.2493 
           7  1 0.2504 0.2530 0.2494 0.2471 
           8  1 0.2517 0.2495 0.2481 0.2507 
           9  1 0.2494 0.2518 0.2494 0.2494 
          10  1 0.2493 0.2580 0.2453 0.2475 
          11  1 0.2537 0.2510 0.2476 0.2477 
          12  1 0.2503 0.2532 0.2473 0.2492 
          13  1 0.2477 0.2493 0.2545 0.2486 
          14  1 0.2511 0.2523 0.2491 0.2476 
          15  1 0.2512 0.2526 0.2483 0.2479 
          16  1 0.2492 0.2554 0.2481 0.2474 
