

----------------------------------------------------
STRUCTURE by Pritchard, Stephens and Donnelly (2000)
     and Falush, Stephens and Pritchard (2003)
       Code by Pritchard, Falush and Hubisz
             Version 2.3.4 (Jul 2012)
----------------------------------------------------



Command line arguments:   /usr/local/bin/structure -m parameter_job_T6_2 
Input File:    /home/martin/bottleneck/structure_analysis/structure_4/data_job_T6_2

Run parameters:
   109 individuals
   16 loci
   6 populations assumed
   10000 Burn-in period
   100000 Reps


--------------------------------------------
Proportion of membership of each pre-defined
 population in each of the 6 clusters

Given    Inferred Clusters                            Number of
 Pop       1      2      3      4      5      6      Individuals

  1:     0.167  0.167  0.166  0.168  0.166  0.167      109
--------------------------------------------

Allele-freq. divergence among pops (Net nucleotide distance),
computed using point estimates of P.

      1       2       3       4       5       6      
 1      -    0.0001  0.0000  0.0002  0.0002  0.0000  
 2   0.0001     -    0.0001  0.0003  0.0001  0.0001  
 3   0.0000  0.0001     -    0.0004  0.0003  0.0000  
 4   0.0002  0.0003  0.0004     -    0.0003  0.0002  
 5   0.0002  0.0001  0.0003  0.0003     -    0.0002  
 6   0.0000  0.0001  0.0000  0.0002  0.0002     -    

Average distances (expected heterozygosity) between individuals in same cluster:
cluster  1  : 0.3999 
cluster  2  : 0.3956 
cluster  3  : 0.4023 
cluster  4  : 0.3881 
cluster  5  : 0.3916 
cluster  6  : 0.3982 

--------------------------------------------
Estimated Ln Prob of Data   = -1861.1
Mean value of ln likelihood = -1454.8
Variance of ln likelihood   = 812.7
Mean value of alpha         = 0.2809

Mean value of Fst_1         = 0.0737
Mean value of Fst_2         = 0.1077
Mean value of Fst_3         = 0.0697
Mean value of Fst_4         = 0.1293
Mean value of Fst_5         = 0.1169
Mean value of Fst_6         = 0.0923


Inferred ancestry of individuals:
        Label (%Miss) Pop:  Inferred clusters
  1        1   (21)    1 :  0.172 0.175 0.157 0.157 0.182 0.158 
  2        2   (93)    1 :  0.164 0.167 0.166 0.167 0.169 0.167 
  3        3   (15)    1 :  0.172 0.161 0.179 0.162 0.168 0.158 
  4        4   (18)    1 :  0.166 0.176 0.166 0.164 0.162 0.166 
  5        5    (9)    1 :  0.159 0.178 0.156 0.167 0.169 0.171 
  6        6    (0)    1 :  0.167 0.168 0.168 0.177 0.152 0.168 
  7        7   (25)    1 :  0.158 0.177 0.175 0.159 0.162 0.169 
  8        8    (6)    1 :  0.167 0.168 0.162 0.171 0.160 0.173 
  9        9    (9)    1 :  0.163 0.162 0.170 0.164 0.160 0.181 
 10       10   (18)    1 :  0.162 0.170 0.181 0.163 0.162 0.163 
 11       11    (0)    1 :  0.160 0.168 0.157 0.193 0.159 0.162 
 12       12    (6)    1 :  0.163 0.170 0.168 0.172 0.163 0.164 
 13       13    (9)    1 :  0.171 0.166 0.167 0.178 0.154 0.164 
 14       14    (0)    1 :  0.156 0.164 0.161 0.181 0.169 0.170 
 15       15    (9)    1 :  0.175 0.158 0.177 0.162 0.165 0.162 
 16       16    (0)    1 :  0.165 0.168 0.166 0.171 0.162 0.167 
 17       17    (9)    1 :  0.162 0.173 0.181 0.160 0.151 0.172 
 18       18   (15)    1 :  0.171 0.182 0.166 0.168 0.164 0.149 
 19       19    (9)    1 :  0.166 0.171 0.154 0.170 0.171 0.168 
 20       20    (9)    1 :  0.157 0.169 0.162 0.184 0.164 0.164 
 21       21    (6)    1 :  0.158 0.165 0.168 0.164 0.159 0.186 
 22       22   (15)    1 :  0.160 0.184 0.172 0.152 0.160 0.173 
 23       23    (6)    1 :  0.165 0.170 0.171 0.163 0.158 0.173 
 24       24    (0)    1 :  0.170 0.170 0.172 0.165 0.166 0.158 
 25       25   (15)    1 :  0.163 0.157 0.155 0.162 0.191 0.172 
 26       26   (25)    1 :  0.163 0.168 0.179 0.166 0.161 0.163 
 27       27    (6)    1 :  0.160 0.163 0.161 0.168 0.178 0.171 
 28       28    (9)    1 :  0.170 0.172 0.164 0.176 0.157 0.161 
 29       29    (0)    1 :  0.170 0.170 0.182 0.162 0.156 0.159 
 30       30    (9)    1 :  0.161 0.175 0.165 0.170 0.167 0.161 
 31       31   (21)    1 :  0.161 0.174 0.162 0.179 0.161 0.163 
 32       32    (0)    1 :  0.165 0.164 0.173 0.163 0.174 0.162 
 33       33    (0)    1 :  0.170 0.172 0.171 0.162 0.162 0.163 
 34       34   (15)    1 :  0.161 0.169 0.171 0.173 0.164 0.162 
 35       35   (12)    1 :  0.168 0.168 0.172 0.159 0.166 0.167 
 36       36   (15)    1 :  0.161 0.169 0.179 0.168 0.164 0.159 
 37       37    (6)    1 :  0.166 0.174 0.166 0.156 0.159 0.179 
 38       38   (37)    1 :  0.174 0.176 0.170 0.158 0.156 0.166 
 39       39   (81)    1 :  0.172 0.155 0.155 0.179 0.166 0.173 
 40       40   (18)    1 :  0.166 0.168 0.173 0.160 0.165 0.168 
 41       41    (0)    1 :  0.167 0.166 0.170 0.162 0.170 0.166 
 42       42   (15)    1 :  0.167 0.162 0.159 0.181 0.161 0.170 
 43       43   (25)    1 :  0.167 0.161 0.151 0.202 0.157 0.162 
 44       44   (18)    1 :  0.166 0.161 0.146 0.203 0.160 0.165 
 45       45   (31)    1 :  0.157 0.169 0.152 0.165 0.183 0.174 
 46       46   (37)    1 :  0.170 0.170 0.151 0.169 0.179 0.161 
 47       47   (25)    1 :  0.168 0.182 0.170 0.156 0.168 0.156 
 48       48   (25)    1 :  0.164 0.173 0.162 0.166 0.169 0.166 
 49       49   (75)    1 :  0.173 0.158 0.164 0.168 0.171 0.167 
 50       50   (37)    1 :  0.162 0.172 0.161 0.163 0.158 0.183 
 51       51   (93)    1 :  0.165 0.166 0.168 0.165 0.170 0.166 
 52       52   (93)    1 :  0.166 0.169 0.164 0.166 0.170 0.165 
 53       53    (9)    1 :  0.163 0.179 0.156 0.180 0.161 0.161 
 54       54   (75)    1 :  0.170 0.163 0.159 0.170 0.172 0.167 
 55       55   (56)    1 :  0.165 0.165 0.162 0.171 0.170 0.167 
 56       56    (0)    1 :  0.156 0.172 0.171 0.176 0.153 0.172 
 57       57   (15)    1 :  0.171 0.176 0.140 0.166 0.184 0.163 
 58       58   (18)    1 :  0.166 0.162 0.160 0.176 0.167 0.169 
 59       59   (56)    1 :  0.168 0.164 0.168 0.167 0.168 0.165 
 60       60   (31)    1 :  0.171 0.171 0.176 0.160 0.162 0.160 
 61       61   (81)    1 :  0.172 0.165 0.188 0.149 0.161 0.164 
 62       62   (43)    1 :  0.176 0.169 0.182 0.152 0.154 0.167 
 63       63   (93)    1 :  0.165 0.166 0.168 0.169 0.166 0.167 
 64       64   (75)    1 :  0.168 0.155 0.162 0.160 0.186 0.169 
 65       65   (81)    1 :  0.167 0.156 0.161 0.165 0.188 0.162 
 66       66   (75)    1 :  0.160 0.172 0.162 0.178 0.162 0.165 
 67       67   (75)    1 :  0.169 0.171 0.165 0.167 0.166 0.162 
 68       68   (68)    1 :  0.158 0.177 0.177 0.164 0.160 0.166 
 69       69   (37)    1 :  0.162 0.176 0.175 0.168 0.156 0.163 
 70       70   (93)    1 :  0.167 0.170 0.170 0.167 0.163 0.163 
 71       71   (93)    1 :  0.169 0.159 0.158 0.163 0.186 0.166 
 72       72   (75)    1 :  0.170 0.162 0.156 0.170 0.172 0.170 
 73       73   (93)    1 :  0.166 0.170 0.172 0.162 0.164 0.166 
 74       74    (0)    1 :  0.168 0.166 0.170 0.176 0.159 0.161 
 75       75    (9)    1 :  0.159 0.186 0.155 0.165 0.164 0.170 
 76       76    (6)    1 :  0.156 0.182 0.163 0.172 0.167 0.160 
 77       77    (0)    1 :  0.161 0.169 0.166 0.160 0.172 0.171 
 78       78   (87)    1 :  0.170 0.163 0.165 0.170 0.167 0.165 
 79       79    (6)    1 :  0.175 0.174 0.184 0.148 0.150 0.170 
 80       80    (0)    1 :  0.159 0.166 0.155 0.176 0.156 0.188 
 81       81   (31)    1 :  0.166 0.164 0.175 0.162 0.166 0.167 
 82       82    (0)    1 :  0.162 0.168 0.167 0.187 0.151 0.165 
 83       83   (18)    1 :  0.171 0.161 0.149 0.182 0.165 0.172 
 84       84    (9)    1 :  0.159 0.180 0.163 0.158 0.177 0.164 
 85       85   (37)    1 :  0.169 0.160 0.153 0.182 0.169 0.168 
 86       86   (18)    1 :  0.165 0.173 0.164 0.154 0.173 0.171 
 87       87   (21)    1 :  0.176 0.157 0.174 0.157 0.171 0.165 
 88       88   (87)    1 :  0.178 0.159 0.173 0.155 0.163 0.172 
 89       89   (25)    1 :  0.175 0.162 0.184 0.148 0.163 0.169 
 90       90   (25)    1 :  0.182 0.147 0.182 0.151 0.162 0.176 
 91       91   (25)    1 :  0.172 0.159 0.184 0.156 0.172 0.157 
 92       92   (37)    1 :  0.177 0.160 0.178 0.145 0.175 0.164 
 93       93   (25)    1 :  0.164 0.164 0.159 0.177 0.159 0.177 
 94       94   (34)    1 :  0.165 0.170 0.157 0.181 0.164 0.162 
 95       95   (18)    1 :  0.160 0.170 0.159 0.181 0.155 0.175 
 96       96   (31)    1 :  0.163 0.157 0.153 0.177 0.177 0.174 
 97       97   (37)    1 :  0.159 0.162 0.156 0.174 0.170 0.179 
 98       98   (18)    1 :  0.176 0.159 0.170 0.187 0.153 0.155 
 99       99   (25)    1 :  0.170 0.160 0.172 0.177 0.159 0.162 
100      100   (31)    1 :  0.183 0.160 0.172 0.162 0.157 0.167 
101      101   (75)    1 :  0.168 0.161 0.162 0.174 0.171 0.164 
102      102   (37)    1 :  0.169 0.161 0.163 0.169 0.171 0.167 
103      103   (25)    1 :  0.168 0.182 0.179 0.149 0.161 0.160 
104      104   (28)    1 :  0.170 0.164 0.164 0.178 0.159 0.165 
105      105   (31)    1 :  0.172 0.167 0.180 0.148 0.170 0.163 
106      106   (68)    1 :  0.174 0.155 0.156 0.170 0.177 0.169 
107      107   (81)    1 :  0.171 0.151 0.152 0.164 0.194 0.168 
108      108   (93)    1 :  0.160 0.177 0.176 0.161 0.160 0.166 
109      109   (81)    1 :  0.171 0.168 0.167 0.172 0.158 0.164 


Estimated Allele Frequencies in each cluster
First column gives estimated ancestral frequencies


Locus 1 : 
5 alleles
22.9% missing data
 144   (0.804) 0.831 0.845 0.830 0.851 0.848 0.834 
 158   (0.111) 0.103 0.098 0.103 0.096 0.095 0.103 
 154   (0.049) 0.042 0.037 0.043 0.034 0.037 0.042 
 160   (0.018) 0.012 0.010 0.012 0.009 0.010 0.010 
 164   (0.018) 0.012 0.010 0.012 0.009 0.010 0.011 

Locus 2 : 
2 alleles
36.7% missing data
 119   (0.597) 0.597 0.598 0.599 0.596 0.593 0.604 
 117   (0.403) 0.403 0.402 0.401 0.404 0.407 0.396 

Locus 3 : 
3 alleles
26.1% missing data
 140   (0.905) 0.920 0.924 0.919 0.922 0.927 0.922 
 148   (0.076) 0.067 0.065 0.068 0.067 0.062 0.066 
 142   (0.019) 0.013 0.011 0.013 0.011 0.011 0.011 

Locus 4 : 
2 alleles
21.1% missing data
 166   (0.356) 0.341 0.346 0.350 0.324 0.324 0.340 
 160   (0.644) 0.659 0.654 0.650 0.676 0.676 0.660 

Locus 5 : 
2 alleles
17.4% missing data
 154   (0.833) 0.847 0.844 0.835 0.859 0.858 0.844 
 156   (0.167) 0.153 0.156 0.165 0.141 0.142 0.156 

Locus 6 : 
3 alleles
26.6% missing data
 197   (0.917) 0.934 0.941 0.933 0.947 0.943 0.940 
 199   (0.034) 0.027 0.023 0.026 0.022 0.022 0.024 
 212   (0.048) 0.039 0.035 0.041 0.032 0.034 0.036 

Locus 7 : 
3 alleles
19.3% missing data
 227   (0.826) 0.834 0.844 0.838 0.844 0.836 0.834 
 231   (0.131) 0.125 0.120 0.124 0.119 0.119 0.128 
 210   (0.043) 0.041 0.035 0.038 0.037 0.044 0.038 

Locus 8 : 
4 alleles
12.8% missing data
  87   (0.504) 0.517 0.499 0.503 0.519 0.532 0.512 
  99   (0.160) 0.165 0.184 0.178 0.157 0.164 0.169 
  95   (0.314) 0.302 0.305 0.303 0.312 0.291 0.304 
  91   (0.021) 0.016 0.013 0.016 0.012 0.013 0.015 

Locus 9 : 
3 alleles
37.6% missing data
 118   (0.440) 0.445 0.458 0.449 0.412 0.452 0.440 
 124   (0.460) 0.466 0.459 0.460 0.507 0.464 0.475 
 120   (0.100) 0.090 0.083 0.091 0.081 0.084 0.085 

Locus 10 : 
3 alleles
26.1% missing data
 222   (0.821) 0.846 0.855 0.845 0.865 0.856 0.849 
 220   (0.136) 0.121 0.116 0.122 0.109 0.114 0.121 
 232   (0.042) 0.033 0.029 0.034 0.027 0.029 0.031 

Locus 11 : 
2 alleles
25.7% missing data
 122   (0.654) 0.659 0.655 0.660 0.673 0.647 0.658 
 124   (0.346) 0.341 0.345 0.340 0.327 0.353 0.342 

Locus 12 : 
2 alleles
56.0% missing data
 106   (0.900) 0.901 0.895 0.898 0.900 0.895 0.898 
 100   (0.100) 0.099 0.105 0.102 0.100 0.105 0.102 

Locus 13 : 
2 alleles
60.6% missing data
 104   (0.585) 0.599 0.610 0.597 0.612 0.623 0.599 
 100   (0.415) 0.401 0.390 0.403 0.388 0.377 0.401 

Locus 14 : 
4 alleles
43.6% missing data
 100   (0.377) 0.351 0.341 0.355 0.331 0.336 0.354 
 104   (0.356) 0.381 0.403 0.381 0.392 0.410 0.392 
 106   (0.224) 0.232 0.225 0.230 0.247 0.223 0.222 
 102   (0.043) 0.035 0.031 0.034 0.031 0.031 0.032 

Locus 15 : 
4 alleles
23.9% missing data
 144   (0.661) 0.689 0.695 0.686 0.708 0.705 0.692 
 146   (0.018) 0.012 0.010 0.013 0.010 0.011 0.011 
 148   (0.207) 0.198 0.205 0.202 0.197 0.189 0.200 
 150   (0.114) 0.100 0.090 0.099 0.085 0.096 0.097 

Locus 16 : 
3 alleles
58.7% missing data
 167   (0.433) 0.422 0.416 0.423 0.438 0.410 0.419 
 183   (0.374) 0.400 0.410 0.397 0.392 0.419 0.401 
 165   (0.192) 0.179 0.174 0.180 0.170 0.170 0.180 

Values of parameters used in structure:
DATAFILE=/home/martin/bottleneck/structure_analysis/structure_4/data_job_T6_2,	OUTFILE=/home/martin/bottleneck/structure_analysis/structure_4/structure_results/mediterranean_monk_seal/results_job_T6_2,	NUMINDS=109,	NUMLOCI=16,	MISSING=-9,	LABEL=1,	POPDATA=1,	POPFLAG=0,	PHENOTYPE=0,	EXTRACOLS=0,	MAXPOPS=6,	BURNIN=10000,	NUMREPS=100000,	USEPOPINFO=0,	INFERALPHA=1,	INFERLAMBDA=0,	POPSPECIFICLAMBDA=0,	POPALPHAS=0,	COMPUTEPROB=1,	NOADMIX=0,	ADMBURNIN=2500,	UPDATEFREQ=1,	PRINTLIKES=0,	INTERMEDSAVE=0,	PRINTKLD=0,	PRINTNET=0,	PRINTLAMBDA=0,	ANCESTDIST=0,	NUMBOXES=1000,	ANCESTPINT=0.90000,	GENSBACK=2,	MIGRPRIOR=0.05000,	PRINTQHAT=1,	PRINTQSUM=0,	ALPHA=1.0000,	FREQSCORR=1,	FPRIORMEAN=0.0100,	FPRIORSD=0.0500,	ONEFST=0,	LAMBDA=1.0000,	UNIFPRIORALPHA=1,	ALPHAMAX=10.0000,	ALPHAPRIORA=1.0000,	ALPHAPRIORB=2.0000,	ALPHAPROPSD=0.0250,	STARTATPOPINFO=0,	RANDOMIZE=1,	LINKAGE=0,	METROFREQ=10,	REPORTHITRATE=0,	MARKOVPHASE=-1,	PHASED=0,	PLOIDY=2,	PHASEINFO=0	LOCPRIOR=0, 	LOCPRIORINIT=1.000000, 	LOCDATA=0, 	LOCISPOP=0, 	LOCPRIORSTEP=0.100000, 	MAXLOCPRIOR=20.000000, 	SEED=1470454744,	
[STRAT parameters]:    NUMSIMSTATS=1000,	PHENOTYPECOL=-9,	POOLFREQ=10,	LOCUSxONLY=0,	EMERROR=0.00100,	MISSINGPHENO=-9,	