

----------------------------------------------------
STRUCTURE by Pritchard, Stephens and Donnelly (2000)
     and Falush, Stephens and Pritchard (2003)
       Code by Pritchard, Falush and Hubisz
             Version 2.3.4 (Jul 2012)
----------------------------------------------------



Command line arguments:   /usr/local/bin/structure -m parameter_job_T8_4 
Input File:    /home/martin/bottleneck/structure_analysis/structure_4/data_job_T8_4

Run parameters:
   109 individuals
   16 loci
   8 populations assumed
   10000 Burn-in period
   100000 Reps


--------------------------------------------
Proportion of membership of each pre-defined
 population in each of the 8 clusters

Given    Inferred Clusters                                          Number of
 Pop       1      2      3      4      5      6      7      8      Individuals

  1:     0.126  0.124  0.125  0.125  0.125  0.126  0.125  0.124      109
--------------------------------------------

Allele-freq. divergence among pops (Net nucleotide distance),
computed using point estimates of P.

      1       2       3       4       5       6       7       8      
 1      -    0.0001  0.0000  0.0001  0.0001  0.0001  0.0001  0.0002  
 2   0.0001     -    0.0001  0.0001  0.0002  0.0004  0.0002  0.0003  
 3   0.0000  0.0001     -    0.0000  0.0001  0.0001  0.0001  0.0001  
 4   0.0001  0.0001  0.0000     -    0.0001  0.0001  0.0001  0.0001  
 5   0.0001  0.0002  0.0001  0.0001     -    0.0001  0.0002  0.0001  
 6   0.0001  0.0004  0.0001  0.0001  0.0001     -    0.0002  0.0001  
 7   0.0001  0.0002  0.0001  0.0001  0.0002  0.0002     -    0.0001  
 8   0.0002  0.0003  0.0001  0.0001  0.0001  0.0001  0.0001     -    

Average distances (expected heterozygosity) between individuals in same cluster:
cluster  1  : 0.3955 
cluster  2  : 0.4034 
cluster  3  : 0.3997 
cluster  4  : 0.3974 
cluster  5  : 0.3967 
cluster  6  : 0.3923 
cluster  7  : 0.3917 
cluster  8  : 0.3931 

--------------------------------------------
Estimated Ln Prob of Data   = -1887.2
Mean value of ln likelihood = -1452.4
Variance of ln likelihood   = 869.6
Mean value of alpha         = 0.1471

Mean value of Fst_1         = 0.0864
Mean value of Fst_2         = 0.0300
Mean value of Fst_3         = 0.0559
Mean value of Fst_4         = 0.0801
Mean value of Fst_5         = 0.0778
Mean value of Fst_6         = 0.1157
Mean value of Fst_7         = 0.1054
Mean value of Fst_8         = 0.1014


Inferred ancestry of individuals:
        Label (%Miss) Pop:  Inferred clusters
  1        1   (21)    1 :  0.135 0.107 0.118 0.119 0.118 0.146 0.128 0.130 
  2        2   (93)    1 :  0.126 0.122 0.122 0.123 0.128 0.125 0.128 0.126 
  3        3   (15)    1 :  0.123 0.143 0.137 0.119 0.130 0.110 0.120 0.118 
  4        4   (18)    1 :  0.132 0.122 0.121 0.128 0.119 0.134 0.120 0.124 
  5        5    (9)    1 :  0.130 0.101 0.123 0.118 0.115 0.151 0.133 0.128 
  6        6    (0)    1 :  0.136 0.127 0.124 0.120 0.135 0.117 0.125 0.116 
  7        7   (25)    1 :  0.136 0.124 0.130 0.120 0.121 0.134 0.120 0.114 
  8        8    (6)    1 :  0.134 0.128 0.130 0.131 0.129 0.116 0.121 0.113 
  9        9    (9)    1 :  0.123 0.130 0.131 0.121 0.117 0.131 0.126 0.119 
 10       10   (18)    1 :  0.126 0.127 0.137 0.119 0.131 0.125 0.117 0.118 
 11       11    (0)    1 :  0.130 0.133 0.127 0.125 0.127 0.113 0.134 0.111 
 12       12    (6)    1 :  0.127 0.130 0.121 0.122 0.134 0.123 0.127 0.116 
 13       13    (9)    1 :  0.122 0.135 0.134 0.132 0.119 0.109 0.125 0.124 
 14       14    (0)    1 :  0.132 0.125 0.130 0.126 0.117 0.119 0.128 0.123 
 15       15    (9)    1 :  0.133 0.142 0.124 0.117 0.135 0.116 0.120 0.113 
 16       16    (0)    1 :  0.123 0.128 0.127 0.125 0.130 0.114 0.130 0.122 
 17       17    (9)    1 :  0.126 0.124 0.130 0.130 0.138 0.131 0.111 0.110 
 18       18   (15)    1 :  0.139 0.111 0.116 0.122 0.121 0.140 0.129 0.122 
 19       19    (9)    1 :  0.123 0.113 0.117 0.126 0.125 0.128 0.132 0.135 
 20       20    (9)    1 :  0.135 0.131 0.122 0.124 0.120 0.114 0.134 0.120 
 21       21    (6)    1 :  0.120 0.125 0.123 0.122 0.114 0.145 0.132 0.119 
 22       22   (15)    1 :  0.134 0.117 0.123 0.124 0.129 0.136 0.120 0.117 
 23       23    (6)    1 :  0.128 0.116 0.134 0.130 0.129 0.136 0.116 0.113 
 24       24    (0)    1 :  0.132 0.131 0.131 0.124 0.135 0.119 0.110 0.117 
 25       25   (15)    1 :  0.121 0.099 0.124 0.119 0.128 0.130 0.126 0.153 
 26       26   (25)    1 :  0.133 0.125 0.124 0.126 0.132 0.127 0.123 0.111 
 27       27    (6)    1 :  0.124 0.123 0.135 0.119 0.123 0.129 0.121 0.125 
 28       28    (9)    1 :  0.134 0.123 0.124 0.123 0.133 0.117 0.129 0.117 
 29       29    (0)    1 :  0.130 0.146 0.134 0.116 0.130 0.105 0.127 0.111 
 30       30    (9)    1 :  0.132 0.116 0.122 0.117 0.127 0.132 0.123 0.129 
 31       31   (21)    1 :  0.126 0.124 0.120 0.127 0.130 0.124 0.138 0.111 
 32       32    (0)    1 :  0.133 0.119 0.128 0.122 0.125 0.130 0.117 0.126 
 33       33    (0)    1 :  0.120 0.124 0.126 0.126 0.131 0.122 0.129 0.121 
 34       34   (15)    1 :  0.126 0.129 0.133 0.125 0.137 0.116 0.122 0.112 
 35       35   (12)    1 :  0.126 0.128 0.126 0.121 0.130 0.122 0.124 0.122 
 36       36   (15)    1 :  0.129 0.140 0.131 0.123 0.131 0.118 0.119 0.109 
 37       37    (6)    1 :  0.128 0.122 0.117 0.123 0.118 0.139 0.133 0.121 
 38       38   (37)    1 :  0.123 0.148 0.136 0.129 0.126 0.113 0.115 0.111 
 39       39   (81)    1 :  0.123 0.119 0.119 0.130 0.120 0.125 0.130 0.135 
 40       40   (18)    1 :  0.124 0.125 0.133 0.121 0.127 0.129 0.123 0.119 
 41       41    (0)    1 :  0.128 0.129 0.128 0.128 0.123 0.130 0.123 0.112 
 42       42   (15)    1 :  0.129 0.129 0.113 0.126 0.116 0.119 0.136 0.132 
 43       43   (25)    1 :  0.129 0.122 0.107 0.132 0.113 0.118 0.147 0.133 
 44       44   (18)    1 :  0.126 0.112 0.112 0.134 0.111 0.117 0.154 0.134 
 45       45   (31)    1 :  0.127 0.108 0.127 0.116 0.117 0.148 0.125 0.132 
 46       46   (37)    1 :  0.135 0.104 0.117 0.119 0.116 0.139 0.134 0.137 
 47       47   (25)    1 :  0.139 0.107 0.123 0.120 0.119 0.136 0.130 0.127 
 48       48   (25)    1 :  0.134 0.125 0.123 0.121 0.111 0.139 0.129 0.117 
 49       49   (75)    1 :  0.124 0.126 0.121 0.128 0.124 0.124 0.123 0.131 
 50       50   (37)    1 :  0.131 0.120 0.129 0.123 0.123 0.131 0.126 0.117 
 51       51   (93)    1 :  0.128 0.122 0.124 0.122 0.127 0.123 0.127 0.126 
 52       52   (93)    1 :  0.127 0.121 0.126 0.119 0.124 0.128 0.129 0.125 
 53       53    (9)    1 :  0.125 0.125 0.129 0.125 0.131 0.121 0.124 0.121 
 54       54   (75)    1 :  0.128 0.119 0.122 0.120 0.125 0.129 0.129 0.129 
 55       55   (56)    1 :  0.127 0.120 0.127 0.130 0.119 0.126 0.127 0.125 
 56       56    (0)    1 :  0.127 0.123 0.127 0.121 0.131 0.147 0.117 0.108 
 57       57   (15)    1 :  0.125 0.092 0.117 0.118 0.127 0.142 0.127 0.152 
 58       58   (18)    1 :  0.122 0.123 0.125 0.122 0.132 0.123 0.125 0.128 
 59       59   (56)    1 :  0.124 0.127 0.131 0.126 0.126 0.116 0.123 0.127 
 60       60   (31)    1 :  0.122 0.132 0.124 0.121 0.125 0.122 0.133 0.119 
 61       61   (81)    1 :  0.122 0.140 0.126 0.123 0.133 0.119 0.119 0.118 
 62       62   (43)    1 :  0.123 0.143 0.127 0.119 0.136 0.124 0.118 0.110 
 63       63   (93)    1 :  0.127 0.118 0.125 0.123 0.123 0.128 0.130 0.127 
 64       64   (75)    1 :  0.115 0.119 0.118 0.142 0.109 0.119 0.120 0.157 
 65       65   (81)    1 :  0.112 0.120 0.119 0.141 0.108 0.122 0.125 0.152 
 66       66   (75)    1 :  0.130 0.127 0.129 0.126 0.128 0.118 0.128 0.114 
 67       67   (75)    1 :  0.129 0.118 0.124 0.124 0.129 0.125 0.130 0.121 
 68       68   (68)    1 :  0.130 0.118 0.124 0.119 0.129 0.129 0.123 0.127 
 69       69   (37)    1 :  0.139 0.118 0.139 0.125 0.121 0.134 0.114 0.110 
 70       70   (93)    1 :  0.127 0.130 0.123 0.123 0.123 0.123 0.126 0.124 
 71       71   (93)    1 :  0.109 0.118 0.113 0.148 0.105 0.128 0.120 0.159 
 72       72   (75)    1 :  0.122 0.121 0.119 0.124 0.121 0.128 0.128 0.136 
 73       73   (93)    1 :  0.125 0.129 0.126 0.121 0.129 0.125 0.120 0.125 
 74       74    (0)    1 :  0.133 0.129 0.127 0.123 0.128 0.116 0.136 0.108 
 75       75    (9)    1 :  0.137 0.089 0.111 0.128 0.113 0.156 0.136 0.129 
 76       76    (6)    1 :  0.130 0.110 0.116 0.114 0.127 0.143 0.131 0.127 
 77       77    (0)    1 :  0.132 0.118 0.122 0.124 0.119 0.140 0.121 0.125 
 78       78   (87)    1 :  0.125 0.123 0.122 0.125 0.127 0.126 0.126 0.126 
 79       79    (6)    1 :  0.119 0.143 0.144 0.128 0.134 0.112 0.116 0.105 
 80       80    (0)    1 :  0.119 0.133 0.124 0.129 0.123 0.133 0.125 0.114 
 81       81   (31)    1 :  0.127 0.136 0.129 0.124 0.127 0.113 0.122 0.122 
 82       82    (0)    1 :  0.125 0.130 0.120 0.123 0.128 0.123 0.133 0.118 
 83       83   (18)    1 :  0.122 0.120 0.121 0.132 0.120 0.122 0.130 0.134 
 84       84    (9)    1 :  0.133 0.097 0.120 0.119 0.134 0.137 0.131 0.129 
 85       85   (37)    1 :  0.129 0.112 0.117 0.124 0.114 0.133 0.134 0.137 
 86       86   (18)    1 :  0.136 0.098 0.127 0.114 0.118 0.148 0.127 0.132 
 87       87   (21)    1 :  0.107 0.126 0.124 0.133 0.129 0.118 0.115 0.148 
 88       88   (87)    1 :  0.109 0.122 0.121 0.132 0.119 0.128 0.122 0.148 
 89       89   (25)    1 :  0.114 0.132 0.134 0.124 0.128 0.124 0.115 0.129 
 90       90   (25)    1 :  0.096 0.118 0.132 0.136 0.119 0.129 0.114 0.157 
 91       91   (25)    1 :  0.119 0.140 0.134 0.123 0.130 0.113 0.122 0.119 
 92       92   (37)    1 :  0.120 0.143 0.136 0.124 0.128 0.108 0.112 0.129 
 93       93   (25)    1 :  0.121 0.133 0.119 0.133 0.121 0.121 0.132 0.120 
 94       94   (34)    1 :  0.124 0.134 0.118 0.129 0.127 0.116 0.130 0.123 
 95       95   (18)    1 :  0.121 0.123 0.130 0.131 0.138 0.116 0.127 0.113 
 96       96   (31)    1 :  0.125 0.113 0.115 0.128 0.122 0.131 0.129 0.138 
 97       97   (37)    1 :  0.125 0.117 0.124 0.130 0.115 0.140 0.124 0.125 
 98       98   (18)    1 :  0.125 0.146 0.129 0.127 0.114 0.106 0.135 0.117 
 99       99   (25)    1 :  0.121 0.133 0.125 0.132 0.120 0.126 0.131 0.111 
100      100   (31)    1 :  0.115 0.134 0.133 0.127 0.131 0.125 0.117 0.118 
101      101   (75)    1 :  0.127 0.121 0.122 0.130 0.119 0.124 0.125 0.132 
102      102   (37)    1 :  0.125 0.128 0.127 0.119 0.120 0.123 0.125 0.134 
103      103   (25)    1 :  0.129 0.134 0.125 0.119 0.130 0.124 0.122 0.117 
104      104   (28)    1 :  0.124 0.142 0.123 0.129 0.130 0.122 0.117 0.113 
105      105   (31)    1 :  0.118 0.142 0.131 0.118 0.133 0.128 0.113 0.117 
106      106   (68)    1 :  0.124 0.112 0.121 0.129 0.124 0.126 0.129 0.136 
107      107   (81)    1 :  0.109 0.115 0.107 0.151 0.104 0.129 0.121 0.164 
108      108   (93)    1 :  0.133 0.122 0.128 0.120 0.129 0.135 0.117 0.115 
109      109   (81)    1 :  0.123 0.121 0.128 0.129 0.132 0.129 0.120 0.119 


Estimated Allele Frequencies in each cluster
First column gives estimated ancestral frequencies


Locus 1 : 
5 alleles
22.9% missing data
 144   (0.817) 0.845 0.823 0.832 0.833 0.837 0.850 0.846 0.833 
 158   (0.108) 0.101 0.107 0.103 0.101 0.101 0.093 0.095 0.098 
 154   (0.042) 0.033 0.042 0.040 0.044 0.039 0.039 0.038 0.048 
 160   (0.016) 0.011 0.014 0.013 0.011 0.012 0.009 0.010 0.011 
 164   (0.016) 0.010 0.014 0.012 0.011 0.011 0.009 0.010 0.010 

Locus 2 : 
2 alleles
36.7% missing data
 119   (0.598) 0.597 0.601 0.597 0.599 0.601 0.600 0.593 0.595 
 117   (0.402) 0.403 0.399 0.403 0.401 0.399 0.400 0.407 0.405 

Locus 3 : 
3 alleles
26.1% missing data
 140   (0.912) 0.921 0.915 0.921 0.925 0.924 0.934 0.924 0.930 
 148   (0.072) 0.067 0.070 0.066 0.064 0.065 0.057 0.065 0.059 
 142   (0.016) 0.011 0.015 0.013 0.011 0.012 0.009 0.011 0.010 

Locus 4 : 
2 alleles
21.1% missing data
 166   (0.346) 0.344 0.343 0.339 0.337 0.330 0.337 0.331 0.322 
 160   (0.654) 0.656 0.657 0.661 0.663 0.670 0.663 0.669 0.678 

Locus 5 : 
2 alleles
17.4% missing data
 154   (0.841) 0.844 0.844 0.847 0.852 0.840 0.845 0.857 0.859 
 156   (0.159) 0.156 0.156 0.153 0.148 0.160 0.155 0.143 0.141 

Locus 6 : 
3 alleles
26.6% missing data
 197   (0.923) 0.941 0.929 0.934 0.937 0.937 0.945 0.943 0.941 
 199   (0.032) 0.024 0.029 0.027 0.026 0.025 0.021 0.022 0.022 
 212   (0.045) 0.035 0.043 0.039 0.037 0.038 0.034 0.035 0.037 

Locus 7 : 
3 alleles
19.3% missing data
 227   (0.831) 0.844 0.830 0.837 0.829 0.848 0.837 0.840 0.830 
 231   (0.134) 0.121 0.131 0.126 0.124 0.118 0.125 0.122 0.119 
 210   (0.036) 0.034 0.039 0.037 0.046 0.033 0.038 0.038 0.051 

Locus 8 : 
4 alleles
12.8% missing data
  87   (0.505) 0.504 0.507 0.512 0.516 0.509 0.513 0.513 0.534 
  99   (0.159) 0.175 0.158 0.165 0.164 0.166 0.184 0.167 0.165 
  95   (0.317) 0.307 0.317 0.306 0.304 0.309 0.288 0.306 0.284 
  91   (0.020) 0.014 0.018 0.018 0.017 0.016 0.014 0.014 0.018 

Locus 9 : 
3 alleles
37.6% missing data
 118   (0.432) 0.438 0.427 0.439 0.430 0.443 0.452 0.429 0.439 
 124   (0.476) 0.475 0.482 0.471 0.483 0.471 0.469 0.492 0.477 
 120   (0.092) 0.087 0.091 0.090 0.088 0.086 0.079 0.080 0.084 

Locus 10 : 
3 alleles
26.1% missing data
 222   (0.831) 0.855 0.840 0.846 0.852 0.853 0.857 0.860 0.861 
 220   (0.130) 0.116 0.125 0.121 0.117 0.115 0.115 0.112 0.109 
 232   (0.039) 0.028 0.035 0.033 0.031 0.032 0.028 0.029 0.030 

Locus 11 : 
2 alleles
25.7% missing data
 122   (0.663) 0.665 0.666 0.660 0.664 0.641 0.658 0.668 0.650 
 124   (0.337) 0.335 0.334 0.340 0.336 0.359 0.342 0.332 0.350 

Locus 12 : 
2 alleles
56.0% missing data
 106   (0.899) 0.895 0.902 0.891 0.895 0.900 0.890 0.895 0.894 
 100   (0.101) 0.105 0.098 0.109 0.105 0.100 0.110 0.105 0.106 

Locus 13 : 
2 alleles
60.6% missing data
 104   (0.590) 0.606 0.592 0.602 0.601 0.610 0.616 0.609 0.608 
 100   (0.410) 0.394 0.408 0.398 0.399 0.390 0.384 0.391 0.392 

Locus 14 : 
4 alleles
43.6% missing data
 100   (0.370) 0.345 0.364 0.357 0.352 0.353 0.345 0.332 0.343 
 104   (0.365) 0.394 0.369 0.389 0.389 0.396 0.412 0.393 0.404 
 106   (0.231) 0.235 0.235 0.224 0.230 0.222 0.216 0.249 0.226 
 102   (0.034) 0.027 0.032 0.030 0.029 0.030 0.028 0.027 0.026 

Locus 15 : 
4 alleles
23.9% missing data
 144   (0.675) 0.695 0.682 0.690 0.698 0.684 0.703 0.707 0.706 
 146   (0.017) 0.011 0.015 0.013 0.011 0.012 0.009 0.011 0.010 
 148   (0.203) 0.202 0.202 0.199 0.195 0.208 0.197 0.191 0.188 
 150   (0.106) 0.092 0.101 0.099 0.096 0.097 0.090 0.090 0.096 

Locus 16 : 
3 alleles
58.7% missing data
 167   (0.432) 0.422 0.430 0.427 0.418 0.411 0.404 0.421 0.412 
 183   (0.385) 0.404 0.390 0.400 0.407 0.417 0.422 0.405 0.421 
 165   (0.183) 0.174 0.180 0.172 0.175 0.172 0.174 0.174 0.167 

Values of parameters used in structure:
DATAFILE=/home/martin/bottleneck/structure_analysis/structure_4/data_job_T8_4,	OUTFILE=/home/martin/bottleneck/structure_analysis/structure_4/structure_results/mediterranean_monk_seal/results_job_T8_4,	NUMINDS=109,	NUMLOCI=16,	MISSING=-9,	LABEL=1,	POPDATA=1,	POPFLAG=0,	PHENOTYPE=0,	EXTRACOLS=0,	MAXPOPS=8,	BURNIN=10000,	NUMREPS=100000,	USEPOPINFO=0,	INFERALPHA=1,	INFERLAMBDA=0,	POPSPECIFICLAMBDA=0,	POPALPHAS=0,	COMPUTEPROB=1,	NOADMIX=0,	ADMBURNIN=2500,	UPDATEFREQ=1,	PRINTLIKES=0,	INTERMEDSAVE=0,	PRINTKLD=0,	PRINTNET=0,	PRINTLAMBDA=0,	ANCESTDIST=0,	NUMBOXES=1000,	ANCESTPINT=0.90000,	GENSBACK=2,	MIGRPRIOR=0.05000,	PRINTQHAT=1,	PRINTQSUM=0,	ALPHA=1.0000,	FREQSCORR=1,	FPRIORMEAN=0.0100,	FPRIORSD=0.0500,	ONEFST=0,	LAMBDA=1.0000,	UNIFPRIORALPHA=1,	ALPHAMAX=10.0000,	ALPHAPRIORA=1.0000,	ALPHAPRIORB=2.0000,	ALPHAPROPSD=0.0250,	STARTATPOPINFO=0,	RANDOMIZE=1,	LINKAGE=0,	METROFREQ=10,	REPORTHITRATE=0,	MARKOVPHASE=-1,	PHASED=0,	PLOIDY=2,	PHASEINFO=0	LOCPRIOR=0, 	LOCPRIORINIT=1.000000, 	LOCDATA=0, 	LOCISPOP=0, 	LOCPRIORSTEP=0.100000, 	MAXLOCPRIOR=20.000000, 	SEED=1470454847,	
[STRAT parameters]:    NUMSIMSTATS=1000,	PHENOTYPECOL=-9,	POOLFREQ=10,	LOCUSxONLY=0,	EMERROR=0.00100,	MISSINGPHENO=-9,	