

----------------------------------------------------
STRUCTURE by Pritchard, Stephens and Donnelly (2000)
     and Falush, Stephens and Pritchard (2003)
       Code by Pritchard, Falush and Hubisz
             Version 2.3.4 (Jul 2012)
----------------------------------------------------



Command line arguments:   /usr/local/bin/structure -m parameter_job_T6_4 
Input File:    /home/martin/bottleneck/structure_analysis/structure_4/data_job_T6_4

Run parameters:
   109 individuals
   16 loci
   6 populations assumed
   10000 Burn-in period
   100000 Reps


--------------------------------------------
Proportion of membership of each pre-defined
 population in each of the 6 clusters

Given    Inferred Clusters                            Number of
 Pop       1      2      3      4      5      6      Individuals

  1:     0.167  0.167  0.167  0.166  0.166  0.168      109
--------------------------------------------

Allele-freq. divergence among pops (Net nucleotide distance),
computed using point estimates of P.

      1       2       3       4       5       6      
 1      -    0.0003  0.0004  0.0005  0.0007  0.0002  
 2   0.0003     -    0.0001  0.0001  0.0002  0.0001  
 3   0.0004  0.0001     -    0.0001  0.0002  0.0001  
 4   0.0005  0.0001  0.0001     -    0.0000  0.0002  
 5   0.0007  0.0002  0.0002  0.0000     -    0.0003  
 6   0.0002  0.0001  0.0001  0.0002  0.0003     -    

Average distances (expected heterozygosity) between individuals in same cluster:
cluster  1  : 0.3873 
cluster  2  : 0.3961 
cluster  3  : 0.3949 
cluster  4  : 0.4009 
cluster  5  : 0.4070 
cluster  6  : 0.3901 

--------------------------------------------
Estimated Ln Prob of Data   = -1931.5
Mean value of ln likelihood = -1479.8
Variance of ln likelihood   = 903.3
Mean value of alpha         = 1.3635

Mean value of Fst_1         = 0.1258
Mean value of Fst_2         = 0.0802
Mean value of Fst_3         = 0.0937
Mean value of Fst_4         = 0.0520
Mean value of Fst_5         = 0.0288
Mean value of Fst_6         = 0.1133


Inferred ancestry of individuals:
        Label (%Miss) Pop:  Inferred clusters
  1        1   (21)    1 :  0.194 0.156 0.170 0.150 0.145 0.185 
  2        2   (93)    1 :  0.169 0.167 0.169 0.165 0.162 0.168 
  3        3   (15)    1 :  0.156 0.171 0.159 0.173 0.183 0.158 
  4        4   (18)    1 :  0.178 0.153 0.179 0.161 0.153 0.177 
  5        5    (9)    1 :  0.191 0.157 0.163 0.156 0.149 0.185 
  6        6    (0)    1 :  0.155 0.171 0.159 0.179 0.173 0.163 
  7        7   (25)    1 :  0.166 0.158 0.173 0.163 0.161 0.180 
  8        8    (6)    1 :  0.154 0.165 0.167 0.174 0.165 0.174 
  9        9    (9)    1 :  0.163 0.164 0.168 0.170 0.170 0.166 
 10       10   (18)    1 :  0.159 0.173 0.167 0.169 0.167 0.164 
 11       11    (0)    1 :  0.163 0.159 0.168 0.176 0.167 0.168 
 12       12    (6)    1 :  0.159 0.166 0.168 0.171 0.169 0.168 
 13       13    (9)    1 :  0.163 0.175 0.161 0.176 0.169 0.156 
 14       14    (0)    1 :  0.172 0.168 0.163 0.170 0.163 0.164 
 15       15    (9)    1 :  0.151 0.175 0.157 0.177 0.184 0.157 
 16       16    (0)    1 :  0.158 0.167 0.165 0.172 0.172 0.166 
 17       17    (9)    1 :  0.156 0.168 0.166 0.166 0.169 0.175 
 18       18   (15)    1 :  0.185 0.160 0.170 0.154 0.151 0.181 
 19       19    (9)    1 :  0.181 0.166 0.168 0.152 0.156 0.176 
 20       20    (9)    1 :  0.166 0.156 0.164 0.178 0.164 0.172 
 21       21    (6)    1 :  0.166 0.160 0.177 0.164 0.160 0.173 
 22       22   (15)    1 :  0.171 0.158 0.172 0.158 0.159 0.182 
 23       23    (6)    1 :  0.151 0.172 0.169 0.164 0.168 0.177 
 24       24    (0)    1 :  0.162 0.176 0.162 0.170 0.173 0.157 
 25       25   (15)    1 :  0.195 0.166 0.161 0.154 0.150 0.173 
 26       26   (25)    1 :  0.154 0.178 0.163 0.172 0.172 0.162 
 27       27    (6)    1 :  0.165 0.176 0.164 0.167 0.159 0.170 
 28       28    (9)    1 :  0.163 0.161 0.171 0.169 0.170 0.166 
 29       29    (0)    1 :  0.147 0.169 0.158 0.181 0.186 0.158 
 30       30    (9)    1 :  0.178 0.167 0.164 0.160 0.154 0.178 
 31       31   (21)    1 :  0.168 0.161 0.173 0.162 0.165 0.172 
 32       32    (0)    1 :  0.168 0.171 0.163 0.161 0.164 0.172 
 33       33    (0)    1 :  0.169 0.167 0.177 0.158 0.161 0.169 
 34       34   (15)    1 :  0.155 0.168 0.168 0.174 0.172 0.164 
 35       35   (12)    1 :  0.165 0.172 0.165 0.163 0.168 0.168 
 36       36   (15)    1 :  0.151 0.171 0.163 0.180 0.169 0.166 
 37       37    (6)    1 :  0.161 0.162 0.179 0.161 0.162 0.175 
 38       38   (37)    1 :  0.148 0.173 0.163 0.178 0.180 0.159 
 39       39   (81)    1 :  0.170 0.168 0.169 0.166 0.164 0.164 
 40       40   (18)    1 :  0.176 0.167 0.156 0.166 0.171 0.164 
 41       41    (0)    1 :  0.164 0.168 0.170 0.170 0.171 0.159 
 42       42   (15)    1 :  0.167 0.169 0.165 0.166 0.163 0.170 
 43       43   (25)    1 :  0.163 0.169 0.173 0.162 0.160 0.173 
 44       44   (18)    1 :  0.171 0.164 0.177 0.160 0.155 0.173 
 45       45   (31)    1 :  0.196 0.152 0.167 0.151 0.150 0.183 
 46       46   (37)    1 :  0.195 0.159 0.171 0.153 0.152 0.170 
 47       47   (25)    1 :  0.182 0.159 0.166 0.158 0.158 0.177 
 48       48   (25)    1 :  0.172 0.160 0.172 0.160 0.159 0.177 
 49       49   (75)    1 :  0.167 0.168 0.168 0.168 0.165 0.164 
 50       50   (37)    1 :  0.155 0.167 0.171 0.170 0.165 0.172 
 51       51   (93)    1 :  0.169 0.166 0.166 0.163 0.166 0.169 
 52       52   (93)    1 :  0.168 0.167 0.165 0.164 0.167 0.170 
 53       53    (9)    1 :  0.170 0.167 0.170 0.163 0.161 0.170 
 54       54   (75)    1 :  0.179 0.164 0.167 0.162 0.157 0.171 
 55       55   (56)    1 :  0.169 0.166 0.164 0.166 0.165 0.170 
 56       56    (0)    1 :  0.155 0.172 0.175 0.166 0.160 0.172 
 57       57   (15)    1 :  0.212 0.157 0.163 0.142 0.144 0.181 
 58       58   (18)    1 :  0.162 0.169 0.166 0.175 0.166 0.162 
 59       59   (56)    1 :  0.167 0.166 0.166 0.168 0.168 0.165 
 60       60   (31)    1 :  0.161 0.173 0.165 0.167 0.168 0.166 
 61       61   (81)    1 :  0.148 0.178 0.161 0.172 0.185 0.155 
 62       62   (43)    1 :  0.148 0.181 0.161 0.172 0.180 0.158 
 63       63   (93)    1 :  0.170 0.166 0.168 0.166 0.163 0.167 
 64       64   (75)    1 :  0.183 0.163 0.164 0.166 0.172 0.152 
 65       65   (81)    1 :  0.182 0.163 0.164 0.169 0.173 0.150 
 66       66   (75)    1 :  0.162 0.164 0.169 0.169 0.168 0.167 
 67       67   (75)    1 :  0.166 0.168 0.168 0.166 0.164 0.168 
 68       68   (68)    1 :  0.170 0.166 0.166 0.163 0.162 0.173 
 69       69   (37)    1 :  0.159 0.169 0.163 0.167 0.172 0.169 
 70       70   (93)    1 :  0.165 0.167 0.169 0.166 0.165 0.167 
 71       71   (93)    1 :  0.181 0.164 0.162 0.169 0.177 0.147 
 72       72   (75)    1 :  0.182 0.165 0.168 0.160 0.159 0.165 
 73       73   (93)    1 :  0.160 0.172 0.163 0.169 0.169 0.166 
 74       74    (0)    1 :  0.162 0.168 0.164 0.170 0.173 0.162 
 75       75    (9)    1 :  0.204 0.146 0.170 0.145 0.145 0.190 
 76       76    (6)    1 :  0.184 0.162 0.171 0.156 0.147 0.180 
 77       77    (0)    1 :  0.164 0.164 0.178 0.158 0.157 0.179 
 78       78   (87)    1 :  0.167 0.167 0.169 0.166 0.163 0.168 
 79       79    (6)    1 :  0.151 0.176 0.155 0.177 0.187 0.154 
 80       80    (0)    1 :  0.153 0.176 0.170 0.166 0.167 0.168 
 81       81   (31)    1 :  0.156 0.172 0.164 0.174 0.172 0.162 
 82       82    (0)    1 :  0.161 0.165 0.164 0.171 0.172 0.168 
 83       83   (18)    1 :  0.165 0.175 0.164 0.168 0.162 0.165 
 84       84    (9)    1 :  0.188 0.160 0.169 0.151 0.151 0.182 
 85       85   (37)    1 :  0.184 0.160 0.166 0.158 0.157 0.175 
 86       86   (18)    1 :  0.191 0.158 0.164 0.155 0.149 0.183 
 87       87   (21)    1 :  0.162 0.173 0.166 0.165 0.181 0.153 
 88       88   (87)    1 :  0.166 0.162 0.177 0.166 0.172 0.158 
 89       89   (25)    1 :  0.156 0.170 0.167 0.164 0.184 0.160 
 90       90   (25)    1 :  0.149 0.170 0.172 0.171 0.184 0.153 
 91       91   (25)    1 :  0.155 0.173 0.157 0.179 0.180 0.156 
 92       92   (37)    1 :  0.157 0.181 0.154 0.176 0.182 0.150 
 93       93   (25)    1 :  0.156 0.164 0.175 0.165 0.167 0.173 
 94       94   (34)    1 :  0.164 0.166 0.168 0.167 0.165 0.170 
 95       95   (18)    1 :  0.155 0.169 0.170 0.172 0.168 0.167 
 96       96   (31)    1 :  0.177 0.169 0.166 0.163 0.154 0.171 
 97       97   (37)    1 :  0.173 0.161 0.166 0.166 0.154 0.179 
 98       98   (18)    1 :  0.153 0.176 0.160 0.170 0.181 0.160 
 99       99   (25)    1 :  0.160 0.168 0.168 0.168 0.169 0.168 
100      100   (31)    1 :  0.146 0.180 0.162 0.173 0.179 0.159 
101      101   (75)    1 :  0.171 0.165 0.166 0.167 0.164 0.166 
102      102   (37)    1 :  0.172 0.170 0.167 0.162 0.163 0.165 
103      103   (25)    1 :  0.160 0.168 0.172 0.165 0.174 0.161 
104      104   (28)    1 :  0.147 0.173 0.165 0.174 0.173 0.168 
105      105   (31)    1 :  0.149 0.173 0.163 0.176 0.180 0.157 
106      106   (68)    1 :  0.183 0.165 0.167 0.162 0.155 0.167 
107      107   (81)    1 :  0.185 0.158 0.163 0.168 0.173 0.153 
108      108   (93)    1 :  0.161 0.168 0.164 0.167 0.172 0.168 
109      109   (81)    1 :  0.162 0.165 0.169 0.169 0.167 0.168 


Estimated Allele Frequencies in each cluster
First column gives estimated ancestral frequencies


Locus 1 : 
5 alleles
22.9% missing data
 144   (0.807) 0.855 0.837 0.838 0.829 0.818 0.851 
 158   (0.114) 0.090 0.101 0.101 0.105 0.109 0.096 
 154   (0.045) 0.037 0.038 0.041 0.040 0.044 0.034 
 160   (0.017) 0.008 0.012 0.010 0.012 0.014 0.010 
 164   (0.017) 0.010 0.012 0.010 0.013 0.015 0.009 

Locus 2 : 
2 alleles
36.7% missing data
 119   (0.606) 0.591 0.598 0.604 0.608 0.601 0.610 
 117   (0.394) 0.409 0.402 0.396 0.392 0.399 0.390 

Locus 3 : 
3 alleles
26.1% missing data
 140   (0.913) 0.932 0.926 0.928 0.919 0.917 0.930 
 148   (0.070) 0.059 0.063 0.061 0.068 0.068 0.060 
 142   (0.017) 0.009 0.012 0.011 0.013 0.015 0.010 

Locus 4 : 
2 alleles
21.1% missing data
 166   (0.348) 0.324 0.328 0.343 0.337 0.344 0.339 
 160   (0.652) 0.676 0.672 0.657 0.663 0.656 0.661 

Locus 5 : 
2 alleles
17.4% missing data
 154   (0.832) 0.857 0.845 0.847 0.844 0.834 0.846 
 156   (0.168) 0.143 0.155 0.153 0.156 0.166 0.154 

Locus 6 : 
3 alleles
26.6% missing data
 197   (0.923) 0.947 0.938 0.943 0.934 0.929 0.947 
 199   (0.031) 0.020 0.024 0.022 0.026 0.028 0.020 
 212   (0.047) 0.032 0.038 0.035 0.040 0.042 0.033 

Locus 7 : 
3 alleles
19.3% missing data
 227   (0.821) 0.842 0.838 0.836 0.834 0.827 0.847 
 231   (0.131) 0.115 0.123 0.125 0.124 0.126 0.120 
 210   (0.047) 0.043 0.039 0.038 0.042 0.047 0.033 

Locus 8 : 
4 alleles
12.8% missing data
  87   (0.501) 0.532 0.520 0.497 0.508 0.503 0.514 
  99   (0.160) 0.173 0.166 0.173 0.161 0.162 0.174 
  95   (0.317) 0.281 0.297 0.314 0.315 0.315 0.300 
  91   (0.022) 0.013 0.016 0.015 0.017 0.019 0.013 

Locus 9 : 
3 alleles
37.6% missing data
 118   (0.430) 0.454 0.427 0.440 0.434 0.436 0.451 
 124   (0.471) 0.465 0.487 0.475 0.476 0.471 0.469 
 120   (0.099) 0.081 0.087 0.085 0.090 0.093 0.081 

Locus 10 : 
3 alleles
26.1% missing data
 222   (0.832) 0.866 0.847 0.861 0.847 0.841 0.861 
 220   (0.129) 0.108 0.121 0.111 0.121 0.123 0.113 
 232   (0.039) 0.025 0.031 0.028 0.032 0.036 0.026 

Locus 11 : 
2 alleles
25.7% missing data
 122   (0.650) 0.657 0.660 0.653 0.657 0.645 0.658 
 124   (0.350) 0.343 0.340 0.347 0.343 0.355 0.342 

Locus 12 : 
2 alleles
56.0% missing data
 106   (0.896) 0.886 0.902 0.903 0.899 0.894 0.896 
 100   (0.104) 0.114 0.098 0.097 0.101 0.106 0.104 

Locus 13 : 
2 alleles
60.6% missing data
 104   (0.589) 0.627 0.607 0.604 0.594 0.590 0.614 
 100   (0.411) 0.373 0.393 0.396 0.406 0.410 0.386 

Locus 14 : 
4 alleles
43.6% missing data
 100   (0.374) 0.318 0.345 0.356 0.361 0.364 0.344 
 104   (0.365) 0.437 0.386 0.371 0.378 0.377 0.406 
 106   (0.222) 0.218 0.238 0.243 0.227 0.222 0.221 
 102   (0.039) 0.027 0.031 0.029 0.034 0.037 0.028 

Locus 15 : 
4 alleles
23.9% missing data
 144   (0.669) 0.715 0.694 0.698 0.684 0.679 0.704 
 146   (0.016) 0.009 0.012 0.009 0.012 0.014 0.009 
 148   (0.206) 0.186 0.198 0.203 0.204 0.204 0.200 
 150   (0.108) 0.090 0.096 0.090 0.100 0.104 0.087 

Locus 16 : 
3 alleles
58.7% missing data
 167   (0.433) 0.420 0.423 0.417 0.431 0.427 0.415 
 183   (0.376) 0.415 0.401 0.410 0.384 0.387 0.415 
 165   (0.191) 0.165 0.176 0.172 0.185 0.186 0.170 

Values of parameters used in structure:
DATAFILE=/home/martin/bottleneck/structure_analysis/structure_4/data_job_T6_4,	OUTFILE=/home/martin/bottleneck/structure_analysis/structure_4/structure_results/mediterranean_monk_seal/results_job_T6_4,	NUMINDS=109,	NUMLOCI=16,	MISSING=-9,	LABEL=1,	POPDATA=1,	POPFLAG=0,	PHENOTYPE=0,	EXTRACOLS=0,	MAXPOPS=6,	BURNIN=10000,	NUMREPS=100000,	USEPOPINFO=0,	INFERALPHA=1,	INFERLAMBDA=0,	POPSPECIFICLAMBDA=0,	POPALPHAS=0,	COMPUTEPROB=1,	NOADMIX=0,	ADMBURNIN=2500,	UPDATEFREQ=1,	PRINTLIKES=0,	INTERMEDSAVE=0,	PRINTKLD=0,	PRINTNET=0,	PRINTLAMBDA=0,	ANCESTDIST=0,	NUMBOXES=1000,	ANCESTPINT=0.90000,	GENSBACK=2,	MIGRPRIOR=0.05000,	PRINTQHAT=1,	PRINTQSUM=0,	ALPHA=1.0000,	FREQSCORR=1,	FPRIORMEAN=0.0100,	FPRIORSD=0.0500,	ONEFST=0,	LAMBDA=1.0000,	UNIFPRIORALPHA=1,	ALPHAMAX=10.0000,	ALPHAPRIORA=1.0000,	ALPHAPRIORB=2.0000,	ALPHAPROPSD=0.0250,	STARTATPOPINFO=0,	RANDOMIZE=1,	LINKAGE=0,	METROFREQ=10,	REPORTHITRATE=0,	MARKOVPHASE=-1,	PHASED=0,	PLOIDY=2,	PHASEINFO=0	LOCPRIOR=0, 	LOCPRIORINIT=1.000000, 	LOCDATA=0, 	LOCISPOP=0, 	LOCPRIORSTEP=0.100000, 	MAXLOCPRIOR=20.000000, 	SEED=1470454749,	
[STRAT parameters]:    NUMSIMSTATS=1000,	PHENOTYPECOL=-9,	POOLFREQ=10,	LOCUSxONLY=0,	EMERROR=0.00100,	MISSINGPHENO=-9,	