

----------------------------------------------------
STRUCTURE by Pritchard, Stephens and Donnelly (2000)
     and Falush, Stephens and Pritchard (2003)
       Code by Pritchard, Falush and Hubisz
             Version 2.3.4 (Jul 2012)
----------------------------------------------------



Command line arguments:   /usr/local/bin/structure -m parameter_job_T5_3 
Input File:    /home/martin/bottleneck/structure_analysis/structure_4/data_job_T5_3

Run parameters:
   893 individuals
   15 loci
   5 populations assumed
   10000 Burn-in period
   100000 Reps


--------------------------------------------
Proportion of membership of each pre-defined
 population in each of the 5 clusters

Given    Inferred Clusters                     Number of
 Pop       1      2      3      4      5      Individuals

  1:     0.068  0.282  0.258  0.113  0.279      893
--------------------------------------------

Allele-freq. divergence among pops (Net nucleotide distance),
computed using point estimates of P.

      1       2       3       4       5      
 1      -    0.0637  0.0695  0.1058  0.0632  
 2   0.0637     -    0.0052  0.0608  0.0015  
 3   0.0695  0.0052     -    0.0554  0.0043  
 4   0.1058  0.0608  0.0554     -    0.0564  
 5   0.0632  0.0015  0.0043  0.0564     -    

Average distances (expected heterozygosity) between individuals in same cluster:
cluster  1  : 0.6594 
cluster  2  : 0.7467 
cluster  3  : 0.7346 
cluster  4  : 0.6342 
cluster  5  : 0.7539 

--------------------------------------------
Estimated Ln Prob of Data   = -47140.6
Mean value of ln likelihood = -45669.7
Variance of ln likelihood   = 2941.9
Mean value of alpha         = 0.0461

Mean value of Fst_1         = 0.1514
Mean value of Fst_2         = 0.0120
Mean value of Fst_3         = 0.0189
Mean value of Fst_4         = 0.1787
Mean value of Fst_5         = 0.0030


Inferred ancestry of individuals:
        Label (%Miss) Pop:  Inferred clusters
  1        1    (0)    1 :  0.024 0.070 0.846 0.007 0.053 
  2        2    (0)    1 :  0.009 0.348 0.026 0.006 0.611 
  3        3    (0)    1 :  0.071 0.349 0.228 0.009 0.343 
  4        4    (0)    1 :  0.011 0.180 0.494 0.006 0.309 
  5        5    (0)    1 :  0.006 0.119 0.122 0.055 0.698 
  6        6    (0)    1 :  0.007 0.077 0.663 0.021 0.232 
  7        7    (0)    1 :  0.006 0.316 0.015 0.007 0.655 
  8        8    (0)    1 :  0.079 0.205 0.031 0.005 0.681 
  9        9    (0)    1 :  0.010 0.244 0.589 0.008 0.149 
 10       10    (0)    1 :  0.060 0.310 0.351 0.076 0.203 
 11       11    (0)    1 :  0.006 0.161 0.596 0.008 0.228 
 12       12    (0)    1 :  0.009 0.371 0.073 0.004 0.543 
 13       13    (0)    1 :  0.015 0.617 0.027 0.007 0.335 
 14       14    (0)    1 :  0.006 0.467 0.153 0.009 0.365 
 15       15    (0)    1 :  0.038 0.179 0.697 0.010 0.075 
 16       16    (0)    1 :  0.006 0.157 0.472 0.007 0.358 
 17       17    (0)    1 :  0.016 0.108 0.462 0.020 0.394 
 18       18    (0)    1 :  0.018 0.193 0.343 0.011 0.435 
 19       19    (0)    1 :  0.060 0.084 0.737 0.010 0.110 
 20       20    (0)    1 :  0.028 0.113 0.021 0.259 0.579 
 21       21    (0)    1 :  0.019 0.258 0.277 0.043 0.403 
 22       22    (0)    1 :  0.005 0.144 0.769 0.006 0.077 
 23       23    (0)    1 :  0.019 0.227 0.084 0.014 0.656 
 24       24    (0)    1 :  0.026 0.083 0.420 0.064 0.408 
 25       25    (0)    1 :  0.044 0.327 0.244 0.030 0.355 
 26       26    (0)    1 :  0.010 0.549 0.120 0.005 0.316 
 27       27    (0)    1 :  0.008 0.148 0.355 0.008 0.480 
 28       28    (0)    1 :  0.042 0.095 0.522 0.158 0.183 
 29       29    (0)    1 :  0.011 0.588 0.038 0.046 0.318 
 30       30    (0)    1 :  0.004 0.766 0.080 0.004 0.146 
 31       31    (0)    1 :  0.006 0.272 0.313 0.008 0.401 
 32       32    (0)    1 :  0.005 0.101 0.125 0.005 0.764 
 33       33    (0)    1 :  0.009 0.027 0.523 0.005 0.436 
 34       34    (0)    1 :  0.034 0.225 0.427 0.017 0.297 
 35       35    (0)    1 :  0.008 0.275 0.044 0.011 0.661 
 36       36    (0)    1 :  0.006 0.065 0.224 0.006 0.699 
 37       37    (0)    1 :  0.011 0.456 0.168 0.093 0.272 
 38       38    (0)    1 :  0.014 0.123 0.280 0.007 0.576 
 39       39    (0)    1 :  0.013 0.022 0.936 0.008 0.021 
 40       40    (0)    1 :  0.005 0.280 0.285 0.017 0.413 
 41       41    (0)    1 :  0.027 0.132 0.454 0.014 0.373 
 42       42    (0)    1 :  0.016 0.168 0.068 0.015 0.734 
 43       43    (0)    1 :  0.065 0.153 0.312 0.010 0.461 
 44       44    (0)    1 :  0.007 0.196 0.301 0.043 0.453 
 45       45    (0)    1 :  0.021 0.637 0.056 0.004 0.281 
 46       46    (0)    1 :  0.010 0.408 0.101 0.012 0.469 
 47       47    (0)    1 :  0.009 0.142 0.636 0.037 0.177 
 48       48    (0)    1 :  0.011 0.189 0.095 0.042 0.664 
 49       49    (0)    1 :  0.078 0.514 0.160 0.021 0.228 
 50       50    (0)    1 :  0.017 0.322 0.203 0.007 0.451 
 51       51    (0)    1 :  0.017 0.300 0.039 0.005 0.639 
 52       52    (0)    1 :  0.004 0.172 0.073 0.005 0.746 
 53       53    (0)    1 :  0.045 0.410 0.014 0.007 0.524 
 54       54    (0)    1 :  0.009 0.188 0.361 0.100 0.342 
 55       55    (0)    1 :  0.196 0.329 0.060 0.013 0.402 
 56       56    (0)    1 :  0.007 0.193 0.577 0.018 0.206 
 57       57    (0)    1 :  0.016 0.398 0.124 0.007 0.455 
 58       58    (0)    1 :  0.008 0.444 0.231 0.029 0.288 
 59       59    (0)    1 :  0.006 0.115 0.294 0.006 0.579 
 60       60    (0)    1 :  0.019 0.474 0.143 0.015 0.349 
 61       61    (0)    1 :  0.012 0.216 0.314 0.201 0.256 
 62       62    (0)    1 :  0.017 0.419 0.042 0.007 0.514 
 63       63    (0)    1 :  0.038 0.220 0.150 0.014 0.577 
 64       64    (0)    1 :  0.011 0.127 0.674 0.006 0.182 
 65       65    (0)    1 :  0.008 0.125 0.396 0.009 0.462 
 66       66    (0)    1 :  0.012 0.344 0.037 0.011 0.597 
 67       67    (0)    1 :  0.021 0.105 0.149 0.056 0.669 
 68       68    (0)    1 :  0.022 0.076 0.713 0.019 0.170 
 69       69    (0)    1 :  0.009 0.044 0.608 0.116 0.224 
 70       70    (0)    1 :  0.008 0.657 0.085 0.018 0.232 
 71       71    (0)    1 :  0.007 0.103 0.277 0.025 0.588 
 72       72    (0)    1 :  0.014 0.223 0.059 0.015 0.688 
 73       73    (0)    1 :  0.036 0.025 0.843 0.009 0.087 
 74       74    (0)    1 :  0.010 0.073 0.642 0.009 0.266 
 75       75    (0)    1 :  0.026 0.108 0.032 0.006 0.827 
 76       76    (0)    1 :  0.008 0.097 0.196 0.008 0.692 
 77       77    (0)    1 :  0.974 0.006 0.006 0.007 0.006 
 78       78    (0)    1 :  0.931 0.021 0.019 0.013 0.016 
 79       79    (0)    1 :  0.967 0.008 0.007 0.011 0.007 
 80       80    (0)    1 :  0.982 0.005 0.005 0.003 0.005 
 81       81    (0)    1 :  0.976 0.007 0.007 0.004 0.007 
 82       82    (0)    1 :  0.969 0.008 0.007 0.007 0.010 
 83       83    (0)    1 :  0.909 0.023 0.021 0.029 0.018 
 84       84    (0)    1 :  0.965 0.007 0.014 0.006 0.008 
 85       85    (0)    1 :  0.956 0.012 0.011 0.009 0.011 
 86       86    (0)    1 :  0.889 0.023 0.042 0.009 0.037 
 87       87    (0)    1 :  0.980 0.005 0.006 0.004 0.005 
 88       88    (0)    1 :  0.974 0.005 0.007 0.008 0.006 
 89       89    (0)    1 :  0.974 0.006 0.007 0.007 0.006 
 90       90    (0)    1 :  0.580 0.131 0.114 0.020 0.155 
 91       91    (0)    1 :  0.972 0.007 0.009 0.007 0.006 
 92       92    (0)    1 :  0.972 0.006 0.007 0.010 0.006 
 93       93    (0)    1 :  0.977 0.006 0.006 0.005 0.006 
 94       94    (0)    1 :  0.979 0.005 0.005 0.006 0.005 
 95       95    (0)    1 :  0.953 0.011 0.015 0.010 0.012 
 96       96    (0)    1 :  0.977 0.006 0.006 0.005 0.005 
 97       97    (0)    1 :  0.721 0.051 0.053 0.135 0.039 
 98       98    (0)    1 :  0.363 0.203 0.198 0.026 0.210 
 99       99    (0)    1 :  0.977 0.006 0.008 0.004 0.006 
100      100    (0)    1 :  0.869 0.047 0.023 0.010 0.050 
101      101    (0)    1 :  0.968 0.009 0.010 0.005 0.008 
102      102    (0)    1 :  0.746 0.045 0.043 0.115 0.051 
103      103    (0)    1 :  0.008 0.130 0.720 0.007 0.135 
104      104    (0)    1 :  0.006 0.334 0.327 0.005 0.328 
105      105    (0)    1 :  0.007 0.538 0.160 0.022 0.272 
106      106    (0)    1 :  0.022 0.577 0.064 0.012 0.326 
107      107    (0)    1 :  0.018 0.135 0.690 0.008 0.149 
108      108    (0)    1 :  0.019 0.472 0.354 0.019 0.136 
109      109    (0)    1 :  0.022 0.151 0.403 0.039 0.385 
110      110    (0)    1 :  0.006 0.249 0.139 0.018 0.588 
111      111    (0)    1 :  0.006 0.527 0.058 0.007 0.402 
112      112    (0)    1 :  0.016 0.156 0.381 0.005 0.442 
113      113    (0)    1 :  0.034 0.201 0.055 0.008 0.702 
114      114    (0)    1 :  0.013 0.454 0.026 0.009 0.499 
115      115    (0)    1 :  0.007 0.203 0.595 0.046 0.150 
116      116    (0)    1 :  0.011 0.223 0.327 0.004 0.434 
117      117    (0)    1 :  0.005 0.789 0.038 0.007 0.160 
118      118    (0)    1 :  0.009 0.251 0.493 0.007 0.240 
119      119    (0)    1 :  0.012 0.293 0.089 0.005 0.601 
120      120    (0)    1 :  0.029 0.752 0.072 0.005 0.142 
121      121    (0)    1 :  0.022 0.509 0.229 0.012 0.227 
122      122    (0)    1 :  0.014 0.419 0.204 0.016 0.347 
123      123    (0)    1 :  0.012 0.424 0.344 0.013 0.208 
124      124    (0)    1 :  0.034 0.253 0.406 0.009 0.298 
125      125    (0)    1 :  0.005 0.285 0.051 0.010 0.649 
126      126    (0)    1 :  0.069 0.436 0.196 0.017 0.281 
127      127    (0)    1 :  0.011 0.477 0.205 0.012 0.295 
128      128    (0)    1 :  0.539 0.252 0.048 0.006 0.154 
129      129    (0)    1 :  0.064 0.359 0.253 0.014 0.310 
130      130    (0)    1 :  0.006 0.317 0.221 0.013 0.443 
131      131    (0)    1 :  0.054 0.455 0.315 0.006 0.170 
132      132    (0)    1 :  0.006 0.364 0.015 0.004 0.611 
133      133    (0)    1 :  0.070 0.597 0.054 0.005 0.273 
134      134    (0)    1 :  0.030 0.095 0.039 0.007 0.829 
135      135    (0)    1 :  0.110 0.560 0.076 0.056 0.197 
136      136    (0)    1 :  0.069 0.488 0.121 0.011 0.311 
137      137    (0)    1 :  0.007 0.076 0.786 0.011 0.121 
138      138    (0)    1 :  0.016 0.386 0.047 0.009 0.543 
139      139    (0)    1 :  0.020 0.120 0.603 0.006 0.251 
140      140    (0)    1 :  0.039 0.313 0.329 0.069 0.251 
141      141    (0)    1 :  0.006 0.229 0.154 0.007 0.604 
142      142    (0)    1 :  0.006 0.717 0.067 0.010 0.200 
143      143    (0)    1 :  0.027 0.269 0.484 0.006 0.214 
144      144    (0)    1 :  0.019 0.272 0.411 0.006 0.292 
145      145    (0)    1 :  0.011 0.188 0.599 0.048 0.154 
146      146    (0)    1 :  0.021 0.345 0.166 0.020 0.449 
147      147    (0)    1 :  0.007 0.192 0.674 0.021 0.105 
148      148    (0)    1 :  0.078 0.208 0.059 0.009 0.645 
149      149    (0)    1 :  0.007 0.292 0.473 0.034 0.195 
150      150    (0)    1 :  0.040 0.567 0.044 0.093 0.256 
151      151    (0)    1 :  0.008 0.315 0.109 0.009 0.558 
152      152    (0)    1 :  0.031 0.029 0.702 0.179 0.061 
153      153    (0)    1 :  0.027 0.093 0.363 0.044 0.474 
154      154    (0)    1 :  0.020 0.032 0.819 0.052 0.075 
155      155    (0)    1 :  0.009 0.146 0.286 0.009 0.550 
156      156    (0)    1 :  0.237 0.107 0.488 0.037 0.131 
157      157    (0)    1 :  0.020 0.266 0.147 0.008 0.560 
158      158    (0)    1 :  0.015 0.229 0.228 0.006 0.522 
159      159    (0)    1 :  0.045 0.246 0.179 0.316 0.214 
160      160    (0)    1 :  0.010 0.376 0.481 0.010 0.122 
161      161    (0)    1 :  0.029 0.287 0.423 0.031 0.230 
162      162    (0)    1 :  0.009 0.417 0.162 0.013 0.399 
163      163    (0)    1 :  0.005 0.689 0.153 0.006 0.148 
164      164    (0)    1 :  0.005 0.490 0.157 0.009 0.340 
165      165    (0)    1 :  0.004 0.096 0.023 0.094 0.782 
166      166    (0)    1 :  0.113 0.586 0.102 0.004 0.195 
167      167    (0)    1 :  0.006 0.076 0.824 0.007 0.087 
168      168    (0)    1 :  0.020 0.544 0.080 0.014 0.343 
169      169    (0)    1 :  0.006 0.322 0.054 0.005 0.613 
170      170    (0)    1 :  0.010 0.456 0.321 0.014 0.200 
171      171    (0)    1 :  0.007 0.381 0.386 0.028 0.198 
172      172    (0)    1 :  0.004 0.205 0.544 0.011 0.236 
173      173    (0)    1 :  0.011 0.435 0.129 0.021 0.403 
174      174    (0)    1 :  0.006 0.110 0.462 0.116 0.306 
175      175    (0)    1 :  0.006 0.123 0.743 0.012 0.117 
176      176    (0)    1 :  0.011 0.260 0.571 0.012 0.146 
177      177    (0)    1 :  0.005 0.527 0.132 0.006 0.330 
178      178    (0)    1 :  0.005 0.366 0.197 0.018 0.414 
179      179    (0)    1 :  0.032 0.137 0.733 0.019 0.079 
180      180    (0)    1 :  0.009 0.518 0.329 0.005 0.138 
181      181    (0)    1 :  0.066 0.592 0.182 0.015 0.146 
182      182    (0)    1 :  0.030 0.727 0.066 0.010 0.167 
183      183    (0)    1 :  0.071 0.067 0.626 0.019 0.217 
184      184    (0)    1 :  0.016 0.233 0.230 0.008 0.513 
185      185    (0)    1 :  0.026 0.284 0.359 0.009 0.322 
186      186    (0)    1 :  0.007 0.865 0.056 0.004 0.069 
187      187    (0)    1 :  0.007 0.338 0.191 0.029 0.435 
188      188    (0)    1 :  0.010 0.356 0.217 0.022 0.395 
189      189    (0)    1 :  0.011 0.411 0.336 0.012 0.230 
190      190    (0)    1 :  0.006 0.443 0.244 0.028 0.279 
191      191    (0)    1 :  0.073 0.347 0.340 0.066 0.174 
192      192    (0)    1 :  0.003 0.084 0.780 0.050 0.083 
193      193    (0)    1 :  0.009 0.194 0.118 0.010 0.669 
194      194    (0)    1 :  0.007 0.372 0.101 0.021 0.499 
195      195    (0)    1 :  0.007 0.573 0.078 0.026 0.316 
196      196    (0)    1 :  0.398 0.129 0.107 0.007 0.359 
197      197    (0)    1 :  0.033 0.312 0.197 0.005 0.454 
198      198    (0)    1 :  0.019 0.154 0.298 0.011 0.518 
199      199    (0)    1 :  0.009 0.707 0.178 0.009 0.097 
200      200    (0)    1 :  0.029 0.281 0.077 0.006 0.608 
201      201    (0)    1 :  0.005 0.228 0.454 0.073 0.240 
202      202    (0)    1 :  0.029 0.185 0.060 0.005 0.721 
203      203    (0)    1 :  0.042 0.693 0.156 0.008 0.100 
204      204    (0)    1 :  0.012 0.361 0.017 0.012 0.598 
205      205    (0)    1 :  0.014 0.257 0.144 0.028 0.558 
206      206    (0)    1 :  0.009 0.351 0.443 0.023 0.173 
207      207    (0)    1 :  0.022 0.508 0.344 0.006 0.120 
208      208    (0)    1 :  0.040 0.637 0.034 0.005 0.283 
209      209    (0)    1 :  0.011 0.123 0.106 0.034 0.725 
210      210    (0)    1 :  0.018 0.389 0.092 0.010 0.491 
211      211    (0)    1 :  0.009 0.554 0.050 0.006 0.382 
212      212    (0)    1 :  0.025 0.475 0.209 0.030 0.262 
213      213    (0)    1 :  0.016 0.156 0.172 0.011 0.644 
214      214    (0)    1 :  0.011 0.299 0.059 0.031 0.600 
215      215    (0)    1 :  0.015 0.292 0.469 0.009 0.214 
216      216    (0)    1 :  0.009 0.076 0.526 0.012 0.377 
217      217    (0)    1 :  0.007 0.569 0.117 0.034 0.273 
218      218    (0)    1 :  0.041 0.283 0.174 0.015 0.488 
219      219    (0)    1 :  0.006 0.665 0.088 0.004 0.237 
220      220    (0)    1 :  0.381 0.298 0.028 0.012 0.282 
221      221    (0)    1 :  0.027 0.492 0.248 0.022 0.212 
222      222    (0)    1 :  0.009 0.143 0.460 0.093 0.296 
223      223    (0)    1 :  0.006 0.142 0.703 0.022 0.127 
224      224    (0)    1 :  0.005 0.417 0.269 0.015 0.294 
225      225    (0)    1 :  0.009 0.092 0.605 0.212 0.082 
226      226    (0)    1 :  0.011 0.555 0.103 0.031 0.299 
227      227    (0)    1 :  0.009 0.166 0.087 0.006 0.732 
228      228    (0)    1 :  0.007 0.268 0.351 0.007 0.367 
229      229    (0)    1 :  0.025 0.427 0.122 0.017 0.408 
230      230    (0)    1 :  0.007 0.496 0.125 0.025 0.347 
231      231    (0)    1 :  0.007 0.721 0.152 0.008 0.112 
232      232    (0)    1 :  0.008 0.334 0.476 0.004 0.179 
233      233    (0)    1 :  0.018 0.645 0.209 0.012 0.115 
234      234    (0)    1 :  0.007 0.460 0.200 0.027 0.306 
235      235    (0)    1 :  0.008 0.231 0.075 0.010 0.676 
236      236    (0)    1 :  0.024 0.428 0.285 0.013 0.249 
237      237    (0)    1 :  0.036 0.445 0.221 0.025 0.273 
238      238    (0)    1 :  0.021 0.271 0.155 0.033 0.520 
239      239    (0)    1 :  0.019 0.444 0.058 0.011 0.468 
240      240    (0)    1 :  0.116 0.122 0.417 0.017 0.327 
241      241    (0)    1 :  0.010 0.526 0.251 0.007 0.206 
242      242    (0)    1 :  0.031 0.396 0.143 0.011 0.419 
243      243    (0)    1 :  0.010 0.694 0.026 0.012 0.258 
244      244    (0)    1 :  0.019 0.255 0.643 0.004 0.079 
245      245    (0)    1 :  0.013 0.061 0.060 0.015 0.852 
246      246    (0)    1 :  0.063 0.202 0.512 0.006 0.217 
247      247    (0)    1 :  0.005 0.103 0.366 0.029 0.497 
248      248    (0)    1 :  0.021 0.543 0.042 0.009 0.385 
249      249    (0)    1 :  0.006 0.314 0.265 0.009 0.407 
250      250    (0)    1 :  0.012 0.730 0.134 0.036 0.088 
251      251    (0)    1 :  0.025 0.257 0.551 0.006 0.160 
252      252    (0)    1 :  0.035 0.259 0.167 0.034 0.506 
253      253    (0)    1 :  0.059 0.586 0.019 0.010 0.326 
254      254    (0)    1 :  0.010 0.513 0.041 0.007 0.428 
255      255    (0)    1 :  0.057 0.460 0.035 0.006 0.443 
256      256    (0)    1 :  0.004 0.466 0.374 0.010 0.146 
257      257    (0)    1 :  0.026 0.595 0.107 0.019 0.253 
258      258    (6)    1 :  0.005 0.068 0.643 0.006 0.279 
259      259    (0)    1 :  0.008 0.447 0.118 0.006 0.422 
260      260    (0)    1 :  0.009 0.387 0.205 0.022 0.378 
261      261    (0)    1 :  0.011 0.345 0.107 0.007 0.530 
262      262    (0)    1 :  0.008 0.126 0.083 0.007 0.776 
263      263    (0)    1 :  0.010 0.468 0.018 0.140 0.364 
264      264    (0)    1 :  0.014 0.126 0.019 0.028 0.813 
265      265    (0)    1 :  0.013 0.076 0.303 0.023 0.584 
266      266    (0)    1 :  0.025 0.216 0.231 0.009 0.519 
267      267    (0)    1 :  0.118 0.131 0.264 0.012 0.475 
268      268    (0)    1 :  0.342 0.080 0.291 0.064 0.223 
269      269    (0)    1 :  0.018 0.035 0.847 0.011 0.089 
270      270    (0)    1 :  0.027 0.210 0.326 0.006 0.430 
271      271    (0)    1 :  0.052 0.245 0.079 0.033 0.591 
272      272    (0)    1 :  0.007 0.039 0.886 0.021 0.046 
273      273    (0)    1 :  0.005 0.363 0.204 0.027 0.401 
274      274    (0)    1 :  0.027 0.312 0.352 0.027 0.282 
275      275    (0)    1 :  0.028 0.378 0.138 0.009 0.446 
276      276    (0)    1 :  0.010 0.138 0.638 0.098 0.116 
277      277    (0)    1 :  0.006 0.417 0.321 0.013 0.243 
278      278    (0)    1 :  0.095 0.321 0.127 0.100 0.357 
279      279    (0)    1 :  0.026 0.130 0.471 0.028 0.345 
280      280    (0)    1 :  0.015 0.602 0.211 0.006 0.167 
281      281    (0)    1 :  0.037 0.256 0.035 0.004 0.668 
282      282    (0)    1 :  0.013 0.265 0.304 0.057 0.360 
283      283    (0)    1 :  0.015 0.368 0.097 0.276 0.243 
284      284    (0)    1 :  0.009 0.372 0.325 0.050 0.244 
285      285    (0)    1 :  0.050 0.229 0.030 0.019 0.672 
286      286    (0)    1 :  0.011 0.801 0.044 0.009 0.136 
287      287    (0)    1 :  0.065 0.646 0.092 0.012 0.186 
288      288    (0)    1 :  0.021 0.528 0.245 0.016 0.190 
289      289    (0)    1 :  0.005 0.339 0.040 0.009 0.608 
290      290    (0)    1 :  0.024 0.410 0.117 0.008 0.440 
291      291    (0)    1 :  0.023 0.565 0.126 0.019 0.267 
292      292    (0)    1 :  0.022 0.124 0.613 0.035 0.206 
293      293    (0)    1 :  0.011 0.128 0.782 0.008 0.071 
294      294    (0)    1 :  0.176 0.501 0.058 0.088 0.177 
295      295    (0)    1 :  0.031 0.214 0.660 0.009 0.087 
296      296    (0)    1 :  0.008 0.202 0.422 0.051 0.317 
297      297    (0)    1 :  0.011 0.322 0.237 0.066 0.364 
298      298    (0)    1 :  0.011 0.537 0.028 0.007 0.417 
299      299    (0)    1 :  0.025 0.353 0.079 0.031 0.512 
300      300    (0)    1 :  0.013 0.103 0.338 0.020 0.526 
301      301    (0)    1 :  0.110 0.645 0.085 0.006 0.154 
302      302    (0)    1 :  0.006 0.776 0.028 0.012 0.178 
303      303    (0)    1 :  0.007 0.567 0.025 0.072 0.328 
304      304    (0)    1 :  0.005 0.399 0.304 0.010 0.282 
305      305    (0)    1 :  0.030 0.311 0.340 0.008 0.312 
306      306    (0)    1 :  0.010 0.246 0.300 0.009 0.435 
307      307    (0)    1 :  0.019 0.252 0.292 0.029 0.409 
308      308    (0)    1 :  0.020 0.371 0.143 0.007 0.458 
309      309    (0)    1 :  0.009 0.132 0.605 0.045 0.208 
310      310    (0)    1 :  0.009 0.263 0.191 0.156 0.382 
311      311    (0)    1 :  0.007 0.180 0.539 0.021 0.254 
312      312    (0)    1 :  0.093 0.462 0.261 0.033 0.151 
313      313    (0)    1 :  0.006 0.367 0.298 0.007 0.322 
314      314    (0)    1 :  0.103 0.130 0.476 0.053 0.238 
315      315    (0)    1 :  0.012 0.028 0.814 0.008 0.139 
316      316    (0)    1 :  0.009 0.206 0.252 0.094 0.439 
317      317    (0)    1 :  0.026 0.528 0.156 0.030 0.260 
318      318    (0)    1 :  0.005 0.054 0.841 0.015 0.085 
319      319    (0)    1 :  0.007 0.349 0.230 0.208 0.205 
320      320    (0)    1 :  0.283 0.289 0.184 0.078 0.167 
321      321    (0)    1 :  0.012 0.180 0.186 0.006 0.617 
322      322    (0)    1 :  0.037 0.301 0.504 0.015 0.143 
323      323    (0)    1 :  0.024 0.673 0.039 0.013 0.252 
324      324    (0)    1 :  0.008 0.279 0.166 0.007 0.540 
325      325    (0)    1 :  0.029 0.069 0.770 0.022 0.110 
326      326    (0)    1 :  0.004 0.491 0.047 0.007 0.451 
327      327    (0)    1 :  0.011 0.398 0.329 0.005 0.257 
328      328    (0)    1 :  0.038 0.405 0.120 0.019 0.417 
329      329    (0)    1 :  0.027 0.593 0.097 0.018 0.265 
330      330    (0)    1 :  0.026 0.603 0.251 0.004 0.117 
331      331    (0)    1 :  0.014 0.038 0.883 0.005 0.060 
332      332    (0)    1 :  0.004 0.596 0.140 0.011 0.249 
333      333    (0)    1 :  0.009 0.643 0.039 0.012 0.297 
334      334    (0)    1 :  0.029 0.062 0.261 0.006 0.643 
335      335    (0)    1 :  0.057 0.285 0.236 0.009 0.413 
336      336    (0)    1 :  0.015 0.013 0.947 0.007 0.018 
337      337    (0)    1 :  0.015 0.056 0.781 0.033 0.115 
338      338    (0)    1 :  0.143 0.021 0.801 0.008 0.027 
339      339    (0)    1 :  0.005 0.009 0.971 0.007 0.008 
340      340    (0)    1 :  0.006 0.015 0.930 0.031 0.017 
341      341    (0)    1 :  0.011 0.364 0.202 0.007 0.416 
342      342    (0)    1 :  0.006 0.007 0.972 0.006 0.008 
343      343    (0)    1 :  0.025 0.013 0.935 0.007 0.020 
344      344    (0)    1 :  0.013 0.013 0.953 0.010 0.011 
345      345    (0)    1 :  0.006 0.011 0.964 0.009 0.009 
346      346    (0)    1 :  0.008 0.012 0.952 0.014 0.013 
347      347    (0)    1 :  0.008 0.013 0.951 0.010 0.018 
348      348    (0)    1 :  0.079 0.043 0.789 0.024 0.066 
349      349    (0)    1 :  0.010 0.007 0.970 0.006 0.007 
350      350    (0)    1 :  0.115 0.021 0.834 0.007 0.022 
351      351    (0)    1 :  0.007 0.014 0.914 0.051 0.014 
352      352    (0)    1 :  0.011 0.508 0.274 0.006 0.201 
353      353    (0)    1 :  0.009 0.014 0.947 0.018 0.011 
354      354    (0)    1 :  0.008 0.012 0.950 0.017 0.013 
355      355    (0)    1 :  0.011 0.015 0.939 0.021 0.014 
356      356    (0)    1 :  0.021 0.171 0.112 0.010 0.687 
357      357    (0)    1 :  0.016 0.196 0.538 0.161 0.090 
358      358    (0)    1 :  0.034 0.459 0.260 0.012 0.235 
359      359    (0)    1 :  0.010 0.294 0.146 0.024 0.526 
360      360    (0)    1 :  0.035 0.130 0.669 0.051 0.114 
361      361    (0)    1 :  0.016 0.204 0.464 0.102 0.214 
362      362    (0)    1 :  0.033 0.629 0.051 0.006 0.283 
363      363    (0)    1 :  0.006 0.073 0.817 0.006 0.098 
364      364    (0)    1 :  0.006 0.217 0.113 0.007 0.657 
365      365    (0)    1 :  0.010 0.038 0.833 0.007 0.112 
366      366    (0)    1 :  0.008 0.078 0.809 0.005 0.101 
367      367    (0)    1 :  0.030 0.463 0.134 0.016 0.357 
368      368    (0)    1 :  0.013 0.576 0.110 0.012 0.289 
369      369    (0)    1 :  0.012 0.102 0.718 0.005 0.163 
370      370    (0)    1 :  0.006 0.120 0.692 0.043 0.138 
371      371    (0)    1 :  0.011 0.307 0.458 0.059 0.165 
372      372    (0)    1 :  0.009 0.031 0.708 0.049 0.204 
373      373    (0)    1 :  0.013 0.571 0.144 0.018 0.254 
374      374    (0)    1 :  0.143 0.287 0.299 0.056 0.215 
375      375    (0)    1 :  0.005 0.081 0.461 0.026 0.428 
376      376    (0)    1 :  0.012 0.195 0.541 0.014 0.238 
377      377    (0)    1 :  0.013 0.393 0.094 0.011 0.488 
378      378    (0)    1 :  0.024 0.250 0.662 0.009 0.055 
379      379    (0)    1 :  0.008 0.319 0.249 0.013 0.411 
380      380    (0)    1 :  0.006 0.343 0.041 0.017 0.593 
381      381    (0)    1 :  0.017 0.114 0.711 0.012 0.146 
382      382    (0)    1 :  0.008 0.150 0.085 0.027 0.731 
383      383    (0)    1 :  0.059 0.292 0.207 0.016 0.426 
384      384    (0)    1 :  0.011 0.419 0.258 0.013 0.298 
385      385    (0)    1 :  0.003 0.198 0.189 0.005 0.605 
386      386    (0)    1 :  0.036 0.398 0.389 0.010 0.167 
387      387    (0)    1 :  0.005 0.166 0.699 0.007 0.123 
388      388    (0)    1 :  0.018 0.506 0.200 0.013 0.263 
389      389    (0)    1 :  0.023 0.246 0.172 0.008 0.551 
390      390    (0)    1 :  0.032 0.082 0.797 0.004 0.085 
391      391    (0)    1 :  0.009 0.333 0.320 0.007 0.331 
392      392    (0)    1 :  0.004 0.791 0.059 0.016 0.130 
393      393    (0)    1 :  0.027 0.155 0.369 0.008 0.441 
394      394    (0)    1 :  0.006 0.654 0.040 0.008 0.292 
395      395    (0)    1 :  0.008 0.781 0.028 0.006 0.178 
396      396    (0)    1 :  0.010 0.285 0.141 0.006 0.557 
397      397    (0)    1 :  0.009 0.667 0.075 0.007 0.242 
398      398    (0)    1 :  0.492 0.189 0.137 0.024 0.158 
399      399    (0)    1 :  0.015 0.163 0.190 0.012 0.619 
400      400    (0)    1 :  0.022 0.311 0.095 0.033 0.538 
401      401    (0)    1 :  0.015 0.706 0.123 0.008 0.148 
402      402    (0)    1 :  0.006 0.612 0.054 0.017 0.311 
403      403    (0)    1 :  0.012 0.170 0.533 0.007 0.277 
404      404    (0)    1 :  0.006 0.515 0.208 0.023 0.248 
405      405    (0)    1 :  0.052 0.224 0.574 0.011 0.138 
406      406    (0)    1 :  0.008 0.225 0.311 0.049 0.407 
407      407    (0)    1 :  0.008 0.206 0.070 0.013 0.702 
408      408    (0)    1 :  0.012 0.612 0.099 0.009 0.268 
409      409    (0)    1 :  0.011 0.178 0.363 0.022 0.426 
410      410    (0)    1 :  0.017 0.329 0.060 0.010 0.584 
411      411    (0)    1 :  0.008 0.292 0.290 0.035 0.376 
412      412    (0)    1 :  0.009 0.174 0.164 0.016 0.637 
413      413    (0)    1 :  0.012 0.581 0.094 0.006 0.307 
414      414    (0)    1 :  0.008 0.531 0.278 0.018 0.165 
415      415    (0)    1 :  0.051 0.321 0.160 0.008 0.460 
416      416    (0)    1 :  0.008 0.577 0.050 0.010 0.355 
417      417    (0)    1 :  0.030 0.394 0.210 0.014 0.352 
418      418    (0)    1 :  0.027 0.160 0.391 0.005 0.417 
419      419    (0)    1 :  0.048 0.393 0.304 0.013 0.243 
420      420    (0)    1 :  0.199 0.537 0.031 0.007 0.226 
421      421    (0)    1 :  0.061 0.275 0.145 0.009 0.510 
422      422    (0)    1 :  0.080 0.183 0.490 0.124 0.123 
423      423    (0)    1 :  0.005 0.444 0.161 0.016 0.374 
424      424    (0)    1 :  0.012 0.534 0.124 0.019 0.311 
425      425    (0)    1 :  0.006 0.380 0.446 0.008 0.160 
426      426    (0)    1 :  0.008 0.189 0.631 0.036 0.136 
427      427    (0)    1 :  0.010 0.524 0.077 0.005 0.384 
428      428    (0)    1 :  0.010 0.545 0.229 0.006 0.209 
429      429    (0)    1 :  0.005 0.104 0.061 0.016 0.814 
430      430    (0)    1 :  0.016 0.136 0.270 0.367 0.211 
431      431    (0)    1 :  0.008 0.589 0.023 0.007 0.373 
432      432    (0)    1 :  0.007 0.276 0.533 0.010 0.174 
433      433    (0)    1 :  0.007 0.088 0.575 0.028 0.303 
434      434    (0)    1 :  0.015 0.335 0.067 0.009 0.573 
435      435    (0)    1 :  0.018 0.548 0.045 0.011 0.379 
436      436    (0)    1 :  0.068 0.480 0.030 0.009 0.412 
437      437    (0)    1 :  0.082 0.221 0.149 0.224 0.324 
438      438    (0)    1 :  0.005 0.113 0.096 0.046 0.740 
439      439    (0)    1 :  0.010 0.093 0.750 0.015 0.132 
440      440    (0)    1 :  0.030 0.150 0.662 0.005 0.152 
441      441    (0)    1 :  0.020 0.236 0.029 0.060 0.655 
442      442    (0)    1 :  0.034 0.221 0.088 0.248 0.409 
443      443    (0)    1 :  0.009 0.042 0.742 0.018 0.189 
444      444    (0)    1 :  0.021 0.106 0.448 0.016 0.409 
445      445    (0)    1 :  0.007 0.133 0.594 0.010 0.256 
446      446    (0)    1 :  0.016 0.200 0.650 0.013 0.120 
447      447    (0)    1 :  0.026 0.299 0.473 0.010 0.192 
448      448    (0)    1 :  0.084 0.072 0.759 0.051 0.033 
449      449    (0)    1 :  0.028 0.720 0.139 0.010 0.104 
450      450    (0)    1 :  0.023 0.066 0.811 0.073 0.027 
451      451    (0)    1 :  0.066 0.196 0.584 0.005 0.149 
452      452    (0)    1 :  0.009 0.229 0.064 0.017 0.681 
453      453    (0)    1 :  0.044 0.597 0.069 0.011 0.279 
454      454    (0)    1 :  0.018 0.293 0.183 0.057 0.449 
455      455    (0)    1 :  0.005 0.435 0.108 0.010 0.442 
456      456    (0)    1 :  0.009 0.314 0.182 0.013 0.482 
457      457    (0)    1 :  0.010 0.182 0.024 0.005 0.779 
458      458    (0)    1 :  0.013 0.085 0.747 0.015 0.141 
459      459    (0)    1 :  0.018 0.237 0.457 0.046 0.242 
460      460    (0)    1 :  0.018 0.717 0.038 0.065 0.161 
461      461    (0)    1 :  0.061 0.522 0.138 0.039 0.241 
462      462    (0)    1 :  0.010 0.771 0.082 0.008 0.129 
463      463    (0)    1 :  0.022 0.109 0.709 0.032 0.128 
464      464    (0)    1 :  0.048 0.675 0.077 0.013 0.187 
465      465    (0)    1 :  0.015 0.146 0.594 0.059 0.186 
466      466    (0)    1 :  0.045 0.135 0.615 0.130 0.076 
467      467    (0)    1 :  0.017 0.511 0.159 0.017 0.297 
468      468    (0)    1 :  0.009 0.276 0.568 0.008 0.139 
469      469    (0)    1 :  0.009 0.405 0.269 0.008 0.309 
470      470    (0)    1 :  0.010 0.588 0.096 0.054 0.252 
471      471    (0)    1 :  0.006 0.661 0.022 0.006 0.305 
472      472    (0)    1 :  0.019 0.661 0.028 0.036 0.256 
473      473    (0)    1 :  0.011 0.212 0.085 0.017 0.676 
474      474    (0)    1 :  0.005 0.584 0.090 0.007 0.314 
475      475    (0)    1 :  0.007 0.616 0.033 0.005 0.339 
476      476    (0)    1 :  0.014 0.335 0.129 0.006 0.517 
477      477    (0)    1 :  0.010 0.288 0.365 0.058 0.280 
478      478    (0)    1 :  0.011 0.224 0.474 0.082 0.209 
479      479    (0)    1 :  0.114 0.718 0.062 0.006 0.100 
480      480    (0)    1 :  0.024 0.522 0.137 0.009 0.309 
481      481    (0)    1 :  0.017 0.294 0.117 0.012 0.559 
482      482    (0)    1 :  0.009 0.156 0.728 0.006 0.101 
483      483    (0)    1 :  0.010 0.187 0.085 0.018 0.700 
484      484    (0)    1 :  0.108 0.364 0.268 0.006 0.253 
485      485    (0)    1 :  0.076 0.046 0.301 0.501 0.075 
486      486    (0)    1 :  0.050 0.123 0.440 0.009 0.379 
487      487    (0)    1 :  0.008 0.490 0.228 0.009 0.264 
488      488    (0)    1 :  0.059 0.461 0.209 0.022 0.249 
489      489    (0)    1 :  0.039 0.402 0.253 0.009 0.296 
490      490    (0)    1 :  0.015 0.056 0.874 0.011 0.045 
491      491    (0)    1 :  0.009 0.650 0.214 0.006 0.120 
492      492    (0)    1 :  0.009 0.384 0.201 0.015 0.391 
493      493    (0)    1 :  0.009 0.219 0.437 0.004 0.331 
494      494    (0)    1 :  0.007 0.285 0.083 0.009 0.617 
495      495    (0)    1 :  0.015 0.352 0.090 0.024 0.518 
496      496    (0)    1 :  0.015 0.241 0.151 0.096 0.496 
497      497    (0)    1 :  0.010 0.409 0.466 0.009 0.106 
498      498    (0)    1 :  0.014 0.284 0.187 0.012 0.502 
499      499    (0)    1 :  0.011 0.494 0.100 0.006 0.389 
500      500    (0)    1 :  0.007 0.643 0.041 0.010 0.300 
501      501    (0)    1 :  0.008 0.303 0.313 0.012 0.364 
502      502    (0)    1 :  0.100 0.491 0.051 0.052 0.306 
503      503    (0)    1 :  0.004 0.701 0.098 0.007 0.190 
504      504    (0)    1 :  0.018 0.351 0.479 0.008 0.144 
505      505    (0)    1 :  0.006 0.061 0.508 0.085 0.341 
506      506    (0)    1 :  0.053 0.412 0.190 0.025 0.319 
507      507    (0)    1 :  0.033 0.127 0.406 0.099 0.335 
508      508    (0)    1 :  0.008 0.577 0.075 0.011 0.330 
509      509    (0)    1 :  0.007 0.091 0.050 0.004 0.848 
510      510    (0)    1 :  0.057 0.438 0.179 0.006 0.319 
511      511    (0)    1 :  0.033 0.278 0.445 0.010 0.234 
512      512    (0)    1 :  0.009 0.243 0.545 0.010 0.192 
513      513    (0)    1 :  0.008 0.345 0.309 0.013 0.325 
514      514    (0)    1 :  0.009 0.479 0.329 0.020 0.163 
515      515    (0)    1 :  0.010 0.627 0.101 0.006 0.256 
516      516    (0)    1 :  0.006 0.713 0.144 0.029 0.108 
517      517    (0)    1 :  0.004 0.583 0.286 0.032 0.096 
518      518    (0)    1 :  0.013 0.235 0.233 0.177 0.342 
519      519    (0)    1 :  0.182 0.261 0.330 0.050 0.176 
520      520    (0)    1 :  0.014 0.310 0.185 0.015 0.476 
521      521    (0)    1 :  0.038 0.506 0.310 0.008 0.139 
522      522    (0)    1 :  0.586 0.119 0.117 0.010 0.168 
523      523    (0)    1 :  0.010 0.405 0.194 0.024 0.367 
524      524    (0)    1 :  0.006 0.325 0.275 0.005 0.389 
525      525    (0)    1 :  0.006 0.606 0.088 0.011 0.289 
526      526    (0)    1 :  0.012 0.144 0.784 0.015 0.046 
527      527    (0)    1 :  0.021 0.635 0.028 0.007 0.308 
528      528    (0)    1 :  0.004 0.808 0.051 0.008 0.129 
529      529    (0)    1 :  0.297 0.526 0.036 0.016 0.126 
530      530    (0)    1 :  0.023 0.087 0.664 0.045 0.180 
531      531    (0)    1 :  0.039 0.408 0.261 0.008 0.284 
532      532    (0)    1 :  0.132 0.298 0.272 0.016 0.281 
533      533    (0)    1 :  0.017 0.489 0.198 0.012 0.284 
534      534    (0)    1 :  0.011 0.322 0.474 0.054 0.138 
535      535    (0)    1 :  0.010 0.274 0.385 0.016 0.315 
536      536    (0)    1 :  0.025 0.403 0.074 0.012 0.487 
537      537    (0)    1 :  0.029 0.203 0.498 0.040 0.229 
538      538    (0)    1 :  0.006 0.229 0.152 0.004 0.609 
539      539    (0)    1 :  0.005 0.261 0.577 0.014 0.143 
540      540    (0)    1 :  0.016 0.373 0.154 0.009 0.447 
541      541    (0)    1 :  0.094 0.621 0.077 0.011 0.198 
542      542    (0)    1 :  0.049 0.134 0.704 0.009 0.104 
543      543    (0)    1 :  0.012 0.164 0.065 0.004 0.755 
544      544    (0)    1 :  0.052 0.074 0.738 0.040 0.096 
545      545    (0)    1 :  0.020 0.076 0.801 0.031 0.072 
546      546    (0)    1 :  0.011 0.379 0.088 0.018 0.505 
547      547    (0)    1 :  0.018 0.631 0.120 0.008 0.223 
548      548    (0)    1 :  0.016 0.224 0.497 0.006 0.257 
549      549    (0)    1 :  0.016 0.166 0.755 0.020 0.043 
550      550    (0)    1 :  0.005 0.451 0.174 0.006 0.364 
551      551    (0)    1 :  0.063 0.171 0.199 0.007 0.561 
552      552    (0)    1 :  0.007 0.827 0.087 0.004 0.075 
553      553    (0)    1 :  0.008 0.777 0.083 0.026 0.106 
554      554    (0)    1 :  0.015 0.374 0.170 0.043 0.398 
555      555    (0)    1 :  0.009 0.418 0.253 0.027 0.294 
556      556    (0)    1 :  0.015 0.317 0.550 0.021 0.096 
557      557    (0)    1 :  0.012 0.721 0.081 0.010 0.176 
558      558    (0)    1 :  0.010 0.641 0.120 0.007 0.222 
559      559    (0)    1 :  0.006 0.093 0.086 0.034 0.781 
560      560    (0)    1 :  0.006 0.158 0.681 0.015 0.139 
561      561    (0)    1 :  0.010 0.113 0.646 0.013 0.218 
562      562    (0)    1 :  0.006 0.537 0.087 0.010 0.359 
563      563    (0)    1 :  0.008 0.354 0.360 0.008 0.271 
564      564    (0)    1 :  0.007 0.269 0.092 0.248 0.384 
565      565    (0)    1 :  0.026 0.569 0.127 0.009 0.269 
566      566    (0)    1 :  0.029 0.454 0.071 0.023 0.422 
567      567    (0)    1 :  0.086 0.426 0.072 0.009 0.406 
568      568    (0)    1 :  0.018 0.483 0.030 0.035 0.433 
569      569    (0)    1 :  0.009 0.473 0.238 0.005 0.275 
570      570    (0)    1 :  0.014 0.517 0.061 0.007 0.402 
571      571    (0)    1 :  0.072 0.249 0.071 0.008 0.600 
572      572    (0)    1 :  0.010 0.719 0.077 0.009 0.184 
573      573    (0)    1 :  0.011 0.154 0.386 0.206 0.244 
574      574    (0)    1 :  0.020 0.416 0.177 0.032 0.355 
575      575    (0)    1 :  0.006 0.484 0.294 0.017 0.199 
576      576    (0)    1 :  0.007 0.723 0.135 0.047 0.088 
577      577    (0)    1 :  0.016 0.335 0.398 0.056 0.195 
578      578    (0)    1 :  0.028 0.502 0.064 0.251 0.156 
579      579    (0)    1 :  0.006 0.147 0.379 0.025 0.443 
580      580    (0)    1 :  0.040 0.711 0.026 0.008 0.215 
581      581    (0)    1 :  0.004 0.790 0.064 0.006 0.136 
582      582    (0)    1 :  0.042 0.228 0.311 0.110 0.309 
583      583    (0)    1 :  0.079 0.249 0.415 0.124 0.133 
584      584    (0)    1 :  0.013 0.422 0.343 0.018 0.204 
585      585    (0)    1 :  0.118 0.200 0.592 0.019 0.071 
586      586    (0)    1 :  0.014 0.239 0.452 0.011 0.283 
587      587    (0)    1 :  0.006 0.367 0.410 0.011 0.206 
588      588    (0)    1 :  0.021 0.359 0.143 0.028 0.449 
589      589    (0)    1 :  0.018 0.190 0.024 0.043 0.725 
590      590    (0)    1 :  0.015 0.055 0.604 0.016 0.310 
591      591    (0)    1 :  0.070 0.525 0.028 0.006 0.370 
592      592    (0)    1 :  0.008 0.088 0.196 0.017 0.691 
593      593    (0)    1 :  0.007 0.716 0.035 0.017 0.224 
594      594    (0)    1 :  0.007 0.215 0.515 0.025 0.238 
595      595    (0)    1 :  0.741 0.097 0.077 0.014 0.071 
596      596    (0)    1 :  0.026 0.321 0.132 0.014 0.506 
597      597    (0)    1 :  0.034 0.481 0.291 0.019 0.175 
598      598    (0)    1 :  0.005 0.203 0.744 0.006 0.041 
599      599    (0)    1 :  0.022 0.128 0.391 0.044 0.415 
600      600    (0)    1 :  0.069 0.177 0.481 0.042 0.231 
601      601    (0)    1 :  0.005 0.107 0.675 0.103 0.111 
602      602    (0)    1 :  0.016 0.148 0.366 0.060 0.409 
603      603    (0)    1 :  0.049 0.550 0.182 0.011 0.207 
604      604    (0)    1 :  0.023 0.624 0.017 0.011 0.325 
605      605    (0)    1 :  0.019 0.397 0.161 0.008 0.416 
606      606    (0)    1 :  0.034 0.360 0.205 0.018 0.382 
607      607    (0)    1 :  0.008 0.465 0.084 0.023 0.420 
608      608    (0)    1 :  0.011 0.130 0.468 0.008 0.382 
609      609    (0)    1 :  0.008 0.148 0.503 0.010 0.332 
610      610    (0)    1 :  0.019 0.214 0.240 0.036 0.490 
611      611    (0)    1 :  0.009 0.668 0.024 0.006 0.293 
612      612    (0)    1 :  0.007 0.267 0.406 0.032 0.288 
613      613    (0)    1 :  0.023 0.163 0.228 0.026 0.560 
614      614    (0)    1 :  0.009 0.531 0.254 0.006 0.199 
615      615    (0)    1 :  0.011 0.541 0.240 0.025 0.184 
616      616    (0)    1 :  0.009 0.327 0.391 0.013 0.261 
617      617    (0)    1 :  0.014 0.319 0.079 0.011 0.578 
618      618    (0)    1 :  0.017 0.521 0.301 0.013 0.147 
619      619    (0)    1 :  0.175 0.450 0.154 0.035 0.186 
620      620    (0)    1 :  0.017 0.159 0.734 0.007 0.083 
621      621    (0)    1 :  0.005 0.329 0.491 0.080 0.094 
622      622    (0)    1 :  0.007 0.088 0.823 0.013 0.068 
623      623    (0)    1 :  0.004 0.516 0.048 0.003 0.429 
624      624    (0)    1 :  0.014 0.149 0.673 0.020 0.144 
625      625    (0)    1 :  0.011 0.515 0.134 0.008 0.333 
626      626    (0)    1 :  0.541 0.160 0.047 0.005 0.247 
627      627    (0)    1 :  0.004 0.664 0.121 0.041 0.170 
628      628    (0)    1 :  0.012 0.692 0.173 0.007 0.116 
629      629    (0)    1 :  0.138 0.629 0.046 0.022 0.165 
630      630    (0)    1 :  0.009 0.295 0.319 0.006 0.371 
631      631    (0)    1 :  0.009 0.500 0.250 0.008 0.233 
632      632    (0)    1 :  0.016 0.075 0.780 0.012 0.117 
633      633    (0)    1 :  0.018 0.315 0.066 0.100 0.501 
634      634    (0)    1 :  0.007 0.292 0.518 0.020 0.163 
635      635    (0)    1 :  0.013 0.494 0.165 0.010 0.319 
636      636    (0)    1 :  0.204 0.136 0.540 0.020 0.101 
637      637    (0)    1 :  0.026 0.446 0.217 0.009 0.302 
638      638    (0)    1 :  0.020 0.237 0.523 0.039 0.180 
639      639    (0)    1 :  0.015 0.832 0.021 0.011 0.120 
640      640    (0)    1 :  0.018 0.256 0.591 0.011 0.124 
641      641    (0)    1 :  0.007 0.244 0.099 0.011 0.638 
642      642    (0)    1 :  0.011 0.419 0.382 0.009 0.179 
643      643    (0)    1 :  0.013 0.309 0.249 0.030 0.400 
644      644    (0)    1 :  0.016 0.249 0.479 0.071 0.185 
645      645    (0)    1 :  0.007 0.177 0.494 0.051 0.272 
646      646    (0)    1 :  0.020 0.225 0.607 0.018 0.130 
647      647    (0)    1 :  0.012 0.766 0.020 0.006 0.196 
648      648    (0)    1 :  0.015 0.087 0.660 0.105 0.133 
649      649    (0)    1 :  0.008 0.662 0.068 0.035 0.227 
650      650    (0)    1 :  0.023 0.518 0.211 0.006 0.241 
651      651    (0)    1 :  0.015 0.052 0.865 0.011 0.057 
652      652    (0)    1 :  0.006 0.104 0.523 0.034 0.334 
653      653    (0)    1 :  0.015 0.296 0.301 0.010 0.378 
654      654    (0)    1 :  0.011 0.456 0.287 0.007 0.239 
655      655    (0)    1 :  0.013 0.360 0.464 0.042 0.122 
656      656    (0)    1 :  0.009 0.240 0.596 0.016 0.140 
657      657    (0)    1 :  0.007 0.071 0.756 0.017 0.150 
658      658    (0)    1 :  0.034 0.297 0.181 0.035 0.453 
659      659    (0)    1 :  0.016 0.357 0.138 0.012 0.478 
660      660    (0)    1 :  0.012 0.091 0.809 0.014 0.074 
661      661    (0)    1 :  0.042 0.682 0.053 0.010 0.213 
662      662    (0)    1 :  0.490 0.186 0.076 0.075 0.173 
663      663    (0)    1 :  0.011 0.067 0.857 0.007 0.058 
664      664    (0)    1 :  0.006 0.588 0.166 0.016 0.225 
665      665    (0)    1 :  0.025 0.183 0.478 0.082 0.231 
666      666    (0)    1 :  0.024 0.233 0.613 0.004 0.125 
667      667    (0)    1 :  0.011 0.736 0.088 0.010 0.155 
668      668    (0)    1 :  0.042 0.276 0.289 0.116 0.277 
669      669    (0)    1 :  0.004 0.304 0.440 0.009 0.244 
670      670    (0)    1 :  0.033 0.175 0.150 0.009 0.633 
671      671    (0)    1 :  0.004 0.046 0.717 0.059 0.174 
672      672    (0)    1 :  0.006 0.111 0.625 0.012 0.246 
673      673    (0)    1 :  0.006 0.293 0.269 0.004 0.427 
674      674    (0)    1 :  0.084 0.145 0.656 0.027 0.089 
675      675    (0)    1 :  0.010 0.061 0.778 0.018 0.132 
676      676    (0)    1 :  0.011 0.138 0.521 0.035 0.295 
677      677    (0)    1 :  0.007 0.521 0.379 0.006 0.087 
678      678    (0)    1 :  0.006 0.631 0.212 0.005 0.145 
679      679    (0)    1 :  0.007 0.049 0.878 0.006 0.060 
680      680    (0)    1 :  0.031 0.229 0.284 0.033 0.423 
681      681    (0)    1 :  0.015 0.211 0.478 0.011 0.285 
682      682    (0)    1 :  0.105 0.559 0.064 0.013 0.257 
683      683    (0)    1 :  0.020 0.597 0.177 0.068 0.138 
684      684    (0)    1 :  0.092 0.626 0.053 0.008 0.221 
685      685    (0)    1 :  0.014 0.117 0.668 0.079 0.122 
686      686    (0)    1 :  0.005 0.269 0.112 0.152 0.462 
687      687    (0)    1 :  0.006 0.121 0.632 0.008 0.232 
688      688    (0)    1 :  0.009 0.350 0.236 0.007 0.397 
689      689    (0)    1 :  0.016 0.674 0.027 0.035 0.249 
690      690    (0)    1 :  0.014 0.576 0.105 0.013 0.292 
691      691    (0)    1 :  0.078 0.076 0.582 0.133 0.131 
692      692    (0)    1 :  0.046 0.126 0.162 0.038 0.628 
693      693    (0)    1 :  0.006 0.703 0.089 0.006 0.196 
694      694    (0)    1 :  0.008 0.333 0.387 0.010 0.262 
695      695    (0)    1 :  0.011 0.177 0.318 0.007 0.487 
696      696    (0)    1 :  0.011 0.599 0.219 0.027 0.145 
697      697    (0)    1 :  0.048 0.181 0.401 0.020 0.350 
698      698    (0)    1 :  0.007 0.822 0.072 0.026 0.072 
699      699    (0)    1 :  0.011 0.749 0.090 0.015 0.135 
700      700    (0)    1 :  0.013 0.542 0.340 0.022 0.083 
701      701    (0)    1 :  0.019 0.301 0.327 0.011 0.342 
702      702    (0)    1 :  0.010 0.595 0.108 0.045 0.243 
703      703    (0)    1 :  0.011 0.701 0.020 0.011 0.258 
704      704    (0)    1 :  0.034 0.765 0.062 0.021 0.119 
705      705    (0)    1 :  0.050 0.339 0.358 0.011 0.242 
706      706    (0)    1 :  0.009 0.413 0.407 0.006 0.166 
707      707    (0)    1 :  0.065 0.193 0.528 0.016 0.198 
708      708    (0)    1 :  0.010 0.070 0.834 0.010 0.077 
709      709    (0)    1 :  0.009 0.650 0.079 0.029 0.232 
710      710    (0)    1 :  0.014 0.121 0.535 0.050 0.280 
711      711    (0)    1 :  0.013 0.351 0.485 0.011 0.141 
712      712    (0)    1 :  0.015 0.752 0.048 0.011 0.175 
713      713    (0)    1 :  0.033 0.553 0.264 0.008 0.142 
714      714    (0)    1 :  0.036 0.183 0.141 0.058 0.582 
715      715    (0)    1 :  0.034 0.294 0.089 0.270 0.313 
716      716    (0)    1 :  0.011 0.545 0.177 0.013 0.254 
717      717    (0)    1 :  0.012 0.169 0.418 0.135 0.265 
718      718    (0)    1 :  0.021 0.087 0.800 0.014 0.079 
719      719    (0)    1 :  0.007 0.273 0.084 0.013 0.623 
720      720    (0)    1 :  0.025 0.111 0.470 0.156 0.238 
721      721    (0)    1 :  0.013 0.671 0.092 0.019 0.206 
722      722    (0)    1 :  0.015 0.741 0.116 0.016 0.112 
723      723    (0)    1 :  0.010 0.607 0.159 0.015 0.209 
724      724    (0)    1 :  0.015 0.345 0.193 0.021 0.426 
725      725    (0)    1 :  0.024 0.694 0.056 0.006 0.220 
726      726    (0)    1 :  0.015 0.514 0.118 0.088 0.266 
727      727    (0)    1 :  0.012 0.353 0.450 0.008 0.177 
728      728    (0)    1 :  0.008 0.183 0.614 0.015 0.181 
729      729    (0)    1 :  0.014 0.614 0.076 0.015 0.281 
730      730    (0)    1 :  0.009 0.412 0.235 0.009 0.335 
731      731    (0)    1 :  0.017 0.639 0.103 0.011 0.230 
732      732    (0)    1 :  0.014 0.184 0.065 0.023 0.713 
733      733    (0)    1 :  0.067 0.127 0.733 0.006 0.067 
734      734    (0)    1 :  0.012 0.274 0.396 0.014 0.304 
735      735    (0)    1 :  0.005 0.102 0.755 0.009 0.129 
736      736    (0)    1 :  0.007 0.158 0.440 0.007 0.388 
737      737    (0)    1 :  0.068 0.523 0.097 0.031 0.282 
738      738    (0)    1 :  0.019 0.551 0.185 0.012 0.234 
739      739    (0)    1 :  0.020 0.327 0.120 0.024 0.509 
740      740    (0)    1 :  0.011 0.677 0.057 0.045 0.210 
741      741    (0)    1 :  0.018 0.511 0.223 0.008 0.240 
742      742    (0)    1 :  0.961 0.009 0.010 0.013 0.008 
743      743    (0)    1 :  0.971 0.007 0.008 0.006 0.008 
744      744    (0)    1 :  0.967 0.007 0.011 0.008 0.007 
745      745    (0)    1 :  0.983 0.005 0.004 0.004 0.004 
746      746    (0)    1 :  0.975 0.005 0.004 0.010 0.005 
747      747    (0)    1 :  0.864 0.044 0.045 0.007 0.040 
748      748    (0)    1 :  0.917 0.028 0.016 0.018 0.021 
749      749    (6)    1 :  0.981 0.005 0.005 0.005 0.005 
750      750    (0)    1 :  0.974 0.008 0.007 0.005 0.006 
751      751    (0)    1 :  0.978 0.004 0.006 0.007 0.004 
752      752    (0)    1 :  0.970 0.006 0.008 0.010 0.006 
753      753    (0)    1 :  0.907 0.014 0.010 0.047 0.023 
754      754    (0)    1 :  0.928 0.012 0.013 0.036 0.011 
755      755    (0)    1 :  0.036 0.180 0.619 0.085 0.081 
756      756    (0)    1 :  0.007 0.075 0.041 0.044 0.833 
757      757    (0)    1 :  0.187 0.145 0.075 0.020 0.573 
758      758    (0)    1 :  0.117 0.249 0.017 0.022 0.595 
759      759    (0)    1 :  0.008 0.096 0.395 0.092 0.408 
760      760    (0)    1 :  0.013 0.196 0.183 0.323 0.285 
761      761    (0)    1 :  0.009 0.113 0.021 0.046 0.811 
762      762    (0)    1 :  0.040 0.051 0.067 0.778 0.064 
763      763    (0)    1 :  0.032 0.158 0.186 0.016 0.608 
764      764    (0)    1 :  0.013 0.259 0.174 0.013 0.541 
765      765    (0)    1 :  0.008 0.006 0.007 0.972 0.007 
766      766    (0)    1 :  0.009 0.272 0.078 0.009 0.633 
767      767    (0)    1 :  0.012 0.173 0.181 0.018 0.616 
768      768    (0)    1 :  0.136 0.315 0.222 0.019 0.307 
769      769    (0)    1 :  0.012 0.200 0.073 0.043 0.672 
770      770    (0)    1 :  0.050 0.404 0.094 0.023 0.429 
771      771    (0)    1 :  0.005 0.222 0.262 0.014 0.498 
772      772    (0)    1 :  0.018 0.300 0.238 0.019 0.425 
773      773    (0)    1 :  0.020 0.347 0.296 0.018 0.319 
774      774    (0)    1 :  0.019 0.337 0.405 0.012 0.228 
775      775    (0)    1 :  0.007 0.009 0.008 0.969 0.007 
776      776    (0)    1 :  0.013 0.010 0.024 0.935 0.018 
777      777    (0)    1 :  0.003 0.005 0.006 0.982 0.005 
778      778    (0)    1 :  0.015 0.238 0.181 0.090 0.477 
779      779    (0)    1 :  0.005 0.009 0.011 0.965 0.010 
780      780    (0)    1 :  0.009 0.047 0.017 0.914 0.014 
781      781    (0)    1 :  0.004 0.007 0.007 0.975 0.007 
782      782    (0)    1 :  0.006 0.005 0.005 0.979 0.005 
783      783    (0)    1 :  0.027 0.023 0.032 0.900 0.018 
784      784    (0)    1 :  0.031 0.008 0.006 0.949 0.007 
785      785    (0)    1 :  0.010 0.010 0.010 0.961 0.009 
786      786    (0)    1 :  0.019 0.032 0.022 0.902 0.026 
787      787    (0)    1 :  0.006 0.007 0.008 0.971 0.008 
788      788    (0)    1 :  0.006 0.007 0.007 0.974 0.007 
789      789    (0)    1 :  0.009 0.007 0.006 0.971 0.007 
790      790    (0)    1 :  0.015 0.010 0.011 0.956 0.009 
791      791    (0)    1 :  0.237 0.021 0.034 0.666 0.041 
792      792    (0)    1 :  0.028 0.005 0.005 0.956 0.006 
793      793    (0)    1 :  0.008 0.030 0.024 0.918 0.020 
794      794    (0)    1 :  0.004 0.023 0.016 0.930 0.027 
795      795    (0)    1 :  0.022 0.006 0.007 0.959 0.006 
796      796    (0)    1 :  0.014 0.020 0.031 0.916 0.019 
797      797    (0)    1 :  0.007 0.010 0.007 0.966 0.010 
798      798    (0)    1 :  0.059 0.011 0.007 0.911 0.011 
799      799    (0)    1 :  0.006 0.005 0.005 0.980 0.005 
800      800    (0)    1 :  0.010 0.011 0.009 0.961 0.009 
801      801    (0)    1 :  0.004 0.011 0.008 0.969 0.008 
802      802    (0)    1 :  0.004 0.004 0.004 0.985 0.004 
803      803    (0)    1 :  0.003 0.010 0.007 0.968 0.011 
804      804    (0)    1 :  0.005 0.022 0.035 0.894 0.044 
805      805    (0)    1 :  0.010 0.019 0.063 0.881 0.027 
806      806    (0)    1 :  0.078 0.012 0.011 0.889 0.010 
807      807    (0)    1 :  0.007 0.010 0.015 0.961 0.008 
808      808    (0)    1 :  0.005 0.011 0.012 0.960 0.012 
809      809    (0)    1 :  0.038 0.027 0.028 0.886 0.021 
810      810    (0)    1 :  0.045 0.008 0.021 0.913 0.012 
811      811    (0)    1 :  0.006 0.005 0.005 0.980 0.004 
812      812    (0)    1 :  0.004 0.005 0.005 0.982 0.005 
813      813    (0)    1 :  0.009 0.052 0.072 0.809 0.058 
814      814    (0)    1 :  0.018 0.007 0.009 0.961 0.006 
815      815    (0)    1 :  0.011 0.075 0.040 0.825 0.049 
816      816    (0)    1 :  0.008 0.005 0.006 0.976 0.006 
817      817    (0)    1 :  0.044 0.016 0.011 0.910 0.019 
818      818    (0)    1 :  0.018 0.061 0.018 0.833 0.069 
819      819    (0)    1 :  0.015 0.007 0.006 0.965 0.007 
820      820    (0)    1 :  0.007 0.005 0.006 0.977 0.005 
821      821    (0)    1 :  0.005 0.006 0.008 0.976 0.005 
822      822    (0)    1 :  0.006 0.007 0.007 0.972 0.008 
823      823    (0)    1 :  0.004 0.010 0.015 0.959 0.011 
824      824    (0)    1 :  0.006 0.012 0.010 0.960 0.012 
825      825    (0)    1 :  0.032 0.058 0.057 0.800 0.053 
826      826    (0)    1 :  0.233 0.007 0.006 0.745 0.008 
827      827    (0)    1 :  0.004 0.006 0.006 0.977 0.006 
828      828    (0)    1 :  0.004 0.005 0.004 0.983 0.005 
829      829    (0)    1 :  0.004 0.004 0.003 0.985 0.004 
830      830    (0)    1 :  0.004 0.005 0.005 0.981 0.005 
831      831    (0)    1 :  0.009 0.011 0.010 0.954 0.016 
832      832    (0)    1 :  0.035 0.017 0.017 0.914 0.017 
833      833    (0)    1 :  0.016 0.010 0.010 0.956 0.008 
834      834    (0)    1 :  0.069 0.029 0.053 0.825 0.024 
835      835    (0)    1 :  0.007 0.005 0.006 0.977 0.005 
836      836    (0)    1 :  0.020 0.018 0.015 0.934 0.012 
837      837    (0)    1 :  0.005 0.009 0.010 0.968 0.009 
838      838    (0)    1 :  0.004 0.049 0.062 0.832 0.052 
839      839    (0)    1 :  0.007 0.014 0.014 0.949 0.017 
840      840    (0)    1 :  0.006 0.005 0.005 0.978 0.005 
841      841    (0)    1 :  0.009 0.154 0.297 0.030 0.510 
842      842    (0)    1 :  0.006 0.021 0.012 0.941 0.019 
843      843    (0)    1 :  0.004 0.005 0.005 0.981 0.005 
844      844    (0)    1 :  0.005 0.005 0.006 0.979 0.005 
845      845    (0)    1 :  0.005 0.008 0.010 0.967 0.009 
846      846    (0)    1 :  0.010 0.012 0.013 0.956 0.009 
847      847    (0)    1 :  0.005 0.006 0.008 0.975 0.006 
848      848    (0)    1 :  0.068 0.008 0.007 0.911 0.007 
849      849    (0)    1 :  0.014 0.086 0.058 0.012 0.830 
850      850    (0)    1 :  0.042 0.332 0.060 0.165 0.401 
851      851    (0)    1 :  0.009 0.239 0.061 0.027 0.663 
852      852    (0)    1 :  0.008 0.199 0.044 0.175 0.574 
853      853    (0)    1 :  0.005 0.161 0.460 0.016 0.357 
854      854    (0)    1 :  0.005 0.130 0.149 0.578 0.137 
855      855    (0)    1 :  0.022 0.256 0.077 0.026 0.618 
856      856    (0)    1 :  0.006 0.748 0.075 0.017 0.153 
857      857    (0)    1 :  0.025 0.019 0.019 0.920 0.018 
858      858    (0)    1 :  0.018 0.258 0.078 0.063 0.583 
859      859    (0)    1 :  0.005 0.013 0.015 0.951 0.016 
860      860    (0)    1 :  0.007 0.458 0.094 0.013 0.427 
861      861    (0)    1 :  0.017 0.075 0.126 0.634 0.148 
862      862    (0)    1 :  0.011 0.104 0.216 0.020 0.649 
863      863    (0)    1 :  0.027 0.138 0.022 0.014 0.798 
864      864    (0)    1 :  0.003 0.006 0.006 0.978 0.007 
865      865    (0)    1 :  0.006 0.329 0.172 0.243 0.250 
866      866    (0)    1 :  0.041 0.083 0.022 0.059 0.796 
867      867    (0)    1 :  0.095 0.082 0.203 0.014 0.606 
868      868    (0)    1 :  0.007 0.272 0.089 0.009 0.622 
869      869    (0)    1 :  0.032 0.292 0.082 0.009 0.584 
870      870    (0)    1 :  0.006 0.009 0.011 0.965 0.010 
871      871    (0)    1 :  0.010 0.290 0.178 0.037 0.486 
872      872    (0)    1 :  0.015 0.247 0.184 0.337 0.216 
873      873    (0)    1 :  0.015 0.101 0.062 0.027 0.795 
874      874    (0)    1 :  0.046 0.094 0.417 0.054 0.389 
875      875    (0)    1 :  0.022 0.433 0.109 0.060 0.375 
876      876    (0)    1 :  0.010 0.074 0.300 0.109 0.507 
877      877    (0)    1 :  0.008 0.290 0.204 0.060 0.438 
878      878    (0)    1 :  0.005 0.156 0.026 0.019 0.795 
879      879    (0)    1 :  0.019 0.173 0.359 0.246 0.203 
880      880    (0)    1 :  0.052 0.354 0.238 0.021 0.334 
881      881    (0)    1 :  0.007 0.005 0.007 0.977 0.005 
882      882    (0)    1 :  0.012 0.142 0.094 0.116 0.637 
883      883    (0)    1 :  0.035 0.089 0.027 0.317 0.532 
884      884    (0)    1 :  0.014 0.445 0.315 0.035 0.191 
885      885    (0)    1 :  0.022 0.584 0.161 0.027 0.206 
886      886    (0)    1 :  0.016 0.076 0.670 0.007 0.232 
887      887    (0)    1 :  0.057 0.086 0.453 0.179 0.225 
888      888    (0)    1 :  0.005 0.199 0.206 0.024 0.566 
889      889    (0)    1 :  0.006 0.099 0.038 0.051 0.806 
890      890    (0)    1 :  0.008 0.324 0.043 0.011 0.614 
891      891    (0)    1 :  0.010 0.054 0.791 0.004 0.141 
892      892    (0)    1 :  0.004 0.004 0.004 0.983 0.004 
893      893    (0)    1 :  0.004 0.028 0.034 0.899 0.034 


Estimated Allele Frequencies in each cluster
First column gives estimated ancestral frequencies


Locus 1 : 
25 alleles
0.0% missing data
 125   (0.061) 0.010 0.070 0.071 0.025 0.059 
 133   (0.294) 0.118 0.274 0.383 0.619 0.305 
 131   (0.100) 0.270 0.094 0.097 0.154 0.100 
 137   (0.090) 0.019 0.094 0.061 0.015 0.097 
 148   (0.057) 0.345 0.041 0.062 0.056 0.053 
 127   (0.110) 0.040 0.150 0.088 0.004 0.118 
 135   (0.080) 0.020 0.080 0.103 0.004 0.083 
 132   (0.025) 0.003 0.035 0.030 0.001 0.022 
 129   (0.056) 0.075 0.045 0.058 0.096 0.054 
 141   (0.008) 0.001 0.003 0.004 0.000 0.009 
 134   (0.007) 0.000 0.003 0.003 0.000 0.006 
 152   (0.015) 0.001 0.008 0.004 0.001 0.020 
 139   (0.048) 0.010 0.085 0.027 0.023 0.045 
 119   (0.003) 0.000 0.001 0.001 0.000 0.002 
 159   (0.003) 0.025 0.001 0.000 0.000 0.001 
 165   (0.003) 0.025 0.001 0.000 0.000 0.001 
 163   (0.003) 0.034 0.001 0.000 0.000 0.001 
 150   (0.006) 0.000 0.003 0.002 0.000 0.004 
 143   (0.003) 0.000 0.001 0.001 0.000 0.002 
 154   (0.007) 0.001 0.004 0.002 0.000 0.006 
 175   (0.003) 0.000 0.001 0.001 0.000 0.002 
 187   (0.003) 0.000 0.001 0.000 0.000 0.002 
 191   (0.003) 0.000 0.001 0.001 0.000 0.002 
 173   (0.004) 0.000 0.003 0.001 0.000 0.002 
 123   (0.004) 0.000 0.001 0.000 0.000 0.002 

Locus 2 : 
10 alleles
0.0% missing data
 159   (0.122) 0.160 0.157 0.106 0.018 0.118 
 163   (0.146) 0.247 0.116 0.177 0.197 0.146 
 165   (0.534) 0.535 0.501 0.537 0.726 0.552 
 173   (0.018) 0.001 0.011 0.031 0.000 0.017 
 171   (0.078) 0.007 0.091 0.066 0.037 0.077 
 169   (0.043) 0.044 0.041 0.041 0.001 0.040 
 167   (0.043) 0.004 0.078 0.026 0.020 0.038 
 161   (0.004) 0.000 0.001 0.001 0.000 0.003 
 175   (0.009) 0.001 0.003 0.013 0.000 0.007 
 177   (0.003) 0.000 0.001 0.001 0.000 0.002 

Locus 3 : 
16 alleles
0.0% missing data
 126   (0.171) 0.250 0.152 0.180 0.162 0.175 
 130   (0.035) 0.002 0.033 0.038 0.001 0.035 
 118   (0.104) 0.054 0.109 0.141 0.011 0.100 
 120   (0.099) 0.241 0.124 0.099 0.049 0.091 
 116   (0.186) 0.017 0.151 0.230 0.347 0.198 
 124   (0.110) 0.126 0.145 0.093 0.051 0.105 
 122   (0.096) 0.025 0.096 0.069 0.003 0.107 
 134   (0.006) 0.000 0.002 0.001 0.095 0.005 
 128   (0.079) 0.005 0.088 0.088 0.003 0.083 
 114   (0.061) 0.228 0.054 0.042 0.226 0.059 
 136   (0.009) 0.001 0.008 0.003 0.000 0.007 
 132   (0.018) 0.003 0.030 0.008 0.001 0.017 
 138   (0.005) 0.000 0.004 0.001 0.000 0.004 
 112   (0.008) 0.000 0.002 0.003 0.051 0.005 
 110   (0.009) 0.046 0.003 0.004 0.000 0.007 
 106   (0.003) 0.000 0.001 0.000 0.000 0.002 

Locus 4 : 
25 alleles
0.0% missing data
 175   (0.235) 0.083 0.252 0.239 0.179 0.245 
 176   (0.051) 0.088 0.049 0.080 0.002 0.047 
 173   (0.136) 0.205 0.110 0.121 0.275 0.146 
 180   (0.017) 0.001 0.024 0.007 0.001 0.017 
 177   (0.190) 0.251 0.191 0.292 0.241 0.184 
 179   (0.046) 0.202 0.051 0.037 0.032 0.041 
 161   (0.006) 0.000 0.003 0.001 0.000 0.007 
 174   (0.023) 0.053 0.026 0.011 0.001 0.020 
 169   (0.061) 0.010 0.082 0.070 0.046 0.055 
 178   (0.038) 0.003 0.047 0.020 0.011 0.041 
 171   (0.067) 0.007 0.076 0.044 0.208 0.070 
 168   (0.004) 0.000 0.002 0.001 0.000 0.003 
 182   (0.008) 0.000 0.002 0.003 0.000 0.008 
 181   (0.033) 0.002 0.038 0.028 0.001 0.035 
 187   (0.010) 0.001 0.004 0.011 0.000 0.009 
 172   (0.008) 0.001 0.010 0.002 0.000 0.007 
 170   (0.006) 0.000 0.004 0.003 0.000 0.005 
 167   (0.022) 0.087 0.015 0.014 0.001 0.022 
 186   (0.005) 0.000 0.001 0.007 0.000 0.004 
 183   (0.007) 0.001 0.003 0.002 0.000 0.009 
 157   (0.008) 0.003 0.004 0.004 0.000 0.008 
 166   (0.003) 0.000 0.001 0.001 0.000 0.002 
 185   (0.008) 0.000 0.005 0.002 0.000 0.007 
 184   (0.004) 0.000 0.001 0.001 0.000 0.004 
 189   (0.004) 0.000 0.001 0.001 0.000 0.004 

Locus 5 : 
12 alleles
0.0% missing data
 161   (0.044) 0.003 0.046 0.113 0.001 0.039 
 169   (0.240) 0.065 0.219 0.232 0.044 0.253 
 163   (0.149) 0.055 0.165 0.144 0.076 0.146 
 165   (0.097) 0.356 0.104 0.049 0.483 0.095 
 171   (0.351) 0.094 0.369 0.330 0.392 0.357 
 175   (0.016) 0.001 0.014 0.008 0.000 0.016 
 179   (0.006) 0.000 0.003 0.001 0.000 0.006 
 173   (0.081) 0.424 0.077 0.119 0.003 0.075 
 177   (0.007) 0.000 0.002 0.003 0.000 0.007 
 167   (0.003) 0.000 0.001 0.001 0.000 0.002 
 155   (0.003) 0.000 0.001 0.001 0.000 0.002 
 159   (0.003) 0.000 0.001 0.000 0.000 0.002 

Locus 6 : 
14 alleles
0.0% missing data
 130   (0.192) 0.189 0.198 0.226 0.037 0.192 
 134   (0.077) 0.346 0.069 0.078 0.143 0.073 
 124   (0.178) 0.053 0.197 0.168 0.113 0.178 
 128   (0.350) 0.253 0.389 0.347 0.577 0.354 
 138   (0.025) 0.002 0.036 0.015 0.001 0.024 
 126   (0.074) 0.095 0.056 0.068 0.121 0.076 
 132   (0.017) 0.002 0.008 0.005 0.001 0.022 
 122   (0.004) 0.002 0.001 0.002 0.000 0.003 
 136   (0.050) 0.056 0.024 0.070 0.005 0.052 
 140   (0.013) 0.001 0.009 0.010 0.000 0.013 
 142   (0.004) 0.000 0.002 0.001 0.000 0.003 
 146   (0.007) 0.000 0.005 0.007 0.000 0.004 
 120   (0.006) 0.000 0.004 0.003 0.000 0.005 
 144   (0.003) 0.000 0.001 0.001 0.000 0.002 

Locus 7 : 
16 alleles
0.0% missing data
 111   (0.099) 0.018 0.124 0.193 0.245 0.085 
 113   (0.203) 0.200 0.185 0.230 0.164 0.206 
 121   (0.013) 0.001 0.014 0.004 0.000 0.013 
 115   (0.125) 0.490 0.123 0.078 0.040 0.133 
 109   (0.075) 0.018 0.091 0.077 0.003 0.074 
 117   (0.109) 0.107 0.128 0.099 0.005 0.110 
 116   (0.004) 0.000 0.001 0.001 0.000 0.003 
 119   (0.048) 0.013 0.028 0.032 0.057 0.052 
 105   (0.053) 0.126 0.052 0.041 0.024 0.050 
 101   (0.067) 0.005 0.075 0.049 0.003 0.073 
 103   (0.147) 0.018 0.141 0.146 0.454 0.152 
  99   (0.010) 0.001 0.009 0.011 0.000 0.007 
 107   (0.032) 0.002 0.018 0.035 0.005 0.034 
 123   (0.006) 0.000 0.003 0.004 0.000 0.004 
 125   (0.005) 0.000 0.006 0.001 0.000 0.003 
  97   (0.004) 0.000 0.003 0.000 0.000 0.002 

Locus 8 : 
16 alleles
0.0% missing data
 224   (0.073) 0.051 0.061 0.156 0.079 0.064 
 230   (0.111) 0.355 0.109 0.123 0.042 0.108 
 234   (0.344) 0.095 0.349 0.366 0.173 0.360 
 232   (0.099) 0.029 0.095 0.068 0.184 0.103 
 236   (0.100) 0.011 0.115 0.066 0.029 0.107 
 240   (0.006) 0.000 0.003 0.001 0.000 0.005 
 228   (0.112) 0.321 0.119 0.067 0.444 0.112 
 238   (0.022) 0.002 0.015 0.025 0.001 0.023 
 226   (0.035) 0.002 0.030 0.064 0.017 0.030 
 216   (0.060) 0.130 0.079 0.048 0.017 0.054 
 223   (0.004) 0.000 0.002 0.001 0.000 0.003 
 222   (0.005) 0.000 0.001 0.006 0.000 0.003 
 220   (0.014) 0.001 0.016 0.006 0.000 0.013 
 246   (0.004) 0.000 0.002 0.001 0.000 0.003 
 225   (0.008) 0.000 0.003 0.001 0.014 0.008 
 212   (0.003) 0.000 0.001 0.001 0.000 0.002 

Locus 9 : 
23 alleles
0.1% missing data
 121   (0.580) 0.372 0.617 0.685 0.660 0.590 
 133   (0.074) 0.092 0.060 0.046 0.020 0.082 
 119   (0.025) 0.002 0.017 0.015 0.032 0.025 
 129   (0.036) 0.003 0.033 0.021 0.005 0.038 
 131   (0.050) 0.394 0.054 0.022 0.029 0.050 
 135   (0.030) 0.002 0.031 0.048 0.001 0.027 
 153   (0.007) 0.000 0.002 0.002 0.000 0.007 
 161   (0.005) 0.000 0.001 0.005 0.000 0.003 
 143   (0.011) 0.001 0.007 0.005 0.000 0.010 
 159   (0.007) 0.001 0.003 0.001 0.003 0.008 
 127   (0.043) 0.003 0.071 0.044 0.001 0.040 
 149   (0.011) 0.003 0.005 0.006 0.001 0.013 
 123   (0.039) 0.104 0.048 0.058 0.001 0.033 
 157   (0.006) 0.001 0.002 0.002 0.000 0.007 
 147   (0.012) 0.001 0.009 0.004 0.020 0.011 
 137   (0.012) 0.001 0.008 0.013 0.000 0.010 
 151   (0.010) 0.001 0.006 0.008 0.001 0.008 
 125   (0.015) 0.001 0.017 0.005 0.000 0.017 
 155   (0.009) 0.000 0.003 0.005 0.000 0.009 
 165   (0.003) 0.000 0.001 0.001 0.000 0.002 
 139   (0.006) 0.018 0.002 0.002 0.000 0.005 
 117   (0.004) 0.000 0.001 0.001 0.000 0.003 
 145   (0.004) 0.000 0.001 0.000 0.223 0.002 

Locus 10 : 
8 alleles
0.0% missing data
 134   (0.491) 0.314 0.544 0.563 0.358 0.485 
 136   (0.289) 0.443 0.276 0.293 0.296 0.292 
 146   (0.023) 0.062 0.013 0.004 0.011 0.024 
 128   (0.100) 0.008 0.096 0.083 0.239 0.104 
 142   (0.028) 0.133 0.014 0.024 0.008 0.028 
 138   (0.047) 0.032 0.041 0.028 0.088 0.045 
 130   (0.017) 0.008 0.013 0.004 0.000 0.018 
 132   (0.005) 0.001 0.003 0.001 0.000 0.004 

Locus 11 : 
7 alleles
0.0% missing data
 101   (0.298) 0.094 0.310 0.288 0.207 0.305 
 103   (0.479) 0.693 0.501 0.460 0.389 0.482 
 105   (0.131) 0.153 0.111 0.188 0.399 0.123 
  97   (0.057) 0.037 0.051 0.045 0.004 0.059 
  99   (0.011) 0.001 0.018 0.005 0.000 0.008 
 107   (0.021) 0.023 0.008 0.015 0.001 0.021 
  93   (0.003) 0.000 0.001 0.000 0.000 0.002 

Locus 12 : 
16 alleles
0.0% missing data
 235   (0.143) 0.072 0.151 0.144 0.159 0.143 
 243   (0.046) 0.005 0.041 0.047 0.052 0.044 
 241   (0.133) 0.057 0.119 0.108 0.087 0.144 
 225   (0.125) 0.049 0.158 0.091 0.004 0.134 
 229   (0.063) 0.064 0.044 0.104 0.005 0.062 
 233   (0.059) 0.150 0.072 0.066 0.002 0.055 
 231   (0.109) 0.139 0.107 0.117 0.021 0.107 
 223   (0.059) 0.229 0.056 0.085 0.622 0.049 
 237   (0.159) 0.115 0.162 0.122 0.045 0.173 
 239   (0.064) 0.098 0.064 0.094 0.002 0.061 
 227   (0.010) 0.019 0.004 0.008 0.000 0.007 
 251   (0.008) 0.001 0.006 0.005 0.000 0.006 
 253   (0.011) 0.001 0.015 0.006 0.000 0.009 
 247   (0.004) 0.000 0.001 0.001 0.000 0.004 
 255   (0.003) 0.000 0.001 0.001 0.000 0.002 
 221   (0.003) 0.000 0.001 0.001 0.000 0.002 

Locus 13 : 
14 alleles
0.1% missing data
 293   (0.221) 0.209 0.202 0.226 0.432 0.227 
 295   (0.192) 0.596 0.214 0.198 0.052 0.187 
 297   (0.177) 0.042 0.183 0.204 0.120 0.177 
 299   (0.114) 0.009 0.134 0.113 0.009 0.118 
 291   (0.089) 0.095 0.090 0.092 0.214 0.083 
 289   (0.059) 0.009 0.044 0.060 0.003 0.065 
 309   (0.009) 0.001 0.004 0.001 0.000 0.011 
 305   (0.028) 0.004 0.032 0.010 0.001 0.031 
 301   (0.055) 0.012 0.053 0.059 0.023 0.052 
 285   (0.004) 0.000 0.002 0.000 0.000 0.003 
 287   (0.013) 0.021 0.011 0.004 0.000 0.011 
 279   (0.015) 0.001 0.016 0.005 0.000 0.015 
 303   (0.021) 0.001 0.013 0.027 0.146 0.017 
 277   (0.004) 0.000 0.001 0.001 0.000 0.004 

Locus 14 : 
6 alleles
0.0% missing data
 127   (0.807) 0.936 0.824 0.774 0.711 0.818 
 135   (0.134) 0.029 0.132 0.143 0.288 0.132 
 131   (0.005) 0.000 0.001 0.009 0.000 0.002 
 129   (0.044) 0.033 0.038 0.071 0.002 0.040 
 137   (0.007) 0.000 0.004 0.002 0.000 0.006 
 133   (0.003) 0.000 0.001 0.001 0.000 0.002 

Locus 15 : 
17 alleles
0.0% missing data
 186   (0.344) 0.649 0.381 0.368 0.395 0.342 
 182   (0.059) 0.075 0.045 0.073 0.002 0.061 
 180   (0.255) 0.181 0.239 0.340 0.388 0.255 
 188   (0.081) 0.009 0.093 0.051 0.080 0.084 
 190   (0.043) 0.023 0.036 0.019 0.002 0.050 
 176   (0.057) 0.036 0.063 0.032 0.081 0.056 
 196   (0.011) 0.001 0.005 0.009 0.000 0.010 
 184   (0.061) 0.010 0.071 0.049 0.017 0.060 
 198   (0.007) 0.000 0.002 0.014 0.000 0.006 
 194   (0.007) 0.003 0.003 0.002 0.000 0.006 
 192   (0.044) 0.009 0.048 0.031 0.034 0.043 
 178   (0.007) 0.000 0.004 0.004 0.000 0.006 
 200   (0.007) 0.000 0.004 0.002 0.000 0.008 
 212   (0.003) 0.000 0.001 0.000 0.000 0.002 
 202   (0.003) 0.000 0.001 0.000 0.000 0.002 
 204   (0.006) 0.000 0.002 0.004 0.000 0.004 
 206   (0.005) 0.000 0.004 0.001 0.000 0.005 

Values of parameters used in structure:
DATAFILE=/home/martin/bottleneck/structure_analysis/structure_4/data_job_T5_3,	OUTFILE=/home/martin/bottleneck/structure_analysis/structure_4/structure_results/weddell_seal/results_job_T5_3,	NUMINDS=893,	NUMLOCI=15,	MISSING=-9,	LABEL=1,	POPDATA=1,	POPFLAG=0,	PHENOTYPE=0,	EXTRACOLS=0,	MAXPOPS=5,	BURNIN=10000,	NUMREPS=100000,	USEPOPINFO=0,	INFERALPHA=1,	INFERLAMBDA=0,	POPSPECIFICLAMBDA=0,	POPALPHAS=0,	COMPUTEPROB=1,	NOADMIX=0,	ADMBURNIN=2500,	UPDATEFREQ=1,	PRINTLIKES=0,	INTERMEDSAVE=0,	PRINTKLD=0,	PRINTNET=0,	PRINTLAMBDA=0,	ANCESTDIST=0,	NUMBOXES=1000,	ANCESTPINT=0.90000,	GENSBACK=2,	MIGRPRIOR=0.05000,	PRINTQHAT=1,	PRINTQSUM=0,	ALPHA=1.0000,	FREQSCORR=1,	FPRIORMEAN=0.0100,	FPRIORSD=0.0500,	ONEFST=0,	LAMBDA=1.0000,	UNIFPRIORALPHA=1,	ALPHAMAX=10.0000,	ALPHAPRIORA=1.0000,	ALPHAPRIORB=2.0000,	ALPHAPROPSD=0.0250,	STARTATPOPINFO=0,	RANDOMIZE=1,	LINKAGE=0,	METROFREQ=10,	REPORTHITRATE=0,	MARKOVPHASE=-1,	PHASED=0,	PLOIDY=2,	PHASEINFO=0	LOCPRIOR=0, 	LOCPRIORINIT=1.000000, 	LOCDATA=0, 	LOCISPOP=0, 	LOCPRIORSTEP=0.100000, 	MAXLOCPRIOR=20.000000, 	SEED=1470546565,	
[STRAT parameters]:    NUMSIMSTATS=1000,	PHENOTYPECOL=-9,	POOLFREQ=10,	LOCUSxONLY=0,	EMERROR=0.00100,	MISSINGPHENO=-9,	