

----------------------------------------------------
STRUCTURE by Pritchard, Stephens and Donnelly (2000)
     and Falush, Stephens and Pritchard (2003)
       Code by Pritchard, Falush and Hubisz
             Version 2.3.4 (Jul 2012)
----------------------------------------------------



Command line arguments:   /usr/local/bin/structure -m parameter_job_T3_2 
Input File:    /home/martin/bottleneck/structure_analysis/structure_4/data_job_T3_2

Run parameters:
   893 individuals
   15 loci
   3 populations assumed
   10000 Burn-in period
   100000 Reps


--------------------------------------------
Proportion of membership of each pre-defined
 population in each of the 3 clusters

Given    Inferred Clusters       Number of
 Pop       1      2      3      Individuals

  1:     0.465  0.121  0.414      893
--------------------------------------------

Allele-freq. divergence among pops (Net nucleotide distance),
computed using point estimates of P.

      1       2       3      
 1      -    0.0537  0.0046  
 2   0.0537     -    0.0538  
 3   0.0046  0.0538     -    

Average distances (expected heterozygosity) between individuals in same cluster:
cluster  1  : 0.7419 
cluster  2  : 0.6408 
cluster  3  : 0.7543 

--------------------------------------------
Estimated Ln Prob of Data   = -46991.6
Mean value of ln likelihood = -46450.3
Variance of ln likelihood   = 1082.6
Mean value of alpha         = 0.0506

Mean value of Fst_1         = 0.0103
Mean value of Fst_2         = 0.1668
Mean value of Fst_3         = 0.0063


Inferred ancestry of individuals:
        Label (%Miss) Pop:  Inferred clusters
  1        1    (0)    1 :  0.741 0.008 0.250 
  2        2    (0)    1 :  0.410 0.007 0.583 
  3        3    (0)    1 :  0.487 0.011 0.502 
  4        4    (0)    1 :  0.819 0.007 0.174 
  5        5    (0)    1 :  0.713 0.078 0.209 
  6        6    (0)    1 :  0.906 0.022 0.071 
  7        7    (0)    1 :  0.733 0.009 0.259 
  8        8    (0)    1 :  0.069 0.005 0.927 
  9        9    (0)    1 :  0.723 0.010 0.267 
 10       10    (0)    1 :  0.488 0.075 0.437 
 11       11    (0)    1 :  0.914 0.010 0.076 
 12       12    (0)    1 :  0.152 0.005 0.843 
 13       13    (0)    1 :  0.401 0.008 0.591 
 14       14    (0)    1 :  0.762 0.011 0.226 
 15       15    (0)    1 :  0.720 0.014 0.266 
 16       16    (0)    1 :  0.882 0.008 0.111 
 17       17    (0)    1 :  0.751 0.029 0.221 
 18       18    (0)    1 :  0.422 0.014 0.564 
 19       19    (0)    1 :  0.666 0.012 0.322 
 20       20    (0)    1 :  0.153 0.281 0.566 
 21       21    (0)    1 :  0.440 0.055 0.505 
 22       22    (0)    1 :  0.938 0.006 0.056 
 23       23    (0)    1 :  0.704 0.014 0.282 
 24       24    (0)    1 :  0.619 0.072 0.309 
 25       25    (0)    1 :  0.370 0.036 0.593 
 26       26    (0)    1 :  0.723 0.006 0.271 
 27       27    (0)    1 :  0.736 0.009 0.255 
 28       28    (0)    1 :  0.556 0.172 0.272 
 29       29    (0)    1 :  0.244 0.053 0.703 
 30       30    (0)    1 :  0.766 0.004 0.230 
 31       31    (0)    1 :  0.889 0.009 0.102 
 32       32    (0)    1 :  0.879 0.006 0.115 
 33       33    (0)    1 :  0.837 0.006 0.157 
 34       34    (0)    1 :  0.315 0.022 0.663 
 35       35    (0)    1 :  0.636 0.011 0.353 
 36       36    (0)    1 :  0.833 0.007 0.161 
 37       37    (0)    1 :  0.317 0.107 0.576 
 38       38    (0)    1 :  0.485 0.009 0.505 
 39       39    (0)    1 :  0.945 0.011 0.044 
 40       40    (0)    1 :  0.799 0.018 0.184 
 41       41    (0)    1 :  0.806 0.014 0.179 
 42       42    (0)    1 :  0.204 0.018 0.778 
 43       43    (0)    1 :  0.411 0.012 0.577 
 44       44    (0)    1 :  0.853 0.039 0.108 
 45       45    (0)    1 :  0.190 0.005 0.805 
 46       46    (0)    1 :  0.662 0.014 0.324 
 47       47    (0)    1 :  0.739 0.047 0.214 
 48       48    (0)    1 :  0.437 0.055 0.508 
 49       49    (0)    1 :  0.240 0.019 0.740 
 50       50    (0)    1 :  0.332 0.008 0.660 
 51       51    (0)    1 :  0.194 0.006 0.800 
 52       52    (0)    1 :  0.858 0.006 0.136 
 53       53    (0)    1 :  0.019 0.006 0.974 
 54       54    (0)    1 :  0.661 0.121 0.219 
 55       55    (0)    1 :  0.064 0.013 0.923 
 56       56    (0)    1 :  0.916 0.019 0.065 
 57       57    (0)    1 :  0.603 0.009 0.388 
 58       58    (0)    1 :  0.758 0.033 0.209 
 59       59    (0)    1 :  0.761 0.007 0.232 
 60       60    (0)    1 :  0.758 0.017 0.225 
 61       61    (0)    1 :  0.575 0.195 0.229 
 62       62    (0)    1 :  0.294 0.008 0.698 
 63       63    (0)    1 :  0.522 0.016 0.461 
 64       64    (0)    1 :  0.812 0.007 0.181 
 65       65    (0)    1 :  0.707 0.011 0.282 
 66       66    (0)    1 :  0.294 0.011 0.694 
 67       67    (0)    1 :  0.430 0.071 0.499 
 68       68    (0)    1 :  0.846 0.022 0.132 
 69       69    (0)    1 :  0.762 0.130 0.108 
 70       70    (0)    1 :  0.610 0.023 0.367 
 71       71    (0)    1 :  0.820 0.032 0.149 
 72       72    (0)    1 :  0.354 0.014 0.631 
 73       73    (0)    1 :  0.583 0.010 0.407 
 74       74    (0)    1 :  0.920 0.009 0.070 
 75       75    (0)    1 :  0.346 0.008 0.646 
 76       76    (0)    1 :  0.771 0.009 0.220 
 77       77    (0)    1 :  0.016 0.026 0.959 
 78       78    (0)    1 :  0.038 0.047 0.914 
 79       79    (0)    1 :  0.010 0.016 0.974 
 80       80    (0)    1 :  0.013 0.006 0.982 
 81       81    (0)    1 :  0.010 0.007 0.982 
 82       82    (0)    1 :  0.011 0.014 0.975 
 83       83    (0)    1 :  0.018 0.044 0.938 
 84       84    (0)    1 :  0.037 0.014 0.949 
 85       85    (0)    1 :  0.019 0.013 0.968 
 86       86    (0)    1 :  0.153 0.013 0.834 
 87       87    (0)    1 :  0.015 0.009 0.976 
 88       88    (0)    1 :  0.018 0.023 0.959 
 89       89    (0)    1 :  0.018 0.059 0.923 
 90       90    (0)    1 :  0.076 0.013 0.911 
 91       91    (0)    1 :  0.025 0.024 0.951 
 92       92    (0)    1 :  0.016 0.114 0.871 
 93       93    (0)    1 :  0.011 0.010 0.979 
 94       94    (0)    1 :  0.012 0.024 0.964 
 95       95    (0)    1 :  0.035 0.032 0.933 
 96       96    (0)    1 :  0.018 0.007 0.976 
 97       97    (0)    1 :  0.065 0.261 0.674 
 98       98    (0)    1 :  0.134 0.018 0.847 
 99       99    (0)    1 :  0.018 0.007 0.975 
100      100    (0)    1 :  0.013 0.011 0.977 
101      101    (0)    1 :  0.020 0.007 0.974 
102      102    (0)    1 :  0.033 0.046 0.921 
103      103    (0)    1 :  0.802 0.009 0.189 
104      104    (0)    1 :  0.640 0.006 0.355 
105      105    (0)    1 :  0.425 0.027 0.548 
106      106    (0)    1 :  0.417 0.014 0.568 
107      107    (0)    1 :  0.855 0.009 0.136 
108      108    (0)    1 :  0.311 0.021 0.668 
109      109    (0)    1 :  0.546 0.043 0.410 
110      110    (0)    1 :  0.817 0.020 0.163 
111      111    (0)    1 :  0.511 0.008 0.482 
112      112    (0)    1 :  0.461 0.006 0.533 
113      113    (0)    1 :  0.288 0.009 0.702 
114      114    (0)    1 :  0.206 0.009 0.785 
115      115    (0)    1 :  0.883 0.043 0.074 
116      116    (0)    1 :  0.571 0.005 0.424 
117      117    (0)    1 :  0.499 0.009 0.492 
118      118    (0)    1 :  0.852 0.008 0.139 
119      119    (0)    1 :  0.623 0.006 0.371 
120      120    (0)    1 :  0.281 0.006 0.713 
121      121    (0)    1 :  0.486 0.014 0.500 
122      122    (0)    1 :  0.707 0.019 0.274 
123      123    (0)    1 :  0.649 0.015 0.336 
124      124    (0)    1 :  0.509 0.011 0.481 
125      125    (0)    1 :  0.470 0.010 0.520 
126      126    (0)    1 :  0.292 0.018 0.690 
127      127    (0)    1 :  0.370 0.014 0.617 
128      128    (0)    1 :  0.033 0.007 0.960 
129      129    (0)    1 :  0.330 0.015 0.655 
130      130    (0)    1 :  0.657 0.014 0.329 
131      131    (0)    1 :  0.433 0.007 0.560 
132      132    (0)    1 :  0.173 0.004 0.823 
133      133    (0)    1 :  0.195 0.006 0.799 
134      134    (0)    1 :  0.135 0.007 0.857 
135      135    (0)    1 :  0.153 0.050 0.797 
136      136    (0)    1 :  0.130 0.011 0.859 
137      137    (0)    1 :  0.886 0.014 0.100 
138      138    (0)    1 :  0.130 0.009 0.861 
139      139    (0)    1 :  0.653 0.007 0.341 
140      140    (0)    1 :  0.588 0.069 0.343 
141      141    (0)    1 :  0.732 0.008 0.260 
142      142    (0)    1 :  0.834 0.011 0.155 
143      143    (0)    1 :  0.373 0.007 0.620 
144      144    (0)    1 :  0.583 0.007 0.410 
145      145    (0)    1 :  0.838 0.057 0.105 
146      146    (0)    1 :  0.274 0.024 0.702 
147      147    (0)    1 :  0.874 0.022 0.104 
148      148    (0)    1 :  0.085 0.009 0.906 
149      149    (0)    1 :  0.820 0.038 0.142 
150      150    (0)    1 :  0.086 0.079 0.835 
151      151    (0)    1 :  0.306 0.011 0.682 
152      152    (0)    1 :  0.509 0.296 0.195 
153      153    (0)    1 :  0.833 0.046 0.120 
154      154    (0)    1 :  0.731 0.080 0.189 
155      155    (0)    1 :  0.404 0.011 0.585 
156      156    (0)    1 :  0.180 0.029 0.791 
157      157    (0)    1 :  0.202 0.010 0.789 
158      158    (0)    1 :  0.453 0.006 0.541 
159      159    (0)    1 :  0.292 0.311 0.397 
160      160    (0)    1 :  0.764 0.011 0.225 
161      161    (0)    1 :  0.612 0.035 0.352 
162      162    (0)    1 :  0.702 0.016 0.282 
163      163    (0)    1 :  0.776 0.006 0.217 
164      164    (0)    1 :  0.801 0.009 0.190 
165      165    (0)    1 :  0.330 0.137 0.532 
166      166    (0)    1 :  0.052 0.005 0.943 
167      167    (0)    1 :  0.836 0.009 0.155 
168      168    (0)    1 :  0.378 0.017 0.605 
169      169    (0)    1 :  0.602 0.005 0.392 
170      170    (0)    1 :  0.720 0.015 0.265 
171      171    (0)    1 :  0.471 0.033 0.496 
172      172    (0)    1 :  0.841 0.013 0.146 
173      173    (0)    1 :  0.827 0.023 0.150 
174      174    (0)    1 :  0.720 0.134 0.146 
175      175    (0)    1 :  0.918 0.015 0.067 
176      176    (0)    1 :  0.704 0.015 0.281 
177      177    (0)    1 :  0.844 0.006 0.150 
178      178    (0)    1 :  0.713 0.016 0.271 
179      179    (0)    1 :  0.741 0.025 0.233 
180      180    (0)    1 :  0.786 0.006 0.208 
181      181    (0)    1 :  0.359 0.016 0.625 
182      182    (0)    1 :  0.240 0.013 0.747 
183      183    (0)    1 :  0.407 0.022 0.571 
184      184    (0)    1 :  0.522 0.009 0.469 
185      185    (0)    1 :  0.439 0.009 0.551 
186      186    (0)    1 :  0.595 0.004 0.401 
187      187    (0)    1 :  0.792 0.033 0.176 
188      188    (0)    1 :  0.636 0.023 0.341 
189      189    (0)    1 :  0.863 0.013 0.124 
190      190    (0)    1 :  0.833 0.027 0.140 
191      191    (0)    1 :  0.421 0.062 0.517 
192      192    (0)    1 :  0.844 0.074 0.082 
193      193    (0)    1 :  0.420 0.010 0.570 
194      194    (0)    1 :  0.755 0.023 0.222 
195      195    (0)    1 :  0.610 0.034 0.355 
196      196    (0)    1 :  0.046 0.008 0.946 
197      197    (0)    1 :  0.437 0.006 0.557 
198      198    (0)    1 :  0.404 0.012 0.584 
199      199    (0)    1 :  0.650 0.010 0.339 
200      200    (0)    1 :  0.362 0.007 0.631 
201      201    (0)    1 :  0.642 0.087 0.272 
202      202    (0)    1 :  0.116 0.006 0.878 
203      203    (0)    1 :  0.401 0.009 0.590 
204      204    (0)    1 :  0.065 0.014 0.922 
205      205    (0)    1 :  0.129 0.031 0.840 
206      206    (0)    1 :  0.807 0.024 0.168 
207      207    (0)    1 :  0.621 0.007 0.372 
208      208    (0)    1 :  0.047 0.006 0.948 
209      209    (0)    1 :  0.479 0.047 0.474 
210      210    (0)    1 :  0.544 0.011 0.445 
211      211    (0)    1 :  0.230 0.006 0.764 
212      212    (0)    1 :  0.434 0.026 0.539 
213      213    (0)    1 :  0.398 0.016 0.586 
214      214    (0)    1 :  0.485 0.041 0.474 
215      215    (0)    1 :  0.577 0.011 0.412 
216      216    (0)    1 :  0.750 0.015 0.235 
217      217    (0)    1 :  0.669 0.040 0.292 
218      218    (0)    1 :  0.371 0.018 0.611 
219      219    (0)    1 :  0.894 0.004 0.101 
220      220    (0)    1 :  0.036 0.014 0.950 
221      221    (0)    1 :  0.244 0.020 0.736 
222      222    (0)    1 :  0.735 0.114 0.151 
223      223    (0)    1 :  0.873 0.026 0.101 
224      224    (0)    1 :  0.842 0.017 0.141 
225      225    (0)    1 :  0.587 0.306 0.107 
226      226    (0)    1 :  0.247 0.036 0.717 
227      227    (0)    1 :  0.762 0.007 0.231 
228      228    (0)    1 :  0.792 0.008 0.200 
229      229    (0)    1 :  0.537 0.017 0.446 
230      230    (0)    1 :  0.784 0.027 0.190 
231      231    (0)    1 :  0.813 0.009 0.178 
232      232    (0)    1 :  0.841 0.004 0.154 
233      233    (0)    1 :  0.809 0.013 0.177 
234      234    (0)    1 :  0.727 0.029 0.243 
235      235    (0)    1 :  0.555 0.012 0.432 
236      236    (0)    1 :  0.494 0.015 0.491 
237      237    (0)    1 :  0.276 0.027 0.697 
238      238    (0)    1 :  0.397 0.041 0.562 
239      239    (0)    1 :  0.188 0.013 0.799 
240      240    (0)    1 :  0.478 0.017 0.506 
241      241    (0)    1 :  0.601 0.008 0.391 
242      242    (0)    1 :  0.194 0.012 0.794 
243      243    (0)    1 :  0.365 0.016 0.619 
244      244    (0)    1 :  0.792 0.005 0.203 
245      245    (0)    1 :  0.304 0.019 0.677 
246      246    (0)    1 :  0.234 0.006 0.759 
247      247    (0)    1 :  0.893 0.029 0.078 
248      248    (0)    1 :  0.207 0.011 0.782 
249      249    (0)    1 :  0.433 0.011 0.556 
250      250    (0)    1 :  0.470 0.037 0.493 
251      251    (0)    1 :  0.742 0.007 0.251 
252      252    (0)    1 :  0.386 0.038 0.577 
253      253    (0)    1 :  0.028 0.009 0.963 
254      254    (0)    1 :  0.258 0.009 0.733 
255      255    (0)    1 :  0.063 0.006 0.931 
256      256    (0)    1 :  0.852 0.012 0.136 
257      257    (0)    1 :  0.512 0.021 0.466 
258      258    (6)    1 :  0.908 0.006 0.086 
259      259    (0)    1 :  0.708 0.007 0.285 
260      260    (0)    1 :  0.769 0.023 0.208 
261      261    (0)    1 :  0.821 0.008 0.170 
262      262    (0)    1 :  0.589 0.009 0.402 
263      263    (0)    1 :  0.333 0.158 0.509 
264      264    (0)    1 :  0.253 0.037 0.710 
265      265    (0)    1 :  0.825 0.026 0.149 
266      266    (0)    1 :  0.705 0.011 0.285 
267      267    (0)    1 :  0.484 0.013 0.503 
268      268    (0)    1 :  0.424 0.101 0.475 
269      269    (0)    1 :  0.815 0.016 0.169 
270      270    (0)    1 :  0.424 0.008 0.569 
271      271    (0)    1 :  0.266 0.041 0.693 
272      272    (0)    1 :  0.937 0.031 0.031 
273      273    (0)    1 :  0.714 0.029 0.257 
274      274    (0)    1 :  0.619 0.030 0.352 
275      275    (0)    1 :  0.377 0.011 0.612 
276      276    (0)    1 :  0.752 0.116 0.131 
277      277    (0)    1 :  0.938 0.014 0.048 
278      278    (0)    1 :  0.140 0.088 0.773 
279      279    (0)    1 :  0.508 0.034 0.457 
280      280    (0)    1 :  0.448 0.006 0.546 
281      281    (0)    1 :  0.123 0.005 0.872 
282      282    (0)    1 :  0.202 0.062 0.737 
283      283    (0)    1 :  0.336 0.301 0.363 
284      284    (0)    1 :  0.819 0.046 0.135 
285      285    (0)    1 :  0.341 0.022 0.637 
286      286    (0)    1 :  0.273 0.011 0.717 
287      287    (0)    1 :  0.353 0.012 0.635 
288      288    (0)    1 :  0.544 0.018 0.438 
289      289    (0)    1 :  0.703 0.011 0.286 
290      290    (0)    1 :  0.241 0.008 0.751 
291      291    (0)    1 :  0.494 0.021 0.484 
292      292    (0)    1 :  0.742 0.042 0.216 
293      293    (0)    1 :  0.589 0.010 0.401 
294      294    (0)    1 :  0.199 0.099 0.701 
295      295    (0)    1 :  0.638 0.011 0.351 
296      296    (0)    1 :  0.618 0.063 0.318 
297      297    (0)    1 :  0.488 0.089 0.423 
298      298    (0)    1 :  0.242 0.008 0.750 
299      299    (0)    1 :  0.207 0.033 0.760 
300      300    (0)    1 :  0.373 0.023 0.603 
301      301    (0)    1 :  0.212 0.006 0.783 
302      302    (0)    1 :  0.456 0.012 0.533 
303      303    (0)    1 :  0.287 0.072 0.641 
304      304    (0)    1 :  0.911 0.010 0.079 
305      305    (0)    1 :  0.341 0.008 0.651 
306      306    (0)    1 :  0.610 0.010 0.380 
307      307    (0)    1 :  0.437 0.040 0.523 
308      308    (0)    1 :  0.124 0.008 0.868 
309      309    (0)    1 :  0.750 0.058 0.192 
310      310    (0)    1 :  0.411 0.226 0.363 
311      311    (0)    1 :  0.633 0.028 0.339 
312      312    (0)    1 :  0.444 0.035 0.521 
313      313    (0)    1 :  0.870 0.007 0.123 
314      314    (0)    1 :  0.157 0.057 0.786 
315      315    (0)    1 :  0.823 0.011 0.166 
316      316    (0)    1 :  0.557 0.111 0.332 
317      317    (0)    1 :  0.408 0.030 0.562 
318      318    (0)    1 :  0.940 0.020 0.040 
319      319    (0)    1 :  0.597 0.218 0.185 
320      320    (0)    1 :  0.246 0.057 0.698 
321      321    (0)    1 :  0.278 0.007 0.715 
322      322    (0)    1 :  0.553 0.017 0.430 
323      323    (0)    1 :  0.392 0.014 0.594 
324      324    (0)    1 :  0.552 0.009 0.439 
325      325    (0)    1 :  0.752 0.032 0.215 
326      326    (0)    1 :  0.380 0.009 0.611 
327      327    (0)    1 :  0.573 0.006 0.421 
328      328    (0)    1 :  0.217 0.019 0.763 
329      329    (0)    1 :  0.165 0.021 0.815 
330      330    (0)    1 :  0.610 0.005 0.385 
331      331    (0)    1 :  0.892 0.006 0.101 
332      332    (0)    1 :  0.657 0.012 0.331 
333      333    (0)    1 :  0.360 0.013 0.628 
334      334    (0)    1 :  0.462 0.007 0.531 
335      335    (0)    1 :  0.422 0.009 0.568 
336      336    (0)    1 :  0.948 0.009 0.043 
337      337    (0)    1 :  0.825 0.042 0.133 
338      338    (0)    1 :  0.696 0.011 0.293 
339      339    (0)    1 :  0.973 0.012 0.014 
340      340    (0)    1 :  0.921 0.054 0.025 
341      341    (0)    1 :  0.830 0.009 0.162 
342      342    (0)    1 :  0.972 0.009 0.019 
343      343    (0)    1 :  0.875 0.010 0.115 
344      344    (0)    1 :  0.912 0.022 0.067 
345      345    (0)    1 :  0.964 0.016 0.019 
346      346    (0)    1 :  0.962 0.022 0.016 
347      347    (0)    1 :  0.958 0.013 0.029 
348      348    (0)    1 :  0.778 0.036 0.186 
349      349    (0)    1 :  0.969 0.009 0.021 
350      350    (0)    1 :  0.521 0.012 0.467 
351      351    (0)    1 :  0.844 0.126 0.030 
352      352    (0)    1 :  0.442 0.007 0.551 
353      353    (0)    1 :  0.912 0.039 0.049 
354      354    (0)    1 :  0.946 0.031 0.023 
355      355    (0)    1 :  0.860 0.043 0.097 
356      356    (0)    1 :  0.270 0.012 0.717 
357      357    (0)    1 :  0.696 0.167 0.137 
358      358    (0)    1 :  0.471 0.015 0.514 
359      359    (0)    1 :  0.790 0.029 0.181 
360      360    (0)    1 :  0.302 0.064 0.634 
361      361    (0)    1 :  0.459 0.129 0.412 
362      362    (0)    1 :  0.204 0.006 0.790 
363      363    (0)    1 :  0.922 0.007 0.071 
364      364    (0)    1 :  0.514 0.008 0.478 
365      365    (0)    1 :  0.882 0.008 0.110 
366      366    (0)    1 :  0.947 0.006 0.047 
367      367    (0)    1 :  0.235 0.017 0.748 
368      368    (0)    1 :  0.451 0.014 0.535 
369      369    (0)    1 :  0.757 0.006 0.237 
370      370    (0)    1 :  0.825 0.054 0.121 
371      371    (0)    1 :  0.622 0.066 0.312 
372      372    (0)    1 :  0.860 0.048 0.091 
373      373    (0)    1 :  0.624 0.020 0.357 
374      374    (0)    1 :  0.304 0.046 0.650 
375      375    (0)    1 :  0.843 0.028 0.129 
376      376    (0)    1 :  0.781 0.015 0.204 
377      377    (0)    1 :  0.433 0.012 0.555 
378      378    (0)    1 :  0.715 0.010 0.275 
379      379    (0)    1 :  0.705 0.015 0.281 
380      380    (0)    1 :  0.651 0.021 0.328 
381      381    (0)    1 :  0.810 0.014 0.176 
382      382    (0)    1 :  0.693 0.031 0.276 
383      383    (0)    1 :  0.283 0.019 0.698 
384      384    (0)    1 :  0.439 0.017 0.544 
385      385    (0)    1 :  0.908 0.005 0.087 
386      386    (0)    1 :  0.335 0.011 0.654 
387      387    (0)    1 :  0.882 0.009 0.109 
388      388    (0)    1 :  0.554 0.015 0.431 
389      389    (0)    1 :  0.537 0.008 0.454 
390      390    (0)    1 :  0.396 0.005 0.599 
391      391    (0)    1 :  0.673 0.008 0.319 
392      392    (0)    1 :  0.774 0.022 0.204 
393      393    (0)    1 :  0.332 0.008 0.659 
394      394    (0)    1 :  0.271 0.009 0.720 
395      395    (0)    1 :  0.564 0.008 0.428 
396      396    (0)    1 :  0.560 0.008 0.432 
397      397    (0)    1 :  0.660 0.009 0.331 
398      398    (0)    1 :  0.103 0.032 0.865 
399      399    (0)    1 :  0.637 0.014 0.349 
400      400    (0)    1 :  0.316 0.046 0.638 
401      401    (0)    1 :  0.545 0.010 0.445 
402      402    (0)    1 :  0.469 0.024 0.507 
403      403    (0)    1 :  0.531 0.008 0.462 
404      404    (0)    1 :  0.827 0.022 0.151 
405      405    (0)    1 :  0.555 0.012 0.433 
406      406    (0)    1 :  0.533 0.069 0.398 
407      407    (0)    1 :  0.453 0.015 0.532 
408      408    (0)    1 :  0.508 0.010 0.482 
409      409    (0)    1 :  0.732 0.021 0.247 
410      410    (0)    1 :  0.313 0.012 0.675 
411      411    (0)    1 :  0.743 0.039 0.219 
412      412    (0)    1 :  0.554 0.018 0.428 
413      413    (0)    1 :  0.414 0.007 0.579 
414      414    (0)    1 :  0.685 0.019 0.296 
415      415    (0)    1 :  0.146 0.009 0.845 
416      416    (0)    1 :  0.540 0.011 0.449 
417      417    (0)    1 :  0.269 0.013 0.718 
418      418    (0)    1 :  0.559 0.007 0.434 
419      419    (0)    1 :  0.312 0.013 0.675 
420      420    (0)    1 :  0.084 0.009 0.907 
421      421    (0)    1 :  0.079 0.011 0.911 
422      422    (0)    1 :  0.275 0.134 0.590 
423      423    (0)    1 :  0.797 0.019 0.183 
424      424    (0)    1 :  0.672 0.021 0.307 
425      425    (0)    1 :  0.834 0.009 0.157 
426      426    (0)    1 :  0.806 0.049 0.145 
427      427    (0)    1 :  0.479 0.006 0.515 
428      428    (0)    1 :  0.584 0.007 0.409 
429      429    (0)    1 :  0.536 0.021 0.444 
430      430    (0)    1 :  0.425 0.408 0.167 
431      431    (0)    1 :  0.313 0.008 0.679 
432      432    (0)    1 :  0.878 0.010 0.112 
433      433    (0)    1 :  0.755 0.032 0.213 
434      434    (0)    1 :  0.310 0.011 0.680 
435      435    (0)    1 :  0.066 0.013 0.921 
436      436    (0)    1 :  0.019 0.009 0.971 
437      437    (0)    1 :  0.226 0.203 0.571 
438      438    (0)    1 :  0.462 0.075 0.463 
439      439    (0)    1 :  0.834 0.018 0.147 
440      440    (0)    1 :  0.537 0.006 0.457 
441      441    (0)    1 :  0.114 0.103 0.783 
442      442    (0)    1 :  0.163 0.214 0.623 
443      443    (0)    1 :  0.770 0.025 0.205 
444      444    (0)    1 :  0.619 0.019 0.363 
445      445    (0)    1 :  0.760 0.011 0.228 
446      446    (0)    1 :  0.781 0.016 0.203 
447      447    (0)    1 :  0.514 0.010 0.477 
448      448    (0)    1 :  0.532 0.070 0.398 
449      449    (0)    1 :  0.415 0.010 0.576 
450      450    (0)    1 :  0.753 0.126 0.122 
451      451    (0)    1 :  0.290 0.006 0.704 
452      452    (0)    1 :  0.290 0.022 0.688 
453      453    (0)    1 :  0.112 0.012 0.876 
454      454    (0)    1 :  0.449 0.055 0.496 
455      455    (0)    1 :  0.750 0.011 0.238 
456      456    (0)    1 :  0.856 0.015 0.129 
457      457    (0)    1 :  0.156 0.006 0.838 
458      458    (0)    1 :  0.787 0.018 0.195 
459      459    (0)    1 :  0.611 0.046 0.343 
460      460    (0)    1 :  0.103 0.075 0.821 
461      461    (0)    1 :  0.132 0.037 0.831 
462      462    (0)    1 :  0.359 0.010 0.631 
463      463    (0)    1 :  0.604 0.037 0.359 
464      464    (0)    1 :  0.121 0.014 0.865 
465      465    (0)    1 :  0.480 0.085 0.435 
466      466    (0)    1 :  0.462 0.174 0.363 
467      467    (0)    1 :  0.451 0.018 0.531 
468      468    (0)    1 :  0.500 0.009 0.492 
469      469    (0)    1 :  0.496 0.009 0.495 
470      470    (0)    1 :  0.549 0.059 0.392 
471      471    (0)    1 :  0.195 0.007 0.799 
472      472    (0)    1 :  0.283 0.037 0.679 
473      473    (0)    1 :  0.568 0.020 0.412 
474      474    (0)    1 :  0.594 0.009 0.397 
475      475    (0)    1 :  0.641 0.006 0.353 
476      476    (0)    1 :  0.259 0.007 0.734 
477      477    (0)    1 :  0.602 0.073 0.325 
478      478    (0)    1 :  0.784 0.088 0.128 
479      479    (0)    1 :  0.058 0.007 0.935 
480      480    (0)    1 :  0.674 0.011 0.315 
481      481    (0)    1 :  0.235 0.011 0.753 
482      482    (0)    1 :  0.775 0.006 0.219 
483      483    (0)    1 :  0.576 0.023 0.401 
484      484    (0)    1 :  0.386 0.007 0.606 
485      485    (0)    1 :  0.166 0.560 0.273 
486      486    (0)    1 :  0.474 0.010 0.516 
487      487    (0)    1 :  0.753 0.010 0.237 
488      488    (0)    1 :  0.343 0.023 0.634 
489      489    (0)    1 :  0.168 0.010 0.822 
490      490    (0)    1 :  0.840 0.015 0.146 
491      491    (0)    1 :  0.669 0.008 0.323 
492      492    (0)    1 :  0.784 0.017 0.198 
493      493    (0)    1 :  0.757 0.005 0.239 
494      494    (0)    1 :  0.645 0.009 0.346 
495      495    (0)    1 :  0.327 0.027 0.647 
496      496    (0)    1 :  0.291 0.101 0.608 
497      497    (0)    1 :  0.580 0.011 0.408 
498      498    (0)    1 :  0.469 0.014 0.517 
499      499    (0)    1 :  0.563 0.007 0.430 
500      500    (0)    1 :  0.834 0.010 0.156 
501      501    (0)    1 :  0.457 0.014 0.529 
502      502    (0)    1 :  0.188 0.052 0.760 
503      503    (0)    1 :  0.551 0.008 0.441 
504      504    (0)    1 :  0.605 0.009 0.386 
505      505    (0)    1 :  0.643 0.115 0.242 
506      506    (0)    1 :  0.442 0.028 0.529 
507      507    (0)    1 :  0.253 0.107 0.640 
508      508    (0)    1 :  0.768 0.011 0.221 
509      509    (0)    1 :  0.609 0.005 0.386 
510      510    (0)    1 :  0.482 0.007 0.511 
511      511    (0)    1 :  0.620 0.011 0.369 
512      512    (0)    1 :  0.696 0.011 0.293 
513      513    (0)    1 :  0.783 0.014 0.202 
514      514    (0)    1 :  0.708 0.023 0.270 
515      515    (0)    1 :  0.639 0.007 0.355 
516      516    (0)    1 :  0.830 0.027 0.143 
517      517    (0)    1 :  0.933 0.026 0.041 
518      518    (0)    1 :  0.462 0.196 0.341 
519      519    (0)    1 :  0.365 0.041 0.593 
520      520    (0)    1 :  0.528 0.016 0.456 
521      521    (0)    1 :  0.429 0.008 0.563 
522      522    (0)    1 :  0.094 0.014 0.891 
523      523    (0)    1 :  0.609 0.025 0.366 
524      524    (0)    1 :  0.631 0.005 0.364 
525      525    (0)    1 :  0.824 0.013 0.163 
526      526    (0)    1 :  0.671 0.022 0.307 
527      527    (0)    1 :  0.129 0.009 0.863 
528      528    (0)    1 :  0.631 0.012 0.357 
529      529    (0)    1 :  0.045 0.015 0.940 
530      530    (0)    1 :  0.570 0.059 0.371 
531      531    (0)    1 :  0.474 0.008 0.518 
532      532    (0)    1 :  0.269 0.017 0.714 
533      533    (0)    1 :  0.414 0.015 0.572 
534      534    (0)    1 :  0.819 0.056 0.126 
535      535    (0)    1 :  0.702 0.019 0.279 
536      536    (0)    1 :  0.070 0.012 0.918 
537      537    (0)    1 :  0.623 0.046 0.331 
538      538    (0)    1 :  0.824 0.005 0.171 
539      539    (0)    1 :  0.904 0.014 0.082 
540      540    (0)    1 :  0.499 0.011 0.490 
541      541    (0)    1 :  0.276 0.012 0.712 
542      542    (0)    1 :  0.658 0.011 0.331 
543      543    (0)    1 :  0.436 0.005 0.559 
544      544    (0)    1 :  0.504 0.044 0.452 
545      545    (0)    1 :  0.762 0.039 0.199 
546      546    (0)    1 :  0.506 0.021 0.473 
547      547    (0)    1 :  0.406 0.009 0.585 
548      548    (0)    1 :  0.653 0.007 0.340 
549      549    (0)    1 :  0.740 0.026 0.235 
550      550    (0)    1 :  0.819 0.006 0.175 
551      551    (0)    1 :  0.349 0.007 0.644 
552      552    (0)    1 :  0.764 0.004 0.231 
553      553    (0)    1 :  0.507 0.027 0.466 
554      554    (0)    1 :  0.325 0.049 0.626 
555      555    (0)    1 :  0.742 0.028 0.230 
556      556    (0)    1 :  0.740 0.025 0.236 
557      557    (0)    1 :  0.567 0.011 0.422 
558      558    (0)    1 :  0.706 0.008 0.286 
559      559    (0)    1 :  0.543 0.058 0.399 
560      560    (0)    1 :  0.693 0.022 0.285 
561      561    (0)    1 :  0.676 0.014 0.310 
562      562    (0)    1 :  0.202 0.013 0.785 
563      563    (0)    1 :  0.589 0.009 0.403 
564      564    (0)    1 :  0.327 0.297 0.376 
565      565    (0)    1 :  0.352 0.010 0.639 
566      566    (0)    1 :  0.222 0.025 0.753 
567      567    (0)    1 :  0.067 0.010 0.923 
568      568    (0)    1 :  0.110 0.044 0.845 
569      569    (0)    1 :  0.793 0.005 0.202 
570      570    (0)    1 :  0.250 0.007 0.743 
571      571    (0)    1 :  0.208 0.009 0.783 
572      572    (0)    1 :  0.526 0.011 0.463 
573      573    (0)    1 :  0.676 0.189 0.135 
574      574    (0)    1 :  0.381 0.033 0.586 
575      575    (0)    1 :  0.738 0.019 0.243 
576      576    (0)    1 :  0.584 0.055 0.361 
577      577    (0)    1 :  0.585 0.060 0.355 
578      578    (0)    1 :  0.149 0.234 0.617 
579      579    (0)    1 :  0.706 0.032 0.261 
580      580    (0)    1 :  0.161 0.009 0.829 
581      581    (0)    1 :  0.826 0.007 0.167 
582      582    (0)    1 :  0.341 0.113 0.545 
583      583    (0)    1 :  0.431 0.089 0.480 
584      584    (0)    1 :  0.772 0.019 0.209 
585      585    (0)    1 :  0.462 0.026 0.512 
586      586    (0)    1 :  0.762 0.012 0.226 
587      587    (0)    1 :  0.902 0.012 0.086 
588      588    (0)    1 :  0.416 0.031 0.553 
589      589    (0)    1 :  0.257 0.060 0.683 
590      590    (0)    1 :  0.767 0.021 0.212 
591      591    (0)    1 :  0.058 0.006 0.935 
592      592    (0)    1 :  0.833 0.018 0.148 
593      593    (0)    1 :  0.699 0.023 0.279 
594      594    (0)    1 :  0.858 0.027 0.115 
595      595    (0)    1 :  0.045 0.012 0.942 
596      596    (0)    1 :  0.311 0.015 0.674 
597      597    (0)    1 :  0.380 0.020 0.600 
598      598    (0)    1 :  0.920 0.007 0.073 
599      599    (0)    1 :  0.401 0.052 0.547 
600      600    (0)    1 :  0.356 0.044 0.600 
601      601    (0)    1 :  0.750 0.143 0.107 
602      602    (0)    1 :  0.271 0.065 0.664 
603      603    (0)    1 :  0.298 0.012 0.690 
604      604    (0)    1 :  0.064 0.013 0.923 
605      605    (0)    1 :  0.580 0.009 0.411 
606      606    (0)    1 :  0.302 0.021 0.677 
607      607    (0)    1 :  0.552 0.028 0.420 
608      608    (0)    1 :  0.835 0.010 0.155 
609      609    (0)    1 :  0.737 0.012 0.251 
610      610    (0)    1 :  0.431 0.039 0.530 
611      611    (0)    1 :  0.397 0.007 0.596 
612      612    (0)    1 :  0.858 0.033 0.109 
613      613    (0)    1 :  0.201 0.028 0.772 
614      614    (0)    1 :  0.704 0.007 0.289 
615      615    (0)    1 :  0.701 0.024 0.274 
616      616    (0)    1 :  0.623 0.016 0.362 
617      617    (0)    1 :  0.322 0.012 0.666 
618      618    (0)    1 :  0.398 0.015 0.587 
619      619    (0)    1 :  0.180 0.034 0.786 
620      620    (0)    1 :  0.824 0.009 0.168 
621      621    (0)    1 :  0.863 0.079 0.059 
622      622    (0)    1 :  0.812 0.019 0.169 
623      623    (0)    1 :  0.700 0.003 0.297 
624      624    (0)    1 :  0.706 0.023 0.271 
625      625    (0)    1 :  0.405 0.008 0.586 
626      626    (0)    1 :  0.031 0.005 0.963 
627      627    (0)    1 :  0.654 0.049 0.297 
628      628    (0)    1 :  0.665 0.008 0.326 
629      629    (0)    1 :  0.064 0.023 0.913 
630      630    (0)    1 :  0.786 0.006 0.208 
631      631    (0)    1 :  0.918 0.008 0.074 
632      632    (0)    1 :  0.721 0.017 0.262 
633      633    (0)    1 :  0.329 0.114 0.556 
634      634    (0)    1 :  0.857 0.021 0.122 
635      635    (0)    1 :  0.634 0.011 0.355 
636      636    (0)    1 :  0.367 0.023 0.610 
637      637    (0)    1 :  0.209 0.011 0.780 
638      638    (0)    1 :  0.674 0.045 0.281 
639      639    (0)    1 :  0.116 0.011 0.873 
640      640    (0)    1 :  0.854 0.012 0.134 
641      641    (0)    1 :  0.206 0.014 0.780 
642      642    (0)    1 :  0.785 0.010 0.205 
643      643    (0)    1 :  0.611 0.032 0.357 
644      644    (0)    1 :  0.599 0.069 0.333 
645      645    (0)    1 :  0.867 0.053 0.079 
646      646    (0)    1 :  0.774 0.025 0.202 
647      647    (0)    1 :  0.211 0.007 0.782 
648      648    (0)    1 :  0.602 0.153 0.245 
649      649    (0)    1 :  0.619 0.047 0.334 
650      650    (0)    1 :  0.448 0.007 0.545 
651      651    (0)    1 :  0.622 0.017 0.361 
652      652    (0)    1 :  0.898 0.035 0.067 
653      653    (0)    1 :  0.273 0.011 0.716 
654      654    (0)    1 :  0.554 0.008 0.438 
655      655    (0)    1 :  0.659 0.049 0.292 
656      656    (0)    1 :  0.821 0.018 0.161 
657      657    (0)    1 :  0.923 0.020 0.057 
658      658    (0)    1 :  0.072 0.033 0.895 
659      659    (0)    1 :  0.344 0.015 0.641 
660      660    (0)    1 :  0.767 0.018 0.215 
661      661    (0)    1 :  0.130 0.012 0.858 
662      662    (0)    1 :  0.034 0.037 0.928 
663      663    (0)    1 :  0.918 0.009 0.073 
664      664    (0)    1 :  0.788 0.016 0.195 
665      665    (0)    1 :  0.557 0.097 0.345 
666      666    (0)    1 :  0.743 0.005 0.252 
667      667    (0)    1 :  0.545 0.013 0.442 
668      668    (0)    1 :  0.295 0.114 0.590 
669      669    (0)    1 :  0.753 0.011 0.236 
670      670    (0)    1 :  0.158 0.011 0.832 
671      671    (0)    1 :  0.890 0.064 0.046 
672      672    (0)    1 :  0.696 0.017 0.287 
673      673    (0)    1 :  0.633 0.005 0.362 
674      674    (0)    1 :  0.606 0.038 0.356 
675      675    (0)    1 :  0.829 0.021 0.151 
676      676    (0)    1 :  0.676 0.046 0.278 
677      677    (0)    1 :  0.868 0.006 0.125 
678      678    (0)    1 :  0.883 0.007 0.110 
679      679    (0)    1 :  0.906 0.008 0.086 
680      680    (0)    1 :  0.383 0.036 0.580 
681      681    (0)    1 :  0.621 0.012 0.367 
682      682    (0)    1 :  0.235 0.015 0.750 
683      683    (0)    1 :  0.288 0.071 0.641 
684      684    (0)    1 :  0.170 0.008 0.822 
685      685    (0)    1 :  0.739 0.115 0.146 
686      686    (0)    1 :  0.589 0.177 0.235 
687      687    (0)    1 :  0.903 0.009 0.088 
688      688    (0)    1 :  0.797 0.008 0.195 
689      689    (0)    1 :  0.337 0.038 0.624 
690      690    (0)    1 :  0.694 0.014 0.291 
691      691    (0)    1 :  0.360 0.168 0.472 
692      692    (0)    1 :  0.287 0.042 0.670 
693      693    (0)    1 :  0.590 0.006 0.403 
694      694    (0)    1 :  0.786 0.012 0.202 
695      695    (0)    1 :  0.454 0.008 0.538 
696      696    (0)    1 :  0.656 0.033 0.311 
697      697    (0)    1 :  0.307 0.019 0.674 
698      698    (0)    1 :  0.617 0.026 0.357 
699      699    (0)    1 :  0.500 0.016 0.484 
700      700    (0)    1 :  0.659 0.024 0.317 
701      701    (0)    1 :  0.801 0.012 0.187 
702      702    (0)    1 :  0.708 0.052 0.240 
703      703    (0)    1 :  0.150 0.012 0.839 
704      704    (0)    1 :  0.301 0.024 0.674 
705      705    (0)    1 :  0.416 0.012 0.572 
706      706    (0)    1 :  0.901 0.006 0.093 
707      707    (0)    1 :  0.371 0.022 0.607 
708      708    (0)    1 :  0.539 0.013 0.448 
709      709    (0)    1 :  0.488 0.042 0.470 
710      710    (0)    1 :  0.620 0.074 0.306 
711      711    (0)    1 :  0.573 0.012 0.414 
712      712    (0)    1 :  0.406 0.011 0.583 
713      713    (0)    1 :  0.556 0.009 0.434 
714      714    (0)    1 :  0.306 0.059 0.635 
715      715    (0)    1 :  0.212 0.246 0.542 
716      716    (0)    1 :  0.518 0.015 0.466 
717      717    (0)    1 :  0.790 0.130 0.079 
718      718    (0)    1 :  0.845 0.019 0.136 
719      719    (0)    1 :  0.644 0.018 0.338 
720      720    (0)    1 :  0.505 0.166 0.329 
721      721    (0)    1 :  0.311 0.026 0.663 
722      722    (0)    1 :  0.243 0.019 0.737 
723      723    (0)    1 :  0.389 0.017 0.594 
724      724    (0)    1 :  0.664 0.023 0.313 
725      725    (0)    1 :  0.386 0.007 0.608 
726      726    (0)    1 :  0.422 0.085 0.493 
727      727    (0)    1 :  0.559 0.008 0.433 
728      728    (0)    1 :  0.799 0.016 0.185 
729      729    (0)    1 :  0.233 0.016 0.751 
730      730    (0)    1 :  0.778 0.009 0.213 
731      731    (0)    1 :  0.522 0.011 0.467 
732      732    (0)    1 :  0.524 0.032 0.445 
733      733    (0)    1 :  0.508 0.007 0.485 
734      734    (0)    1 :  0.641 0.014 0.345 
735      735    (0)    1 :  0.929 0.011 0.059 
736      736    (0)    1 :  0.603 0.008 0.389 
737      737    (0)    1 :  0.162 0.033 0.805 
738      738    (0)    1 :  0.519 0.014 0.467 
739      739    (0)    1 :  0.321 0.026 0.653 
740      740    (0)    1 :  0.330 0.044 0.627 
741      741    (0)    1 :  0.477 0.009 0.513 
742      742    (0)    1 :  0.041 0.151 0.808 
743      743    (0)    1 :  0.016 0.016 0.967 
744      744    (0)    1 :  0.016 0.051 0.933 
745      745    (0)    1 :  0.011 0.010 0.979 
746      746    (0)    1 :  0.011 0.037 0.951 
747      747    (0)    1 :  0.043 0.007 0.950 
748      748    (0)    1 :  0.053 0.105 0.842 
749      749    (6)    1 :  0.009 0.011 0.980 
750      750    (0)    1 :  0.010 0.013 0.977 
751      751    (0)    1 :  0.016 0.041 0.943 
752      752    (0)    1 :  0.024 0.178 0.798 
753      753    (0)    1 :  0.009 0.070 0.921 
754      754    (0)    1 :  0.014 0.121 0.865 
755      755    (0)    1 :  0.706 0.108 0.186 
756      756    (0)    1 :  0.383 0.058 0.559 
757      757    (0)    1 :  0.115 0.019 0.866 
758      758    (0)    1 :  0.078 0.023 0.900 
759      759    (0)    1 :  0.695 0.099 0.206 
760      760    (0)    1 :  0.458 0.327 0.215 
761      761    (0)    1 :  0.225 0.071 0.704 
762      762    (0)    1 :  0.082 0.836 0.083 
763      763    (0)    1 :  0.223 0.017 0.760 
764      764    (0)    1 :  0.677 0.016 0.307 
765      765    (0)    1 :  0.007 0.986 0.007 
766      766    (0)    1 :  0.298 0.011 0.691 
767      767    (0)    1 :  0.496 0.020 0.484 
768      768    (0)    1 :  0.377 0.023 0.599 
769      769    (0)    1 :  0.424 0.058 0.518 
770      770    (0)    1 :  0.417 0.026 0.558 
771      771    (0)    1 :  0.824 0.015 0.161 
772      772    (0)    1 :  0.563 0.020 0.417 
773      773    (0)    1 :  0.460 0.019 0.521 
774      774    (0)    1 :  0.560 0.013 0.427 
775      775    (0)    1 :  0.008 0.984 0.008 
776      776    (0)    1 :  0.023 0.960 0.018 
777      777    (0)    1 :  0.005 0.990 0.005 
778      778    (0)    1 :  0.381 0.104 0.515 
779      779    (0)    1 :  0.011 0.980 0.009 
780      780    (0)    1 :  0.024 0.952 0.024 
781      781    (0)    1 :  0.008 0.984 0.008 
782      782    (0)    1 :  0.005 0.989 0.006 
783      783    (0)    1 :  0.028 0.949 0.023 
784      784    (0)    1 :  0.007 0.984 0.009 
785      785    (0)    1 :  0.010 0.978 0.012 
786      786    (0)    1 :  0.027 0.948 0.025 
787      787    (0)    1 :  0.009 0.984 0.007 
788      788    (0)    1 :  0.007 0.985 0.008 
789      789    (0)    1 :  0.006 0.986 0.008 
790      790    (0)    1 :  0.009 0.980 0.011 
791      791    (0)    1 :  0.029 0.885 0.085 
792      792    (0)    1 :  0.005 0.988 0.007 
793      793    (0)    1 :  0.036 0.948 0.016 
794      794    (0)    1 :  0.021 0.952 0.026 
795      795    (0)    1 :  0.006 0.986 0.008 
796      796    (0)    1 :  0.031 0.951 0.017 
797      797    (0)    1 :  0.009 0.981 0.010 
798      798    (0)    1 :  0.008 0.975 0.017 
799      799    (0)    1 :  0.006 0.989 0.006 
800      800    (0)    1 :  0.010 0.978 0.012 
801      801    (0)    1 :  0.010 0.981 0.009 
802      802    (0)    1 :  0.004 0.991 0.004 
803      803    (0)    1 :  0.010 0.981 0.010 
804      804    (0)    1 :  0.045 0.923 0.033 
805      805    (0)    1 :  0.048 0.930 0.023 
806      806    (0)    1 :  0.012 0.972 0.016 
807      807    (0)    1 :  0.012 0.980 0.008 
808      808    (0)    1 :  0.012 0.978 0.010 
809      809    (0)    1 :  0.024 0.947 0.029 
810      810    (0)    1 :  0.013 0.976 0.011 
811      811    (0)    1 :  0.005 0.990 0.006 
812      812    (0)    1 :  0.005 0.990 0.005 
813      813    (0)    1 :  0.076 0.873 0.051 
814      814    (0)    1 :  0.007 0.984 0.009 
815      815    (0)    1 :  0.052 0.884 0.064 
816      816    (0)    1 :  0.006 0.988 0.006 
817      817    (0)    1 :  0.012 0.966 0.022 
818      818    (0)    1 :  0.028 0.875 0.096 
819      819    (0)    1 :  0.007 0.985 0.008 
820      820    (0)    1 :  0.006 0.988 0.006 
821      821    (0)    1 :  0.007 0.987 0.006 
822      822    (0)    1 :  0.008 0.985 0.008 
823      823    (0)    1 :  0.012 0.979 0.009 
824      824    (0)    1 :  0.010 0.977 0.013 
825      825    (0)    1 :  0.069 0.851 0.080 
826      826    (0)    1 :  0.009 0.972 0.019 
827      827    (0)    1 :  0.007 0.987 0.006 
828      828    (0)    1 :  0.005 0.990 0.005 
829      829    (0)    1 :  0.004 0.991 0.004 
830      830    (0)    1 :  0.006 0.989 0.005 
831      831    (0)    1 :  0.011 0.977 0.012 
832      832    (0)    1 :  0.018 0.960 0.021 
833      833    (0)    1 :  0.009 0.982 0.009 
834      834    (0)    1 :  0.036 0.930 0.034 
835      835    (0)    1 :  0.006 0.988 0.006 
836      836    (0)    1 :  0.013 0.971 0.016 
837      837    (0)    1 :  0.011 0.980 0.009 
838      838    (0)    1 :  0.089 0.867 0.043 
839      839    (0)    1 :  0.016 0.970 0.014 
840      840    (0)    1 :  0.005 0.989 0.006 
841      841    (0)    1 :  0.634 0.034 0.333 
842      842    (0)    1 :  0.015 0.963 0.021 
843      843    (0)    1 :  0.006 0.989 0.005 
844      844    (0)    1 :  0.006 0.988 0.006 
845      845    (0)    1 :  0.010 0.982 0.008 
846      846    (0)    1 :  0.013 0.975 0.012 
847      847    (0)    1 :  0.007 0.987 0.006 
848      848    (0)    1 :  0.007 0.980 0.012 
849      849    (0)    1 :  0.380 0.016 0.604 
850      850    (0)    1 :  0.134 0.179 0.687 
851      851    (0)    1 :  0.547 0.030 0.422 
852      852    (0)    1 :  0.395 0.222 0.383 
853      853    (0)    1 :  0.828 0.019 0.153 
854      854    (0)    1 :  0.261 0.630 0.109 
855      855    (0)    1 :  0.248 0.028 0.724 
856      856    (0)    1 :  0.674 0.021 0.305 
857      857    (0)    1 :  0.018 0.964 0.017 
858      858    (0)    1 :  0.287 0.079 0.634 
859      859    (0)    1 :  0.016 0.972 0.012 
860      860    (0)    1 :  0.494 0.016 0.490 
861      861    (0)    1 :  0.175 0.683 0.142 
862      862    (0)    1 :  0.606 0.022 0.372 
863      863    (0)    1 :  0.049 0.018 0.933 
864      864    (0)    1 :  0.006 0.987 0.006 
865      865    (0)    1 :  0.481 0.236 0.282 
866      866    (0)    1 :  0.131 0.089 0.780 
867      867    (0)    1 :  0.298 0.017 0.686 
868      868    (0)    1 :  0.774 0.010 0.216 
869      869    (0)    1 :  0.448 0.011 0.541 
870      870    (0)    1 :  0.011 0.980 0.009 
871      871    (0)    1 :  0.619 0.039 0.341 
872      872    (0)    1 :  0.495 0.347 0.157 
873      873    (0)    1 :  0.277 0.030 0.693 
874      874    (0)    1 :  0.300 0.083 0.617 
875      875    (0)    1 :  0.472 0.072 0.456 
876      876    (0)    1 :  0.598 0.124 0.278 
877      877    (0)    1 :  0.708 0.070 0.222 
878      878    (0)    1 :  0.531 0.027 0.442 
879      879    (0)    1 :  0.498 0.256 0.245 
880      880    (0)    1 :  0.196 0.022 0.782 
881      881    (0)    1 :  0.006 0.988 0.006 
882      882    (0)    1 :  0.528 0.154 0.317 
883      883    (0)    1 :  0.085 0.332 0.583 
884      884    (0)    1 :  0.794 0.036 0.171 
885      885    (0)    1 :  0.353 0.028 0.619 
886      886    (0)    1 :  0.738 0.008 0.254 
887      887    (0)    1 :  0.537 0.186 0.277 
888      888    (0)    1 :  0.683 0.032 0.285 
889      889    (0)    1 :  0.485 0.078 0.437 
890      890    (0)    1 :  0.476 0.013 0.511 
891      891    (0)    1 :  0.780 0.004 0.215 
892      892    (0)    1 :  0.005 0.990 0.004 
893      893    (0)    1 :  0.036 0.940 0.024 


Estimated Allele Frequencies in each cluster
First column gives estimated ancestral frequencies


Locus 1 : 
25 alleles
0.0% missing data
 125   (0.064) 0.063 0.025 0.063 
 133   (0.276) 0.347 0.608 0.256 
 131   (0.109) 0.098 0.159 0.120 
 137   (0.080) 0.075 0.017 0.088 
 148   (0.076) 0.051 0.060 0.094 
 127   (0.102) 0.115 0.004 0.116 
 135   (0.073) 0.095 0.005 0.071 
 132   (0.025) 0.031 0.001 0.023 
 129   (0.057) 0.047 0.096 0.060 
 141   (0.008) 0.005 0.000 0.005 
 134   (0.007) 0.004 0.000 0.003 
 152   (0.014) 0.011 0.001 0.011 
 139   (0.055) 0.045 0.023 0.057 
 119   (0.003) 0.001 0.000 0.001 
 159   (0.005) 0.001 0.000 0.004 
 165   (0.005) 0.001 0.000 0.004 
 163   (0.006) 0.001 0.000 0.005 
 150   (0.006) 0.003 0.000 0.003 
 143   (0.004) 0.001 0.000 0.001 
 154   (0.006) 0.001 0.000 0.006 
 175   (0.004) 0.001 0.000 0.001 
 187   (0.004) 0.001 0.000 0.001 
 191   (0.004) 0.001 0.000 0.002 
 173   (0.004) 0.001 0.000 0.002 
 123   (0.004) 0.000 0.000 0.002 

Locus 2 : 
10 alleles
0.0% missing data
 159   (0.126) 0.134 0.023 0.126 
 163   (0.154) 0.144 0.201 0.161 
 165   (0.517) 0.528 0.715 0.532 
 173   (0.018) 0.024 0.000 0.012 
 171   (0.076) 0.073 0.037 0.074 
 169   (0.040) 0.045 0.001 0.036 
 167   (0.050) 0.042 0.021 0.050 
 161   (0.005) 0.001 0.000 0.002 
 175   (0.010) 0.009 0.000 0.005 
 177   (0.004) 0.001 0.000 0.002 

Locus 3 : 
16 alleles
0.0% missing data
 126   (0.175) 0.156 0.169 0.192 
 130   (0.033) 0.038 0.001 0.028 
 118   (0.099) 0.134 0.013 0.087 
 120   (0.118) 0.094 0.052 0.139 
 116   (0.170) 0.207 0.339 0.148 
 124   (0.115) 0.113 0.053 0.119 
 122   (0.080) 0.099 0.002 0.074 
 134   (0.007) 0.002 0.090 0.002 
 128   (0.076) 0.086 0.003 0.076 
 114   (0.072) 0.049 0.226 0.079 
 136   (0.009) 0.004 0.000 0.007 
 132   (0.020) 0.009 0.001 0.027 
 138   (0.006) 0.001 0.000 0.005 
 112   (0.008) 0.003 0.049 0.003 
 110   (0.011) 0.003 0.000 0.012 
 106   (0.004) 0.000 0.000 0.002 

Locus 4 : 
25 alleles
0.0% missing data
 175   (0.212) 0.251 0.179 0.215 
 176   (0.056) 0.059 0.002 0.062 
 173   (0.131) 0.126 0.269 0.137 
 180   (0.018) 0.013 0.001 0.018 
 177   (0.197) 0.246 0.247 0.195 
 179   (0.057) 0.043 0.037 0.067 
 161   (0.007) 0.002 0.000 0.005 
 174   (0.023) 0.015 0.001 0.028 
 169   (0.063) 0.068 0.046 0.062 
 178   (0.038) 0.025 0.012 0.044 
 171   (0.062) 0.062 0.201 0.057 
 168   (0.004) 0.002 0.000 0.002 
 182   (0.007) 0.005 0.000 0.004 
 181   (0.032) 0.031 0.001 0.032 
 187   (0.009) 0.010 0.000 0.005 
 172   (0.010) 0.005 0.000 0.008 
 170   (0.006) 0.004 0.000 0.003 
 167   (0.025) 0.014 0.001 0.031 
 186   (0.006) 0.005 0.000 0.002 
 183   (0.008) 0.004 0.000 0.006 
 157   (0.008) 0.002 0.000 0.008 
 166   (0.004) 0.001 0.000 0.001 
 185   (0.007) 0.004 0.000 0.004 
 184   (0.004) 0.002 0.000 0.002 
 189   (0.004) 0.001 0.000 0.002 

Locus 5 : 
12 alleles
0.0% missing data
 161   (0.047) 0.086 0.002 0.033 
 169   (0.214) 0.242 0.048 0.203 
 163   (0.145) 0.144 0.080 0.146 
 165   (0.115) 0.069 0.478 0.137 
 171   (0.325) 0.356 0.386 0.309 
 175   (0.016) 0.012 0.000 0.012 
 179   (0.006) 0.001 0.000 0.005 
 173   (0.114) 0.084 0.006 0.149 
 177   (0.007) 0.003 0.000 0.004 
 167   (0.004) 0.001 0.000 0.002 
 155   (0.004) 0.001 0.000 0.001 
 159   (0.004) 0.001 0.000 0.001 

Locus 6 : 
14 alleles
0.0% missing data
 130   (0.187) 0.227 0.041 0.178 
 134   (0.097) 0.073 0.157 0.111 
 124   (0.165) 0.184 0.113 0.159 
 128   (0.346) 0.340 0.562 0.373 
 138   (0.025) 0.026 0.001 0.022 
 126   (0.074) 0.063 0.118 0.075 
 132   (0.016) 0.009 0.001 0.015 
 122   (0.005) 0.001 0.000 0.002 
 136   (0.049) 0.054 0.007 0.044 
 140   (0.013) 0.012 0.001 0.008 
 142   (0.005) 0.001 0.000 0.002 
 146   (0.008) 0.006 0.000 0.004 
 120   (0.007) 0.004 0.000 0.004 
 144   (0.004) 0.001 0.000 0.001 

Locus 7 : 
16 alleles
0.0% missing data
 111   (0.115) 0.148 0.236 0.100 
 113   (0.199) 0.206 0.172 0.203 
 121   (0.013) 0.011 0.000 0.009 
 115   (0.144) 0.095 0.053 0.188 
 109   (0.069) 0.086 0.003 0.066 
 117   (0.105) 0.115 0.006 0.111 
 116   (0.004) 0.002 0.000 0.001 
 119   (0.040) 0.039 0.055 0.032 
 105   (0.057) 0.043 0.025 0.064 
 101   (0.060) 0.065 0.002 0.059 
 103   (0.137) 0.140 0.441 0.132 
  99   (0.010) 0.011 0.000 0.005 
 107   (0.029) 0.031 0.006 0.023 
 123   (0.006) 0.003 0.000 0.003 
 125   (0.006) 0.003 0.000 0.003 
  97   (0.005) 0.001 0.000 0.002 

Locus 8 : 
16 alleles
0.0% missing data
 224   (0.077) 0.115 0.081 0.059 
 230   (0.130) 0.101 0.047 0.164 
 234   (0.312) 0.373 0.177 0.302 
 232   (0.088) 0.085 0.178 0.084 
 236   (0.091) 0.093 0.029 0.090 
 240   (0.006) 0.004 0.000 0.002 
 228   (0.125) 0.088 0.433 0.146 
 238   (0.023) 0.017 0.001 0.024 
 226   (0.037) 0.048 0.020 0.026 
 216   (0.068) 0.055 0.019 0.078 
 223   (0.005) 0.001 0.000 0.002 
 222   (0.006) 0.003 0.000 0.003 
 220   (0.015) 0.011 0.000 0.012 
 246   (0.005) 0.002 0.000 0.001 
 225   (0.009) 0.003 0.014 0.005 
 212   (0.004) 0.001 0.000 0.001 

Locus 9 : 
23 alleles
0.1% missing data
 121   (0.556) 0.658 0.656 0.558 
 133   (0.070) 0.052 0.022 0.079 
 119   (0.023) 0.020 0.032 0.015 
 129   (0.034) 0.022 0.006 0.038 
 131   (0.069) 0.032 0.043 0.105 
 135   (0.030) 0.039 0.001 0.025 
 153   (0.007) 0.004 0.000 0.004 
 161   (0.005) 0.004 0.000 0.001 
 143   (0.008) 0.010 0.000 0.003 
 159   (0.008) 0.002 0.004 0.006 
 127   (0.046) 0.051 0.002 0.047 
 149   (0.012) 0.007 0.001 0.009 
 123   (0.048) 0.048 0.002 0.053 
 157   (0.007) 0.003 0.000 0.005 
 147   (0.013) 0.005 0.019 0.011 
 137   (0.012) 0.012 0.000 0.008 
 151   (0.009) 0.009 0.001 0.004 
 125   (0.017) 0.009 0.000 0.017 
 155   (0.007) 0.008 0.000 0.002 
 165   (0.004) 0.001 0.000 0.001 
 139   (0.007) 0.002 0.000 0.006 
 117   (0.005) 0.001 0.000 0.003 
 145   (0.004) 0.000 0.210 0.001 

Locus 10 : 
8 alleles
0.0% missing data
 134   (0.486) 0.542 0.358 0.485 
 136   (0.294) 0.298 0.300 0.298 
 146   (0.024) 0.008 0.014 0.027 
 128   (0.095) 0.088 0.229 0.090 
 142   (0.036) 0.020 0.015 0.040 
 138   (0.045) 0.037 0.084 0.039 
 130   (0.015) 0.005 0.000 0.019 
 132   (0.006) 0.002 0.000 0.003 

Locus 11 : 
7 alleles
0.0% missing data
 101   (0.284) 0.288 0.206 0.286 
 103   (0.495) 0.468 0.398 0.529 
 105   (0.135) 0.161 0.391 0.114 
  97   (0.050) 0.056 0.004 0.044 
  99   (0.013) 0.012 0.000 0.008 
 107   (0.019) 0.014 0.001 0.016 
  93   (0.004) 0.001 0.000 0.002 

Locus 12 : 
16 alleles
0.0% missing data
 235   (0.126) 0.171 0.158 0.105 
 243   (0.046) 0.041 0.052 0.040 
 241   (0.122) 0.117 0.088 0.123 
 225   (0.116) 0.125 0.004 0.123 
 229   (0.064) 0.081 0.007 0.055 
 233   (0.069) 0.058 0.002 0.084 
 231   (0.111) 0.109 0.024 0.116 
 223   (0.079) 0.068 0.611 0.077 
 237   (0.153) 0.132 0.050 0.172 
 239   (0.070) 0.078 0.003 0.072 
 227   (0.011) 0.007 0.000 0.007 
 251   (0.008) 0.002 0.000 0.008 
 253   (0.013) 0.006 0.000 0.014 
 247   (0.005) 0.001 0.000 0.002 
 255   (0.004) 0.001 0.000 0.001 
 221   (0.004) 0.001 0.000 0.001 

Locus 13 : 
14 alleles
0.1% missing data
 293   (0.216) 0.208 0.425 0.226 
 295   (0.226) 0.195 0.069 0.264 
 297   (0.164) 0.202 0.119 0.149 
 299   (0.105) 0.128 0.010 0.101 
 291   (0.091) 0.088 0.206 0.088 
 289   (0.053) 0.052 0.002 0.055 
 309   (0.009) 0.005 0.000 0.007 
 305   (0.026) 0.026 0.001 0.022 
 301   (0.052) 0.058 0.024 0.044 
 285   (0.004) 0.001 0.000 0.003 
 287   (0.012) 0.003 0.000 0.015 
 279   (0.015) 0.011 0.000 0.013 
 303   (0.021) 0.022 0.143 0.012 
 277   (0.005) 0.002 0.000 0.002 

Locus 14 : 
6 alleles
0.0% missing data
 127   (0.803) 0.807 0.718 0.826 
 135   (0.133) 0.131 0.280 0.125 
 131   (0.007) 0.004 0.000 0.004 
 129   (0.046) 0.055 0.002 0.040 
 137   (0.007) 0.003 0.000 0.004 
 133   (0.004) 0.001 0.000 0.001 

Locus 15 : 
17 alleles
0.0% missing data
 186   (0.371) 0.347 0.404 0.424 
 182   (0.058) 0.062 0.002 0.059 
 180   (0.241) 0.312 0.385 0.218 
 188   (0.076) 0.072 0.077 0.073 
 190   (0.037) 0.033 0.002 0.037 
 176   (0.056) 0.046 0.079 0.054 
 196   (0.011) 0.006 0.000 0.009 
 184   (0.059) 0.057 0.018 0.057 
 198   (0.008) 0.010 0.000 0.003 
 194   (0.007) 0.002 0.000 0.005 
 192   (0.044) 0.037 0.033 0.041 
 178   (0.008) 0.004 0.000 0.005 
 200   (0.008) 0.004 0.000 0.004 
 212   (0.004) 0.001 0.000 0.002 
 202   (0.004) 0.001 0.000 0.001 
 204   (0.006) 0.004 0.000 0.002 
 206   (0.006) 0.002 0.000 0.004 

Values of parameters used in structure:
DATAFILE=/home/martin/bottleneck/structure_analysis/structure_4/data_job_T3_2,	OUTFILE=/home/martin/bottleneck/structure_analysis/structure_4/structure_results/weddell_seal/results_job_T3_2,	NUMINDS=893,	NUMLOCI=15,	MISSING=-9,	LABEL=1,	POPDATA=1,	POPFLAG=0,	PHENOTYPE=0,	EXTRACOLS=0,	MAXPOPS=3,	BURNIN=10000,	NUMREPS=100000,	USEPOPINFO=0,	INFERALPHA=1,	INFERLAMBDA=0,	POPSPECIFICLAMBDA=0,	POPALPHAS=0,	COMPUTEPROB=1,	NOADMIX=0,	ADMBURNIN=2500,	UPDATEFREQ=1,	PRINTLIKES=0,	INTERMEDSAVE=0,	PRINTKLD=0,	PRINTNET=0,	PRINTLAMBDA=0,	ANCESTDIST=0,	NUMBOXES=1000,	ANCESTPINT=0.90000,	GENSBACK=2,	MIGRPRIOR=0.05000,	PRINTQHAT=1,	PRINTQSUM=0,	ALPHA=1.0000,	FREQSCORR=1,	FPRIORMEAN=0.0100,	FPRIORSD=0.0500,	ONEFST=0,	LAMBDA=1.0000,	UNIFPRIORALPHA=1,	ALPHAMAX=10.0000,	ALPHAPRIORA=1.0000,	ALPHAPRIORB=2.0000,	ALPHAPROPSD=0.0250,	STARTATPOPINFO=0,	RANDOMIZE=1,	LINKAGE=0,	METROFREQ=10,	REPORTHITRATE=0,	MARKOVPHASE=-1,	PHASED=0,	PLOIDY=2,	PHASEINFO=0	LOCPRIOR=0, 	LOCPRIORINIT=1.000000, 	LOCDATA=0, 	LOCISPOP=0, 	LOCPRIORSTEP=0.100000, 	MAXLOCPRIOR=20.000000, 	SEED=1470542956,	
[STRAT parameters]:    NUMSIMSTATS=1000,	PHENOTYPECOL=-9,	POOLFREQ=10,	LOCUSxONLY=0,	EMERROR=0.00100,	MISSINGPHENO=-9,	