

----------------------------------------------------
STRUCTURE by Pritchard, Stephens and Donnelly (2000)
     and Falush, Stephens and Pritchard (2003)
       Code by Pritchard, Falush and Hubisz
             Version 2.3.4 (Jul 2012)
----------------------------------------------------



Command line arguments:   /usr/local/bin/structure -m parameter_job_T7_1 
Input File:    /home/martin/bottleneck/structure_analysis/structure_4/data_job_T7_1

Run parameters:
   893 individuals
   15 loci
   7 populations assumed
   10000 Burn-in period
   100000 Reps


--------------------------------------------
Proportion of membership of each pre-defined
 population in each of the 7 clusters

Given    Inferred Clusters                                   Number of
 Pop       1      2      3      4      5      6      7      Individuals

  1:     0.064  0.192  0.193  0.057  0.193  0.109  0.191      893
--------------------------------------------

Allele-freq. divergence among pops (Net nucleotide distance),
computed using point estimates of P.

      1       2       3       4       5       6       7      
 1      -    0.0668  0.0695  0.1235  0.0690  0.1112  0.0684  
 2   0.0668     -    0.0005  0.0549  0.0007  0.0581  0.0001  
 3   0.0695  0.0005     -    0.0556  0.0009  0.0595  0.0005  
 4   0.1235  0.0549  0.0556     -    0.0550  0.0975  0.0551  
 5   0.0690  0.0007  0.0009  0.0550     -    0.0619  0.0004  
 6   0.1112  0.0581  0.0595  0.0975  0.0619     -    0.0597  
 7   0.0684  0.0001  0.0005  0.0551  0.0004  0.0597     -    

Average distances (expected heterozygosity) between individuals in same cluster:
cluster  1  : 0.6529 
cluster  2  : 0.7573 
cluster  3  : 0.7482 
cluster  4  : 0.6037 
cluster  5  : 0.7455 
cluster  6  : 0.6306 
cluster  7  : 0.7493 

--------------------------------------------
Estimated Ln Prob of Data   = -48525.0
Mean value of ln likelihood = -45398.2
Variance of ln likelihood   = 6253.6
Mean value of alpha         = 0.0456

Mean value of Fst_1         = 0.1623
Mean value of Fst_2         = 0.0009
Mean value of Fst_3         = 0.0125
Mean value of Fst_4         = 0.2105
Mean value of Fst_5         = 0.0137
Mean value of Fst_6         = 0.1878
Mean value of Fst_7         = 0.0080


Inferred ancestry of individuals:
        Label (%Miss) Pop:  Inferred clusters
  1        1    (0)    1 :  0.031 0.147 0.344 0.164 0.149 0.007 0.158 
  2        2    (0)    1 :  0.008 0.286 0.170 0.004 0.223 0.005 0.304 
  3        3    (0)    1 :  0.053 0.184 0.148 0.041 0.306 0.008 0.260 
  4        4    (0)    1 :  0.009 0.199 0.442 0.011 0.163 0.006 0.170 
  5        5    (0)    1 :  0.006 0.494 0.085 0.048 0.106 0.044 0.216 
  6        6    (0)    1 :  0.009 0.344 0.178 0.090 0.149 0.022 0.208 
  7        7    (0)    1 :  0.005 0.395 0.116 0.004 0.209 0.007 0.264 
  8        8    (0)    1 :  0.080 0.400 0.122 0.010 0.164 0.004 0.220 
  9        9    (0)    1 :  0.008 0.193 0.234 0.069 0.274 0.009 0.213 
 10       10    (0)    1 :  0.059 0.160 0.272 0.017 0.231 0.068 0.194 
 11       11    (0)    1 :  0.006 0.227 0.292 0.047 0.198 0.010 0.219 
 12       12    (0)    1 :  0.008 0.277 0.237 0.005 0.229 0.004 0.240 
 13       13    (0)    1 :  0.014 0.210 0.168 0.005 0.322 0.007 0.274 
 14       14    (0)    1 :  0.006 0.201 0.215 0.029 0.249 0.009 0.290 
 15       15    (0)    1 :  0.047 0.134 0.220 0.246 0.177 0.012 0.164 
 16       16    (0)    1 :  0.006 0.218 0.305 0.028 0.190 0.008 0.245 
 17       17    (0)    1 :  0.017 0.254 0.243 0.052 0.161 0.020 0.253 
 18       18    (0)    1 :  0.016 0.230 0.272 0.031 0.180 0.011 0.260 
 19       19    (0)    1 :  0.077 0.174 0.285 0.084 0.182 0.010 0.187 
 20       20    (0)    1 :  0.029 0.272 0.104 0.006 0.092 0.263 0.233 
 21       21    (0)    1 :  0.017 0.213 0.187 0.039 0.260 0.041 0.242 
 22       22    (0)    1 :  0.005 0.138 0.295 0.074 0.306 0.005 0.177 
 23       23    (0)    1 :  0.018 0.494 0.094 0.026 0.133 0.013 0.223 
 24       24    (0)    1 :  0.024 0.238 0.263 0.034 0.135 0.056 0.251 
 25       25    (0)    1 :  0.038 0.229 0.299 0.021 0.202 0.028 0.183 
 26       26    (0)    1 :  0.009 0.174 0.195 0.014 0.309 0.005 0.293 
 27       27    (0)    1 :  0.008 0.254 0.254 0.027 0.198 0.007 0.251 
 28       28    (0)    1 :  0.036 0.159 0.297 0.069 0.132 0.147 0.160 
 29       29    (0)    1 :  0.012 0.234 0.202 0.006 0.232 0.042 0.272 
 30       30    (0)    1 :  0.004 0.119 0.221 0.009 0.404 0.004 0.238 
 31       31    (0)    1 :  0.006 0.247 0.152 0.059 0.275 0.009 0.253 
 32       32    (0)    1 :  0.006 0.492 0.129 0.012 0.130 0.005 0.225 
 33       33    (0)    1 :  0.007 0.532 0.127 0.066 0.058 0.005 0.206 
 34       34    (0)    1 :  0.038 0.236 0.311 0.020 0.170 0.017 0.208 
 35       35    (0)    1 :  0.008 0.348 0.106 0.028 0.184 0.009 0.318 
 36       36    (0)    1 :  0.006 0.341 0.136 0.012 0.159 0.006 0.340 
 37       37    (0)    1 :  0.011 0.217 0.209 0.034 0.214 0.082 0.232 
 38       38    (0)    1 :  0.013 0.383 0.117 0.141 0.128 0.007 0.211 
 39       39    (0)    1 :  0.011 0.014 0.013 0.923 0.016 0.008 0.016 
 40       40    (0)    1 :  0.005 0.305 0.160 0.066 0.216 0.015 0.233 
 41       41    (0)    1 :  0.023 0.274 0.239 0.019 0.174 0.011 0.259 
 42       42    (0)    1 :  0.013 0.336 0.127 0.044 0.179 0.012 0.288 
 43       43    (0)    1 :  0.061 0.260 0.192 0.027 0.177 0.009 0.273 
 44       44    (0)    1 :  0.006 0.254 0.314 0.012 0.156 0.039 0.219 
 45       45    (0)    1 :  0.021 0.185 0.224 0.005 0.318 0.004 0.244 
 46       46    (0)    1 :  0.009 0.217 0.205 0.010 0.259 0.010 0.290 
 47       47    (0)    1 :  0.010 0.236 0.350 0.040 0.155 0.034 0.175 
 48       48    (0)    1 :  0.010 0.313 0.190 0.013 0.160 0.038 0.275 
 49       49    (0)    1 :  0.069 0.133 0.150 0.033 0.366 0.017 0.232 
 50       50    (0)    1 :  0.015 0.237 0.300 0.009 0.229 0.006 0.204 
 51       51    (0)    1 :  0.017 0.337 0.137 0.007 0.251 0.005 0.247 
 52       52    (0)    1 :  0.003 0.395 0.117 0.021 0.171 0.005 0.287 
 53       53    (0)    1 :  0.041 0.405 0.134 0.005 0.165 0.006 0.244 
 54       54    (0)    1 :  0.008 0.252 0.168 0.049 0.173 0.106 0.245 
 55       55    (0)    1 :  0.195 0.223 0.148 0.008 0.196 0.012 0.218 
 56       56    (0)    1 :  0.007 0.194 0.331 0.065 0.175 0.018 0.211 
 57       57    (0)    1 :  0.014 0.244 0.170 0.014 0.275 0.007 0.276 
 58       58    (0)    1 :  0.008 0.164 0.228 0.010 0.333 0.027 0.229 
 59       59    (0)    1 :  0.005 0.377 0.276 0.011 0.106 0.006 0.219 
 60       60    (0)    1 :  0.017 0.189 0.162 0.013 0.363 0.014 0.242 
 61       61    (0)    1 :  0.013 0.178 0.181 0.065 0.176 0.188 0.198 
 62       62    (0)    1 :  0.016 0.372 0.199 0.006 0.159 0.007 0.241 
 63       63    (0)    1 :  0.036 0.287 0.134 0.034 0.209 0.013 0.286 
 64       64    (0)    1 :  0.011 0.169 0.450 0.011 0.176 0.005 0.179 
 65       65    (0)    1 :  0.008 0.228 0.284 0.035 0.181 0.009 0.255 
 66       66    (0)    1 :  0.012 0.353 0.158 0.008 0.180 0.010 0.279 
 67       67    (0)    1 :  0.019 0.405 0.166 0.021 0.105 0.051 0.234 
 68       68    (0)    1 :  0.030 0.146 0.124 0.419 0.122 0.030 0.130 
 69       69    (0)    1 :  0.010 0.233 0.134 0.197 0.106 0.130 0.191 
 70       70    (0)    1 :  0.007 0.127 0.166 0.019 0.441 0.017 0.223 
 71       71    (0)    1 :  0.007 0.449 0.122 0.024 0.132 0.026 0.240 
 72       72    (0)    1 :  0.014 0.274 0.224 0.006 0.206 0.014 0.261 
 73       73    (0)    1 :  0.041 0.266 0.307 0.076 0.135 0.009 0.166 
 74       74    (0)    1 :  0.008 0.198 0.373 0.020 0.182 0.008 0.210 
 75       75    (0)    1 :  0.024 0.309 0.134 0.008 0.154 0.007 0.363 
 76       76    (0)    1 :  0.008 0.402 0.123 0.032 0.135 0.008 0.292 
 77       77    (0)    1 :  0.960 0.006 0.006 0.008 0.006 0.008 0.006 
 78       78    (0)    1 :  0.903 0.017 0.017 0.014 0.019 0.011 0.018 
 79       79    (0)    1 :  0.956 0.007 0.007 0.005 0.007 0.012 0.007 
 80       80    (0)    1 :  0.974 0.005 0.005 0.003 0.005 0.003 0.005 
 81       81    (0)    1 :  0.963 0.007 0.008 0.004 0.007 0.004 0.007 
 82       82    (0)    1 :  0.952 0.008 0.007 0.009 0.008 0.007 0.009 
 83       83    (0)    1 :  0.886 0.017 0.018 0.015 0.021 0.024 0.018 
 84       84    (0)    1 :  0.946 0.009 0.011 0.011 0.009 0.006 0.008 
 85       85    (0)    1 :  0.937 0.011 0.011 0.008 0.012 0.009 0.012 
 86       86    (0)    1 :  0.841 0.029 0.035 0.020 0.032 0.009 0.033 
 87       87    (0)    1 :  0.969 0.005 0.005 0.005 0.006 0.004 0.005 
 88       88    (0)    1 :  0.956 0.006 0.006 0.013 0.005 0.008 0.006 
 89       89    (0)    1 :  0.960 0.006 0.007 0.007 0.007 0.007 0.007 
 90       90    (0)    1 :  0.530 0.135 0.105 0.020 0.076 0.018 0.117 
 91       91    (0)    1 :  0.955 0.006 0.007 0.013 0.006 0.007 0.006 
 92       92    (0)    1 :  0.958 0.006 0.007 0.006 0.006 0.010 0.006 
 93       93    (0)    1 :  0.966 0.006 0.006 0.004 0.006 0.005 0.006 
 94       94    (0)    1 :  0.972 0.004 0.005 0.004 0.005 0.006 0.005 
 95       95    (0)    1 :  0.928 0.011 0.011 0.016 0.012 0.010 0.012 
 96       96    (0)    1 :  0.965 0.006 0.006 0.007 0.006 0.006 0.006 
 97       97    (0)    1 :  0.698 0.043 0.056 0.010 0.045 0.105 0.042 
 98       98    (0)    1 :  0.325 0.142 0.187 0.027 0.145 0.023 0.150 
 99       99    (0)    1 :  0.953 0.006 0.006 0.019 0.006 0.004 0.007 
100      100    (0)    1 :  0.827 0.046 0.036 0.011 0.034 0.009 0.036 
101      101    (0)    1 :  0.946 0.009 0.009 0.013 0.009 0.005 0.009 
102      102    (0)    1 :  0.717 0.042 0.034 0.032 0.042 0.087 0.045 
103      103    (0)    1 :  0.008 0.194 0.328 0.095 0.178 0.007 0.189 
104      104    (0)    1 :  0.006 0.199 0.393 0.007 0.199 0.005 0.191 
105      105    (0)    1 :  0.006 0.275 0.217 0.018 0.230 0.019 0.235 
106      106    (0)    1 :  0.020 0.240 0.164 0.008 0.292 0.011 0.264 
107      107    (0)    1 :  0.017 0.144 0.435 0.010 0.233 0.008 0.152 
108      108    (0)    1 :  0.014 0.156 0.202 0.042 0.402 0.016 0.168 
109      109    (0)    1 :  0.018 0.246 0.280 0.031 0.150 0.037 0.238 
110      110    (0)    1 :  0.005 0.424 0.153 0.021 0.148 0.016 0.232 
111      111    (0)    1 :  0.006 0.308 0.185 0.020 0.207 0.007 0.267 
112      112    (0)    1 :  0.015 0.245 0.220 0.064 0.165 0.005 0.286 
113      113    (0)    1 :  0.033 0.248 0.142 0.017 0.204 0.009 0.348 
114      114    (0)    1 :  0.012 0.328 0.196 0.005 0.170 0.008 0.281 
115      115    (0)    1 :  0.006 0.190 0.247 0.068 0.248 0.054 0.187 
116      116    (0)    1 :  0.009 0.193 0.470 0.007 0.152 0.004 0.165 
117      117    (0)    1 :  0.005 0.097 0.166 0.006 0.479 0.007 0.240 
118      118    (0)    1 :  0.009 0.234 0.229 0.025 0.290 0.007 0.205 
119      119    (0)    1 :  0.011 0.226 0.139 0.016 0.303 0.004 0.301 
120      120    (0)    1 :  0.029 0.122 0.160 0.010 0.427 0.005 0.248 
121      121    (0)    1 :  0.019 0.155 0.159 0.074 0.371 0.012 0.209 
122      122    (0)    1 :  0.012 0.201 0.284 0.021 0.213 0.015 0.254 
123      123    (0)    1 :  0.011 0.186 0.221 0.049 0.284 0.012 0.238 
124      124    (0)    1 :  0.033 0.262 0.215 0.086 0.172 0.008 0.223 
125      125    (0)    1 :  0.005 0.306 0.200 0.008 0.167 0.009 0.305 
126      126    (0)    1 :  0.058 0.204 0.229 0.009 0.264 0.015 0.221 
127      127    (0)    1 :  0.011 0.247 0.276 0.022 0.200 0.010 0.235 
128      128    (0)    1 :  0.489 0.116 0.144 0.008 0.120 0.006 0.117 
129      129    (0)    1 :  0.056 0.201 0.202 0.016 0.309 0.014 0.202 
130      130    (0)    1 :  0.006 0.311 0.127 0.089 0.194 0.012 0.261 
131      131    (0)    1 :  0.051 0.147 0.304 0.020 0.287 0.006 0.185 
132      132    (0)    1 :  0.006 0.387 0.109 0.012 0.184 0.004 0.299 
133      133    (0)    1 :  0.075 0.161 0.201 0.006 0.330 0.005 0.222 
134      134    (0)    1 :  0.026 0.484 0.120 0.008 0.121 0.007 0.234 
135      135    (0)    1 :  0.113 0.171 0.165 0.014 0.274 0.054 0.210 
136      136    (0)    1 :  0.053 0.226 0.170 0.018 0.335 0.009 0.188 
137      137    (0)    1 :  0.006 0.157 0.491 0.026 0.147 0.011 0.162 
138      138    (0)    1 :  0.014 0.419 0.185 0.005 0.151 0.007 0.218 
139      139    (0)    1 :  0.022 0.314 0.201 0.090 0.136 0.006 0.231 
140      140    (0)    1 :  0.033 0.206 0.205 0.062 0.219 0.062 0.212 
141      141    (0)    1 :  0.006 0.258 0.220 0.021 0.186 0.006 0.303 
142      142    (0)    1 :  0.006 0.139 0.159 0.013 0.393 0.009 0.281 
143      143    (0)    1 :  0.023 0.166 0.361 0.026 0.184 0.005 0.234 
144      144    (0)    1 :  0.017 0.222 0.287 0.015 0.238 0.006 0.215 
145      145    (0)    1 :  0.010 0.134 0.159 0.253 0.214 0.069 0.160 
146      146    (0)    1 :  0.018 0.291 0.209 0.018 0.181 0.016 0.266 
147      147    (0)    1 :  0.006 0.162 0.202 0.185 0.227 0.024 0.194 
148      148    (0)    1 :  0.066 0.344 0.168 0.006 0.154 0.008 0.253 
149      149    (0)    1 :  0.007 0.219 0.244 0.044 0.270 0.030 0.187 
150      150    (0)    1 :  0.039 0.191 0.166 0.009 0.281 0.086 0.228 
151      151    (0)    1 :  0.008 0.314 0.214 0.015 0.172 0.008 0.269 
152      152    (0)    1 :  0.034 0.069 0.133 0.311 0.059 0.331 0.062 
153      153    (0)    1 :  0.023 0.351 0.125 0.056 0.133 0.039 0.274 
154      154    (0)    1 :  0.026 0.271 0.261 0.097 0.115 0.075 0.156 
155      155    (0)    1 :  0.008 0.337 0.259 0.010 0.141 0.008 0.238 
156      156    (0)    1 :  0.219 0.130 0.305 0.030 0.135 0.032 0.148 
157      157    (0)    1 :  0.016 0.525 0.111 0.024 0.135 0.007 0.181 
158      158    (0)    1 :  0.015 0.423 0.181 0.015 0.142 0.006 0.217 
159      159    (0)    1 :  0.040 0.197 0.131 0.016 0.168 0.287 0.162 
160      160    (0)    1 :  0.011 0.141 0.180 0.151 0.321 0.010 0.187 
161      161    (0)    1 :  0.027 0.250 0.191 0.034 0.273 0.028 0.197 
162      162    (0)    1 :  0.008 0.183 0.326 0.007 0.223 0.012 0.240 
163      163    (0)    1 :  0.004 0.108 0.188 0.016 0.452 0.005 0.226 
164      164    (0)    1 :  0.004 0.202 0.205 0.020 0.298 0.008 0.263 
165      165    (0)    1 :  0.004 0.370 0.118 0.005 0.168 0.075 0.259 
166      166    (0)    1 :  0.100 0.182 0.126 0.034 0.364 0.004 0.190 
167      167    (0)    1 :  0.006 0.160 0.400 0.061 0.186 0.007 0.181 
168      168    (0)    1 :  0.020 0.241 0.231 0.009 0.236 0.014 0.248 
169      169    (0)    1 :  0.006 0.275 0.177 0.006 0.244 0.004 0.288 
170      170    (0)    1 :  0.008 0.150 0.301 0.025 0.283 0.013 0.219 
171      171    (0)    1 :  0.006 0.153 0.234 0.132 0.248 0.025 0.202 
172      172    (0)    1 :  0.004 0.180 0.328 0.051 0.200 0.010 0.227 
173      173    (0)    1 :  0.011 0.218 0.205 0.014 0.246 0.020 0.287 
174      174    (0)    1 :  0.006 0.194 0.275 0.021 0.160 0.109 0.234 
175      175    (0)    1 :  0.006 0.164 0.306 0.129 0.192 0.014 0.189 
176      176    (0)    1 :  0.011 0.139 0.293 0.056 0.280 0.014 0.208 
177      177    (0)    1 :  0.005 0.148 0.164 0.028 0.388 0.006 0.261 
178      178    (0)    1 :  0.006 0.332 0.170 0.021 0.225 0.016 0.230 
179      179    (0)    1 :  0.014 0.035 0.046 0.793 0.058 0.011 0.043 
180      180    (0)    1 :  0.008 0.152 0.278 0.019 0.323 0.005 0.214 
181      181    (0)    1 :  0.061 0.150 0.151 0.028 0.356 0.013 0.239 
182      182    (0)    1 :  0.030 0.114 0.136 0.040 0.449 0.010 0.221 
183      183    (0)    1 :  0.060 0.269 0.272 0.052 0.125 0.019 0.203 
184      184    (0)    1 :  0.014 0.274 0.185 0.060 0.219 0.008 0.240 
185      185    (0)    1 :  0.021 0.205 0.243 0.042 0.216 0.008 0.265 
186      186    (0)    1 :  0.006 0.082 0.173 0.007 0.528 0.004 0.201 
187      187    (0)    1 :  0.007 0.212 0.191 0.090 0.201 0.029 0.269 
188      188    (0)    1 :  0.009 0.206 0.263 0.032 0.200 0.020 0.271 
189      189    (0)    1 :  0.009 0.181 0.150 0.088 0.321 0.011 0.239 
190      190    (0)    1 :  0.006 0.212 0.162 0.028 0.326 0.029 0.237 
191      191    (0)    1 :  0.070 0.162 0.252 0.026 0.270 0.065 0.155 
192      192    (0)    1 :  0.003 0.190 0.345 0.073 0.183 0.059 0.147 
193      193    (0)    1 :  0.008 0.409 0.112 0.056 0.153 0.009 0.253 
194      194    (0)    1 :  0.007 0.204 0.143 0.029 0.280 0.020 0.316 
195      195    (0)    1 :  0.007 0.160 0.138 0.013 0.387 0.023 0.273 
196      196    (0)    1 :  0.347 0.197 0.119 0.042 0.113 0.007 0.176 
197      197    (0)    1 :  0.029 0.211 0.198 0.029 0.255 0.005 0.274 
198      198    (0)    1 :  0.018 0.329 0.164 0.035 0.181 0.010 0.262 
199      199    (0)    1 :  0.008 0.101 0.152 0.048 0.458 0.009 0.223 
200      200    (0)    1 :  0.026 0.329 0.170 0.017 0.172 0.005 0.282 
201      201    (0)    1 :  0.005 0.178 0.236 0.150 0.165 0.064 0.202 
202      202    (0)    1 :  0.030 0.449 0.122 0.014 0.151 0.005 0.230 
203      203    (0)    1 :  0.043 0.201 0.229 0.039 0.288 0.008 0.192 
204      204    (0)    1 :  0.012 0.325 0.130 0.005 0.229 0.011 0.288 
205      205    (0)    1 :  0.012 0.279 0.248 0.005 0.164 0.023 0.269 
206      206    (0)    1 :  0.009 0.207 0.355 0.037 0.182 0.020 0.191 
207      207    (0)    1 :  0.023 0.126 0.202 0.048 0.377 0.005 0.218 
208      208    (0)    1 :  0.037 0.207 0.318 0.004 0.199 0.005 0.230 
209      209    (0)    1 :  0.009 0.397 0.188 0.008 0.106 0.034 0.258 
210      210    (0)    1 :  0.017 0.327 0.162 0.012 0.231 0.008 0.242 
211      211    (0)    1 :  0.008 0.181 0.350 0.007 0.185 0.006 0.262 
212      212    (0)    1 :  0.023 0.191 0.304 0.013 0.212 0.031 0.226 
213      213    (0)    1 :  0.017 0.310 0.221 0.011 0.158 0.012 0.271 
214      214    (0)    1 :  0.010 0.244 0.167 0.008 0.241 0.032 0.298 
215      215    (0)    1 :  0.013 0.212 0.360 0.018 0.213 0.008 0.177 
216      216    (0)    1 :  0.009 0.224 0.342 0.020 0.139 0.012 0.253 
217      217    (0)    1 :  0.007 0.170 0.170 0.024 0.326 0.028 0.274 
218      218    (0)    1 :  0.036 0.280 0.228 0.013 0.185 0.014 0.245 
219      219    (0)    1 :  0.006 0.227 0.108 0.017 0.409 0.004 0.231 
220      220    (0)    1 :  0.369 0.209 0.096 0.010 0.128 0.011 0.175 
221      221    (0)    1 :  0.025 0.185 0.296 0.026 0.243 0.020 0.206 
222      222    (0)    1 :  0.009 0.221 0.170 0.112 0.175 0.098 0.216 
223      223    (0)    1 :  0.006 0.193 0.227 0.102 0.242 0.024 0.206 
224      224    (0)    1 :  0.005 0.190 0.223 0.011 0.290 0.016 0.265 
225      225    (0)    1 :  0.008 0.089 0.112 0.302 0.113 0.277 0.098 
226      226    (0)    1 :  0.010 0.192 0.289 0.010 0.233 0.027 0.240 
227      227    (0)    1 :  0.008 0.247 0.202 0.009 0.169 0.006 0.359 
228      228    (0)    1 :  0.006 0.196 0.182 0.087 0.233 0.006 0.289 
229      229    (0)    1 :  0.023 0.301 0.132 0.047 0.228 0.016 0.252 
230      230    (0)    1 :  0.006 0.200 0.331 0.008 0.199 0.023 0.232 
231      231    (0)    1 :  0.006 0.090 0.211 0.011 0.468 0.008 0.206 
232      232    (0)    1 :  0.008 0.188 0.409 0.012 0.213 0.004 0.166 
233      233    (0)    1 :  0.016 0.093 0.164 0.054 0.465 0.009 0.199 
234      234    (0)    1 :  0.007 0.218 0.163 0.058 0.281 0.027 0.245 
235      235    (0)    1 :  0.008 0.307 0.128 0.018 0.211 0.011 0.318 
236      236    (0)    1 :  0.023 0.182 0.257 0.015 0.321 0.013 0.190 
237      237    (0)    1 :  0.035 0.252 0.205 0.028 0.244 0.022 0.215 
238      238    (0)    1 :  0.018 0.279 0.294 0.008 0.146 0.031 0.224 
239      239    (0)    1 :  0.017 0.308 0.128 0.018 0.304 0.010 0.214 
240      240    (0)    1 :  0.114 0.198 0.113 0.291 0.110 0.016 0.157 
241      241    (0)    1 :  0.010 0.190 0.307 0.019 0.256 0.006 0.212 
242      242    (0)    1 :  0.028 0.326 0.209 0.017 0.172 0.010 0.238 
243      243    (0)    1 :  0.010 0.310 0.149 0.006 0.262 0.012 0.251 
244      244    (0)    1 :  0.018 0.133 0.429 0.010 0.269 0.004 0.138 
245      245    (0)    1 :  0.012 0.627 0.085 0.028 0.061 0.013 0.174 
246      246    (0)    1 :  0.057 0.174 0.423 0.013 0.156 0.006 0.172 
247      247    (0)    1 :  0.005 0.317 0.159 0.054 0.148 0.029 0.289 
248      248    (0)    1 :  0.019 0.238 0.154 0.013 0.305 0.009 0.262 
249      249    (0)    1 :  0.006 0.414 0.176 0.018 0.192 0.008 0.186 
250      250    (0)    1 :  0.013 0.121 0.299 0.011 0.338 0.031 0.186 
251      251    (0)    1 :  0.022 0.218 0.295 0.045 0.222 0.006 0.191 
252      252    (0)    1 :  0.033 0.240 0.306 0.006 0.163 0.027 0.224 
253      253    (0)    1 :  0.064 0.277 0.142 0.006 0.263 0.009 0.239 
254      254    (0)    1 :  0.010 0.252 0.195 0.014 0.186 0.007 0.336 
255      255    (0)    1 :  0.051 0.304 0.182 0.008 0.203 0.005 0.248 
256      256    (0)    1 :  0.004 0.151 0.255 0.032 0.345 0.010 0.203 
257      257    (0)    1 :  0.026 0.155 0.190 0.017 0.340 0.017 0.255 
258      258    (6)    1 :  0.005 0.262 0.343 0.021 0.126 0.005 0.238 
259      259    (0)    1 :  0.008 0.192 0.166 0.019 0.325 0.005 0.284 
260      260    (0)    1 :  0.008 0.209 0.172 0.023 0.278 0.017 0.292 
261      261    (0)    1 :  0.010 0.481 0.100 0.018 0.198 0.007 0.186 
262      262    (0)    1 :  0.007 0.274 0.231 0.008 0.167 0.006 0.307 
263      263    (0)    1 :  0.009 0.258 0.115 0.006 0.239 0.144 0.229 
264      264    (0)    1 :  0.014 0.444 0.083 0.013 0.120 0.028 0.299 
265      265    (0)    1 :  0.012 0.593 0.100 0.017 0.061 0.023 0.194 
266      266    (0)    1 :  0.022 0.334 0.145 0.032 0.187 0.008 0.272 
267      267    (0)    1 :  0.113 0.243 0.097 0.101 0.185 0.013 0.249 
268      268    (0)    1 :  0.301 0.156 0.173 0.037 0.106 0.058 0.168 
269      269    (0)    1 :  0.024 0.171 0.222 0.282 0.137 0.013 0.151 
270      270    (0)    1 :  0.022 0.243 0.375 0.012 0.129 0.006 0.213 
271      271    (0)    1 :  0.048 0.269 0.143 0.018 0.233 0.031 0.258 
272      272    (0)    1 :  0.010 0.086 0.106 0.615 0.089 0.017 0.076 
273      273    (0)    1 :  0.005 0.285 0.218 0.032 0.199 0.023 0.238 
274      274    (0)    1 :  0.027 0.210 0.205 0.038 0.252 0.025 0.243 
275      275    (0)    1 :  0.025 0.248 0.192 0.021 0.267 0.009 0.239 
276      276    (0)    1 :  0.010 0.167 0.299 0.072 0.180 0.111 0.161 
277      277    (0)    1 :  0.006 0.150 0.223 0.020 0.381 0.014 0.208 
278      278    (0)    1 :  0.086 0.247 0.227 0.012 0.147 0.089 0.193 
279      279    (0)    1 :  0.022 0.213 0.350 0.021 0.154 0.025 0.214 
280      280    (0)    1 :  0.014 0.182 0.304 0.032 0.265 0.005 0.198 
281      281    (0)    1 :  0.030 0.285 0.231 0.006 0.152 0.004 0.292 
282      282    (0)    1 :  0.012 0.282 0.269 0.029 0.173 0.049 0.185 
283      283    (0)    1 :  0.014 0.186 0.134 0.017 0.206 0.238 0.205 
284      284    (0)    1 :  0.008 0.234 0.238 0.034 0.248 0.042 0.196 
285      285    (0)    1 :  0.051 0.409 0.100 0.016 0.151 0.019 0.253 
286      286    (0)    1 :  0.011 0.155 0.153 0.012 0.396 0.009 0.265 
287      287    (0)    1 :  0.053 0.130 0.174 0.014 0.380 0.011 0.238 
288      288    (0)    1 :  0.018 0.177 0.189 0.026 0.358 0.015 0.217 
289      289    (0)    1 :  0.005 0.257 0.135 0.017 0.239 0.010 0.338 
290      290    (0)    1 :  0.023 0.246 0.231 0.018 0.218 0.008 0.255 
291      291    (0)    1 :  0.021 0.139 0.193 0.007 0.403 0.018 0.220 
292      292    (0)    1 :  0.019 0.208 0.192 0.139 0.186 0.038 0.218 
293      293    (0)    1 :  0.012 0.115 0.518 0.047 0.158 0.008 0.141 
294      294    (0)    1 :  0.171 0.146 0.181 0.006 0.237 0.084 0.174 
295      295    (0)    1 :  0.033 0.131 0.248 0.073 0.319 0.010 0.187 
296      296    (0)    1 :  0.008 0.210 0.306 0.047 0.173 0.043 0.214 
297      297    (0)    1 :  0.010 0.210 0.252 0.022 0.210 0.060 0.237 
298      298    (0)    1 :  0.011 0.253 0.245 0.005 0.240 0.007 0.238 
299      299    (0)    1 :  0.021 0.283 0.227 0.011 0.181 0.029 0.248 
300      300    (0)    1 :  0.011 0.305 0.142 0.054 0.179 0.017 0.292 
301      301    (0)    1 :  0.119 0.134 0.238 0.009 0.296 0.005 0.199 
302      302    (0)    1 :  0.006 0.144 0.163 0.007 0.409 0.010 0.260 
303      303    (0)    1 :  0.008 0.289 0.146 0.009 0.236 0.068 0.244 
304      304    (0)    1 :  0.004 0.184 0.400 0.009 0.213 0.009 0.181 
305      305    (0)    1 :  0.025 0.231 0.304 0.010 0.223 0.007 0.199 
306      306    (0)    1 :  0.008 0.294 0.336 0.009 0.124 0.008 0.221 
307      307    (0)    1 :  0.016 0.347 0.206 0.040 0.166 0.027 0.198 
308      308    (0)    1 :  0.017 0.242 0.280 0.010 0.162 0.007 0.282 
309      309    (0)    1 :  0.008 0.200 0.317 0.041 0.189 0.045 0.202 
310      310    (0)    1 :  0.008 0.204 0.348 0.009 0.158 0.112 0.160 
311      311    (0)    1 :  0.007 0.169 0.438 0.012 0.179 0.017 0.178 
312      312    (0)    1 :  0.087 0.133 0.136 0.084 0.337 0.029 0.194 
313      313    (0)    1 :  0.005 0.214 0.295 0.043 0.168 0.006 0.268 
314      314    (0)    1 :  0.093 0.225 0.201 0.097 0.136 0.052 0.196 
315      315    (0)    1 :  0.011 0.210 0.378 0.047 0.140 0.009 0.204 
316      316    (0)    1 :  0.008 0.392 0.115 0.077 0.143 0.078 0.187 
317      317    (0)    1 :  0.024 0.170 0.160 0.018 0.349 0.028 0.250 
318      318    (0)    1 :  0.006 0.168 0.387 0.102 0.151 0.021 0.165 
319      319    (0)    1 :  0.007 0.192 0.123 0.098 0.233 0.180 0.168 
320      320    (0)    1 :  0.253 0.130 0.183 0.014 0.193 0.063 0.165 
321      321    (0)    1 :  0.011 0.386 0.197 0.020 0.116 0.005 0.264 
322      322    (0)    1 :  0.035 0.165 0.333 0.029 0.253 0.017 0.169 
323      323    (0)    1 :  0.025 0.290 0.126 0.013 0.286 0.013 0.246 
324      324    (0)    1 :  0.007 0.317 0.247 0.017 0.145 0.006 0.260 
325      325    (0)    1 :  0.033 0.186 0.358 0.072 0.165 0.027 0.160 
326      326    (0)    1 :  0.004 0.234 0.280 0.007 0.189 0.007 0.279 
327      327    (0)    1 :  0.011 0.175 0.264 0.065 0.207 0.005 0.273 
328      328    (0)    1 :  0.036 0.228 0.232 0.017 0.205 0.016 0.266 
329      329    (0)    1 :  0.026 0.169 0.263 0.015 0.256 0.017 0.254 
330      330    (0)    1 :  0.022 0.085 0.116 0.279 0.318 0.004 0.175 
331      331    (0)    1 :  0.015 0.167 0.345 0.160 0.149 0.005 0.160 
332      332    (0)    1 :  0.004 0.183 0.415 0.007 0.179 0.009 0.203 
333      333    (0)    1 :  0.009 0.168 0.176 0.006 0.338 0.012 0.292 
334      334    (0)    1 :  0.022 0.355 0.131 0.143 0.117 0.006 0.227 
335      335    (0)    1 :  0.057 0.287 0.214 0.020 0.165 0.007 0.249 
336      336    (0)    1 :  0.005 0.005 0.005 0.971 0.005 0.004 0.005 
337      337    (0)    1 :  0.017 0.058 0.049 0.731 0.051 0.036 0.057 
338      338    (0)    1 :  0.014 0.005 0.004 0.964 0.005 0.003 0.005 
339      339    (0)    1 :  0.003 0.003 0.003 0.980 0.003 0.004 0.003 
340      340    (0)    1 :  0.004 0.006 0.006 0.960 0.006 0.012 0.006 
341      341    (0)    1 :  0.010 0.255 0.189 0.015 0.235 0.007 0.289 
342      342    (0)    1 :  0.003 0.003 0.003 0.982 0.003 0.003 0.003 
343      343    (0)    1 :  0.007 0.009 0.009 0.948 0.008 0.009 0.009 
344      344    (0)    1 :  0.006 0.006 0.006 0.964 0.006 0.006 0.006 
345      345    (0)    1 :  0.004 0.007 0.009 0.950 0.008 0.014 0.008 
346      346    (0)    1 :  0.005 0.005 0.005 0.967 0.005 0.008 0.005 
347      347    (0)    1 :  0.005 0.008 0.008 0.954 0.007 0.009 0.008 
348      348    (0)    1 :  0.045 0.020 0.022 0.870 0.016 0.011 0.017 
349      349    (0)    1 :  0.003 0.003 0.003 0.981 0.003 0.003 0.003 
350      350    (0)    1 :  0.036 0.020 0.032 0.859 0.024 0.004 0.024 
351      351    (0)    1 :  0.004 0.006 0.006 0.957 0.006 0.015 0.006 
352      352    (0)    1 :  0.011 0.158 0.420 0.022 0.189 0.005 0.196 
353      353    (0)    1 :  0.004 0.005 0.005 0.970 0.006 0.005 0.005 
354      354    (0)    1 :  0.004 0.005 0.005 0.968 0.005 0.006 0.006 
355      355    (0)    1 :  0.005 0.006 0.006 0.963 0.006 0.009 0.006 
356      356    (0)    1 :  0.021 0.295 0.190 0.017 0.177 0.009 0.292 
357      357    (0)    1 :  0.014 0.105 0.288 0.083 0.198 0.150 0.162 
358      358    (0)    1 :  0.028 0.201 0.227 0.011 0.327 0.010 0.195 
359      359    (0)    1 :  0.009 0.300 0.150 0.026 0.192 0.024 0.298 
360      360    (0)    1 :  0.034 0.192 0.409 0.047 0.142 0.048 0.129 
361      361    (0)    1 :  0.016 0.155 0.133 0.242 0.141 0.133 0.179 
362      362    (0)    1 :  0.030 0.167 0.151 0.010 0.400 0.005 0.237 
363      363    (0)    1 :  0.006 0.149 0.407 0.071 0.174 0.006 0.188 
364      364    (0)    1 :  0.005 0.333 0.223 0.010 0.159 0.006 0.265 
365      365    (0)    1 :  0.009 0.171 0.307 0.122 0.185 0.007 0.199 
366      366    (0)    1 :  0.008 0.153 0.434 0.029 0.204 0.005 0.168 
367      367    (0)    1 :  0.029 0.221 0.229 0.015 0.248 0.014 0.244 
368      368    (0)    1 :  0.012 0.177 0.184 0.014 0.362 0.011 0.238 
369      369    (0)    1 :  0.012 0.148 0.445 0.037 0.173 0.005 0.181 
370      370    (0)    1 :  0.006 0.158 0.245 0.116 0.244 0.052 0.179 
371      371    (0)    1 :  0.010 0.150 0.290 0.034 0.263 0.048 0.205 
372      372    (0)    1 :  0.008 0.254 0.204 0.150 0.138 0.045 0.201 
373      373    (0)    1 :  0.012 0.248 0.242 0.015 0.228 0.015 0.241 
374      374    (0)    1 :  0.128 0.172 0.217 0.022 0.232 0.048 0.181 
375      375    (0)    1 :  0.004 0.184 0.384 0.020 0.162 0.022 0.223 
376      376    (0)    1 :  0.012 0.209 0.367 0.024 0.199 0.013 0.177 
377      377    (0)    1 :  0.013 0.241 0.274 0.010 0.190 0.010 0.262 
378      378    (0)    1 :  0.024 0.129 0.307 0.123 0.250 0.009 0.158 
379      379    (0)    1 :  0.007 0.213 0.331 0.019 0.197 0.012 0.221 
380      380    (0)    1 :  0.007 0.272 0.152 0.012 0.205 0.016 0.336 
381      381    (0)    1 :  0.016 0.175 0.440 0.021 0.153 0.011 0.183 
382      382    (0)    1 :  0.007 0.366 0.148 0.017 0.152 0.027 0.284 
383      383    (0)    1 :  0.046 0.233 0.304 0.006 0.158 0.014 0.238 
384      384    (0)    1 :  0.010 0.223 0.228 0.034 0.228 0.012 0.265 
385      385    (0)    1 :  0.003 0.356 0.178 0.020 0.154 0.004 0.284 
386      386    (0)    1 :  0.028 0.172 0.368 0.015 0.249 0.011 0.157 
387      387    (0)    1 :  0.005 0.212 0.265 0.051 0.263 0.008 0.196 
388      388    (0)    1 :  0.017 0.166 0.193 0.037 0.335 0.013 0.239 
389      389    (0)    1 :  0.021 0.273 0.125 0.065 0.208 0.007 0.301 
390      390    (0)    1 :  0.031 0.286 0.354 0.062 0.145 0.004 0.117 
391      391    (0)    1 :  0.008 0.268 0.363 0.010 0.158 0.007 0.186 
392      392    (0)    1 :  0.004 0.108 0.181 0.007 0.464 0.015 0.221 
393      393    (0)    1 :  0.029 0.293 0.252 0.014 0.159 0.007 0.246 
394      394    (0)    1 :  0.006 0.170 0.159 0.009 0.396 0.007 0.254 
395      395    (0)    1 :  0.007 0.110 0.135 0.005 0.510 0.006 0.227 
396      396    (0)    1 :  0.010 0.193 0.200 0.012 0.263 0.006 0.315 
397      397    (0)    1 :  0.009 0.209 0.149 0.016 0.370 0.008 0.240 
398      398    (0)    1 :  0.428 0.106 0.096 0.092 0.138 0.024 0.116 
399      399    (0)    1 :  0.015 0.264 0.216 0.016 0.206 0.011 0.271 
400      400    (0)    1 :  0.020 0.273 0.225 0.011 0.192 0.033 0.246 
401      401    (0)    1 :  0.015 0.113 0.204 0.009 0.438 0.008 0.214 
402      402    (0)    1 :  0.007 0.143 0.217 0.005 0.374 0.016 0.239 
403      403    (0)    1 :  0.011 0.185 0.482 0.011 0.111 0.006 0.194 
404      404    (0)    1 :  0.006 0.191 0.205 0.062 0.271 0.021 0.244 
405      405    (0)    1 :  0.042 0.139 0.423 0.026 0.206 0.009 0.155 
406      406    (0)    1 :  0.008 0.190 0.278 0.028 0.227 0.045 0.224 
407      407    (0)    1 :  0.008 0.307 0.151 0.020 0.203 0.012 0.299 
408      408    (0)    1 :  0.010 0.141 0.166 0.011 0.424 0.008 0.240 
409      409    (0)    1 :  0.011 0.314 0.246 0.017 0.199 0.020 0.193 
410      410    (0)    1 :  0.015 0.252 0.246 0.007 0.177 0.009 0.295 
411      411    (0)    1 :  0.008 0.187 0.239 0.039 0.239 0.032 0.256 
412      412    (0)    1 :  0.008 0.302 0.193 0.007 0.197 0.015 0.278 
413      413    (0)    1 :  0.010 0.178 0.292 0.005 0.292 0.006 0.217 
414      414    (0)    1 :  0.007 0.150 0.262 0.022 0.316 0.019 0.224 
415      415    (0)    1 :  0.039 0.319 0.223 0.012 0.155 0.007 0.243 
416      416    (0)    1 :  0.008 0.190 0.175 0.010 0.295 0.010 0.312 
417      417    (0)    1 :  0.029 0.219 0.277 0.019 0.223 0.012 0.221 
418      418    (0)    1 :  0.023 0.231 0.244 0.055 0.142 0.006 0.299 
419      419    (0)    1 :  0.042 0.182 0.252 0.018 0.264 0.011 0.231 
420      420    (0)    1 :  0.191 0.140 0.168 0.007 0.251 0.008 0.235 
421      421    (0)    1 :  0.050 0.316 0.236 0.016 0.146 0.009 0.226 
422      422    (0)    1 :  0.069 0.162 0.273 0.052 0.162 0.127 0.156 
423      423    (0)    1 :  0.004 0.172 0.206 0.018 0.306 0.015 0.279 
424      424    (0)    1 :  0.011 0.161 0.292 0.012 0.282 0.015 0.227 
425      425    (0)    1 :  0.006 0.156 0.436 0.009 0.226 0.007 0.160 
426      426    (0)    1 :  0.008 0.148 0.319 0.046 0.242 0.037 0.201 
427      427    (0)    1 :  0.010 0.264 0.199 0.005 0.298 0.005 0.219 
428      428    (0)    1 :  0.010 0.264 0.221 0.013 0.304 0.006 0.182 
429      429    (0)    1 :  0.004 0.499 0.142 0.006 0.113 0.013 0.223 
430      430    (0)    1 :  0.013 0.175 0.121 0.057 0.136 0.344 0.154 
431      431    (0)    1 :  0.008 0.255 0.126 0.008 0.310 0.007 0.286 
432      432    (0)    1 :  0.007 0.150 0.210 0.070 0.317 0.010 0.236 
433      433    (0)    1 :  0.006 0.203 0.350 0.040 0.153 0.025 0.222 
434      434    (0)    1 :  0.015 0.250 0.174 0.033 0.193 0.008 0.327 
435      435    (0)    1 :  0.017 0.214 0.316 0.006 0.197 0.009 0.242 
436      436    (0)    1 :  0.068 0.268 0.213 0.005 0.181 0.009 0.255 
437      437    (0)    1 :  0.070 0.192 0.193 0.016 0.129 0.216 0.184 
438      438    (0)    1 :  0.005 0.272 0.265 0.006 0.134 0.039 0.279 
439      439    (0)    1 :  0.010 0.250 0.202 0.100 0.211 0.018 0.208 
440      440    (0)    1 :  0.029 0.177 0.432 0.045 0.143 0.005 0.170 
441      441    (0)    1 :  0.020 0.399 0.150 0.006 0.142 0.055 0.228 
442      442    (0)    1 :  0.027 0.206 0.235 0.009 0.129 0.214 0.180 
443      443    (0)    1 :  0.010 0.265 0.261 0.133 0.103 0.020 0.207 
444      444    (0)    1 :  0.017 0.366 0.165 0.033 0.159 0.015 0.245 
445      445    (0)    1 :  0.007 0.189 0.367 0.034 0.167 0.009 0.227 
446      446    (0)    1 :  0.012 0.135 0.306 0.032 0.337 0.012 0.166 
447      447    (0)    1 :  0.022 0.169 0.415 0.031 0.171 0.008 0.183 
448      448    (0)    1 :  0.092 0.092 0.436 0.033 0.198 0.059 0.090 
449      449    (0)    1 :  0.025 0.081 0.179 0.015 0.485 0.009 0.206 
450      450    (0)    1 :  0.063 0.052 0.098 0.598 0.071 0.059 0.060 
451      451    (0)    1 :  0.065 0.184 0.304 0.056 0.206 0.005 0.179 
452      452    (0)    1 :  0.008 0.306 0.178 0.016 0.183 0.015 0.293 
453      453    (0)    1 :  0.042 0.230 0.253 0.011 0.217 0.010 0.237 
454      454    (0)    1 :  0.017 0.338 0.218 0.014 0.140 0.055 0.218 
455      455    (0)    1 :  0.005 0.226 0.220 0.008 0.258 0.010 0.274 
456      456    (0)    1 :  0.009 0.218 0.179 0.057 0.211 0.013 0.313 
457      457    (0)    1 :  0.010 0.341 0.192 0.008 0.149 0.005 0.294 
458      458    (0)    1 :  0.012 0.319 0.139 0.187 0.139 0.015 0.189 
459      459    (0)    1 :  0.014 0.209 0.346 0.034 0.149 0.036 0.211 
460      460    (0)    1 :  0.020 0.146 0.149 0.007 0.408 0.058 0.212 
461      461    (0)    1 :  0.051 0.189 0.157 0.034 0.290 0.040 0.239 
462      462    (0)    1 :  0.009 0.153 0.244 0.007 0.391 0.008 0.189 
463      463    (0)    1 :  0.023 0.164 0.388 0.044 0.176 0.030 0.176 
464      464    (0)    1 :  0.039 0.135 0.187 0.009 0.393 0.011 0.227 
465      465    (0)    1 :  0.016 0.225 0.253 0.051 0.154 0.060 0.241 
466      466    (0)    1 :  0.048 0.123 0.171 0.184 0.175 0.159 0.139 
467      467    (0)    1 :  0.015 0.185 0.216 0.010 0.352 0.015 0.207 
468      468    (0)    1 :  0.008 0.142 0.453 0.040 0.168 0.007 0.182 
469      469    (0)    1 :  0.007 0.152 0.380 0.009 0.239 0.007 0.206 
470      470    (0)    1 :  0.010 0.179 0.161 0.011 0.349 0.048 0.241 
471      471    (0)    1 :  0.006 0.214 0.172 0.007 0.301 0.006 0.295 
472      472    (0)    1 :  0.019 0.225 0.147 0.006 0.305 0.035 0.262 
473      473    (0)    1 :  0.010 0.331 0.150 0.045 0.169 0.015 0.280 
474      474    (0)    1 :  0.005 0.268 0.205 0.019 0.247 0.007 0.250 
475      475    (0)    1 :  0.007 0.179 0.106 0.007 0.390 0.005 0.307 
476      476    (0)    1 :  0.012 0.316 0.199 0.009 0.190 0.006 0.270 
477      477    (0)    1 :  0.009 0.206 0.259 0.034 0.207 0.053 0.233 
478      478    (0)    1 :  0.011 0.187 0.220 0.060 0.237 0.078 0.208 
479      479    (0)    1 :  0.115 0.119 0.179 0.017 0.350 0.006 0.215 
480      480    (0)    1 :  0.019 0.179 0.252 0.008 0.258 0.008 0.277 
481      481    (0)    1 :  0.016 0.396 0.145 0.025 0.173 0.011 0.233 
482      482    (0)    1 :  0.009 0.160 0.480 0.033 0.165 0.005 0.148 
483      483    (0)    1 :  0.009 0.361 0.261 0.006 0.126 0.016 0.221 
484      484    (0)    1 :  0.094 0.149 0.129 0.146 0.264 0.006 0.211 
485      485    (0)    1 :  0.034 0.043 0.052 0.356 0.033 0.440 0.042 
486      486    (0)    1 :  0.035 0.309 0.194 0.045 0.170 0.009 0.238 
487      487    (0)    1 :  0.007 0.185 0.238 0.025 0.271 0.008 0.265 
488      488    (0)    1 :  0.052 0.197 0.239 0.028 0.216 0.020 0.248 
489      489    (0)    1 :  0.031 0.194 0.313 0.010 0.241 0.008 0.202 
490      490    (0)    1 :  0.022 0.152 0.261 0.265 0.141 0.012 0.146 
491      491    (0)    1 :  0.008 0.186 0.273 0.025 0.321 0.006 0.180 
492      492    (0)    1 :  0.008 0.203 0.279 0.015 0.201 0.014 0.281 
493      493    (0)    1 :  0.009 0.209 0.290 0.013 0.257 0.004 0.219 
494      494    (0)    1 :  0.007 0.222 0.217 0.012 0.216 0.008 0.318 
495      495    (0)    1 :  0.015 0.270 0.156 0.015 0.240 0.019 0.285 
496      496    (0)    1 :  0.013 0.292 0.264 0.009 0.109 0.085 0.228 
497      497    (0)    1 :  0.009 0.141 0.238 0.106 0.303 0.009 0.192 
498      498    (0)    1 :  0.013 0.245 0.214 0.024 0.208 0.011 0.286 
499      499    (0)    1 :  0.010 0.148 0.177 0.007 0.404 0.006 0.248 
500      500    (0)    1 :  0.006 0.185 0.210 0.013 0.282 0.009 0.295 
501      501    (0)    1 :  0.007 0.279 0.232 0.036 0.212 0.011 0.223 
502      502    (0)    1 :  0.097 0.170 0.137 0.008 0.307 0.047 0.234 
503      503    (0)    1 :  0.004 0.132 0.224 0.011 0.387 0.007 0.235 
504      504    (0)    1 :  0.019 0.177 0.312 0.043 0.233 0.007 0.210 
505      505    (0)    1 :  0.005 0.228 0.288 0.042 0.146 0.079 0.212 
506      506    (0)    1 :  0.047 0.203 0.211 0.017 0.280 0.022 0.221 
507      507    (0)    1 :  0.032 0.215 0.216 0.059 0.151 0.095 0.233 
508      508    (0)    1 :  0.007 0.178 0.138 0.010 0.369 0.010 0.288 
509      509    (0)    1 :  0.007 0.537 0.126 0.006 0.093 0.004 0.227 
510      510    (0)    1 :  0.047 0.195 0.131 0.045 0.319 0.006 0.259 
511      511    (0)    1 :  0.032 0.234 0.302 0.020 0.225 0.010 0.178 
512      512    (0)    1 :  0.008 0.147 0.421 0.022 0.189 0.010 0.203 
513      513    (0)    1 :  0.008 0.275 0.290 0.008 0.230 0.012 0.178 
514      514    (0)    1 :  0.008 0.204 0.359 0.020 0.233 0.019 0.157 
515      515    (0)    1 :  0.011 0.225 0.155 0.036 0.317 0.005 0.251 
516      516    (0)    1 :  0.006 0.160 0.121 0.048 0.426 0.026 0.212 
517      517    (0)    1 :  0.004 0.098 0.206 0.036 0.422 0.026 0.209 
518      518    (0)    1 :  0.012 0.196 0.146 0.098 0.197 0.148 0.202 
519      519    (0)    1 :  0.166 0.169 0.192 0.039 0.208 0.038 0.188 
520      520    (0)    1 :  0.012 0.256 0.285 0.009 0.194 0.013 0.230 
521      521    (0)    1 :  0.034 0.139 0.217 0.031 0.358 0.007 0.215 
522      522    (0)    1 :  0.531 0.113 0.100 0.024 0.112 0.009 0.111 
523      523    (0)    1 :  0.009 0.312 0.171 0.030 0.202 0.018 0.258 
524      524    (0)    1 :  0.005 0.210 0.235 0.018 0.241 0.005 0.286 
525      525    (0)    1 :  0.005 0.168 0.205 0.009 0.338 0.010 0.265 
526      526    (0)    1 :  0.013 0.123 0.434 0.055 0.216 0.016 0.142 
527      527    (0)    1 :  0.020 0.275 0.161 0.006 0.261 0.007 0.270 
528      528    (0)    1 :  0.004 0.124 0.207 0.006 0.424 0.008 0.228 
529      529    (0)    1 :  0.307 0.105 0.118 0.007 0.280 0.015 0.168 
530      530    (0)    1 :  0.019 0.132 0.412 0.049 0.132 0.042 0.214 
531      531    (0)    1 :  0.032 0.242 0.170 0.022 0.276 0.007 0.251 
532      532    (0)    1 :  0.137 0.240 0.145 0.101 0.177 0.014 0.186 
533      533    (0)    1 :  0.016 0.215 0.206 0.037 0.268 0.011 0.248 
534      534    (0)    1 :  0.011 0.143 0.168 0.151 0.287 0.055 0.185 
535      535    (0)    1 :  0.008 0.255 0.316 0.016 0.206 0.015 0.183 
536      536    (0)    1 :  0.023 0.212 0.239 0.011 0.209 0.012 0.293 
537      537    (0)    1 :  0.030 0.187 0.224 0.145 0.185 0.037 0.192 
538      538    (0)    1 :  0.006 0.271 0.151 0.054 0.197 0.004 0.316 
539      539    (0)    1 :  0.005 0.159 0.308 0.081 0.245 0.014 0.188 
540      540    (0)    1 :  0.014 0.181 0.305 0.011 0.190 0.008 0.291 
541      541    (0)    1 :  0.091 0.145 0.163 0.009 0.365 0.010 0.217 
542      542    (0)    1 :  0.056 0.168 0.356 0.036 0.214 0.009 0.162 
543      543    (0)    1 :  0.010 0.359 0.176 0.010 0.135 0.004 0.307 
544      544    (0)    1 :  0.053 0.177 0.302 0.125 0.166 0.040 0.138 
545      545    (0)    1 :  0.028 0.145 0.323 0.220 0.125 0.032 0.127 
546      546    (0)    1 :  0.011 0.221 0.147 0.014 0.284 0.018 0.305 
547      547    (0)    1 :  0.016 0.186 0.297 0.008 0.238 0.008 0.248 
548      548    (0)    1 :  0.016 0.197 0.339 0.040 0.154 0.006 0.248 
549      549    (0)    1 :  0.018 0.087 0.310 0.104 0.316 0.021 0.144 
550      550    (0)    1 :  0.005 0.287 0.183 0.010 0.274 0.005 0.235 
551      551    (0)    1 :  0.053 0.270 0.234 0.013 0.164 0.006 0.260 
552      552    (0)    1 :  0.006 0.086 0.176 0.017 0.497 0.004 0.215 
553      553    (0)    1 :  0.008 0.082 0.167 0.013 0.505 0.021 0.203 
554      554    (0)    1 :  0.013 0.296 0.247 0.009 0.185 0.038 0.212 
555      555    (0)    1 :  0.009 0.174 0.248 0.019 0.285 0.026 0.239 
556      556    (0)    1 :  0.012 0.148 0.236 0.095 0.308 0.020 0.181 
557      557    (0)    1 :  0.011 0.134 0.175 0.026 0.393 0.009 0.253 
558      558    (0)    1 :  0.009 0.122 0.190 0.018 0.397 0.007 0.257 
559      559    (0)    1 :  0.005 0.413 0.188 0.019 0.106 0.029 0.241 
560      560    (0)    1 :  0.006 0.153 0.409 0.042 0.192 0.018 0.181 
561      561    (0)    1 :  0.010 0.199 0.209 0.205 0.164 0.012 0.201 
562      562    (0)    1 :  0.007 0.213 0.259 0.010 0.236 0.009 0.266 
563      563    (0)    1 :  0.007 0.201 0.276 0.010 0.327 0.007 0.172 
564      564    (0)    1 :  0.006 0.225 0.174 0.012 0.141 0.240 0.202 
565      565    (0)    1 :  0.023 0.209 0.223 0.021 0.278 0.008 0.238 
566      566    (0)    1 :  0.029 0.231 0.284 0.006 0.227 0.020 0.203 
567      567    (0)    1 :  0.082 0.235 0.195 0.009 0.233 0.010 0.235 
568      568    (0)    1 :  0.020 0.349 0.178 0.008 0.186 0.032 0.226 
569      569    (0)    1 :  0.008 0.127 0.182 0.012 0.458 0.004 0.209 
570      570    (0)    1 :  0.013 0.218 0.167 0.018 0.263 0.006 0.315 
571      571    (0)    1 :  0.063 0.277 0.238 0.006 0.163 0.008 0.245 
572      572    (0)    1 :  0.011 0.156 0.203 0.008 0.364 0.010 0.248 
573      573    (0)    1 :  0.011 0.185 0.117 0.109 0.165 0.208 0.204 
574      574    (0)    1 :  0.020 0.387 0.181 0.021 0.174 0.027 0.191 
575      575    (0)    1 :  0.005 0.168 0.215 0.030 0.344 0.016 0.221 
576      576    (0)    1 :  0.006 0.088 0.216 0.011 0.450 0.040 0.189 
577      577    (0)    1 :  0.016 0.247 0.239 0.053 0.200 0.058 0.186 
578      578    (0)    1 :  0.028 0.128 0.191 0.006 0.243 0.228 0.176 
579      579    (0)    1 :  0.006 0.211 0.345 0.016 0.173 0.023 0.226 
580      580    (0)    1 :  0.042 0.203 0.182 0.004 0.310 0.008 0.250 
581      581    (0)    1 :  0.004 0.106 0.278 0.005 0.383 0.006 0.218 
582      582    (0)    1 :  0.037 0.249 0.188 0.069 0.161 0.096 0.200 
583      583    (0)    1 :  0.069 0.154 0.252 0.039 0.207 0.112 0.166 
584      584    (0)    1 :  0.013 0.204 0.237 0.092 0.218 0.015 0.221 
585      585    (0)    1 :  0.112 0.160 0.275 0.067 0.196 0.021 0.168 
586      586    (0)    1 :  0.016 0.320 0.205 0.069 0.161 0.011 0.218 
587      587    (0)    1 :  0.006 0.177 0.242 0.039 0.309 0.011 0.216 
588      588    (0)    1 :  0.020 0.346 0.231 0.008 0.141 0.024 0.231 
589      589    (0)    1 :  0.019 0.378 0.131 0.005 0.149 0.041 0.278 
590      590    (0)    1 :  0.015 0.269 0.285 0.089 0.104 0.018 0.219 
591      591    (0)    1 :  0.065 0.263 0.241 0.004 0.178 0.006 0.242 
592      592    (0)    1 :  0.007 0.357 0.137 0.014 0.149 0.017 0.318 
593      593    (0)    1 :  0.006 0.114 0.168 0.006 0.445 0.017 0.244 
594      594    (0)    1 :  0.006 0.339 0.202 0.023 0.195 0.025 0.209 
595      595    (0)    1 :  0.703 0.055 0.060 0.021 0.081 0.013 0.067 
596      596    (0)    1 :  0.023 0.267 0.269 0.018 0.180 0.013 0.230 
597      597    (0)    1 :  0.032 0.163 0.219 0.058 0.296 0.019 0.214 
598      598    (0)    1 :  0.005 0.123 0.221 0.197 0.274 0.006 0.173 
599      599    (0)    1 :  0.021 0.242 0.281 0.022 0.155 0.038 0.241 
600      600    (0)    1 :  0.053 0.142 0.404 0.023 0.172 0.037 0.169 
601      601    (0)    1 :  0.006 0.203 0.234 0.088 0.192 0.123 0.154 
602      602    (0)    1 :  0.013 0.290 0.285 0.016 0.138 0.050 0.208 
603      603    (0)    1 :  0.043 0.153 0.311 0.010 0.250 0.011 0.220 
604      604    (0)    1 :  0.022 0.356 0.136 0.006 0.228 0.011 0.242 
605      605    (0)    1 :  0.016 0.286 0.096 0.080 0.272 0.008 0.243 
606      606    (0)    1 :  0.031 0.201 0.310 0.020 0.167 0.016 0.256 
607      607    (0)    1 :  0.008 0.263 0.236 0.007 0.207 0.021 0.259 
608      608    (0)    1 :  0.011 0.386 0.241 0.020 0.121 0.008 0.213 
609      609    (0)    1 :  0.007 0.200 0.453 0.007 0.155 0.008 0.170 
610      610    (0)    1 :  0.019 0.227 0.264 0.011 0.198 0.034 0.247 
611      611    (0)    1 :  0.009 0.221 0.126 0.007 0.397 0.006 0.235 
612      612    (0)    1 :  0.006 0.222 0.315 0.036 0.168 0.029 0.224 
613      613    (0)    1 :  0.018 0.517 0.099 0.044 0.107 0.023 0.192 
614      614    (0)    1 :  0.008 0.174 0.285 0.017 0.290 0.006 0.221 
615      615    (0)    1 :  0.011 0.185 0.213 0.038 0.305 0.023 0.225 
616      616    (0)    1 :  0.008 0.203 0.381 0.013 0.178 0.012 0.205 
617      617    (0)    1 :  0.013 0.320 0.212 0.009 0.151 0.009 0.285 
618      618    (0)    1 :  0.016 0.175 0.222 0.019 0.378 0.014 0.177 
619      619    (0)    1 :  0.156 0.152 0.194 0.010 0.276 0.031 0.182 
620      620    (0)    1 :  0.017 0.152 0.242 0.160 0.262 0.008 0.158 
621      621    (0)    1 :  0.005 0.106 0.111 0.335 0.210 0.091 0.142 
622      622    (0)    1 :  0.010 0.063 0.118 0.624 0.092 0.016 0.077 
623      623    (0)    1 :  0.003 0.422 0.131 0.008 0.228 0.002 0.205 
624      624    (0)    1 :  0.014 0.163 0.478 0.019 0.165 0.021 0.140 
625      625    (0)    1 :  0.010 0.214 0.261 0.014 0.237 0.007 0.256 
626      626    (0)    1 :  0.490 0.127 0.122 0.006 0.101 0.005 0.149 
627      627    (0)    1 :  0.004 0.126 0.158 0.020 0.427 0.035 0.230 
628      628    (0)    1 :  0.011 0.123 0.274 0.014 0.366 0.007 0.204 
629      629    (0)    1 :  0.111 0.121 0.147 0.012 0.396 0.021 0.193 
630      630    (0)    1 :  0.008 0.182 0.357 0.009 0.210 0.005 0.230 
631      631    (0)    1 :  0.009 0.214 0.161 0.054 0.317 0.008 0.237 
632      632    (0)    1 :  0.016 0.160 0.381 0.071 0.163 0.013 0.196 
633      633    (0)    1 :  0.015 0.247 0.177 0.007 0.206 0.096 0.253 
634      634    (0)    1 :  0.007 0.163 0.199 0.091 0.313 0.021 0.206 
635      635    (0)    1 :  0.012 0.183 0.273 0.010 0.248 0.010 0.263 
636      636    (0)    1 :  0.196 0.128 0.277 0.025 0.232 0.017 0.125 
637      637    (0)    1 :  0.022 0.263 0.221 0.015 0.269 0.009 0.201 
638      638    (0)    1 :  0.019 0.158 0.319 0.033 0.235 0.037 0.198 
639      639    (0)    1 :  0.015 0.147 0.166 0.005 0.435 0.010 0.222 
640      640    (0)    1 :  0.015 0.159 0.342 0.031 0.246 0.010 0.196 
641      641    (0)    1 :  0.007 0.352 0.195 0.006 0.154 0.010 0.276 
642      642    (0)    1 :  0.010 0.187 0.279 0.021 0.257 0.008 0.238 
643      643    (0)    1 :  0.013 0.269 0.250 0.011 0.193 0.024 0.239 
644      644    (0)    1 :  0.014 0.290 0.205 0.041 0.200 0.060 0.190 
645      645    (0)    1 :  0.006 0.188 0.275 0.040 0.215 0.049 0.226 
646      646    (0)    1 :  0.023 0.138 0.178 0.129 0.318 0.020 0.193 
647      647    (0)    1 :  0.013 0.169 0.173 0.005 0.369 0.007 0.266 
648      648    (0)    1 :  0.015 0.203 0.268 0.098 0.132 0.131 0.153 
649      649    (0)    1 :  0.007 0.161 0.253 0.009 0.288 0.039 0.242 
650      650    (0)    1 :  0.020 0.201 0.305 0.035 0.228 0.006 0.206 
651      651    (0)    1 :  0.016 0.202 0.370 0.109 0.157 0.013 0.134 
652      652    (0)    1 :  0.006 0.208 0.286 0.036 0.165 0.035 0.264 
653      653    (0)    1 :  0.014 0.189 0.362 0.010 0.186 0.009 0.230 
654      654    (0)    1 :  0.011 0.196 0.292 0.028 0.258 0.006 0.209 
655      655    (0)    1 :  0.013 0.183 0.178 0.123 0.276 0.043 0.184 
656      656    (0)    1 :  0.009 0.184 0.213 0.114 0.260 0.018 0.201 
657      657    (0)    1 :  0.008 0.292 0.346 0.030 0.154 0.020 0.150 
658      658    (0)    1 :  0.029 0.376 0.178 0.017 0.163 0.032 0.205 
659      659    (0)    1 :  0.015 0.259 0.265 0.013 0.187 0.011 0.250 
660      660    (0)    1 :  0.012 0.158 0.336 0.167 0.184 0.019 0.123 
661      661    (0)    1 :  0.046 0.210 0.165 0.017 0.302 0.011 0.248 
662      662    (0)    1 :  0.456 0.192 0.076 0.009 0.101 0.047 0.119 
663      663    (0)    1 :  0.012 0.127 0.155 0.467 0.110 0.005 0.124 
664      664    (0)    1 :  0.005 0.206 0.262 0.015 0.262 0.013 0.236 
665      665    (0)    1 :  0.024 0.188 0.355 0.032 0.139 0.068 0.194 
666      666    (0)    1 :  0.028 0.144 0.396 0.040 0.237 0.005 0.149 
667      667    (0)    1 :  0.010 0.129 0.209 0.007 0.427 0.010 0.207 
668      668    (0)    1 :  0.033 0.250 0.148 0.041 0.211 0.118 0.199 
669      669    (0)    1 :  0.004 0.208 0.214 0.053 0.274 0.008 0.238 
670      670    (0)    1 :  0.027 0.253 0.307 0.013 0.142 0.008 0.251 
671      671    (0)    1 :  0.004 0.205 0.267 0.044 0.164 0.068 0.248 
672      672    (0)    1 :  0.005 0.219 0.377 0.022 0.161 0.013 0.203 
673      673    (0)    1 :  0.005 0.298 0.278 0.018 0.198 0.004 0.199 
674      674    (0)    1 :  0.092 0.152 0.326 0.104 0.158 0.030 0.136 
675      675    (0)    1 :  0.011 0.175 0.296 0.154 0.168 0.020 0.176 
676      676    (0)    1 :  0.011 0.204 0.297 0.032 0.192 0.034 0.231 
677      677    (0)    1 :  0.006 0.098 0.231 0.035 0.421 0.006 0.203 
678      678    (0)    1 :  0.006 0.139 0.196 0.019 0.390 0.005 0.246 
679      679    (0)    1 :  0.008 0.130 0.443 0.075 0.165 0.006 0.173 
680      680    (0)    1 :  0.026 0.232 0.206 0.035 0.225 0.024 0.251 
681      681    (0)    1 :  0.016 0.195 0.245 0.078 0.209 0.011 0.246 
682      682    (0)    1 :  0.099 0.193 0.145 0.012 0.307 0.013 0.231 
683      683    (0)    1 :  0.019 0.164 0.206 0.028 0.305 0.061 0.217 
684      684    (0)    1 :  0.087 0.208 0.197 0.011 0.250 0.007 0.241 
685      685    (0)    1 :  0.015 0.174 0.251 0.098 0.202 0.093 0.167 
686      686    (0)    1 :  0.005 0.255 0.234 0.008 0.138 0.135 0.227 
687      687    (0)    1 :  0.006 0.211 0.383 0.022 0.154 0.008 0.215 
688      688    (0)    1 :  0.008 0.265 0.164 0.016 0.260 0.007 0.279 
689      689    (0)    1 :  0.015 0.310 0.131 0.006 0.285 0.032 0.222 
690      690    (0)    1 :  0.013 0.242 0.164 0.014 0.300 0.012 0.253 
691      691    (0)    1 :  0.071 0.155 0.190 0.210 0.111 0.130 0.133 
692      692    (0)    1 :  0.035 0.271 0.208 0.009 0.184 0.033 0.261 
693      693    (0)    1 :  0.006 0.144 0.173 0.023 0.367 0.006 0.281 
694      694    (0)    1 :  0.007 0.231 0.188 0.098 0.227 0.010 0.240 
695      695    (0)    1 :  0.010 0.183 0.333 0.015 0.184 0.006 0.269 
696      696    (0)    1 :  0.009 0.117 0.267 0.012 0.379 0.024 0.192 
697      697    (0)    1 :  0.041 0.260 0.221 0.026 0.173 0.017 0.261 
698      698    (0)    1 :  0.006 0.071 0.147 0.018 0.508 0.025 0.224 
699      699    (0)    1 :  0.011 0.157 0.150 0.021 0.409 0.014 0.238 
700      700    (0)    1 :  0.012 0.106 0.187 0.077 0.408 0.020 0.190 
701      701    (0)    1 :  0.016 0.210 0.300 0.033 0.208 0.010 0.222 
702      702    (0)    1 :  0.009 0.162 0.265 0.011 0.276 0.043 0.234 
703      703    (0)    1 :  0.012 0.289 0.171 0.006 0.299 0.010 0.214 
704      704    (0)    1 :  0.033 0.139 0.140 0.015 0.425 0.018 0.229 
705      705    (0)    1 :  0.044 0.274 0.229 0.035 0.203 0.010 0.205 
706      706    (0)    1 :  0.009 0.159 0.272 0.034 0.294 0.006 0.226 
707      707    (0)    1 :  0.058 0.223 0.286 0.088 0.147 0.016 0.183 
708      708    (0)    1 :  0.006 0.113 0.107 0.578 0.088 0.008 0.099 
709      709    (0)    1 :  0.009 0.157 0.251 0.006 0.354 0.026 0.197 
710      710    (0)    1 :  0.012 0.290 0.224 0.037 0.163 0.059 0.215 
711      711    (0)    1 :  0.013 0.182 0.202 0.052 0.332 0.011 0.209 
712      712    (0)    1 :  0.013 0.160 0.149 0.013 0.401 0.010 0.255 
713      713    (0)    1 :  0.028 0.122 0.157 0.029 0.430 0.007 0.228 
714      714    (0)    1 :  0.034 0.288 0.182 0.020 0.166 0.056 0.254 
715      715    (0)    1 :  0.030 0.149 0.204 0.017 0.163 0.249 0.188 
716      716    (0)    1 :  0.010 0.303 0.154 0.052 0.250 0.012 0.221 
717      717    (0)    1 :  0.012 0.207 0.130 0.194 0.153 0.117 0.186 
718      718    (0)    1 :  0.023 0.163 0.410 0.066 0.154 0.015 0.169 
719      719    (0)    1 :  0.007 0.321 0.131 0.036 0.190 0.012 0.304 
720      720    (0)    1 :  0.021 0.186 0.276 0.041 0.152 0.135 0.189 
721      721    (0)    1 :  0.011 0.138 0.172 0.016 0.420 0.018 0.225 
722      722    (0)    1 :  0.014 0.116 0.313 0.011 0.344 0.015 0.187 
723      723    (0)    1 :  0.009 0.182 0.182 0.029 0.367 0.014 0.217 
724      724    (0)    1 :  0.014 0.207 0.245 0.024 0.239 0.020 0.251 
725      725    (0)    1 :  0.023 0.113 0.133 0.011 0.470 0.005 0.245 
726      726    (0)    1 :  0.014 0.182 0.121 0.040 0.351 0.072 0.221 
727      727    (0)    1 :  0.011 0.179 0.366 0.031 0.203 0.006 0.204 
728      728    (0)    1 :  0.007 0.175 0.425 0.022 0.178 0.013 0.180 
729      729    (0)    1 :  0.012 0.185 0.197 0.012 0.331 0.013 0.250 
730      730    (0)    1 :  0.008 0.167 0.258 0.023 0.283 0.009 0.252 
731      731    (0)    1 :  0.016 0.191 0.195 0.016 0.345 0.009 0.227 
732      732    (0)    1 :  0.014 0.293 0.209 0.017 0.147 0.020 0.301 
733      733    (0)    1 :  0.097 0.144 0.284 0.172 0.165 0.007 0.131 
734      734    (0)    1 :  0.010 0.187 0.275 0.062 0.199 0.012 0.255 
735      735    (0)    1 :  0.005 0.183 0.221 0.167 0.216 0.009 0.199 
736      736    (0)    1 :  0.006 0.188 0.311 0.028 0.193 0.006 0.268 
737      737    (0)    1 :  0.061 0.204 0.167 0.017 0.323 0.028 0.199 
738      738    (0)    1 :  0.018 0.177 0.214 0.007 0.335 0.011 0.238 
739      739    (0)    1 :  0.019 0.232 0.234 0.010 0.210 0.021 0.275 
740      740    (0)    1 :  0.010 0.253 0.206 0.011 0.273 0.036 0.210 
741      741    (0)    1 :  0.015 0.184 0.172 0.030 0.391 0.008 0.201 
742      742    (0)    1 :  0.943 0.008 0.008 0.009 0.009 0.012 0.010 
743      743    (0)    1 :  0.958 0.008 0.008 0.004 0.008 0.006 0.008 
744      744    (0)    1 :  0.939 0.007 0.008 0.025 0.007 0.007 0.007 
745      745    (0)    1 :  0.975 0.004 0.004 0.004 0.004 0.004 0.004 
746      746    (0)    1 :  0.966 0.005 0.005 0.003 0.005 0.010 0.005 
747      747    (0)    1 :  0.787 0.044 0.041 0.039 0.042 0.007 0.040 
748      748    (0)    1 :  0.880 0.020 0.024 0.007 0.027 0.018 0.025 
749      749    (6)    1 :  0.971 0.005 0.005 0.005 0.005 0.005 0.005 
750      750    (0)    1 :  0.963 0.006 0.007 0.003 0.008 0.005 0.007 
751      751    (0)    1 :  0.965 0.004 0.005 0.010 0.004 0.007 0.004 
752      752    (0)    1 :  0.947 0.006 0.007 0.016 0.007 0.010 0.006 
753      753    (0)    1 :  0.880 0.019 0.016 0.005 0.015 0.046 0.018 
754      754    (0)    1 :  0.897 0.011 0.014 0.014 0.012 0.038 0.013 
755      755    (0)    1 :  0.043 0.146 0.185 0.135 0.223 0.104 0.164 
756      756    (0)    1 :  0.007 0.402 0.118 0.009 0.143 0.037 0.284 
757      757    (0)    1 :  0.163 0.261 0.175 0.017 0.128 0.019 0.237 
758      758    (0)    1 :  0.121 0.454 0.077 0.005 0.143 0.021 0.179 
759      759    (0)    1 :  0.009 0.253 0.149 0.087 0.166 0.091 0.245 
760      760    (0)    1 :  0.012 0.218 0.136 0.026 0.139 0.290 0.179 
761      761    (0)    1 :  0.009 0.411 0.142 0.011 0.122 0.045 0.261 
762      762    (0)    1 :  0.034 0.049 0.063 0.006 0.045 0.752 0.051 
763      763    (0)    1 :  0.032 0.401 0.164 0.021 0.134 0.015 0.234 
764      764    (0)    1 :  0.013 0.236 0.280 0.007 0.191 0.013 0.261 
765      765    (0)    1 :  0.008 0.007 0.006 0.011 0.007 0.954 0.007 
766      766    (0)    1 :  0.008 0.239 0.283 0.005 0.193 0.009 0.262 
767      767    (0)    1 :  0.010 0.232 0.217 0.024 0.199 0.016 0.302 
768      768    (0)    1 :  0.118 0.166 0.267 0.009 0.233 0.018 0.189 
769      769    (0)    1 :  0.011 0.257 0.259 0.006 0.179 0.040 0.249 
770      770    (0)    1 :  0.043 0.181 0.127 0.042 0.320 0.021 0.266 
771      771    (0)    1 :  0.005 0.308 0.258 0.015 0.167 0.013 0.234 
772      772    (0)    1 :  0.015 0.247 0.307 0.009 0.187 0.018 0.218 
773      773    (0)    1 :  0.019 0.264 0.273 0.017 0.197 0.016 0.214 
774      774    (0)    1 :  0.018 0.210 0.253 0.034 0.239 0.010 0.236 
775      775    (0)    1 :  0.008 0.008 0.008 0.009 0.009 0.950 0.008 
776      776    (0)    1 :  0.011 0.014 0.020 0.006 0.013 0.920 0.017 
777      777    (0)    1 :  0.003 0.005 0.005 0.006 0.005 0.972 0.005 
778      778    (0)    1 :  0.014 0.225 0.280 0.009 0.145 0.078 0.249 
779      779    (0)    1 :  0.005 0.010 0.009 0.016 0.011 0.939 0.010 
780      780    (0)    1 :  0.008 0.019 0.025 0.019 0.048 0.855 0.026 
781      781    (0)    1 :  0.004 0.007 0.007 0.005 0.008 0.962 0.007 
782      782    (0)    1 :  0.006 0.005 0.004 0.005 0.005 0.970 0.005 
783      783    (0)    1 :  0.025 0.020 0.020 0.045 0.023 0.847 0.021 
784      784    (0)    1 :  0.033 0.008 0.007 0.007 0.007 0.931 0.007 
785      785    (0)    1 :  0.010 0.010 0.009 0.014 0.011 0.936 0.010 
786      786    (0)    1 :  0.019 0.024 0.023 0.017 0.033 0.859 0.025 
787      787    (0)    1 :  0.006 0.007 0.007 0.007 0.007 0.958 0.007 
788      788    (0)    1 :  0.006 0.006 0.007 0.006 0.007 0.961 0.007 
789      789    (0)    1 :  0.010 0.007 0.007 0.005 0.008 0.958 0.007 
790      790    (0)    1 :  0.015 0.009 0.010 0.008 0.009 0.941 0.009 
791      791    (0)    1 :  0.227 0.039 0.033 0.018 0.029 0.622 0.033 
792      792    (0)    1 :  0.030 0.006 0.005 0.006 0.005 0.942 0.006 
793      793    (0)    1 :  0.009 0.023 0.027 0.012 0.029 0.877 0.024 
794      794    (0)    1 :  0.004 0.021 0.019 0.008 0.019 0.909 0.021 
795      795    (0)    1 :  0.023 0.006 0.006 0.006 0.006 0.948 0.006 
796      796    (0)    1 :  0.013 0.018 0.021 0.037 0.022 0.872 0.018 
797      797    (0)    1 :  0.006 0.009 0.010 0.005 0.010 0.950 0.010 
798      798    (0)    1 :  0.060 0.012 0.010 0.005 0.011 0.892 0.011 
799      799    (0)    1 :  0.006 0.005 0.005 0.004 0.005 0.971 0.005 
800      800    (0)    1 :  0.010 0.010 0.011 0.004 0.011 0.943 0.011 
801      801    (0)    1 :  0.004 0.009 0.010 0.006 0.010 0.952 0.009 
802      802    (0)    1 :  0.004 0.004 0.004 0.005 0.004 0.976 0.004 
803      803    (0)    1 :  0.003 0.012 0.011 0.005 0.011 0.946 0.012 
804      804    (0)    1 :  0.004 0.033 0.038 0.005 0.029 0.856 0.034 
805      805    (0)    1 :  0.006 0.015 0.017 0.141 0.012 0.795 0.014 
806      806    (0)    1 :  0.079 0.010 0.011 0.013 0.011 0.865 0.011 
807      807    (0)    1 :  0.006 0.008 0.011 0.018 0.009 0.939 0.009 
808      808    (0)    1 :  0.005 0.012 0.014 0.005 0.012 0.940 0.012 
809      809    (0)    1 :  0.035 0.025 0.025 0.019 0.027 0.846 0.024 
810      810    (0)    1 :  0.042 0.013 0.014 0.027 0.010 0.883 0.012 
811      811    (0)    1 :  0.006 0.005 0.005 0.004 0.004 0.972 0.005 
812      812    (0)    1 :  0.004 0.005 0.005 0.004 0.005 0.973 0.005 
813      813    (0)    1 :  0.008 0.054 0.051 0.032 0.052 0.750 0.052 
814      814    (0)    1 :  0.016 0.006 0.007 0.008 0.007 0.950 0.006 
815      815    (0)    1 :  0.011 0.045 0.050 0.033 0.062 0.740 0.059 
816      816    (0)    1 :  0.008 0.005 0.006 0.004 0.005 0.967 0.005 
817      817    (0)    1 :  0.046 0.019 0.012 0.009 0.016 0.882 0.017 
818      818    (0)    1 :  0.015 0.058 0.035 0.007 0.054 0.783 0.048 
819      819    (0)    1 :  0.014 0.007 0.007 0.004 0.006 0.956 0.007 
820      820    (0)    1 :  0.007 0.005 0.005 0.006 0.005 0.968 0.005 
821      821    (0)    1 :  0.006 0.006 0.006 0.014 0.005 0.958 0.006 
822      822    (0)    1 :  0.006 0.008 0.007 0.010 0.007 0.955 0.007 
823      823    (0)    1 :  0.004 0.014 0.014 0.022 0.012 0.921 0.012 
824      824    (0)    1 :  0.005 0.011 0.012 0.007 0.011 0.942 0.011 
825      825    (0)    1 :  0.027 0.042 0.054 0.016 0.045 0.770 0.045 
826      826    (0)    1 :  0.245 0.007 0.007 0.006 0.007 0.720 0.007 
827      827    (0)    1 :  0.004 0.006 0.006 0.012 0.006 0.960 0.006 
828      828    (0)    1 :  0.004 0.004 0.004 0.004 0.004 0.976 0.004 
829      829    (0)    1 :  0.004 0.004 0.004 0.003 0.004 0.979 0.004 
830      830    (0)    1 :  0.004 0.005 0.005 0.005 0.005 0.972 0.005 
831      831    (0)    1 :  0.009 0.014 0.014 0.011 0.013 0.924 0.015 
832      832    (0)    1 :  0.034 0.017 0.021 0.007 0.017 0.887 0.017 
833      833    (0)    1 :  0.016 0.008 0.008 0.021 0.010 0.928 0.009 
834      834    (0)    1 :  0.070 0.030 0.040 0.048 0.029 0.752 0.030 
835      835    (0)    1 :  0.007 0.005 0.005 0.005 0.005 0.967 0.005 
836      836    (0)    1 :  0.021 0.014 0.015 0.020 0.019 0.897 0.014 
837      837    (0)    1 :  0.004 0.009 0.010 0.009 0.010 0.949 0.009 
838      838    (0)    1 :  0.004 0.046 0.057 0.014 0.049 0.782 0.047 
839      839    (0)    1 :  0.007 0.015 0.017 0.010 0.016 0.920 0.016 
840      840    (0)    1 :  0.006 0.005 0.005 0.004 0.005 0.970 0.005 
841      841    (0)    1 :  0.008 0.355 0.287 0.010 0.098 0.025 0.216 
842      842    (0)    1 :  0.006 0.018 0.018 0.007 0.019 0.911 0.021 
843      843    (0)    1 :  0.003 0.005 0.005 0.005 0.005 0.972 0.005 
844      844    (0)    1 :  0.005 0.005 0.005 0.005 0.005 0.969 0.005 
845      845    (0)    1 :  0.005 0.009 0.010 0.009 0.009 0.949 0.009 
846      846    (0)    1 :  0.009 0.009 0.011 0.014 0.012 0.937 0.010 
847      847    (0)    1 :  0.005 0.006 0.006 0.012 0.006 0.959 0.006 
848      848    (0)    1 :  0.073 0.008 0.007 0.006 0.008 0.890 0.008 
849      849    (0)    1 :  0.013 0.460 0.103 0.021 0.127 0.012 0.263 
850      850    (0)    1 :  0.041 0.224 0.142 0.012 0.187 0.146 0.248 
851      851    (0)    1 :  0.008 0.351 0.184 0.007 0.141 0.024 0.285 
852      852    (0)    1 :  0.008 0.254 0.106 0.010 0.181 0.169 0.271 
853      853    (0)    1 :  0.005 0.181 0.382 0.014 0.179 0.016 0.223 
854      854    (0)    1 :  0.005 0.089 0.110 0.018 0.109 0.552 0.116 
855      855    (0)    1 :  0.022 0.288 0.188 0.013 0.184 0.022 0.284 
856      856    (0)    1 :  0.006 0.103 0.215 0.005 0.438 0.015 0.217 
857      857    (0)    1 :  0.026 0.019 0.017 0.014 0.018 0.886 0.019 
858      858    (0)    1 :  0.017 0.281 0.169 0.013 0.199 0.052 0.268 
859      859    (0)    1 :  0.006 0.014 0.013 0.024 0.014 0.915 0.014 
860      860    (0)    1 :  0.007 0.227 0.164 0.029 0.268 0.012 0.293 
861      861    (0)    1 :  0.015 0.103 0.092 0.025 0.083 0.570 0.113 
862      862    (0)    1 :  0.010 0.346 0.177 0.016 0.147 0.020 0.285 
863      863    (0)    1 :  0.027 0.599 0.085 0.006 0.085 0.013 0.185 
864      864    (0)    1 :  0.003 0.006 0.006 0.006 0.005 0.967 0.006 
865      865    (0)    1 :  0.005 0.197 0.167 0.014 0.169 0.227 0.221 
866      866    (0)    1 :  0.041 0.382 0.103 0.017 0.114 0.055 0.287 
867      867    (0)    1 :  0.078 0.334 0.159 0.014 0.155 0.012 0.248 
868      868    (0)    1 :  0.007 0.262 0.241 0.013 0.168 0.009 0.301 
869      869    (0)    1 :  0.029 0.320 0.205 0.008 0.147 0.009 0.282 
870      870    (0)    1 :  0.006 0.010 0.008 0.033 0.009 0.925 0.009 
871      871    (0)    1 :  0.009 0.213 0.288 0.010 0.163 0.035 0.281 
872      872    (0)    1 :  0.014 0.146 0.163 0.014 0.183 0.326 0.155 
873      873    (0)    1 :  0.013 0.284 0.172 0.006 0.184 0.025 0.316 
874      874    (0)    1 :  0.037 0.233 0.348 0.018 0.120 0.042 0.203 
875      875    (0)    1 :  0.019 0.221 0.218 0.012 0.232 0.049 0.248 
876      876    (0)    1 :  0.009 0.254 0.236 0.024 0.129 0.097 0.252 
877      877    (0)    1 :  0.007 0.190 0.237 0.013 0.253 0.052 0.248 
878      878    (0)    1 :  0.005 0.395 0.121 0.009 0.135 0.018 0.316 
879      879    (0)    1 :  0.021 0.178 0.151 0.090 0.133 0.251 0.178 
880      880    (0)    1 :  0.044 0.254 0.275 0.016 0.200 0.019 0.190 
881      881    (0)    1 :  0.007 0.005 0.005 0.013 0.005 0.961 0.005 
882      882    (0)    1 :  0.011 0.509 0.109 0.013 0.104 0.104 0.151 
883      883    (0)    1 :  0.031 0.240 0.129 0.005 0.108 0.288 0.199 
884      884    (0)    1 :  0.014 0.154 0.212 0.031 0.343 0.026 0.221 
885      885    (0)    1 :  0.021 0.147 0.223 0.018 0.368 0.026 0.196 
886      886    (0)    1 :  0.015 0.218 0.385 0.047 0.144 0.007 0.185 
887      887    (0)    1 :  0.050 0.228 0.146 0.099 0.134 0.176 0.166 
888      888    (0)    1 :  0.005 0.367 0.210 0.015 0.134 0.020 0.249 
889      889    (0)    1 :  0.006 0.520 0.112 0.007 0.079 0.049 0.226 
890      890    (0)    1 :  0.008 0.322 0.135 0.017 0.197 0.011 0.311 
891      891    (0)    1 :  0.011 0.221 0.382 0.043 0.162 0.004 0.177 
892      892    (0)    1 :  0.004 0.004 0.004 0.004 0.004 0.975 0.004 
893      893    (0)    1 :  0.004 0.033 0.037 0.008 0.029 0.851 0.037 


Estimated Allele Frequencies in each cluster
First column gives estimated ancestral frequencies


Locus 1 : 
25 alleles
0.0% missing data
 125   (0.065) 0.010 0.065 0.066 0.047 0.071 0.025 0.066 
 133   (0.299) 0.110 0.302 0.295 0.644 0.296 0.621 0.298 
 131   (0.100) 0.276 0.099 0.110 0.016 0.099 0.155 0.102 
 137   (0.089) 0.018 0.090 0.090 0.010 0.085 0.013 0.093 
 148   (0.055) 0.355 0.054 0.046 0.111 0.044 0.056 0.049 
 127   (0.117) 0.038 0.118 0.123 0.015 0.138 0.004 0.129 
 135   (0.084) 0.017 0.085 0.097 0.131 0.078 0.004 0.083 
 132   (0.022) 0.003 0.022 0.031 0.003 0.041 0.001 0.026 
 129   (0.054) 0.075 0.054 0.064 0.011 0.046 0.099 0.052 
 141   (0.007) 0.001 0.007 0.004 0.001 0.004 0.000 0.006 
 134   (0.006) 0.000 0.006 0.003 0.001 0.004 0.000 0.004 
 152   (0.015) 0.001 0.015 0.008 0.001 0.010 0.001 0.016 
 139   (0.051) 0.009 0.051 0.048 0.006 0.070 0.022 0.057 
 119   (0.003) 0.000 0.002 0.001 0.000 0.001 0.000 0.001 
 159   (0.002) 0.026 0.002 0.000 0.000 0.000 0.000 0.001 
 165   (0.002) 0.026 0.002 0.000 0.000 0.000 0.000 0.001 
 163   (0.003) 0.035 0.002 0.001 0.000 0.001 0.000 0.001 
 150   (0.005) 0.000 0.005 0.003 0.001 0.003 0.000 0.004 
 143   (0.003) 0.000 0.002 0.001 0.000 0.001 0.000 0.001 
 154   (0.005) 0.001 0.005 0.003 0.000 0.003 0.000 0.004 
 175   (0.002) 0.000 0.002 0.001 0.000 0.001 0.000 0.001 
 187   (0.003) 0.000 0.002 0.001 0.000 0.001 0.000 0.001 
 191   (0.002) 0.000 0.002 0.001 0.000 0.001 0.000 0.001 
 173   (0.003) 0.000 0.003 0.001 0.000 0.002 0.000 0.002 
 123   (0.002) 0.000 0.002 0.001 0.000 0.001 0.000 0.001 

Locus 2 : 
10 alleles
0.0% missing data
 159   (0.123) 0.163 0.123 0.111 0.103 0.153 0.015 0.130 
 163   (0.142) 0.244 0.142 0.139 0.343 0.115 0.197 0.137 
 165   (0.536) 0.536 0.537 0.536 0.524 0.512 0.731 0.537 
 173   (0.020) 0.001 0.021 0.026 0.003 0.016 0.001 0.017 
 171   (0.077) 0.007 0.077 0.084 0.015 0.087 0.037 0.081 
 169   (0.042) 0.045 0.042 0.046 0.005 0.042 0.001 0.040 
 167   (0.044) 0.003 0.044 0.047 0.004 0.066 0.017 0.049 
 161   (0.003) 0.000 0.003 0.001 0.001 0.001 0.000 0.002 
 175   (0.009) 0.001 0.009 0.008 0.004 0.006 0.000 0.007 
 177   (0.002) 0.000 0.002 0.001 0.000 0.001 0.000 0.001 

Locus 3 : 
16 alleles
0.0% missing data
 126   (0.174) 0.248 0.174 0.179 0.162 0.155 0.160 0.169 
 130   (0.035) 0.002 0.035 0.040 0.021 0.032 0.001 0.035 
 118   (0.108) 0.051 0.108 0.128 0.099 0.120 0.009 0.110 
 120   (0.105) 0.247 0.105 0.107 0.024 0.121 0.048 0.105 
 116   (0.186) 0.015 0.187 0.183 0.361 0.166 0.347 0.186 
 124   (0.108) 0.126 0.108 0.128 0.013 0.136 0.050 0.114 
 122   (0.096) 0.023 0.097 0.078 0.064 0.096 0.003 0.100 
 134   (0.005) 0.000 0.005 0.002 0.001 0.002 0.097 0.003 
 128   (0.078) 0.005 0.079 0.071 0.191 0.083 0.003 0.084 
 114   (0.057) 0.233 0.057 0.049 0.061 0.050 0.229 0.054 
 136   (0.007) 0.000 0.007 0.007 0.000 0.006 0.000 0.006 
 132   (0.018) 0.003 0.018 0.017 0.001 0.024 0.000 0.019 
 138   (0.005) 0.000 0.005 0.003 0.000 0.003 0.000 0.004 
 112   (0.006) 0.000 0.006 0.003 0.001 0.002 0.052 0.004 
 110   (0.008) 0.046 0.008 0.004 0.001 0.004 0.000 0.005 
 106   (0.002) 0.000 0.002 0.001 0.000 0.001 0.000 0.001 

Locus 4 : 
25 alleles
0.0% missing data
 175   (0.241) 0.078 0.242 0.256 0.196 0.246 0.175 0.249 
 176   (0.055) 0.090 0.055 0.081 0.019 0.049 0.002 0.054 
 173   (0.139) 0.208 0.139 0.118 0.092 0.120 0.280 0.137 
 180   (0.018) 0.001 0.018 0.014 0.002 0.020 0.001 0.018 
 177   (0.187) 0.244 0.186 0.194 0.624 0.211 0.237 0.190 
 179   (0.043) 0.208 0.043 0.046 0.008 0.048 0.031 0.045 
 161   (0.006) 0.000 0.006 0.003 0.000 0.003 0.000 0.004 
 174   (0.021) 0.054 0.021 0.017 0.002 0.021 0.001 0.021 
 169   (0.064) 0.009 0.065 0.077 0.015 0.081 0.046 0.065 
 178   (0.039) 0.003 0.039 0.038 0.003 0.038 0.010 0.041 
 171   (0.066) 0.006 0.066 0.059 0.010 0.073 0.213 0.071 
 168   (0.003) 0.000 0.003 0.001 0.000 0.002 0.000 0.002 
 182   (0.007) 0.000 0.007 0.004 0.000 0.003 0.000 0.005 
 181   (0.034) 0.002 0.034 0.035 0.020 0.035 0.001 0.035 
 187   (0.009) 0.000 0.009 0.010 0.001 0.006 0.000 0.008 
 172   (0.008) 0.000 0.008 0.005 0.001 0.007 0.000 0.007 
 170   (0.005) 0.000 0.005 0.003 0.000 0.005 0.000 0.004 
 167   (0.021) 0.089 0.021 0.019 0.002 0.014 0.001 0.018 
 186   (0.005) 0.000 0.005 0.004 0.001 0.003 0.000 0.004 
 183   (0.007) 0.000 0.007 0.004 0.000 0.004 0.000 0.006 
 157   (0.007) 0.002 0.007 0.005 0.001 0.004 0.000 0.005 
 166   (0.002) 0.000 0.002 0.001 0.000 0.001 0.000 0.001 
 185   (0.006) 0.000 0.006 0.004 0.001 0.004 0.000 0.005 
 184   (0.003) 0.000 0.003 0.001 0.000 0.001 0.000 0.002 
 189   (0.003) 0.000 0.003 0.001 0.000 0.001 0.000 0.002 

Locus 5 : 
12 alleles
0.0% missing data
 161   (0.047) 0.003 0.047 0.058 0.290 0.048 0.001 0.048 
 169   (0.244) 0.060 0.245 0.246 0.099 0.235 0.038 0.245 
 163   (0.152) 0.054 0.153 0.161 0.039 0.164 0.078 0.156 
 165   (0.093) 0.367 0.093 0.078 0.011 0.094 0.491 0.091 
 171   (0.349) 0.086 0.349 0.343 0.314 0.367 0.387 0.361 
 175   (0.015) 0.001 0.015 0.012 0.002 0.012 0.000 0.014 
 179   (0.005) 0.000 0.005 0.002 0.000 0.003 0.000 0.003 
 173   (0.082) 0.427 0.082 0.094 0.243 0.072 0.003 0.074 
 177   (0.006) 0.000 0.006 0.003 0.001 0.003 0.000 0.005 
 167   (0.002) 0.000 0.002 0.001 0.000 0.001 0.000 0.001 
 155   (0.002) 0.000 0.002 0.001 0.000 0.001 0.000 0.001 
 159   (0.002) 0.000 0.002 0.001 0.000 0.001 0.000 0.001 

Locus 6 : 
14 alleles
0.0% missing data
 130   (0.183) 0.183 0.183 0.170 0.527 0.194 0.031 0.189 
 134   (0.079) 0.361 0.079 0.085 0.016 0.068 0.145 0.074 
 124   (0.180) 0.050 0.180 0.176 0.149 0.196 0.109 0.185 
 128   (0.359) 0.247 0.360 0.368 0.278 0.382 0.585 0.369 
 138   (0.024) 0.002 0.024 0.022 0.003 0.032 0.001 0.027 
 126   (0.074) 0.097 0.074 0.080 0.012 0.057 0.122 0.069 
 132   (0.016) 0.001 0.016 0.012 0.001 0.010 0.001 0.014 
 122   (0.003) 0.001 0.003 0.001 0.000 0.001 0.000 0.002 
 136   (0.051) 0.056 0.052 0.060 0.010 0.038 0.005 0.049 
 140   (0.012) 0.001 0.012 0.014 0.001 0.009 0.000 0.010 
 142   (0.003) 0.000 0.003 0.001 0.000 0.001 0.000 0.002 
 146   (0.007) 0.000 0.006 0.005 0.001 0.006 0.000 0.005 
 120   (0.006) 0.000 0.006 0.004 0.000 0.003 0.000 0.004 
 144   (0.002) 0.000 0.002 0.001 0.000 0.001 0.000 0.001 

Locus 7 : 
16 alleles
0.0% missing data
 111   (0.109) 0.017 0.109 0.123 0.368 0.130 0.246 0.109 
 113   (0.201) 0.196 0.201 0.200 0.318 0.197 0.159 0.200 
 121   (0.012) 0.001 0.012 0.008 0.001 0.013 0.000 0.012 
 115   (0.123) 0.499 0.123 0.097 0.095 0.115 0.036 0.122 
 109   (0.075) 0.017 0.076 0.088 0.010 0.095 0.003 0.078 
 117   (0.112) 0.105 0.112 0.119 0.017 0.124 0.004 0.119 
 116   (0.003) 0.000 0.003 0.001 0.000 0.001 0.000 0.002 
 119   (0.047) 0.011 0.047 0.038 0.005 0.030 0.059 0.043 
 105   (0.052) 0.130 0.051 0.053 0.009 0.047 0.024 0.048 
 101   (0.065) 0.005 0.065 0.065 0.058 0.064 0.002 0.072 
 103   (0.150) 0.017 0.151 0.157 0.112 0.140 0.460 0.148 
  99   (0.009) 0.001 0.008 0.008 0.002 0.011 0.000 0.008 
 107   (0.031) 0.002 0.031 0.036 0.003 0.024 0.004 0.029 
 123   (0.004) 0.000 0.004 0.004 0.001 0.003 0.000 0.003 
 125   (0.004) 0.000 0.004 0.002 0.000 0.005 0.000 0.003 
  97   (0.003) 0.000 0.003 0.001 0.000 0.002 0.000 0.002 

Locus 8 : 
16 alleles
0.0% missing data
 224   (0.077) 0.048 0.076 0.088 0.344 0.071 0.078 0.069 
 230   (0.117) 0.366 0.118 0.129 0.027 0.109 0.044 0.114 
 234   (0.345) 0.083 0.346 0.355 0.379 0.364 0.166 0.359 
 232   (0.097) 0.028 0.097 0.085 0.014 0.096 0.188 0.098 
 236   (0.099) 0.010 0.100 0.098 0.012 0.107 0.028 0.104 
 240   (0.005) 0.000 0.005 0.002 0.000 0.003 0.000 0.004 
 228   (0.108) 0.330 0.108 0.102 0.014 0.108 0.454 0.111 
 238   (0.023) 0.002 0.023 0.024 0.007 0.017 0.001 0.022 
 226   (0.034) 0.002 0.034 0.042 0.156 0.028 0.012 0.031 
 216   (0.061) 0.129 0.060 0.056 0.044 0.074 0.015 0.061 
 223   (0.003) 0.000 0.003 0.001 0.000 0.001 0.000 0.002 
 222   (0.005) 0.000 0.005 0.003 0.001 0.002 0.000 0.003 
 220   (0.013) 0.001 0.013 0.009 0.001 0.014 0.000 0.013 
 246   (0.003) 0.000 0.003 0.001 0.000 0.001 0.000 0.002 
 225   (0.007) 0.000 0.007 0.004 0.000 0.003 0.013 0.005 
 212   (0.002) 0.000 0.002 0.001 0.000 0.001 0.000 0.001 

Locus 9 : 
23 alleles
0.1% missing data
 121   (0.594) 0.358 0.596 0.637 0.794 0.621 0.657 0.618 
 133   (0.071) 0.093 0.071 0.064 0.014 0.059 0.019 0.069 
 119   (0.023) 0.001 0.023 0.018 0.003 0.018 0.033 0.021 
 129   (0.034) 0.003 0.035 0.032 0.003 0.031 0.005 0.033 
 131   (0.048) 0.408 0.048 0.036 0.004 0.052 0.028 0.046 
 135   (0.031) 0.002 0.031 0.049 0.021 0.030 0.001 0.030 
 153   (0.006) 0.000 0.006 0.003 0.000 0.003 0.000 0.004 
 161   (0.005) 0.000 0.005 0.003 0.001 0.002 0.000 0.003 
 143   (0.010) 0.001 0.010 0.006 0.001 0.007 0.000 0.007 
 159   (0.007) 0.000 0.006 0.003 0.000 0.004 0.002 0.005 
 127   (0.048) 0.003 0.048 0.048 0.013 0.068 0.002 0.053 
 149   (0.011) 0.002 0.010 0.009 0.001 0.007 0.000 0.010 
 123   (0.037) 0.104 0.036 0.037 0.133 0.052 0.001 0.038 
 157   (0.006) 0.000 0.005 0.003 0.000 0.003 0.000 0.005 
 147   (0.012) 0.001 0.011 0.008 0.001 0.008 0.020 0.010 
 137   (0.012) 0.001 0.012 0.012 0.005 0.010 0.000 0.010 
 151   (0.009) 0.001 0.009 0.006 0.003 0.007 0.001 0.008 
 125   (0.014) 0.001 0.015 0.016 0.001 0.011 0.000 0.015 
 155   (0.008) 0.000 0.008 0.004 0.001 0.004 0.000 0.007 
 165   (0.002) 0.000 0.002 0.001 0.000 0.001 0.000 0.001 
 139   (0.005) 0.018 0.005 0.003 0.000 0.002 0.000 0.003 
 117   (0.004) 0.000 0.003 0.001 0.000 0.001 0.000 0.002 
 145   (0.003) 0.000 0.002 0.001 0.000 0.001 0.230 0.001 

Locus 10 : 
8 alleles
0.0% missing data
 134   (0.493) 0.299 0.494 0.510 0.782 0.535 0.350 0.511 
 136   (0.292) 0.452 0.291 0.303 0.142 0.295 0.299 0.294 
 146   (0.021) 0.064 0.021 0.011 0.001 0.012 0.011 0.017 
 128   (0.102) 0.008 0.103 0.103 0.044 0.089 0.244 0.097 
 142   (0.027) 0.139 0.027 0.025 0.004 0.017 0.007 0.022 
 138   (0.046) 0.031 0.045 0.036 0.026 0.037 0.089 0.041 
 130   (0.016) 0.007 0.016 0.010 0.001 0.011 0.000 0.014 
 132   (0.004) 0.001 0.004 0.002 0.000 0.002 0.000 0.003 

Locus 11 : 
7 alleles
0.0% missing data
 101   (0.306) 0.084 0.307 0.328 0.097 0.307 0.204 0.312 
 103   (0.476) 0.704 0.475 0.467 0.462 0.504 0.389 0.484 
 105   (0.130) 0.150 0.130 0.125 0.419 0.114 0.403 0.119 
  97   (0.055) 0.038 0.055 0.053 0.019 0.051 0.003 0.056 
  99   (0.011) 0.001 0.011 0.011 0.001 0.013 0.000 0.011 
 107   (0.020) 0.024 0.020 0.014 0.003 0.011 0.001 0.016 
  93   (0.002) 0.000 0.002 0.001 0.000 0.001 0.000 0.001 

Locus 12 : 
16 alleles
0.0% missing data
 235   (0.149) 0.073 0.149 0.151 0.044 0.155 0.159 0.151 
 243   (0.048) 0.005 0.048 0.047 0.017 0.041 0.051 0.044 
 241   (0.131) 0.051 0.132 0.129 0.091 0.118 0.084 0.130 
 225   (0.125) 0.048 0.125 0.121 0.015 0.158 0.004 0.138 
 229   (0.061) 0.058 0.061 0.060 0.272 0.048 0.003 0.056 
 233   (0.060) 0.154 0.060 0.076 0.028 0.067 0.002 0.061 
 231   (0.111) 0.143 0.111 0.130 0.022 0.106 0.021 0.110 
 223   (0.057) 0.238 0.056 0.052 0.197 0.058 0.633 0.052 
 237   (0.157) 0.111 0.157 0.141 0.164 0.156 0.041 0.163 
 239   (0.068) 0.097 0.068 0.069 0.140 0.069 0.002 0.067 
 227   (0.009) 0.020 0.008 0.006 0.007 0.004 0.000 0.007 
 251   (0.007) 0.001 0.007 0.005 0.001 0.006 0.000 0.005 
 253   (0.011) 0.001 0.010 0.010 0.003 0.011 0.000 0.010 
 247   (0.003) 0.000 0.003 0.001 0.000 0.001 0.000 0.002 
 255   (0.002) 0.000 0.002 0.001 0.000 0.001 0.000 0.001 
 221   (0.002) 0.000 0.002 0.001 0.000 0.001 0.000 0.001 

Locus 13 : 
14 alleles
0.1% missing data
 293   (0.225) 0.209 0.225 0.246 0.103 0.214 0.437 0.220 
 295   (0.183) 0.604 0.182 0.161 0.442 0.205 0.045 0.190 
 297   (0.178) 0.037 0.178 0.174 0.325 0.181 0.116 0.182 
 299   (0.118) 0.008 0.118 0.133 0.016 0.136 0.007 0.126 
 291   (0.090) 0.097 0.090 0.091 0.059 0.093 0.217 0.085 
 289   (0.058) 0.006 0.059 0.060 0.035 0.049 0.002 0.060 
 309   (0.008) 0.000 0.008 0.004 0.000 0.004 0.000 0.007 
 305   (0.027) 0.003 0.027 0.024 0.002 0.026 0.001 0.029 
 301   (0.057) 0.011 0.058 0.064 0.006 0.053 0.021 0.055 
 285   (0.003) 0.000 0.003 0.001 0.000 0.001 0.000 0.002 
 287   (0.012) 0.022 0.012 0.008 0.001 0.008 0.000 0.009 
 279   (0.015) 0.001 0.015 0.012 0.001 0.012 0.000 0.014 
 303   (0.021) 0.001 0.021 0.019 0.009 0.017 0.153 0.018 
 277   (0.003) 0.000 0.003 0.002 0.000 0.001 0.000 0.002 

Locus 14 : 
6 alleles
0.0% missing data
 127   (0.801) 0.940 0.802 0.805 0.783 0.812 0.705 0.814 
 135   (0.140) 0.029 0.140 0.142 0.063 0.141 0.293 0.137 
 131   (0.005) 0.000 0.005 0.006 0.002 0.003 0.000 0.003 
 129   (0.046) 0.030 0.045 0.044 0.152 0.040 0.002 0.040 
 137   (0.006) 0.000 0.006 0.003 0.000 0.003 0.000 0.004 
 133   (0.003) 0.000 0.002 0.001 0.000 0.001 0.000 0.001 

Locus 15 : 
17 alleles
0.0% missing data
 186   (0.353) 0.665 0.354 0.386 0.268 0.373 0.397 0.362 
 182   (0.063) 0.076 0.064 0.068 0.013 0.054 0.002 0.061 
 180   (0.252) 0.171 0.252 0.259 0.614 0.251 0.387 0.257 
 188   (0.080) 0.009 0.080 0.071 0.011 0.088 0.081 0.084 
 190   (0.041) 0.021 0.042 0.034 0.004 0.035 0.002 0.041 
 176   (0.055) 0.036 0.054 0.049 0.005 0.062 0.082 0.053 
 196   (0.010) 0.001 0.010 0.007 0.005 0.007 0.000 0.009 
 184   (0.060) 0.009 0.061 0.061 0.014 0.069 0.017 0.063 
 198   (0.007) 0.000 0.007 0.003 0.057 0.003 0.000 0.005 
 194   (0.006) 0.002 0.006 0.004 0.000 0.003 0.000 0.004 
 192   (0.044) 0.008 0.044 0.045 0.004 0.043 0.032 0.043 
 178   (0.006) 0.000 0.006 0.005 0.001 0.003 0.000 0.005 
 200   (0.006) 0.000 0.006 0.003 0.001 0.004 0.000 0.006 
 212   (0.002) 0.000 0.002 0.001 0.000 0.001 0.000 0.001 
 202   (0.002) 0.000 0.002 0.001 0.000 0.001 0.000 0.001 
 204   (0.005) 0.000 0.005 0.003 0.000 0.002 0.000 0.003 
 206   (0.005) 0.000 0.005 0.002 0.000 0.003 0.000 0.004 

Values of parameters used in structure:
DATAFILE=/home/martin/bottleneck/structure_analysis/structure_4/data_job_T7_1,	OUTFILE=/home/martin/bottleneck/structure_analysis/structure_4/structure_results/weddell_seal/results_job_T7_1,	NUMINDS=893,	NUMLOCI=15,	MISSING=-9,	LABEL=1,	POPDATA=1,	POPFLAG=0,	PHENOTYPE=0,	EXTRACOLS=0,	MAXPOPS=7,	BURNIN=10000,	NUMREPS=100000,	USEPOPINFO=0,	INFERALPHA=1,	INFERLAMBDA=0,	POPSPECIFICLAMBDA=0,	POPALPHAS=0,	COMPUTEPROB=1,	NOADMIX=0,	ADMBURNIN=2500,	UPDATEFREQ=1,	PRINTLIKES=0,	INTERMEDSAVE=0,	PRINTKLD=0,	PRINTNET=0,	PRINTLAMBDA=0,	ANCESTDIST=0,	NUMBOXES=1000,	ANCESTPINT=0.90000,	GENSBACK=2,	MIGRPRIOR=0.05000,	PRINTQHAT=1,	PRINTQSUM=0,	ALPHA=1.0000,	FREQSCORR=1,	FPRIORMEAN=0.0100,	FPRIORSD=0.0500,	ONEFST=0,	LAMBDA=1.0000,	UNIFPRIORALPHA=1,	ALPHAMAX=10.0000,	ALPHAPRIORA=1.0000,	ALPHAPRIORB=2.0000,	ALPHAPROPSD=0.0250,	STARTATPOPINFO=0,	RANDOMIZE=1,	LINKAGE=0,	METROFREQ=10,	REPORTHITRATE=0,	MARKOVPHASE=-1,	PHASED=0,	PLOIDY=2,	PHASEINFO=0	LOCPRIOR=0, 	LOCPRIORINIT=1.000000, 	LOCDATA=0, 	LOCISPOP=0, 	LOCPRIORSTEP=0.100000, 	MAXLOCPRIOR=20.000000, 	SEED=1470551618,	
[STRAT parameters]:    NUMSIMSTATS=1000,	PHENOTYPECOL=-9,	POOLFREQ=10,	LOCUSxONLY=0,	EMERROR=0.00100,	MISSINGPHENO=-9,	