

----------------------------------------------------
STRUCTURE by Pritchard, Stephens and Donnelly (2000)
     and Falush, Stephens and Pritchard (2003)
       Code by Pritchard, Falush and Hubisz
             Version 2.3.4 (Jul 2012)
----------------------------------------------------



Command line arguments:   /usr/local/bin/structure -m parameter_job_T9_5 
Input File:    /home/martin/bottleneck/structure_analysis/structure_4/data_job_T9_5

Run parameters:
   893 individuals
   15 loci
   9 populations assumed
   10000 Burn-in period
   100000 Reps


--------------------------------------------
Proportion of membership of each pre-defined
 population in each of the 9 clusters

Given    Inferred Clusters                                                 Number of
 Pop       1      2      3      4      5      6      7      8      9      Individuals

  1:     0.045  0.131  0.132  0.061  0.132  0.132  0.131  0.104  0.132      893
--------------------------------------------

Allele-freq. divergence among pops (Net nucleotide distance),
computed using point estimates of P.

      1       2       3       4       5       6       7       8       9      
 1      -    0.0718  0.0721  0.1447  0.0727  0.0727  0.0723  0.1166  0.0723  
 2   0.0718     -    0.0004  0.0751  0.0002  0.0002  0.0004  0.0638  0.0003  
 3   0.0721  0.0004     -    0.0730  0.0002  0.0001  0.0001  0.0627  0.0001  
 4   0.1447  0.0751  0.0730     -    0.0740  0.0727  0.0714  0.1181  0.0742  
 5   0.0727  0.0002  0.0002  0.0740     -    0.0001  0.0003  0.0631  0.0003  
 6   0.0727  0.0002  0.0001  0.0727  0.0001     -    0.0001  0.0625  0.0002  
 7   0.0723  0.0004  0.0001  0.0714  0.0003  0.0001     -    0.0614  0.0003  
 8   0.1166  0.0638  0.0627  0.1181  0.0631  0.0625  0.0614     -    0.0640  
 9   0.0723  0.0003  0.0001  0.0742  0.0003  0.0002  0.0003  0.0640     -    

Average distances (expected heterozygosity) between individuals in same cluster:
cluster  1  : 0.5689 
cluster  2  : 0.7468 
cluster  3  : 0.7504 
cluster  4  : 0.6449 
cluster  5  : 0.7472 
cluster  6  : 0.7506 
cluster  7  : 0.7567 
cluster  8  : 0.6246 
cluster  9  : 0.7454 

--------------------------------------------
Estimated Ln Prob of Data   = -50613.3
Mean value of ln likelihood = -45211.0
Variance of ln likelihood   = 10804.7
Mean value of alpha         = 0.0454

Mean value of Fst_1         = 0.2664
Mean value of Fst_2         = 0.0174
Mean value of Fst_3         = 0.0100
Mean value of Fst_4         = 0.1752
Mean value of Fst_5         = 0.0151
Mean value of Fst_6         = 0.0108
Mean value of Fst_7         = 0.0004
Mean value of Fst_8         = 0.2010
Mean value of Fst_9         = 0.0165


Inferred ancestry of individuals:
        Label (%Miss) Pop:  Inferred clusters
  1        1    (0)    1 :  0.070 0.215 0.116 0.025 0.156 0.174 0.113 0.007 0.124 
  2        2    (0)    1 :  0.003 0.103 0.214 0.009 0.182 0.166 0.173 0.005 0.147 
  3        3    (0)    1 :  0.024 0.162 0.164 0.048 0.139 0.140 0.124 0.009 0.189 
  4        4    (0)    1 :  0.008 0.202 0.131 0.008 0.231 0.147 0.132 0.006 0.135 
  5        5    (0)    1 :  0.036 0.073 0.191 0.006 0.074 0.146 0.328 0.039 0.108 
  6        6    (0)    1 :  0.066 0.128 0.185 0.007 0.144 0.164 0.168 0.021 0.115 
  7        7    (0)    1 :  0.003 0.083 0.211 0.005 0.122 0.160 0.266 0.006 0.143 
  8        8    (0)    1 :  0.010 0.088 0.171 0.075 0.108 0.142 0.286 0.004 0.116 
  9        9    (0)    1 :  0.048 0.161 0.138 0.008 0.203 0.159 0.145 0.008 0.130 
 10       10    (0)    1 :  0.010 0.147 0.152 0.051 0.174 0.137 0.123 0.061 0.144 
 11       11    (0)    1 :  0.033 0.151 0.183 0.006 0.169 0.168 0.162 0.009 0.119 
 12       12    (0)    1 :  0.003 0.213 0.126 0.008 0.121 0.181 0.153 0.004 0.192 
 13       13    (0)    1 :  0.005 0.141 0.175 0.014 0.164 0.180 0.138 0.006 0.176 
 14       14    (0)    1 :  0.020 0.181 0.163 0.006 0.150 0.159 0.138 0.009 0.175 
 15       15    (0)    1 :  0.136 0.192 0.106 0.035 0.138 0.156 0.099 0.011 0.128 
 16       16    (0)    1 :  0.022 0.151 0.188 0.005 0.188 0.159 0.158 0.007 0.122 
 17       17    (0)    1 :  0.028 0.125 0.200 0.015 0.164 0.152 0.164 0.017 0.136 
 18       18    (0)    1 :  0.019 0.168 0.185 0.014 0.150 0.168 0.139 0.009 0.148 
 19       19    (0)    1 :  0.057 0.138 0.139 0.065 0.201 0.138 0.126 0.010 0.125 
 20       20    (0)    1 :  0.005 0.083 0.148 0.026 0.108 0.121 0.192 0.236 0.081 
 21       21    (0)    1 :  0.025 0.113 0.199 0.015 0.133 0.146 0.142 0.038 0.189 
 22       22    (0)    1 :  0.051 0.195 0.115 0.004 0.242 0.156 0.080 0.006 0.151 
 23       23    (0)    1 :  0.026 0.083 0.198 0.019 0.104 0.151 0.315 0.012 0.092 
 24       24    (0)    1 :  0.017 0.133 0.179 0.024 0.146 0.153 0.162 0.053 0.133 
 25       25    (0)    1 :  0.019 0.132 0.123 0.031 0.215 0.142 0.182 0.023 0.134 
 26       26    (0)    1 :  0.013 0.140 0.147 0.009 0.226 0.164 0.130 0.004 0.167 
 27       27    (0)    1 :  0.017 0.137 0.174 0.007 0.131 0.164 0.170 0.007 0.191 
 28       28    (0)    1 :  0.036 0.163 0.122 0.030 0.158 0.136 0.111 0.124 0.119 
 29       29    (0)    1 :  0.005 0.138 0.120 0.011 0.188 0.177 0.180 0.034 0.147 
 30       30    (0)    1 :  0.007 0.223 0.133 0.004 0.197 0.135 0.092 0.004 0.206 
 31       31    (0)    1 :  0.039 0.109 0.204 0.006 0.127 0.158 0.128 0.007 0.222 
 32       32    (0)    1 :  0.009 0.090 0.198 0.005 0.117 0.153 0.297 0.005 0.125 
 33       33    (0)    1 :  0.060 0.057 0.193 0.006 0.094 0.136 0.383 0.005 0.067 
 34       34    (0)    1 :  0.012 0.120 0.161 0.035 0.183 0.162 0.167 0.018 0.141 
 35       35    (0)    1 :  0.023 0.150 0.200 0.007 0.083 0.151 0.192 0.009 0.184 
 36       36    (0)    1 :  0.007 0.085 0.262 0.006 0.123 0.179 0.190 0.006 0.141 
 37       37    (0)    1 :  0.025 0.125 0.126 0.010 0.161 0.168 0.157 0.068 0.160 
 38       38    (0)    1 :  0.104 0.089 0.157 0.012 0.097 0.130 0.272 0.007 0.134 
 39       39    (0)    1 :  0.869 0.018 0.020 0.011 0.018 0.017 0.017 0.009 0.020 
 40       40    (0)    1 :  0.042 0.103 0.175 0.005 0.113 0.155 0.197 0.015 0.194 
 41       41    (0)    1 :  0.013 0.140 0.208 0.020 0.149 0.145 0.180 0.011 0.134 
 42       42    (0)    1 :  0.033 0.164 0.134 0.012 0.116 0.166 0.171 0.012 0.192 
 43       43    (0)    1 :  0.019 0.112 0.184 0.057 0.152 0.148 0.185 0.009 0.133 
 44       44    (0)    1 :  0.009 0.139 0.182 0.006 0.141 0.164 0.193 0.040 0.126 
 45       45    (0)    1 :  0.003 0.156 0.144 0.021 0.232 0.171 0.135 0.004 0.133 
 46       46    (0)    1 :  0.008 0.120 0.205 0.009 0.206 0.152 0.126 0.010 0.164 
 47       47    (0)    1 :  0.026 0.224 0.131 0.009 0.150 0.144 0.166 0.031 0.118 
 48       48    (0)    1 :  0.012 0.129 0.173 0.009 0.176 0.166 0.190 0.031 0.114 
 49       49    (0)    1 :  0.025 0.162 0.147 0.066 0.129 0.142 0.112 0.015 0.202 
 50       50    (0)    1 :  0.007 0.152 0.153 0.015 0.181 0.152 0.186 0.007 0.147 
 51       51    (0)    1 :  0.005 0.107 0.187 0.015 0.121 0.157 0.221 0.005 0.183 
 52       52    (0)    1 :  0.016 0.102 0.240 0.003 0.108 0.158 0.240 0.005 0.127 
 53       53    (0)    1 :  0.004 0.090 0.170 0.037 0.144 0.164 0.280 0.006 0.104 
 54       54    (0)    1 :  0.027 0.128 0.169 0.008 0.122 0.137 0.159 0.085 0.164 
 55       55    (0)    1 :  0.005 0.105 0.154 0.194 0.103 0.142 0.151 0.012 0.133 
 56       56    (0)    1 :  0.040 0.180 0.141 0.006 0.174 0.146 0.139 0.016 0.156 
 57       57    (0)    1 :  0.008 0.131 0.178 0.014 0.132 0.163 0.141 0.006 0.226 
 58       58    (0)    1 :  0.007 0.179 0.150 0.008 0.205 0.137 0.118 0.023 0.172 
 59       59    (0)    1 :  0.008 0.101 0.171 0.005 0.186 0.158 0.254 0.006 0.112 
 60       60    (0)    1 :  0.011 0.148 0.193 0.016 0.141 0.140 0.151 0.013 0.188 
 61       61    (0)    1 :  0.041 0.147 0.115 0.013 0.124 0.126 0.116 0.179 0.140 
 62       62    (0)    1 :  0.005 0.101 0.156 0.016 0.185 0.143 0.249 0.006 0.140 
 63       63    (0)    1 :  0.025 0.127 0.204 0.028 0.091 0.157 0.172 0.013 0.183 
 64       64    (0)    1 :  0.007 0.212 0.175 0.011 0.217 0.146 0.090 0.006 0.136 
 65       65    (0)    1 :  0.014 0.207 0.168 0.007 0.159 0.147 0.141 0.008 0.149 
 66       66    (0)    1 :  0.007 0.094 0.180 0.011 0.143 0.173 0.240 0.010 0.143 
 67       67    (0)    1 :  0.017 0.099 0.164 0.017 0.112 0.179 0.277 0.046 0.091 
 68       68    (0)    1 :  0.299 0.103 0.125 0.020 0.093 0.120 0.111 0.022 0.106 
 69       69    (0)    1 :  0.120 0.072 0.166 0.009 0.114 0.127 0.181 0.111 0.100 
 70       70    (0)    1 :  0.016 0.143 0.179 0.007 0.140 0.140 0.107 0.015 0.253 
 71       71    (0)    1 :  0.018 0.065 0.231 0.007 0.107 0.159 0.267 0.024 0.122 
 72       72    (0)    1 :  0.005 0.194 0.181 0.012 0.144 0.150 0.165 0.014 0.136 
 73       73    (0)    1 :  0.018 0.199 0.134 0.034 0.156 0.143 0.182 0.009 0.124 
 74       74    (0)    1 :  0.015 0.148 0.165 0.008 0.214 0.144 0.149 0.007 0.150 
 75       75    (0)    1 :  0.008 0.187 0.155 0.028 0.119 0.159 0.149 0.006 0.189 
 76       76    (0)    1 :  0.027 0.075 0.256 0.007 0.087 0.171 0.241 0.007 0.128 
 77       77    (0)    1 :  0.008 0.006 0.006 0.948 0.006 0.006 0.006 0.008 0.006 
 78       78    (0)    1 :  0.014 0.016 0.018 0.874 0.018 0.018 0.018 0.010 0.016 
 79       79    (0)    1 :  0.004 0.007 0.007 0.942 0.007 0.007 0.007 0.011 0.008 
 80       80    (0)    1 :  0.003 0.005 0.005 0.965 0.005 0.005 0.005 0.003 0.005 
 81       81    (0)    1 :  0.004 0.007 0.007 0.948 0.007 0.007 0.007 0.004 0.007 
 82       82    (0)    1 :  0.009 0.008 0.008 0.935 0.007 0.009 0.009 0.006 0.009 
 83       83    (0)    1 :  0.013 0.021 0.018 0.849 0.018 0.019 0.017 0.023 0.021 
 84       84    (0)    1 :  0.010 0.010 0.010 0.927 0.009 0.009 0.010 0.006 0.009 
 85       85    (0)    1 :  0.008 0.011 0.013 0.910 0.013 0.011 0.012 0.008 0.014 
 86       86    (0)    1 :  0.016 0.040 0.033 0.772 0.031 0.030 0.032 0.008 0.038 
 87       87    (0)    1 :  0.005 0.005 0.006 0.957 0.006 0.006 0.006 0.004 0.005 
 88       88    (0)    1 :  0.013 0.005 0.006 0.944 0.005 0.005 0.007 0.009 0.005 
 89       89    (0)    1 :  0.008 0.008 0.007 0.943 0.007 0.007 0.007 0.006 0.007 
 90       90    (0)    1 :  0.016 0.067 0.089 0.464 0.079 0.100 0.112 0.013 0.060 
 91       91    (0)    1 :  0.013 0.006 0.007 0.941 0.007 0.006 0.006 0.007 0.006 
 92       92    (0)    1 :  0.006 0.007 0.007 0.941 0.008 0.007 0.007 0.010 0.007 
 93       93    (0)    1 :  0.004 0.006 0.006 0.952 0.007 0.007 0.006 0.005 0.006 
 94       94    (0)    1 :  0.004 0.005 0.005 0.963 0.004 0.005 0.005 0.006 0.005 
 95       95    (0)    1 :  0.019 0.012 0.013 0.895 0.013 0.013 0.012 0.011 0.013 
 96       96    (0)    1 :  0.007 0.006 0.006 0.953 0.006 0.006 0.006 0.005 0.006 
 97       97    (0)    1 :  0.008 0.050 0.033 0.674 0.044 0.039 0.036 0.080 0.036 
 98       98    (0)    1 :  0.015 0.128 0.107 0.256 0.137 0.119 0.116 0.018 0.105 
 99       99    (0)    1 :  0.021 0.007 0.006 0.936 0.007 0.007 0.007 0.004 0.006 
100      100    (0)    1 :  0.009 0.028 0.032 0.781 0.033 0.035 0.042 0.009 0.032 
101      101    (0)    1 :  0.013 0.009 0.009 0.930 0.008 0.009 0.009 0.005 0.008 
102      102    (0)    1 :  0.028 0.030 0.040 0.686 0.034 0.035 0.038 0.071 0.039 
103      103    (0)    1 :  0.052 0.145 0.148 0.008 0.164 0.198 0.145 0.007 0.134 
104      104    (0)    1 :  0.004 0.160 0.154 0.005 0.196 0.182 0.138 0.005 0.155 
105      105    (0)    1 :  0.011 0.235 0.150 0.006 0.136 0.165 0.166 0.020 0.110 
106      106    (0)    1 :  0.006 0.169 0.172 0.018 0.138 0.166 0.143 0.010 0.178 
107      107    (0)    1 :  0.009 0.244 0.131 0.016 0.240 0.131 0.078 0.007 0.145 
108      108    (0)    1 :  0.029 0.117 0.140 0.013 0.231 0.142 0.103 0.015 0.209 
109      109    (0)    1 :  0.019 0.172 0.139 0.017 0.157 0.163 0.151 0.036 0.145 
110      110    (0)    1 :  0.017 0.103 0.166 0.005 0.130 0.149 0.292 0.016 0.121 
111      111    (0)    1 :  0.017 0.157 0.179 0.006 0.160 0.189 0.172 0.006 0.114 
112      112    (0)    1 :  0.041 0.113 0.161 0.013 0.171 0.205 0.155 0.005 0.136 
113      113    (0)    1 :  0.013 0.206 0.143 0.029 0.103 0.171 0.122 0.008 0.204 
114      114    (0)    1 :  0.004 0.086 0.179 0.012 0.129 0.189 0.243 0.007 0.150 
115      115    (0)    1 :  0.050 0.149 0.187 0.006 0.156 0.143 0.140 0.049 0.121 
116      116    (0)    1 :  0.006 0.246 0.122 0.008 0.210 0.165 0.124 0.004 0.114 
117      117    (0)    1 :  0.006 0.139 0.153 0.005 0.187 0.151 0.092 0.007 0.261 
118      118    (0)    1 :  0.017 0.154 0.151 0.009 0.148 0.176 0.165 0.007 0.174 
119      119    (0)    1 :  0.011 0.137 0.204 0.009 0.113 0.145 0.140 0.005 0.235 
120      120    (0)    1 :  0.008 0.130 0.160 0.027 0.207 0.141 0.102 0.004 0.220 
121      121    (0)    1 :  0.058 0.134 0.163 0.018 0.124 0.137 0.127 0.011 0.229 
122      122    (0)    1 :  0.014 0.183 0.124 0.011 0.227 0.160 0.123 0.012 0.146 
123      123    (0)    1 :  0.029 0.211 0.149 0.010 0.136 0.149 0.119 0.011 0.187 
124      124    (0)    1 :  0.053 0.124 0.182 0.029 0.136 0.162 0.182 0.008 0.124 
125      125    (0)    1 :  0.006 0.098 0.184 0.005 0.158 0.184 0.207 0.009 0.148 
126      126    (0)    1 :  0.006 0.140 0.144 0.052 0.168 0.167 0.145 0.016 0.164 
127      127    (0)    1 :  0.014 0.120 0.162 0.010 0.184 0.169 0.180 0.010 0.150 
128      128    (0)    1 :  0.005 0.122 0.069 0.440 0.111 0.086 0.076 0.005 0.086 
129      129    (0)    1 :  0.010 0.153 0.160 0.050 0.166 0.152 0.151 0.014 0.143 
130      130    (0)    1 :  0.090 0.150 0.155 0.006 0.094 0.145 0.185 0.011 0.164 
131      131    (0)    1 :  0.011 0.160 0.144 0.044 0.166 0.160 0.119 0.006 0.190 
132      132    (0)    1 :  0.010 0.090 0.166 0.006 0.151 0.182 0.282 0.004 0.111 
133      133    (0)    1 :  0.005 0.148 0.147 0.058 0.141 0.146 0.119 0.005 0.231 
134      134    (0)    1 :  0.007 0.102 0.172 0.023 0.092 0.142 0.360 0.006 0.095 
135      135    (0)    1 :  0.009 0.119 0.157 0.107 0.125 0.154 0.139 0.049 0.141 
136      136    (0)    1 :  0.015 0.090 0.152 0.053 0.172 0.150 0.190 0.009 0.170 
137      137    (0)    1 :  0.013 0.229 0.119 0.006 0.229 0.158 0.100 0.010 0.136 
138      138    (0)    1 :  0.004 0.084 0.132 0.012 0.223 0.148 0.286 0.007 0.105 
139      139    (0)    1 :  0.062 0.140 0.158 0.018 0.128 0.167 0.203 0.006 0.118 
140      140    (0)    1 :  0.049 0.120 0.155 0.028 0.170 0.140 0.148 0.053 0.137 
141      141    (0)    1 :  0.016 0.143 0.181 0.006 0.173 0.160 0.170 0.006 0.144 
142      142    (0)    1 :  0.012 0.162 0.175 0.005 0.184 0.139 0.102 0.009 0.211 
143      143    (0)    1 :  0.011 0.193 0.131 0.020 0.161 0.201 0.115 0.005 0.163 
144      144    (0)    1 :  0.011 0.150 0.142 0.016 0.222 0.167 0.141 0.005 0.145 
145      145    (0)    1 :  0.109 0.127 0.162 0.009 0.142 0.110 0.109 0.053 0.180 
146      146    (0)    1 :  0.013 0.185 0.131 0.016 0.147 0.149 0.182 0.015 0.162 
147      147    (0)    1 :  0.112 0.186 0.140 0.006 0.122 0.121 0.107 0.017 0.189 
148      148    (0)    1 :  0.005 0.102 0.170 0.057 0.120 0.191 0.241 0.008 0.107 
149      149    (0)    1 :  0.026 0.130 0.166 0.006 0.155 0.152 0.155 0.031 0.178 
150      150    (0)    1 :  0.008 0.114 0.151 0.035 0.141 0.152 0.138 0.083 0.179 
151      151    (0)    1 :  0.014 0.118 0.154 0.007 0.192 0.192 0.198 0.008 0.116 
152      152    (0)    1 :  0.240 0.083 0.059 0.031 0.091 0.061 0.074 0.303 0.059 
153      153    (0)    1 :  0.036 0.079 0.239 0.020 0.098 0.151 0.217 0.034 0.126 
154      154    (0)    1 :  0.063 0.174 0.126 0.026 0.132 0.120 0.187 0.069 0.103 
155      155    (0)    1 :  0.007 0.125 0.172 0.008 0.141 0.224 0.195 0.008 0.119 
156      156    (0)    1 :  0.009 0.206 0.080 0.187 0.154 0.135 0.085 0.027 0.118 
157      157    (0)    1 :  0.020 0.098 0.179 0.015 0.088 0.146 0.355 0.006 0.090 
158      158    (0)    1 :  0.012 0.107 0.179 0.013 0.111 0.165 0.300 0.005 0.109 
159      159    (0)    1 :  0.012 0.134 0.118 0.037 0.093 0.101 0.141 0.258 0.107 
160      160    (0)    1 :  0.075 0.154 0.150 0.010 0.163 0.149 0.116 0.009 0.175 
161      161    (0)    1 :  0.026 0.118 0.196 0.026 0.118 0.152 0.181 0.027 0.156 
162      162    (0)    1 :  0.006 0.137 0.163 0.008 0.183 0.194 0.139 0.011 0.160 
163      163    (0)    1 :  0.011 0.216 0.138 0.004 0.159 0.149 0.085 0.005 0.231 
164      164    (0)    1 :  0.017 0.126 0.163 0.004 0.199 0.163 0.134 0.007 0.187 
165      165    (0)    1 :  0.004 0.166 0.134 0.004 0.097 0.155 0.186 0.067 0.186 
166      166    (0)    1 :  0.031 0.094 0.145 0.088 0.155 0.132 0.126 0.004 0.225 
167      167    (0)    1 :  0.017 0.229 0.140 0.005 0.180 0.151 0.126 0.007 0.145 
168      168    (0)    1 :  0.008 0.168 0.185 0.018 0.187 0.158 0.148 0.013 0.113 
169      169    (0)    1 :  0.005 0.126 0.185 0.005 0.129 0.171 0.185 0.004 0.191 
170      170    (0)    1 :  0.014 0.177 0.142 0.008 0.196 0.165 0.109 0.012 0.176 
171      171    (0)    1 :  0.031 0.182 0.129 0.006 0.167 0.155 0.123 0.023 0.184 
172      172    (0)    1 :  0.018 0.225 0.132 0.004 0.177 0.147 0.116 0.009 0.171 
173      173    (0)    1 :  0.009 0.158 0.170 0.010 0.191 0.136 0.144 0.017 0.164 
174      174    (0)    1 :  0.013 0.156 0.150 0.006 0.154 0.145 0.133 0.089 0.154 
175      175    (0)    1 :  0.046 0.189 0.138 0.006 0.164 0.158 0.119 0.013 0.168 
176      176    (0)    1 :  0.025 0.157 0.154 0.010 0.190 0.156 0.113 0.012 0.181 
177      177    (0)    1 :  0.023 0.133 0.168 0.004 0.166 0.156 0.106 0.006 0.238 
178      178    (0)    1 :  0.020 0.134 0.155 0.005 0.130 0.187 0.227 0.016 0.125 
179      179    (0)    1 :  0.632 0.059 0.056 0.017 0.052 0.054 0.045 0.012 0.074 
180      180    (0)    1 :  0.012 0.187 0.149 0.008 0.235 0.166 0.093 0.005 0.146 
181      181    (0)    1 :  0.024 0.161 0.160 0.058 0.139 0.146 0.140 0.014 0.158 
182      182    (0)    1 :  0.037 0.146 0.160 0.030 0.136 0.135 0.088 0.008 0.259 
183      183    (0)    1 :  0.016 0.164 0.142 0.056 0.143 0.155 0.192 0.017 0.114 
184      184    (0)    1 :  0.050 0.141 0.152 0.013 0.109 0.162 0.177 0.008 0.188 
185      185    (0)    1 :  0.017 0.200 0.125 0.019 0.170 0.161 0.128 0.007 0.174 
186      186    (0)    1 :  0.006 0.191 0.156 0.006 0.181 0.136 0.066 0.003 0.255 
187      187    (0)    1 :  0.075 0.139 0.138 0.006 0.181 0.148 0.144 0.027 0.143 
188      188    (0)    1 :  0.024 0.142 0.144 0.008 0.203 0.167 0.137 0.018 0.156 
189      189    (0)    1 :  0.066 0.132 0.193 0.009 0.138 0.147 0.119 0.011 0.185 
190      190    (0)    1 :  0.025 0.133 0.171 0.005 0.143 0.153 0.149 0.028 0.191 
191      191    (0)    1 :  0.024 0.150 0.135 0.065 0.143 0.154 0.128 0.059 0.142 
192      192    (0)    1 :  0.025 0.171 0.122 0.003 0.179 0.145 0.162 0.052 0.142 
193      193    (0)    1 :  0.047 0.124 0.168 0.007 0.089 0.156 0.277 0.009 0.122 
194      194    (0)    1 :  0.025 0.166 0.161 0.007 0.138 0.154 0.138 0.021 0.190 
195      195    (0)    1 :  0.009 0.145 0.160 0.006 0.143 0.138 0.115 0.023 0.261 
196      196    (0)    1 :  0.037 0.095 0.115 0.298 0.098 0.104 0.159 0.006 0.088 
197      197    (0)    1 :  0.018 0.155 0.166 0.028 0.158 0.155 0.148 0.005 0.167 
198      198    (0)    1 :  0.023 0.130 0.180 0.016 0.130 0.180 0.195 0.010 0.135 
199      199    (0)    1 :  0.041 0.138 0.176 0.008 0.150 0.134 0.108 0.009 0.237 
200      200    (0)    1 :  0.013 0.111 0.213 0.025 0.112 0.157 0.194 0.005 0.169 
201      201    (0)    1 :  0.067 0.142 0.147 0.005 0.154 0.139 0.133 0.063 0.151 
202      202    (0)    1 :  0.010 0.119 0.166 0.025 0.098 0.147 0.309 0.005 0.121 
203      203    (0)    1 :  0.035 0.224 0.121 0.039 0.166 0.127 0.128 0.007 0.151 
204      204    (0)    1 :  0.004 0.158 0.168 0.010 0.118 0.168 0.184 0.010 0.180 
205      205    (0)    1 :  0.004 0.131 0.125 0.011 0.213 0.218 0.159 0.021 0.119 
206      206    (0)    1 :  0.026 0.202 0.124 0.008 0.202 0.146 0.144 0.018 0.130 
207      207    (0)    1 :  0.045 0.196 0.146 0.022 0.188 0.141 0.091 0.006 0.165 
208      208    (0)    1 :  0.004 0.238 0.130 0.036 0.145 0.207 0.113 0.005 0.123 
209      209    (0)    1 :  0.006 0.096 0.163 0.009 0.141 0.154 0.274 0.034 0.123 
210      210    (0)    1 :  0.010 0.119 0.153 0.015 0.142 0.147 0.247 0.008 0.160 
211      211    (0)    1 :  0.007 0.223 0.158 0.008 0.165 0.222 0.098 0.006 0.115 
212      212    (0)    1 :  0.010 0.155 0.163 0.021 0.193 0.171 0.125 0.027 0.135 
213      213    (0)    1 :  0.009 0.109 0.198 0.016 0.112 0.193 0.204 0.011 0.148 
214      214    (0)    1 :  0.007 0.122 0.212 0.009 0.143 0.175 0.142 0.027 0.164 
215      215    (0)    1 :  0.015 0.237 0.141 0.012 0.210 0.150 0.117 0.007 0.111 
216      216    (0)    1 :  0.013 0.145 0.151 0.008 0.173 0.181 0.161 0.011 0.157 
217      217    (0)    1 :  0.018 0.159 0.156 0.007 0.152 0.159 0.121 0.027 0.201 
218      218    (0)    1 :  0.009 0.151 0.161 0.034 0.129 0.170 0.184 0.013 0.150 
219      219    (0)    1 :  0.013 0.140 0.200 0.006 0.119 0.144 0.168 0.004 0.207 
220      220    (0)    1 :  0.010 0.071 0.105 0.352 0.102 0.095 0.135 0.010 0.119 
221      221    (0)    1 :  0.015 0.149 0.143 0.021 0.196 0.184 0.132 0.018 0.143 
222      222    (0)    1 :  0.052 0.115 0.165 0.008 0.136 0.144 0.155 0.069 0.155 
223      223    (0)    1 :  0.053 0.201 0.132 0.005 0.150 0.147 0.147 0.022 0.143 
224      224    (0)    1 :  0.007 0.174 0.156 0.005 0.162 0.156 0.130 0.015 0.195 
225      225    (0)    1 :  0.215 0.093 0.088 0.007 0.097 0.093 0.078 0.228 0.102 
226      226    (0)    1 :  0.007 0.227 0.129 0.009 0.191 0.162 0.120 0.023 0.132 
227      227    (0)    1 :  0.008 0.203 0.159 0.008 0.158 0.145 0.120 0.005 0.193 
228      228    (0)    1 :  0.067 0.144 0.163 0.006 0.162 0.168 0.128 0.006 0.155 
229      229    (0)    1 :  0.031 0.163 0.168 0.021 0.131 0.145 0.194 0.016 0.131 
230      230    (0)    1 :  0.006 0.148 0.138 0.006 0.191 0.159 0.181 0.022 0.148 
231      231    (0)    1 :  0.009 0.148 0.176 0.006 0.148 0.147 0.083 0.007 0.276 
232      232    (0)    1 :  0.007 0.220 0.169 0.007 0.190 0.158 0.125 0.004 0.119 
233      233    (0)    1 :  0.050 0.134 0.184 0.014 0.154 0.137 0.078 0.009 0.240 
234      234    (0)    1 :  0.039 0.131 0.149 0.007 0.158 0.152 0.159 0.025 0.180 
235      235    (0)    1 :  0.017 0.141 0.163 0.008 0.126 0.143 0.195 0.009 0.197 
236      236    (0)    1 :  0.011 0.161 0.140 0.021 0.173 0.144 0.153 0.013 0.185 
237      237    (0)    1 :  0.024 0.142 0.165 0.032 0.154 0.170 0.157 0.021 0.135 
238      238    (0)    1 :  0.007 0.161 0.150 0.017 0.159 0.179 0.190 0.029 0.108 
239      239    (0)    1 :  0.017 0.123 0.166 0.014 0.113 0.142 0.197 0.009 0.219 
240      240    (0)    1 :  0.242 0.098 0.115 0.097 0.090 0.109 0.125 0.014 0.111 
241      241    (0)    1 :  0.013 0.183 0.152 0.009 0.186 0.151 0.135 0.005 0.164 
242      242    (0)    1 :  0.013 0.137 0.192 0.026 0.117 0.185 0.211 0.009 0.111 
243      243    (0)    1 :  0.005 0.147 0.183 0.009 0.123 0.162 0.217 0.011 0.143 
244      244    (0)    1 :  0.006 0.289 0.132 0.016 0.204 0.146 0.068 0.004 0.134 
245      245    (0)    1 :  0.029 0.082 0.146 0.012 0.059 0.124 0.478 0.012 0.058 
246      246    (0)    1 :  0.007 0.186 0.128 0.047 0.217 0.165 0.126 0.006 0.118 
247      247    (0)    1 :  0.035 0.093 0.261 0.004 0.104 0.164 0.179 0.026 0.133 
248      248    (0)    1 :  0.011 0.123 0.205 0.017 0.119 0.164 0.148 0.009 0.205 
249      249    (0)    1 :  0.009 0.128 0.150 0.005 0.105 0.172 0.296 0.007 0.127 
250      250    (0)    1 :  0.011 0.279 0.124 0.011 0.161 0.151 0.079 0.028 0.156 
251      251    (0)    1 :  0.020 0.204 0.157 0.020 0.134 0.152 0.155 0.006 0.152 
252      252    (0)    1 :  0.004 0.154 0.158 0.029 0.188 0.145 0.157 0.026 0.139 
253      253    (0)    1 :  0.006 0.148 0.175 0.057 0.131 0.160 0.189 0.008 0.126 
254      254    (0)    1 :  0.011 0.129 0.160 0.009 0.175 0.209 0.176 0.007 0.124 
255      255    (0)    1 :  0.008 0.125 0.155 0.044 0.149 0.173 0.226 0.005 0.115 
256      256    (0)    1 :  0.013 0.194 0.158 0.004 0.151 0.156 0.099 0.009 0.216 
257      257    (0)    1 :  0.011 0.150 0.139 0.023 0.150 0.155 0.153 0.016 0.203 
258      258    (6)    1 :  0.008 0.200 0.153 0.005 0.189 0.147 0.168 0.005 0.125 
259      259    (0)    1 :  0.015 0.113 0.188 0.007 0.155 0.157 0.133 0.005 0.225 
260      260    (0)    1 :  0.016 0.134 0.194 0.008 0.145 0.161 0.132 0.017 0.193 
261      261    (0)    1 :  0.017 0.090 0.149 0.009 0.122 0.121 0.355 0.006 0.131 
262      262    (0)    1 :  0.007 0.156 0.174 0.006 0.156 0.174 0.173 0.007 0.146 
263      263    (0)    1 :  0.004 0.091 0.154 0.009 0.122 0.147 0.184 0.135 0.154 
264      264    (0)    1 :  0.012 0.068 0.199 0.013 0.125 0.172 0.294 0.026 0.091 
265      265    (0)    1 :  0.012 0.059 0.230 0.011 0.073 0.135 0.376 0.021 0.081 
266      266    (0)    1 :  0.019 0.099 0.228 0.020 0.139 0.160 0.187 0.009 0.138 
267      267    (0)    1 :  0.058 0.091 0.187 0.096 0.113 0.144 0.150 0.010 0.151 
268      268    (0)    1 :  0.022 0.113 0.136 0.247 0.101 0.118 0.124 0.054 0.084 
269      269    (0)    1 :  0.219 0.141 0.108 0.021 0.146 0.110 0.128 0.011 0.115 
270      270    (0)    1 :  0.009 0.185 0.131 0.019 0.207 0.158 0.160 0.005 0.126 
271      271    (0)    1 :  0.014 0.119 0.168 0.046 0.127 0.150 0.167 0.029 0.181 
272      272    (0)    1 :  0.492 0.085 0.085 0.008 0.079 0.078 0.078 0.017 0.079 
273      273    (0)    1 :  0.026 0.162 0.149 0.004 0.156 0.159 0.172 0.023 0.149 
274      274    (0)    1 :  0.022 0.162 0.162 0.025 0.138 0.143 0.146 0.024 0.177 
275      275    (0)    1 :  0.019 0.140 0.151 0.024 0.166 0.158 0.181 0.007 0.154 
276      276    (0)    1 :  0.046 0.221 0.123 0.009 0.154 0.123 0.109 0.098 0.118 
277      277    (0)    1 :  0.017 0.167 0.186 0.006 0.148 0.144 0.108 0.012 0.212 
278      278    (0)    1 :  0.010 0.106 0.154 0.073 0.150 0.163 0.156 0.077 0.111 
279      279    (0)    1 :  0.011 0.153 0.128 0.021 0.200 0.192 0.143 0.023 0.129 
280      280    (0)    1 :  0.028 0.171 0.138 0.013 0.201 0.147 0.127 0.005 0.171 
281      281    (0)    1 :  0.006 0.127 0.194 0.028 0.164 0.181 0.175 0.004 0.122 
282      282    (0)    1 :  0.021 0.122 0.128 0.011 0.190 0.161 0.195 0.049 0.124 
283      283    (0)    1 :  0.012 0.122 0.140 0.012 0.110 0.124 0.135 0.208 0.137 
284      284    (0)    1 :  0.012 0.164 0.140 0.008 0.151 0.148 0.164 0.038 0.176 
285      285    (0)    1 :  0.016 0.102 0.190 0.051 0.094 0.148 0.263 0.018 0.117 
286      286    (0)    1 :  0.012 0.194 0.174 0.011 0.128 0.165 0.120 0.009 0.187 
287      287    (0)    1 :  0.012 0.173 0.158 0.049 0.118 0.155 0.107 0.011 0.217 
288      288    (0)    1 :  0.019 0.181 0.163 0.017 0.147 0.174 0.128 0.014 0.158 
289      289    (0)    1 :  0.018 0.133 0.187 0.004 0.168 0.162 0.176 0.009 0.144 
290      290    (0)    1 :  0.012 0.123 0.163 0.020 0.147 0.179 0.204 0.008 0.144 
291      291    (0)    1 :  0.006 0.124 0.162 0.019 0.164 0.152 0.110 0.017 0.247 
292      292    (0)    1 :  0.103 0.173 0.158 0.017 0.121 0.133 0.122 0.030 0.143 
293      293    (0)    1 :  0.011 0.257 0.096 0.010 0.243 0.163 0.085 0.008 0.127 
294      294    (0)    1 :  0.005 0.125 0.124 0.165 0.109 0.131 0.118 0.076 0.147 
295      295    (0)    1 :  0.046 0.163 0.151 0.031 0.173 0.151 0.107 0.010 0.168 
296      296    (0)    1 :  0.028 0.125 0.140 0.007 0.207 0.172 0.141 0.035 0.144 
297      297    (0)    1 :  0.012 0.175 0.128 0.009 0.159 0.161 0.134 0.053 0.170 
298      298    (0)    1 :  0.004 0.148 0.157 0.010 0.213 0.164 0.154 0.007 0.143 
299      299    (0)    1 :  0.008 0.135 0.172 0.020 0.140 0.179 0.206 0.027 0.112 
300      300    (0)    1 :  0.027 0.125 0.182 0.010 0.146 0.191 0.165 0.016 0.138 
301      301    (0)    1 :  0.007 0.166 0.122 0.110 0.203 0.138 0.092 0.005 0.157 
302      302    (0)    1 :  0.005 0.134 0.191 0.006 0.150 0.141 0.115 0.009 0.248 
303      303    (0)    1 :  0.007 0.100 0.164 0.007 0.133 0.176 0.194 0.066 0.153 
304      304    (0)    1 :  0.006 0.202 0.152 0.004 0.222 0.158 0.106 0.008 0.141 
305      305    (0)    1 :  0.008 0.172 0.130 0.024 0.205 0.159 0.161 0.006 0.135 
306      306    (0)    1 :  0.006 0.174 0.145 0.008 0.173 0.164 0.180 0.008 0.141 
307      307    (0)    1 :  0.037 0.123 0.152 0.013 0.141 0.163 0.217 0.026 0.127 
308      308    (0)    1 :  0.007 0.138 0.149 0.016 0.190 0.224 0.136 0.007 0.133 
309      309    (0)    1 :  0.011 0.224 0.129 0.007 0.161 0.145 0.130 0.037 0.155 
310      310    (0)    1 :  0.007 0.181 0.130 0.008 0.139 0.156 0.163 0.091 0.125 
311      311    (0)    1 :  0.007 0.249 0.118 0.007 0.197 0.155 0.109 0.016 0.142 
312      312    (0)    1 :  0.058 0.162 0.165 0.068 0.105 0.132 0.101 0.027 0.183 
313      313    (0)    1 :  0.037 0.147 0.160 0.005 0.219 0.158 0.118 0.006 0.150 
314      314    (0)    1 :  0.083 0.106 0.157 0.084 0.112 0.142 0.164 0.048 0.103 
315      315    (0)    1 :  0.012 0.286 0.116 0.010 0.172 0.133 0.110 0.008 0.154 
316      316    (0)    1 :  0.046 0.131 0.133 0.008 0.112 0.123 0.261 0.076 0.110 
317      317    (0)    1 :  0.014 0.169 0.145 0.024 0.175 0.152 0.117 0.026 0.180 
318      318    (0)    1 :  0.043 0.170 0.158 0.005 0.187 0.157 0.124 0.021 0.135 
319      319    (0)    1 :  0.089 0.115 0.141 0.007 0.106 0.117 0.133 0.165 0.127 
320      320    (0)    1 :  0.011 0.114 0.112 0.207 0.162 0.115 0.115 0.047 0.116 
321      321    (0)    1 :  0.018 0.080 0.177 0.012 0.175 0.197 0.233 0.005 0.105 
322      322    (0)    1 :  0.018 0.177 0.122 0.033 0.218 0.155 0.113 0.014 0.149 
323      323    (0)    1 :  0.011 0.113 0.164 0.027 0.131 0.141 0.229 0.011 0.174 
324      324    (0)    1 :  0.015 0.141 0.170 0.007 0.189 0.176 0.175 0.007 0.119 
325      325    (0)    1 :  0.033 0.238 0.122 0.031 0.176 0.120 0.133 0.022 0.125 
326      326    (0)    1 :  0.006 0.174 0.144 0.004 0.206 0.177 0.145 0.006 0.138 
327      327    (0)    1 :  0.037 0.144 0.147 0.010 0.202 0.184 0.128 0.005 0.144 
328      328    (0)    1 :  0.010 0.157 0.154 0.032 0.144 0.171 0.150 0.015 0.168 
329      329    (0)    1 :  0.011 0.160 0.147 0.024 0.192 0.182 0.115 0.015 0.153 
330      330    (0)    1 :  0.291 0.109 0.110 0.022 0.132 0.100 0.077 0.004 0.155 
331      331    (0)    1 :  0.136 0.192 0.121 0.014 0.174 0.122 0.121 0.005 0.116 
332      332    (0)    1 :  0.006 0.262 0.121 0.004 0.162 0.212 0.117 0.008 0.109 
333      333    (0)    1 :  0.006 0.158 0.158 0.008 0.178 0.169 0.134 0.010 0.179 
334      334    (0)    1 :  0.101 0.173 0.123 0.021 0.104 0.123 0.215 0.005 0.135 
335      335    (0)    1 :  0.018 0.134 0.164 0.053 0.184 0.139 0.190 0.007 0.111 
336      336    (0)    1 :  0.956 0.006 0.006 0.005 0.006 0.006 0.006 0.004 0.005 
337      337    (0)    1 :  0.575 0.050 0.063 0.016 0.062 0.062 0.061 0.040 0.071 
338      338    (0)    1 :  0.956 0.005 0.004 0.014 0.004 0.005 0.004 0.003 0.005 
339      339    (0)    1 :  0.975 0.003 0.003 0.003 0.003 0.003 0.003 0.003 0.003 
340      340    (0)    1 :  0.947 0.006 0.006 0.004 0.006 0.006 0.006 0.012 0.006 
341      341    (0)    1 :  0.010 0.112 0.229 0.009 0.124 0.181 0.180 0.006 0.149 
342      342    (0)    1 :  0.978 0.003 0.003 0.003 0.003 0.003 0.003 0.003 0.003 
343      343    (0)    1 :  0.926 0.009 0.010 0.007 0.010 0.010 0.009 0.010 0.010 
344      344    (0)    1 :  0.953 0.006 0.006 0.006 0.006 0.006 0.006 0.006 0.006 
345      345    (0)    1 :  0.911 0.011 0.010 0.005 0.011 0.011 0.010 0.020 0.011 
346      346    (0)    1 :  0.956 0.005 0.005 0.005 0.005 0.005 0.005 0.008 0.005 
347      347    (0)    1 :  0.933 0.008 0.009 0.005 0.008 0.009 0.009 0.011 0.008 
348      348    (0)    1 :  0.807 0.025 0.021 0.050 0.024 0.021 0.020 0.010 0.022 
349      349    (0)    1 :  0.977 0.003 0.003 0.003 0.003 0.003 0.003 0.003 0.003 
350      350    (0)    1 :  0.787 0.028 0.026 0.034 0.034 0.033 0.027 0.004 0.027 
351      351    (0)    1 :  0.940 0.006 0.006 0.004 0.007 0.006 0.006 0.018 0.006 
352      352    (0)    1 :  0.017 0.241 0.132 0.010 0.188 0.179 0.109 0.006 0.118 
353      353    (0)    1 :  0.960 0.006 0.005 0.004 0.005 0.005 0.005 0.005 0.005 
354      354    (0)    1 :  0.957 0.006 0.005 0.005 0.006 0.006 0.005 0.005 0.006 
355      355    (0)    1 :  0.951 0.006 0.006 0.005 0.006 0.006 0.006 0.009 0.006 
356      356    (0)    1 :  0.017 0.118 0.195 0.020 0.168 0.174 0.185 0.008 0.116 
357      357    (0)    1 :  0.040 0.231 0.103 0.014 0.150 0.127 0.076 0.125 0.134 
358      358    (0)    1 :  0.008 0.139 0.177 0.025 0.157 0.150 0.151 0.010 0.182 
359      359    (0)    1 :  0.017 0.142 0.223 0.008 0.117 0.152 0.183 0.020 0.137 
360      360    (0)    1 :  0.020 0.170 0.133 0.028 0.169 0.166 0.155 0.049 0.110 
361      361    (0)    1 :  0.180 0.125 0.106 0.015 0.126 0.116 0.105 0.109 0.118 
362      362    (0)    1 :  0.009 0.124 0.174 0.027 0.149 0.138 0.138 0.005 0.236 
363      363    (0)    1 :  0.026 0.273 0.128 0.006 0.204 0.129 0.091 0.006 0.136 
364      364    (0)    1 :  0.008 0.148 0.141 0.005 0.151 0.190 0.198 0.006 0.152 
365      365    (0)    1 :  0.058 0.299 0.100 0.009 0.140 0.128 0.086 0.007 0.173 
366      366    (0)    1 :  0.018 0.208 0.148 0.007 0.211 0.162 0.101 0.005 0.139 
367      367    (0)    1 :  0.010 0.145 0.172 0.026 0.115 0.170 0.149 0.013 0.200 
368      368    (0)    1 :  0.012 0.151 0.173 0.011 0.130 0.166 0.129 0.011 0.218 
369      369    (0)    1 :  0.013 0.273 0.112 0.010 0.219 0.138 0.090 0.005 0.139 
370      370    (0)    1 :  0.078 0.145 0.151 0.006 0.173 0.139 0.106 0.043 0.159 
371      371    (0)    1 :  0.009 0.201 0.111 0.009 0.192 0.151 0.091 0.045 0.192 
372      372    (0)    1 :  0.076 0.238 0.105 0.007 0.125 0.117 0.142 0.037 0.152 
373      373    (0)    1 :  0.012 0.167 0.147 0.011 0.184 0.156 0.171 0.015 0.136 
374      374    (0)    1 :  0.013 0.134 0.121 0.113 0.145 0.162 0.131 0.041 0.141 
375      375    (0)    1 :  0.013 0.203 0.164 0.004 0.168 0.157 0.123 0.023 0.145 
376      376    (0)    1 :  0.018 0.151 0.162 0.010 0.210 0.163 0.141 0.013 0.132 
377      377    (0)    1 :  0.009 0.162 0.165 0.012 0.191 0.160 0.155 0.010 0.136 
378      378    (0)    1 :  0.077 0.190 0.119 0.022 0.177 0.139 0.100 0.009 0.168 
379      379    (0)    1 :  0.015 0.196 0.170 0.007 0.176 0.139 0.147 0.011 0.139 
380      380    (0)    1 :  0.009 0.156 0.197 0.006 0.145 0.142 0.173 0.015 0.156 
381      381    (0)    1 :  0.013 0.263 0.151 0.016 0.181 0.136 0.098 0.011 0.132 
382      382    (0)    1 :  0.016 0.105 0.204 0.006 0.120 0.168 0.246 0.025 0.110 
383      383    (0)    1 :  0.005 0.165 0.140 0.048 0.172 0.170 0.156 0.014 0.130 
384      384    (0)    1 :  0.021 0.172 0.124 0.010 0.181 0.173 0.155 0.011 0.154 
385      385    (0)    1 :  0.014 0.101 0.227 0.003 0.121 0.151 0.260 0.004 0.117 
386      386    (0)    1 :  0.008 0.261 0.111 0.025 0.176 0.167 0.122 0.009 0.121 
387      387    (0)    1 :  0.036 0.181 0.147 0.005 0.219 0.156 0.111 0.007 0.137 
388      388    (0)    1 :  0.029 0.148 0.158 0.014 0.152 0.153 0.120 0.011 0.214 
389      389    (0)    1 :  0.046 0.140 0.173 0.020 0.128 0.162 0.168 0.006 0.157 
390      390    (0)    1 :  0.030 0.117 0.120 0.029 0.211 0.152 0.227 0.004 0.110 
391      391    (0)    1 :  0.006 0.176 0.125 0.007 0.177 0.169 0.217 0.006 0.116 
392      392    (0)    1 :  0.005 0.177 0.172 0.004 0.162 0.132 0.092 0.015 0.241 
393      393    (0)    1 :  0.009 0.168 0.142 0.025 0.160 0.175 0.174 0.007 0.140 
394      394    (0)    1 :  0.007 0.143 0.173 0.006 0.140 0.148 0.117 0.007 0.259 
395      395    (0)    1 :  0.004 0.151 0.177 0.007 0.144 0.132 0.096 0.005 0.284 
396      396    (0)    1 :  0.008 0.183 0.172 0.008 0.131 0.173 0.120 0.006 0.200 
397      397    (0)    1 :  0.014 0.151 0.179 0.009 0.136 0.152 0.164 0.007 0.189 
398      398    (0)    1 :  0.077 0.097 0.090 0.373 0.075 0.078 0.078 0.021 0.111 
399      399    (0)    1 :  0.015 0.150 0.190 0.013 0.144 0.167 0.165 0.010 0.146 
400      400    (0)    1 :  0.009 0.164 0.160 0.018 0.167 0.146 0.181 0.027 0.126 
401      401    (0)    1 :  0.008 0.142 0.188 0.014 0.161 0.171 0.111 0.008 0.198 
402      402    (0)    1 :  0.004 0.125 0.174 0.006 0.157 0.162 0.120 0.014 0.237 
403      403    (0)    1 :  0.008 0.169 0.155 0.011 0.170 0.221 0.134 0.006 0.126 
404      404    (0)    1 :  0.046 0.141 0.166 0.006 0.140 0.155 0.134 0.019 0.193 
405      405    (0)    1 :  0.022 0.213 0.098 0.036 0.271 0.140 0.085 0.009 0.127 
406      406    (0)    1 :  0.020 0.144 0.171 0.007 0.161 0.144 0.127 0.040 0.187 
407      407    (0)    1 :  0.014 0.165 0.158 0.007 0.105 0.163 0.211 0.012 0.164 
408      408    (0)    1 :  0.008 0.127 0.179 0.011 0.145 0.159 0.113 0.008 0.251 
409      409    (0)    1 :  0.011 0.169 0.168 0.010 0.127 0.147 0.195 0.019 0.155 
410      410    (0)    1 :  0.006 0.144 0.158 0.012 0.172 0.182 0.169 0.009 0.147 
411      411    (0)    1 :  0.025 0.201 0.150 0.007 0.163 0.149 0.116 0.028 0.161 
412      412    (0)    1 :  0.005 0.151 0.170 0.008 0.151 0.174 0.174 0.014 0.153 
413      413    (0)    1 :  0.004 0.207 0.136 0.010 0.164 0.160 0.135 0.005 0.179 
414      414    (0)    1 :  0.020 0.173 0.135 0.007 0.244 0.147 0.114 0.017 0.144 
415      415    (0)    1 :  0.010 0.128 0.168 0.038 0.158 0.160 0.206 0.007 0.125 
416      416    (0)    1 :  0.009 0.129 0.169 0.008 0.226 0.166 0.141 0.009 0.143 
417      417    (0)    1 :  0.013 0.182 0.154 0.024 0.149 0.163 0.150 0.011 0.154 
418      418    (0)    1 :  0.038 0.144 0.130 0.023 0.175 0.180 0.154 0.005 0.151 
419      419    (0)    1 :  0.008 0.159 0.147 0.034 0.166 0.161 0.114 0.011 0.200 
420      420    (0)    1 :  0.005 0.159 0.136 0.170 0.123 0.139 0.106 0.006 0.155 
421      421    (0)    1 :  0.014 0.102 0.150 0.046 0.163 0.174 0.232 0.008 0.112 
422      422    (0)    1 :  0.016 0.175 0.114 0.060 0.144 0.141 0.125 0.105 0.120 
423      423    (0)    1 :  0.011 0.181 0.158 0.004 0.137 0.148 0.116 0.014 0.231 
424      424    (0)    1 :  0.010 0.236 0.137 0.010 0.165 0.154 0.110 0.014 0.165 
425      425    (0)    1 :  0.007 0.293 0.119 0.006 0.219 0.143 0.078 0.007 0.127 
426      426    (0)    1 :  0.018 0.204 0.133 0.007 0.177 0.144 0.104 0.032 0.181 
427      427    (0)    1 :  0.004 0.136 0.163 0.009 0.157 0.168 0.206 0.005 0.152 
428      428    (0)    1 :  0.008 0.158 0.143 0.010 0.142 0.153 0.225 0.006 0.155 
429      429    (0)    1 :  0.005 0.119 0.153 0.004 0.113 0.152 0.329 0.012 0.113 
430      430    (0)    1 :  0.043 0.094 0.119 0.014 0.081 0.107 0.116 0.305 0.121 
431      431    (0)    1 :  0.007 0.108 0.163 0.007 0.169 0.153 0.202 0.006 0.184 
432      432    (0)    1 :  0.059 0.157 0.165 0.006 0.143 0.163 0.117 0.008 0.182 
433      433    (0)    1 :  0.017 0.159 0.164 0.006 0.207 0.162 0.130 0.024 0.131 
434      434    (0)    1 :  0.031 0.120 0.197 0.013 0.168 0.182 0.155 0.007 0.126 
435      435    (0)    1 :  0.004 0.152 0.155 0.015 0.146 0.238 0.144 0.009 0.135 
436      436    (0)    1 :  0.004 0.133 0.144 0.061 0.123 0.208 0.182 0.008 0.138 
437      437    (0)    1 :  0.011 0.111 0.134 0.057 0.114 0.138 0.123 0.196 0.115 
438      438    (0)    1 :  0.004 0.160 0.152 0.005 0.174 0.170 0.167 0.035 0.133 
439      439    (0)    1 :  0.036 0.215 0.126 0.010 0.137 0.138 0.150 0.016 0.172 
440      440    (0)    1 :  0.021 0.203 0.126 0.026 0.180 0.163 0.146 0.004 0.130 
441      441    (0)    1 :  0.005 0.097 0.150 0.018 0.130 0.150 0.281 0.047 0.122 
442      442    (0)    1 :  0.007 0.108 0.121 0.026 0.140 0.131 0.156 0.206 0.106 
443      443    (0)    1 :  0.075 0.111 0.179 0.009 0.136 0.175 0.184 0.019 0.113 
444      444    (0)    1 :  0.016 0.149 0.179 0.016 0.113 0.142 0.240 0.013 0.131 
445      445    (0)    1 :  0.014 0.206 0.141 0.006 0.170 0.153 0.138 0.009 0.164 
446      446    (0)    1 :  0.012 0.199 0.116 0.013 0.206 0.146 0.123 0.011 0.173 
447      447    (0)    1 :  0.023 0.229 0.133 0.020 0.187 0.166 0.107 0.009 0.127 
448      448    (0)    1 :  0.015 0.215 0.097 0.078 0.224 0.141 0.063 0.054 0.113 
449      449    (0)    1 :  0.012 0.181 0.156 0.025 0.171 0.140 0.068 0.009 0.238 
450      450    (0)    1 :  0.482 0.084 0.074 0.052 0.069 0.068 0.047 0.058 0.065 
451      451    (0)    1 :  0.035 0.173 0.109 0.061 0.188 0.168 0.125 0.005 0.137 
452      452    (0)    1 :  0.012 0.130 0.171 0.009 0.095 0.192 0.195 0.014 0.184 
453      453    (0)    1 :  0.007 0.155 0.150 0.038 0.176 0.165 0.159 0.010 0.140 
454      454    (0)    1 :  0.008 0.122 0.173 0.015 0.132 0.161 0.255 0.048 0.086 
455      455    (0)    1 :  0.005 0.132 0.203 0.004 0.159 0.162 0.155 0.009 0.172 
456      456    (0)    1 :  0.053 0.137 0.182 0.008 0.156 0.154 0.140 0.013 0.156 
457      457    (0)    1 :  0.007 0.136 0.180 0.009 0.146 0.156 0.226 0.005 0.137 
458      458    (0)    1 :  0.109 0.123 0.172 0.011 0.100 0.124 0.214 0.014 0.135 
459      459    (0)    1 :  0.020 0.187 0.115 0.014 0.171 0.173 0.136 0.035 0.150 
460      460    (0)    1 :  0.006 0.151 0.152 0.018 0.147 0.146 0.116 0.050 0.214 
461      461    (0)    1 :  0.028 0.157 0.143 0.047 0.112 0.160 0.149 0.033 0.172 
462      462    (0)    1 :  0.006 0.170 0.144 0.009 0.168 0.170 0.120 0.007 0.206 
463      463    (0)    1 :  0.019 0.206 0.137 0.020 0.204 0.140 0.106 0.030 0.137 
464      464    (0)    1 :  0.007 0.129 0.165 0.037 0.152 0.140 0.099 0.011 0.261 
465      465    (0)    1 :  0.021 0.176 0.114 0.013 0.185 0.177 0.115 0.058 0.143 
466      466    (0)    1 :  0.123 0.141 0.118 0.044 0.094 0.117 0.098 0.154 0.111 
467      467    (0)    1 :  0.008 0.137 0.207 0.016 0.117 0.178 0.124 0.014 0.200 
468      468    (0)    1 :  0.022 0.271 0.121 0.007 0.166 0.182 0.086 0.007 0.137 
469      469    (0)    1 :  0.005 0.223 0.123 0.007 0.191 0.167 0.099 0.006 0.177 
470      470    (0)    1 :  0.007 0.152 0.154 0.010 0.123 0.164 0.144 0.050 0.195 
471      471    (0)    1 :  0.007 0.153 0.178 0.005 0.193 0.174 0.128 0.005 0.157 
472      472    (0)    1 :  0.005 0.157 0.158 0.018 0.154 0.153 0.136 0.031 0.188 
473      473    (0)    1 :  0.043 0.121 0.161 0.009 0.125 0.177 0.206 0.014 0.143 
474      474    (0)    1 :  0.014 0.180 0.163 0.004 0.142 0.172 0.190 0.006 0.129 
475      475    (0)    1 :  0.006 0.145 0.190 0.006 0.120 0.154 0.116 0.004 0.259 
476      476    (0)    1 :  0.007 0.110 0.177 0.010 0.161 0.172 0.194 0.005 0.164 
477      477    (0)    1 :  0.023 0.156 0.151 0.008 0.162 0.167 0.131 0.042 0.161 
478      478    (0)    1 :  0.036 0.133 0.155 0.009 0.166 0.137 0.132 0.067 0.164 
479      479    (0)    1 :  0.013 0.147 0.138 0.109 0.143 0.145 0.114 0.006 0.185 
480      480    (0)    1 :  0.005 0.173 0.141 0.016 0.222 0.148 0.117 0.008 0.172 
481      481    (0)    1 :  0.019 0.106 0.158 0.014 0.122 0.177 0.264 0.011 0.127 
482      482    (0)    1 :  0.018 0.263 0.096 0.009 0.226 0.156 0.097 0.005 0.131 
483      483    (0)    1 :  0.005 0.125 0.155 0.008 0.169 0.141 0.254 0.015 0.127 
484      484    (0)    1 :  0.090 0.134 0.144 0.082 0.140 0.126 0.105 0.006 0.173 
485      485    (0)    1 :  0.272 0.051 0.036 0.032 0.046 0.042 0.038 0.442 0.039 
486      486    (0)    1 :  0.021 0.221 0.134 0.033 0.116 0.139 0.185 0.008 0.144 
487      487    (0)    1 :  0.015 0.215 0.134 0.006 0.158 0.153 0.113 0.008 0.197 
488      488    (0)    1 :  0.018 0.201 0.118 0.047 0.140 0.162 0.107 0.020 0.187 
489      489    (0)    1 :  0.007 0.125 0.165 0.027 0.231 0.175 0.120 0.008 0.142 
490      490    (0)    1 :  0.135 0.162 0.101 0.017 0.157 0.159 0.123 0.013 0.132 
491      491    (0)    1 :  0.019 0.220 0.172 0.009 0.116 0.168 0.130 0.006 0.160 
492      492    (0)    1 :  0.008 0.142 0.172 0.008 0.194 0.149 0.146 0.014 0.167 
493      493    (0)    1 :  0.007 0.221 0.136 0.008 0.152 0.160 0.135 0.003 0.179 
494      494    (0)    1 :  0.009 0.167 0.161 0.007 0.134 0.176 0.143 0.007 0.196 
495      495    (0)    1 :  0.007 0.138 0.174 0.014 0.133 0.160 0.173 0.019 0.183 
496      496    (0)    1 :  0.008 0.080 0.132 0.012 0.192 0.183 0.189 0.090 0.113 
497      497    (0)    1 :  0.055 0.189 0.135 0.009 0.179 0.140 0.111 0.009 0.173 
498      498    (0)    1 :  0.017 0.145 0.192 0.011 0.151 0.174 0.150 0.011 0.149 
499      499    (0)    1 :  0.006 0.095 0.206 0.009 0.146 0.163 0.120 0.005 0.251 
500      500    (0)    1 :  0.012 0.168 0.165 0.006 0.190 0.156 0.127 0.008 0.168 
501      501    (0)    1 :  0.022 0.114 0.146 0.006 0.170 0.178 0.195 0.012 0.157 
502      502    (0)    1 :  0.006 0.112 0.140 0.095 0.122 0.152 0.128 0.045 0.199 
503      503    (0)    1 :  0.009 0.141 0.176 0.004 0.170 0.140 0.092 0.006 0.262 
504      504    (0)    1 :  0.026 0.179 0.133 0.016 0.154 0.183 0.136 0.007 0.167 
505      505    (0)    1 :  0.010 0.191 0.108 0.005 0.183 0.143 0.139 0.073 0.149 
506      506    (0)    1 :  0.011 0.128 0.175 0.042 0.145 0.153 0.130 0.021 0.194 
507      507    (0)    1 :  0.036 0.134 0.127 0.029 0.132 0.163 0.150 0.088 0.142 
508      508    (0)    1 :  0.008 0.143 0.200 0.007 0.127 0.149 0.131 0.009 0.226 
509      509    (0)    1 :  0.006 0.079 0.181 0.007 0.122 0.148 0.361 0.004 0.093 
510      510    (0)    1 :  0.036 0.130 0.191 0.045 0.141 0.138 0.126 0.006 0.186 
511      511    (0)    1 :  0.011 0.144 0.172 0.028 0.170 0.179 0.147 0.009 0.139 
512      512    (0)    1 :  0.009 0.244 0.109 0.007 0.205 0.166 0.086 0.010 0.164 
513      513    (0)    1 :  0.006 0.168 0.180 0.007 0.195 0.165 0.136 0.011 0.132 
514      514    (0)    1 :  0.014 0.256 0.118 0.008 0.164 0.157 0.131 0.015 0.138 
515      515    (0)    1 :  0.043 0.119 0.156 0.010 0.167 0.163 0.163 0.005 0.173 
516      516    (0)    1 :  0.040 0.177 0.173 0.006 0.119 0.128 0.120 0.024 0.213 
517      517    (0)    1 :  0.029 0.175 0.158 0.004 0.219 0.135 0.077 0.028 0.173 
518      518    (0)    1 :  0.091 0.125 0.140 0.011 0.106 0.128 0.125 0.135 0.140 
519      519    (0)    1 :  0.024 0.162 0.124 0.130 0.161 0.132 0.108 0.034 0.125 
520      520    (0)    1 :  0.006 0.156 0.166 0.011 0.186 0.152 0.169 0.012 0.143 
521      521    (0)    1 :  0.016 0.175 0.134 0.030 0.164 0.172 0.108 0.007 0.194 
522      522    (0)    1 :  0.013 0.074 0.076 0.495 0.082 0.089 0.082 0.010 0.080 
523      523    (0)    1 :  0.028 0.149 0.169 0.008 0.157 0.141 0.190 0.017 0.141 
524      524    (0)    1 :  0.010 0.133 0.182 0.005 0.178 0.192 0.142 0.005 0.153 
525      525    (0)    1 :  0.007 0.189 0.157 0.005 0.202 0.152 0.108 0.009 0.170 
526      526    (0)    1 :  0.021 0.244 0.126 0.013 0.195 0.157 0.100 0.016 0.128 
527      527    (0)    1 :  0.005 0.206 0.177 0.018 0.138 0.164 0.166 0.006 0.118 
528      528    (0)    1 :  0.005 0.193 0.165 0.004 0.150 0.160 0.103 0.008 0.214 
529      529    (0)    1 :  0.006 0.117 0.105 0.298 0.117 0.109 0.090 0.012 0.147 
530      530    (0)    1 :  0.011 0.240 0.107 0.018 0.181 0.160 0.090 0.040 0.152 
531      531    (0)    1 :  0.012 0.174 0.161 0.029 0.156 0.142 0.154 0.007 0.164 
532      532    (0)    1 :  0.088 0.118 0.145 0.111 0.127 0.139 0.155 0.013 0.104 
533      533    (0)    1 :  0.030 0.143 0.138 0.015 0.190 0.167 0.161 0.011 0.144 
534      534    (0)    1 :  0.108 0.149 0.156 0.009 0.122 0.132 0.108 0.052 0.164 
535      535    (0)    1 :  0.009 0.215 0.153 0.008 0.133 0.148 0.172 0.014 0.148 
536      536    (0)    1 :  0.008 0.133 0.163 0.022 0.172 0.201 0.135 0.011 0.154 
537      537    (0)    1 :  0.123 0.111 0.146 0.027 0.159 0.144 0.131 0.035 0.124 
538      538    (0)    1 :  0.044 0.154 0.168 0.005 0.129 0.145 0.173 0.004 0.179 
539      539    (0)    1 :  0.064 0.166 0.151 0.005 0.174 0.158 0.116 0.013 0.152 
540      540    (0)    1 :  0.007 0.257 0.130 0.012 0.165 0.160 0.099 0.007 0.162 
541      541    (0)    1 :  0.008 0.144 0.141 0.087 0.221 0.140 0.107 0.010 0.142 
542      542    (0)    1 :  0.019 0.175 0.132 0.049 0.210 0.166 0.110 0.009 0.129 
543      543    (0)    1 :  0.008 0.177 0.130 0.009 0.153 0.151 0.217 0.004 0.151 
544      544    (0)    1 :  0.093 0.157 0.105 0.049 0.165 0.153 0.130 0.037 0.112 
545      545    (0)    1 :  0.175 0.146 0.107 0.022 0.162 0.131 0.109 0.030 0.119 
546      546    (0)    1 :  0.010 0.208 0.135 0.009 0.118 0.154 0.121 0.017 0.228 
547      547    (0)    1 :  0.007 0.178 0.141 0.014 0.165 0.191 0.143 0.007 0.153 
548      548    (0)    1 :  0.023 0.165 0.121 0.014 0.244 0.164 0.136 0.005 0.129 
549      549    (0)    1 :  0.070 0.184 0.122 0.016 0.224 0.127 0.068 0.021 0.167 
550      550    (0)    1 :  0.007 0.117 0.192 0.005 0.137 0.168 0.211 0.005 0.159 
551      551    (0)    1 :  0.008 0.116 0.188 0.050 0.145 0.146 0.196 0.006 0.145 
552      552    (0)    1 :  0.015 0.224 0.141 0.007 0.142 0.131 0.072 0.004 0.264 
553      553    (0)    1 :  0.012 0.135 0.173 0.008 0.169 0.166 0.072 0.021 0.245 
554      554    (0)    1 :  0.006 0.136 0.139 0.011 0.163 0.189 0.203 0.031 0.121 
555      555    (0)    1 :  0.011 0.180 0.152 0.008 0.150 0.157 0.127 0.022 0.193 
556      556    (0)    1 :  0.061 0.178 0.130 0.011 0.151 0.142 0.112 0.017 0.198 
557      557    (0)    1 :  0.024 0.171 0.167 0.011 0.161 0.139 0.110 0.009 0.209 
558      558    (0)    1 :  0.014 0.194 0.148 0.008 0.172 0.143 0.102 0.006 0.213 
559      559    (0)    1 :  0.015 0.129 0.137 0.005 0.142 0.155 0.277 0.029 0.110 
560      560    (0)    1 :  0.022 0.171 0.136 0.006 0.233 0.173 0.110 0.016 0.133 
561      561    (0)    1 :  0.108 0.137 0.128 0.009 0.153 0.159 0.166 0.012 0.128 
562      562    (0)    1 :  0.008 0.139 0.143 0.006 0.199 0.187 0.137 0.009 0.172 
563      563    (0)    1 :  0.005 0.175 0.140 0.007 0.209 0.145 0.142 0.008 0.170 
564      564    (0)    1 :  0.009 0.108 0.126 0.006 0.134 0.154 0.133 0.227 0.103 
565      565    (0)    1 :  0.014 0.158 0.145 0.023 0.175 0.143 0.155 0.008 0.178 
566      566    (0)    1 :  0.005 0.140 0.142 0.026 0.146 0.172 0.167 0.018 0.183 
567      567    (0)    1 :  0.007 0.118 0.142 0.082 0.161 0.166 0.149 0.009 0.167 
568      568    (0)    1 :  0.007 0.096 0.172 0.016 0.142 0.150 0.243 0.032 0.143 
569      569    (0)    1 :  0.010 0.112 0.182 0.008 0.164 0.160 0.097 0.004 0.263 
570      570    (0)    1 :  0.014 0.137 0.188 0.011 0.186 0.172 0.145 0.006 0.141 
571      571    (0)    1 :  0.005 0.101 0.174 0.054 0.142 0.185 0.199 0.007 0.135 
572      572    (0)    1 :  0.007 0.173 0.166 0.010 0.168 0.156 0.127 0.009 0.183 
573      573    (0)    1 :  0.054 0.110 0.154 0.011 0.087 0.117 0.124 0.180 0.162 
574      574    (0)    1 :  0.014 0.117 0.164 0.017 0.099 0.146 0.292 0.026 0.125 
575      575    (0)    1 :  0.018 0.185 0.148 0.006 0.135 0.153 0.117 0.015 0.224 
576      576    (0)    1 :  0.009 0.217 0.159 0.006 0.143 0.148 0.080 0.037 0.202 
577      577    (0)    1 :  0.037 0.151 0.165 0.013 0.152 0.143 0.180 0.052 0.109 
578      578    (0)    1 :  0.004 0.137 0.111 0.027 0.129 0.137 0.109 0.217 0.129 
579      579    (0)    1 :  0.011 0.201 0.129 0.006 0.220 0.144 0.131 0.023 0.136 
580      580    (0)    1 :  0.003 0.158 0.176 0.040 0.145 0.151 0.150 0.007 0.169 
581      581    (0)    1 :  0.005 0.205 0.137 0.003 0.210 0.140 0.080 0.006 0.215 
582      582    (0)    1 :  0.045 0.117 0.132 0.032 0.132 0.144 0.178 0.084 0.136 
583      583    (0)    1 :  0.025 0.154 0.117 0.051 0.162 0.157 0.119 0.083 0.132 
584      584    (0)    1 :  0.078 0.153 0.128 0.011 0.195 0.138 0.134 0.013 0.151 
585      585    (0)    1 :  0.024 0.184 0.124 0.106 0.144 0.145 0.133 0.018 0.123 
586      586    (0)    1 :  0.050 0.112 0.166 0.014 0.147 0.147 0.240 0.010 0.114 
587      587    (0)    1 :  0.015 0.216 0.146 0.005 0.153 0.151 0.130 0.010 0.175 
588      588    (0)    1 :  0.006 0.171 0.156 0.019 0.143 0.153 0.210 0.021 0.121 
589      589    (0)    1 :  0.004 0.145 0.169 0.017 0.096 0.155 0.248 0.033 0.133 
590      590    (0)    1 :  0.077 0.135 0.163 0.012 0.154 0.164 0.161 0.016 0.118 
591      591    (0)    1 :  0.004 0.152 0.149 0.060 0.144 0.206 0.163 0.006 0.116 
592      592    (0)    1 :  0.009 0.094 0.264 0.007 0.117 0.167 0.188 0.015 0.139 
593      593    (0)    1 :  0.005 0.124 0.165 0.006 0.182 0.142 0.093 0.015 0.267 
594      594    (0)    1 :  0.019 0.170 0.203 0.006 0.147 0.169 0.148 0.021 0.116 
595      595    (0)    1 :  0.012 0.059 0.051 0.655 0.049 0.056 0.043 0.011 0.065 
596      596    (0)    1 :  0.014 0.183 0.149 0.022 0.175 0.153 0.171 0.013 0.121 
597      597    (0)    1 :  0.035 0.180 0.127 0.027 0.154 0.167 0.135 0.018 0.158 
598      598    (0)    1 :  0.111 0.223 0.110 0.005 0.148 0.130 0.096 0.006 0.172 
599      599    (0)    1 :  0.010 0.195 0.130 0.018 0.157 0.175 0.131 0.036 0.148 
600      600    (0)    1 :  0.014 0.180 0.117 0.048 0.199 0.177 0.105 0.033 0.127 
601      601    (0)    1 :  0.052 0.121 0.157 0.005 0.151 0.137 0.143 0.101 0.135 
602      602    (0)    1 :  0.011 0.149 0.142 0.012 0.160 0.175 0.202 0.044 0.104 
603      603    (0)    1 :  0.008 0.172 0.139 0.040 0.223 0.139 0.110 0.010 0.158 
604      604    (0)    1 :  0.005 0.086 0.193 0.022 0.154 0.149 0.244 0.011 0.135 
605      605    (0)    1 :  0.062 0.121 0.163 0.015 0.115 0.140 0.196 0.007 0.182 
606      606    (0)    1 :  0.015 0.211 0.155 0.026 0.144 0.174 0.145 0.016 0.113 
607      607    (0)    1 :  0.005 0.143 0.174 0.007 0.168 0.176 0.175 0.021 0.132 
608      608    (0)    1 :  0.015 0.167 0.229 0.011 0.124 0.155 0.196 0.008 0.094 
609      609    (0)    1 :  0.006 0.197 0.140 0.007 0.208 0.167 0.142 0.008 0.126 
610      610    (0)    1 :  0.009 0.168 0.142 0.016 0.144 0.174 0.135 0.029 0.182 
611      611    (0)    1 :  0.006 0.127 0.174 0.008 0.139 0.146 0.172 0.005 0.223 
612      612    (0)    1 :  0.024 0.175 0.143 0.006 0.179 0.144 0.152 0.026 0.151 
613      613    (0)    1 :  0.027 0.097 0.147 0.016 0.091 0.119 0.381 0.021 0.101 
614      614    (0)    1 :  0.011 0.213 0.166 0.008 0.166 0.161 0.111 0.005 0.158 
615      615    (0)    1 :  0.029 0.232 0.147 0.010 0.151 0.144 0.103 0.019 0.166 
616      616    (0)    1 :  0.008 0.231 0.161 0.008 0.184 0.164 0.102 0.010 0.133 
617      617    (0)    1 :  0.006 0.129 0.167 0.011 0.155 0.196 0.205 0.010 0.122 
618      618    (0)    1 :  0.015 0.151 0.145 0.016 0.189 0.163 0.138 0.013 0.170 
619      619    (0)    1 :  0.007 0.134 0.137 0.146 0.138 0.135 0.118 0.029 0.156 
620      620    (0)    1 :  0.111 0.185 0.123 0.014 0.156 0.125 0.105 0.007 0.173 
621      621    (0)    1 :  0.256 0.142 0.097 0.005 0.105 0.106 0.091 0.071 0.127 
622      622    (0)    1 :  0.447 0.077 0.078 0.009 0.110 0.099 0.071 0.016 0.093 
623      623    (0)    1 :  0.007 0.108 0.176 0.004 0.152 0.136 0.316 0.002 0.098 
624      624    (0)    1 :  0.010 0.193 0.121 0.014 0.251 0.144 0.110 0.019 0.138 
625      625    (0)    1 :  0.012 0.137 0.185 0.010 0.184 0.170 0.150 0.007 0.146 
626      626    (0)    1 :  0.005 0.089 0.093 0.437 0.099 0.098 0.090 0.004 0.085 
627      627    (0)    1 :  0.016 0.162 0.174 0.004 0.126 0.144 0.088 0.032 0.255 
628      628    (0)    1 :  0.011 0.231 0.146 0.011 0.165 0.171 0.084 0.007 0.173 
629      629    (0)    1 :  0.010 0.099 0.164 0.109 0.121 0.123 0.096 0.021 0.257 
630      630    (0)    1 :  0.007 0.173 0.180 0.007 0.182 0.159 0.143 0.005 0.145 
631      631    (0)    1 :  0.045 0.153 0.191 0.008 0.136 0.135 0.156 0.007 0.168 
632      632    (0)    1 :  0.023 0.197 0.096 0.014 0.240 0.156 0.095 0.013 0.167 
633      633    (0)    1 :  0.006 0.134 0.155 0.012 0.149 0.158 0.158 0.087 0.140 
634      634    (0)    1 :  0.036 0.167 0.162 0.007 0.159 0.137 0.120 0.020 0.193 
635      635    (0)    1 :  0.007 0.137 0.163 0.010 0.209 0.165 0.124 0.009 0.175 
636      636    (0)    1 :  0.013 0.131 0.123 0.161 0.203 0.135 0.089 0.016 0.128 
637      637    (0)    1 :  0.011 0.135 0.143 0.021 0.181 0.164 0.191 0.009 0.145 
638      638    (0)    1 :  0.020 0.167 0.140 0.016 0.191 0.162 0.116 0.036 0.152 
639      639    (0)    1 :  0.005 0.132 0.196 0.014 0.120 0.149 0.123 0.010 0.251 
640      640    (0)    1 :  0.017 0.247 0.145 0.015 0.170 0.143 0.098 0.010 0.155 
641      641    (0)    1 :  0.005 0.128 0.166 0.007 0.128 0.219 0.212 0.009 0.128 
642      642    (0)    1 :  0.012 0.245 0.147 0.008 0.164 0.156 0.120 0.008 0.139 
643      643    (0)    1 :  0.006 0.142 0.174 0.012 0.145 0.165 0.179 0.025 0.152 
644      644    (0)    1 :  0.032 0.161 0.186 0.013 0.096 0.148 0.176 0.054 0.134 
645      645    (0)    1 :  0.024 0.217 0.167 0.005 0.159 0.136 0.103 0.039 0.148 
646      646    (0)    1 :  0.065 0.151 0.151 0.019 0.149 0.132 0.120 0.020 0.194 
647      647    (0)    1 :  0.004 0.166 0.164 0.012 0.181 0.158 0.113 0.006 0.195 
648      648    (0)    1 :  0.031 0.166 0.120 0.015 0.139 0.136 0.150 0.121 0.123 
649      649    (0)    1 :  0.008 0.209 0.111 0.007 0.185 0.163 0.123 0.034 0.162 
650      650    (0)    1 :  0.028 0.183 0.126 0.017 0.184 0.155 0.162 0.005 0.140 
651      651    (0)    1 :  0.040 0.192 0.126 0.015 0.188 0.156 0.156 0.012 0.115 
652      652    (0)    1 :  0.018 0.161 0.174 0.006 0.177 0.150 0.140 0.031 0.145 
653      653    (0)    1 :  0.008 0.151 0.144 0.013 0.203 0.194 0.138 0.010 0.140 
654      654    (0)    1 :  0.017 0.126 0.172 0.010 0.214 0.150 0.134 0.006 0.172 
655      655    (0)    1 :  0.068 0.145 0.133 0.013 0.154 0.140 0.143 0.044 0.160 
656      656    (0)    1 :  0.071 0.209 0.138 0.009 0.125 0.141 0.115 0.016 0.177 
657      657    (0)    1 :  0.023 0.173 0.137 0.007 0.148 0.142 0.231 0.018 0.122 
658      658    (0)    1 :  0.008 0.103 0.118 0.027 0.178 0.171 0.241 0.031 0.123 
659      659    (0)    1 :  0.011 0.138 0.163 0.014 0.184 0.168 0.167 0.010 0.144 
660      660    (0)    1 :  0.095 0.151 0.119 0.012 0.200 0.139 0.127 0.017 0.139 
661      661    (0)    1 :  0.016 0.153 0.161 0.041 0.165 0.146 0.151 0.010 0.157 
662      662    (0)    1 :  0.007 0.068 0.088 0.438 0.066 0.079 0.148 0.036 0.070 
663      663    (0)    1 :  0.375 0.122 0.091 0.010 0.108 0.094 0.093 0.006 0.102 
664      664    (0)    1 :  0.009 0.164 0.155 0.005 0.133 0.189 0.150 0.013 0.184 
665      665    (0)    1 :  0.017 0.185 0.114 0.022 0.184 0.154 0.140 0.056 0.127 
666      666    (0)    1 :  0.024 0.220 0.126 0.024 0.211 0.150 0.098 0.004 0.143 
667      667    (0)    1 :  0.006 0.186 0.157 0.009 0.134 0.153 0.116 0.009 0.229 
668      668    (0)    1 :  0.027 0.176 0.131 0.030 0.118 0.133 0.150 0.097 0.138 
669      669    (0)    1 :  0.018 0.217 0.131 0.004 0.155 0.138 0.127 0.007 0.202 
670      670    (0)    1 :  0.010 0.129 0.157 0.027 0.166 0.198 0.187 0.007 0.119 
671      671    (0)    1 :  0.017 0.235 0.180 0.004 0.126 0.119 0.105 0.058 0.156 
672      672    (0)    1 :  0.011 0.186 0.134 0.005 0.178 0.174 0.162 0.013 0.136 
673      673    (0)    1 :  0.014 0.121 0.176 0.005 0.143 0.153 0.240 0.004 0.142 
674      674    (0)    1 :  0.055 0.166 0.103 0.078 0.186 0.158 0.104 0.028 0.123 
675      675    (0)    1 :  0.097 0.180 0.142 0.010 0.161 0.135 0.113 0.017 0.145 
676      676    (0)    1 :  0.013 0.204 0.146 0.010 0.159 0.147 0.127 0.032 0.162 
677      677    (0)    1 :  0.032 0.163 0.155 0.006 0.209 0.151 0.080 0.006 0.198 
678      678    (0)    1 :  0.018 0.208 0.156 0.006 0.175 0.159 0.113 0.005 0.161 
679      679    (0)    1 :  0.022 0.288 0.110 0.007 0.189 0.132 0.094 0.006 0.153 
680      680    (0)    1 :  0.015 0.219 0.148 0.020 0.140 0.134 0.128 0.023 0.173 
681      681    (0)    1 :  0.050 0.180 0.177 0.015 0.139 0.152 0.146 0.009 0.134 
682      682    (0)    1 :  0.010 0.152 0.156 0.091 0.126 0.131 0.148 0.011 0.175 
683      683    (0)    1 :  0.020 0.161 0.134 0.017 0.153 0.166 0.116 0.056 0.176 
684      684    (0)    1 :  0.008 0.131 0.139 0.078 0.149 0.157 0.157 0.007 0.175 
685      685    (0)    1 :  0.052 0.132 0.155 0.014 0.181 0.137 0.122 0.074 0.134 
686      686    (0)    1 :  0.005 0.138 0.134 0.004 0.143 0.149 0.168 0.122 0.136 
687      687    (0)    1 :  0.015 0.209 0.153 0.006 0.161 0.161 0.152 0.008 0.135 
688      688    (0)    1 :  0.013 0.146 0.220 0.008 0.113 0.166 0.165 0.007 0.162 
689      689    (0)    1 :  0.005 0.141 0.153 0.014 0.121 0.159 0.216 0.031 0.160 
690      690    (0)    1 :  0.012 0.147 0.212 0.012 0.119 0.138 0.156 0.011 0.193 
691      691    (0)    1 :  0.163 0.119 0.098 0.058 0.116 0.115 0.127 0.106 0.099 
692      692    (0)    1 :  0.006 0.215 0.123 0.032 0.123 0.159 0.126 0.027 0.190 
693      693    (0)    1 :  0.016 0.147 0.165 0.006 0.148 0.164 0.125 0.005 0.224 
694      694    (0)    1 :  0.071 0.175 0.140 0.007 0.110 0.161 0.167 0.010 0.160 
695      695    (0)    1 :  0.007 0.223 0.123 0.008 0.181 0.176 0.105 0.006 0.171 
696      696    (0)    1 :  0.009 0.186 0.138 0.009 0.195 0.141 0.093 0.021 0.208 
697      697    (0)    1 :  0.010 0.219 0.133 0.033 0.141 0.144 0.124 0.015 0.181 
698      698    (0)    1 :  0.016 0.173 0.165 0.006 0.163 0.139 0.065 0.022 0.250 
699      699    (0)    1 :  0.020 0.151 0.186 0.011 0.150 0.152 0.115 0.012 0.202 
700      700    (0)    1 :  0.074 0.189 0.142 0.011 0.157 0.131 0.090 0.020 0.187 
701      701    (0)    1 :  0.026 0.136 0.174 0.014 0.185 0.142 0.159 0.010 0.153 
702      702    (0)    1 :  0.008 0.185 0.143 0.008 0.179 0.138 0.133 0.040 0.165 
703      703    (0)    1 :  0.005 0.185 0.209 0.011 0.109 0.173 0.178 0.009 0.121 
704      704    (0)    1 :  0.011 0.177 0.154 0.032 0.127 0.145 0.103 0.017 0.234 
705      705    (0)    1 :  0.026 0.148 0.181 0.041 0.129 0.155 0.199 0.010 0.109 
706      706    (0)    1 :  0.026 0.154 0.163 0.008 0.205 0.154 0.122 0.006 0.163 
707      707    (0)    1 :  0.058 0.148 0.126 0.050 0.144 0.151 0.190 0.016 0.117 
708      708    (0)    1 :  0.460 0.093 0.078 0.007 0.085 0.095 0.097 0.008 0.077 
709      709    (0)    1 :  0.005 0.146 0.163 0.009 0.175 0.154 0.111 0.026 0.210 
710      710    (0)    1 :  0.014 0.149 0.149 0.011 0.147 0.173 0.171 0.050 0.136 
711      711    (0)    1 :  0.024 0.162 0.194 0.012 0.123 0.167 0.139 0.010 0.169 
712      712    (0)    1 :  0.010 0.161 0.191 0.012 0.123 0.141 0.147 0.009 0.206 
713      713    (0)    1 :  0.026 0.135 0.159 0.027 0.175 0.135 0.106 0.007 0.231 
714      714    (0)    1 :  0.018 0.128 0.155 0.029 0.142 0.166 0.179 0.051 0.134 
715      715    (0)    1 :  0.013 0.149 0.113 0.030 0.128 0.117 0.104 0.227 0.120 
716      716    (0)    1 :  0.043 0.146 0.165 0.009 0.104 0.163 0.196 0.011 0.163 
717      717    (0)    1 :  0.152 0.085 0.145 0.011 0.110 0.131 0.157 0.102 0.108 
718      718    (0)    1 :  0.040 0.185 0.125 0.022 0.220 0.143 0.118 0.013 0.135 
719      719    (0)    1 :  0.026 0.169 0.196 0.006 0.119 0.157 0.155 0.011 0.161 
720      720    (0)    1 :  0.018 0.195 0.104 0.020 0.131 0.158 0.114 0.121 0.138 
721      721    (0)    1 :  0.014 0.112 0.197 0.011 0.141 0.135 0.109 0.016 0.267 
722      722    (0)    1 :  0.007 0.215 0.146 0.013 0.156 0.179 0.098 0.014 0.172 
723      723    (0)    1 :  0.018 0.135 0.177 0.008 0.127 0.142 0.146 0.013 0.234 
724      724    (0)    1 :  0.016 0.127 0.180 0.013 0.158 0.162 0.165 0.019 0.161 
725      725    (0)    1 :  0.009 0.162 0.152 0.021 0.143 0.136 0.085 0.005 0.287 
726      726    (0)    1 :  0.032 0.121 0.141 0.013 0.146 0.140 0.149 0.067 0.191 
727      727    (0)    1 :  0.013 0.174 0.108 0.011 0.220 0.165 0.129 0.006 0.174 
728      728    (0)    1 :  0.010 0.199 0.125 0.007 0.191 0.177 0.130 0.014 0.149 
729      729    (0)    1 :  0.009 0.133 0.181 0.011 0.139 0.145 0.125 0.013 0.243 
730      730    (0)    1 :  0.019 0.177 0.161 0.008 0.163 0.156 0.133 0.007 0.176 
731      731    (0)    1 :  0.014 0.169 0.165 0.015 0.174 0.150 0.146 0.009 0.158 
732      732    (0)    1 :  0.016 0.116 0.160 0.013 0.215 0.137 0.190 0.017 0.137 
733      733    (0)    1 :  0.122 0.187 0.116 0.076 0.155 0.140 0.097 0.007 0.102 
734      734    (0)    1 :  0.033 0.197 0.134 0.011 0.150 0.180 0.110 0.012 0.173 
735      735    (0)    1 :  0.097 0.164 0.157 0.004 0.114 0.145 0.129 0.008 0.182 
736      736    (0)    1 :  0.011 0.209 0.117 0.007 0.183 0.177 0.101 0.006 0.189 
737      737    (0)    1 :  0.017 0.125 0.164 0.055 0.147 0.137 0.147 0.023 0.185 
738      738    (0)    1 :  0.006 0.235 0.162 0.015 0.133 0.165 0.120 0.010 0.153 
739      739    (0)    1 :  0.008 0.122 0.183 0.018 0.170 0.174 0.158 0.022 0.146 
740      740    (0)    1 :  0.009 0.189 0.170 0.010 0.137 0.165 0.192 0.031 0.098 
741      741    (0)    1 :  0.026 0.134 0.165 0.016 0.166 0.150 0.150 0.007 0.185 
742      742    (0)    1 :  0.010 0.009 0.009 0.921 0.010 0.010 0.010 0.012 0.010 
743      743    (0)    1 :  0.004 0.008 0.007 0.943 0.008 0.008 0.008 0.006 0.008 
744      744    (0)    1 :  0.033 0.007 0.007 0.919 0.007 0.007 0.007 0.007 0.007 
745      745    (0)    1 :  0.004 0.004 0.004 0.967 0.004 0.004 0.004 0.004 0.004 
746      746    (0)    1 :  0.003 0.005 0.006 0.954 0.005 0.005 0.005 0.010 0.006 
747      747    (0)    1 :  0.036 0.046 0.039 0.700 0.045 0.041 0.043 0.006 0.045 
748      748    (0)    1 :  0.006 0.023 0.024 0.830 0.026 0.024 0.022 0.019 0.026 
749      749    (6)    1 :  0.005 0.005 0.005 0.962 0.005 0.005 0.005 0.005 0.005 
750      750    (0)    1 :  0.003 0.007 0.007 0.949 0.007 0.007 0.007 0.005 0.007 
751      751    (0)    1 :  0.011 0.005 0.004 0.954 0.005 0.005 0.004 0.008 0.004 
752      752    (0)    1 :  0.020 0.007 0.007 0.928 0.007 0.007 0.008 0.010 0.007 
753      753    (0)    1 :  0.005 0.017 0.021 0.839 0.018 0.019 0.020 0.047 0.016 
754      754    (0)    1 :  0.015 0.015 0.013 0.866 0.013 0.013 0.014 0.037 0.014 
755      755    (0)    1 :  0.071 0.152 0.129 0.035 0.135 0.116 0.118 0.095 0.149 
756      756    (0)    1 :  0.006 0.127 0.165 0.007 0.102 0.176 0.243 0.033 0.142 
757      757    (0)    1 :  0.012 0.114 0.155 0.151 0.140 0.151 0.150 0.017 0.110 
758      758    (0)    1 :  0.004 0.067 0.134 0.113 0.084 0.126 0.338 0.020 0.113 
759      759    (0)    1 :  0.042 0.147 0.151 0.008 0.097 0.150 0.146 0.093 0.167 
760      760    (0)    1 :  0.018 0.086 0.122 0.010 0.093 0.113 0.168 0.277 0.113 
761      761    (0)    1 :  0.010 0.082 0.202 0.008 0.128 0.158 0.255 0.038 0.120 
762      762    (0)    1 :  0.004 0.041 0.039 0.028 0.045 0.043 0.040 0.724 0.037 
763      763    (0)    1 :  0.016 0.106 0.160 0.025 0.121 0.133 0.288 0.015 0.136 
764      764    (0)    1 :  0.005 0.108 0.188 0.011 0.191 0.163 0.156 0.012 0.165 
765      765    (0)    1 :  0.012 0.007 0.008 0.009 0.007 0.007 0.007 0.937 0.007 
766      766    (0)    1 :  0.004 0.131 0.178 0.008 0.210 0.173 0.143 0.007 0.146 
767      767    (0)    1 :  0.020 0.150 0.167 0.009 0.161 0.161 0.160 0.016 0.156 
768      768    (0)    1 :  0.007 0.163 0.121 0.102 0.224 0.134 0.103 0.019 0.127 
769      769    (0)    1 :  0.004 0.114 0.205 0.010 0.171 0.168 0.162 0.037 0.130 
770      770    (0)    1 :  0.031 0.108 0.181 0.040 0.121 0.144 0.127 0.019 0.228 
771      771    (0)    1 :  0.013 0.136 0.183 0.005 0.174 0.160 0.194 0.014 0.122 
772      772    (0)    1 :  0.007 0.189 0.144 0.014 0.194 0.149 0.163 0.015 0.124 
773      773    (0)    1 :  0.012 0.144 0.157 0.020 0.153 0.174 0.186 0.015 0.139 
774      774    (0)    1 :  0.024 0.167 0.137 0.015 0.199 0.165 0.145 0.010 0.139 
775      775    (0)    1 :  0.008 0.008 0.009 0.008 0.009 0.009 0.009 0.932 0.009 
776      776    (0)    1 :  0.005 0.018 0.014 0.010 0.016 0.013 0.014 0.897 0.015 
777      777    (0)    1 :  0.006 0.004 0.005 0.003 0.005 0.005 0.005 0.962 0.005 
778      778    (0)    1 :  0.007 0.124 0.165 0.013 0.150 0.176 0.163 0.067 0.136 
779      779    (0)    1 :  0.014 0.011 0.011 0.005 0.009 0.010 0.010 0.919 0.011 
780      780    (0)    1 :  0.019 0.030 0.031 0.007 0.026 0.028 0.020 0.804 0.036 
781      781    (0)    1 :  0.004 0.008 0.007 0.004 0.007 0.007 0.007 0.948 0.008 
782      782    (0)    1 :  0.005 0.005 0.004 0.005 0.005 0.005 0.005 0.961 0.005 
783      783    (0)    1 :  0.043 0.021 0.021 0.023 0.022 0.020 0.020 0.808 0.022 
784      784    (0)    1 :  0.006 0.007 0.008 0.037 0.007 0.007 0.008 0.912 0.008 
785      785    (0)    1 :  0.015 0.010 0.010 0.009 0.010 0.011 0.010 0.914 0.011 
786      786    (0)    1 :  0.015 0.027 0.028 0.017 0.025 0.025 0.024 0.807 0.032 
787      787    (0)    1 :  0.008 0.007 0.007 0.005 0.008 0.007 0.007 0.944 0.007 
788      788    (0)    1 :  0.005 0.008 0.007 0.005 0.007 0.007 0.007 0.946 0.007 
789      789    (0)    1 :  0.004 0.007 0.007 0.011 0.007 0.006 0.007 0.943 0.008 
790      790    (0)    1 :  0.007 0.011 0.010 0.014 0.010 0.011 0.010 0.919 0.009 
791      791    (0)    1 :  0.017 0.038 0.041 0.228 0.031 0.032 0.036 0.546 0.031 
792      792    (0)    1 :  0.006 0.006 0.006 0.038 0.005 0.006 0.006 0.922 0.005 
793      793    (0)    1 :  0.010 0.030 0.027 0.008 0.025 0.023 0.023 0.827 0.027 
794      794    (0)    1 :  0.008 0.017 0.020 0.004 0.019 0.017 0.018 0.883 0.015 
795      795    (0)    1 :  0.005 0.006 0.005 0.021 0.006 0.006 0.006 0.939 0.006 
796      796    (0)    1 :  0.034 0.021 0.021 0.013 0.019 0.019 0.018 0.838 0.019 
797      797    (0)    1 :  0.005 0.009 0.010 0.006 0.009 0.010 0.010 0.931 0.010 
798      798    (0)    1 :  0.005 0.012 0.012 0.067 0.011 0.011 0.013 0.859 0.012 
799      799    (0)    1 :  0.003 0.005 0.005 0.006 0.005 0.005 0.005 0.961 0.005 
800      800    (0)    1 :  0.004 0.011 0.010 0.010 0.011 0.010 0.010 0.922 0.011 
801      801    (0)    1 :  0.005 0.011 0.010 0.004 0.010 0.010 0.010 0.929 0.010 
802      802    (0)    1 :  0.006 0.004 0.004 0.004 0.004 0.004 0.004 0.968 0.004 
803      803    (0)    1 :  0.004 0.012 0.014 0.003 0.013 0.011 0.013 0.915 0.014 
804      804    (0)    1 :  0.003 0.030 0.030 0.004 0.029 0.031 0.030 0.813 0.029 
805      805    (0)    1 :  0.140 0.015 0.014 0.006 0.015 0.013 0.015 0.770 0.012 
806      806    (0)    1 :  0.013 0.011 0.011 0.084 0.010 0.011 0.010 0.838 0.012 
807      807    (0)    1 :  0.017 0.011 0.009 0.006 0.010 0.008 0.009 0.922 0.009 
808      808    (0)    1 :  0.005 0.015 0.014 0.005 0.013 0.016 0.013 0.904 0.014 
809      809    (0)    1 :  0.020 0.033 0.026 0.038 0.027 0.025 0.024 0.782 0.026 
810      810    (0)    1 :  0.027 0.012 0.012 0.046 0.014 0.012 0.012 0.852 0.012 
811      811    (0)    1 :  0.003 0.004 0.005 0.006 0.005 0.005 0.005 0.963 0.005 
812      812    (0)    1 :  0.004 0.004 0.005 0.004 0.004 0.005 0.005 0.964 0.005 
813      813    (0)    1 :  0.023 0.045 0.048 0.007 0.047 0.047 0.047 0.692 0.044 
814      814    (0)    1 :  0.007 0.007 0.007 0.016 0.006 0.007 0.007 0.938 0.006 
815      815    (0)    1 :  0.028 0.052 0.051 0.011 0.055 0.051 0.047 0.650 0.053 
816      816    (0)    1 :  0.005 0.006 0.005 0.008 0.006 0.005 0.006 0.954 0.005 
817      817    (0)    1 :  0.008 0.017 0.019 0.052 0.017 0.017 0.020 0.835 0.016 
818      818    (0)    1 :  0.007 0.049 0.038 0.013 0.030 0.037 0.043 0.739 0.044 
819      819    (0)    1 :  0.004 0.006 0.006 0.014 0.007 0.006 0.006 0.944 0.006 
820      820    (0)    1 :  0.005 0.005 0.005 0.007 0.005 0.005 0.005 0.957 0.005 
821      821    (0)    1 :  0.015 0.005 0.005 0.006 0.005 0.005 0.006 0.947 0.005 
822      822    (0)    1 :  0.010 0.008 0.008 0.006 0.008 0.008 0.008 0.937 0.008 
823      823    (0)    1 :  0.022 0.015 0.014 0.004 0.016 0.014 0.014 0.888 0.013 
824      824    (0)    1 :  0.008 0.012 0.012 0.005 0.013 0.013 0.012 0.913 0.012 
825      825    (0)    1 :  0.010 0.043 0.041 0.024 0.050 0.041 0.034 0.722 0.035 
826      826    (0)    1 :  0.006 0.007 0.007 0.256 0.007 0.007 0.007 0.695 0.008 
827      827    (0)    1 :  0.013 0.006 0.007 0.004 0.006 0.006 0.007 0.945 0.006 
828      828    (0)    1 :  0.003 0.004 0.004 0.004 0.004 0.004 0.004 0.968 0.004 
829      829    (0)    1 :  0.003 0.004 0.004 0.004 0.003 0.004 0.004 0.971 0.004 
830      830    (0)    1 :  0.005 0.005 0.005 0.004 0.004 0.005 0.005 0.963 0.005 
831      831    (0)    1 :  0.011 0.016 0.016 0.009 0.016 0.014 0.017 0.886 0.015 
832      832    (0)    1 :  0.006 0.019 0.018 0.034 0.020 0.020 0.020 0.847 0.017 
833      833    (0)    1 :  0.024 0.009 0.009 0.018 0.009 0.009 0.009 0.904 0.009 
834      834    (0)    1 :  0.041 0.036 0.031 0.075 0.037 0.030 0.033 0.687 0.031 
835      835    (0)    1 :  0.004 0.005 0.005 0.007 0.005 0.006 0.005 0.956 0.006 
836      836    (0)    1 :  0.015 0.015 0.016 0.023 0.015 0.017 0.016 0.866 0.017 
837      837    (0)    1 :  0.008 0.011 0.009 0.004 0.010 0.010 0.009 0.929 0.011 
838      838    (0)    1 :  0.009 0.041 0.046 0.004 0.046 0.038 0.039 0.733 0.044 
839      839    (0)    1 :  0.008 0.015 0.018 0.007 0.016 0.016 0.015 0.888 0.017 
840      840    (0)    1 :  0.004 0.005 0.005 0.006 0.005 0.005 0.005 0.960 0.005 
841      841    (0)    1 :  0.007 0.134 0.149 0.008 0.131 0.172 0.271 0.023 0.106 
842      842    (0)    1 :  0.007 0.019 0.019 0.006 0.019 0.022 0.018 0.869 0.020 
843      843    (0)    1 :  0.005 0.005 0.005 0.003 0.006 0.005 0.005 0.961 0.005 
844      844    (0)    1 :  0.004 0.006 0.006 0.005 0.006 0.005 0.006 0.957 0.006 
845      845    (0)    1 :  0.007 0.011 0.010 0.006 0.010 0.011 0.010 0.928 0.009 
846      846    (0)    1 :  0.013 0.012 0.010 0.008 0.011 0.011 0.009 0.915 0.011 
847      847    (0)    1 :  0.011 0.006 0.006 0.005 0.006 0.006 0.006 0.947 0.006 
848      848    (0)    1 :  0.006 0.008 0.008 0.084 0.008 0.009 0.008 0.863 0.008 
849      849    (0)    1 :  0.013 0.115 0.182 0.012 0.073 0.146 0.275 0.010 0.172 
850      850    (0)    1 :  0.009 0.119 0.144 0.041 0.145 0.153 0.165 0.106 0.118 
851      851    (0)    1 :  0.005 0.121 0.178 0.007 0.141 0.174 0.205 0.022 0.147 
852      852    (0)    1 :  0.008 0.100 0.147 0.008 0.131 0.127 0.163 0.154 0.162 
853      853    (0)    1 :  0.008 0.182 0.135 0.005 0.229 0.152 0.128 0.014 0.148 
854      854    (0)    1 :  0.012 0.080 0.076 0.005 0.081 0.078 0.081 0.507 0.079 
855      855    (0)    1 :  0.011 0.139 0.188 0.021 0.121 0.176 0.182 0.017 0.146 
856      856    (0)    1 :  0.005 0.153 0.194 0.006 0.185 0.146 0.091 0.014 0.205 
857      857    (0)    1 :  0.015 0.019 0.019 0.027 0.020 0.018 0.018 0.846 0.021 
858      858    (0)    1 :  0.010 0.118 0.168 0.016 0.148 0.168 0.199 0.040 0.133 
859      859    (0)    1 :  0.023 0.017 0.015 0.005 0.016 0.016 0.014 0.879 0.015 
860      860    (0)    1 :  0.019 0.151 0.168 0.007 0.165 0.168 0.138 0.012 0.171 
861      861    (0)    1 :  0.014 0.078 0.085 0.012 0.083 0.072 0.092 0.491 0.072 
862      862    (0)    1 :  0.007 0.160 0.156 0.010 0.102 0.167 0.185 0.020 0.193 
863      863    (0)    1 :  0.005 0.069 0.157 0.026 0.072 0.149 0.441 0.012 0.069 
864      864    (0)    1 :  0.005 0.006 0.006 0.003 0.007 0.006 0.006 0.954 0.006 
865      865    (0)    1 :  0.009 0.121 0.127 0.005 0.129 0.138 0.133 0.215 0.123 
866      866    (0)    1 :  0.014 0.093 0.172 0.047 0.111 0.167 0.233 0.049 0.115 
867      867    (0)    1 :  0.009 0.132 0.149 0.075 0.115 0.158 0.218 0.012 0.131 
868      868    (0)    1 :  0.011 0.133 0.207 0.006 0.136 0.178 0.170 0.008 0.151 
869      869    (0)    1 :  0.006 0.125 0.197 0.027 0.130 0.170 0.194 0.008 0.143 
870      870    (0)    1 :  0.039 0.009 0.009 0.006 0.009 0.009 0.009 0.899 0.010 
871      871    (0)    1 :  0.008 0.143 0.167 0.009 0.159 0.168 0.153 0.031 0.163 
872      872    (0)    1 :  0.010 0.099 0.114 0.014 0.109 0.103 0.107 0.319 0.125 
873      873    (0)    1 :  0.004 0.170 0.138 0.013 0.099 0.178 0.166 0.022 0.211 
874      874    (0)    1 :  0.015 0.174 0.141 0.038 0.185 0.167 0.140 0.033 0.109 
875      875    (0)    1 :  0.010 0.127 0.165 0.018 0.206 0.146 0.137 0.043 0.148 
876      876    (0)    1 :  0.018 0.132 0.175 0.008 0.162 0.144 0.154 0.088 0.120 
877      877    (0)    1 :  0.009 0.130 0.179 0.006 0.154 0.151 0.129 0.045 0.197 
878      878    (0)    1 :  0.008 0.094 0.200 0.005 0.136 0.156 0.248 0.016 0.137 
879      879    (0)    1 :  0.055 0.106 0.104 0.018 0.140 0.109 0.132 0.227 0.109 
880      880    (0)    1 :  0.014 0.140 0.161 0.038 0.172 0.151 0.174 0.018 0.132 
881      881    (0)    1 :  0.012 0.005 0.005 0.007 0.005 0.005 0.005 0.951 0.005 
882      882    (0)    1 :  0.013 0.068 0.189 0.010 0.100 0.114 0.323 0.092 0.092 
883      883    (0)    1 :  0.004 0.100 0.120 0.027 0.096 0.137 0.170 0.258 0.089 
884      884    (0)    1 :  0.022 0.150 0.183 0.013 0.173 0.137 0.108 0.022 0.192 
885      885    (0)    1 :  0.011 0.139 0.164 0.019 0.152 0.160 0.113 0.024 0.218 
886      886    (0)    1 :  0.036 0.190 0.137 0.014 0.192 0.152 0.144 0.007 0.128 
887      887    (0)    1 :  0.059 0.121 0.131 0.046 0.091 0.121 0.151 0.151 0.129 
888      888    (0)    1 :  0.009 0.141 0.140 0.004 0.149 0.166 0.226 0.017 0.148 
889      889    (0)    1 :  0.006 0.063 0.177 0.006 0.099 0.142 0.365 0.049 0.092 
890      890    (0)    1 :  0.012 0.110 0.175 0.007 0.149 0.158 0.225 0.010 0.153 
891      891    (0)    1 :  0.015 0.189 0.133 0.011 0.183 0.167 0.166 0.004 0.132 
892      892    (0)    1 :  0.003 0.004 0.004 0.004 0.004 0.004 0.004 0.967 0.004 
893      893    (0)    1 :  0.006 0.041 0.035 0.004 0.033 0.034 0.031 0.783 0.033 


Estimated Allele Frequencies in each cluster
First column gives estimated ancestral frequencies


Locus 1 : 
25 alleles
0.0% missing data
 125   (0.068) 0.021 0.074 0.066 0.008 0.068 0.068 0.068 0.024 0.071 
 133   (0.298) 0.683 0.303 0.306 0.106 0.292 0.301 0.299 0.627 0.301 
 131   (0.103) 0.008 0.100 0.102 0.278 0.110 0.102 0.103 0.156 0.101 
 137   (0.089) 0.006 0.083 0.091 0.015 0.093 0.092 0.090 0.009 0.085 
 148   (0.056) 0.116 0.047 0.049 0.366 0.048 0.048 0.055 0.056 0.048 
 127   (0.117) 0.008 0.124 0.124 0.032 0.130 0.125 0.117 0.003 0.133 
 135   (0.079) 0.143 0.093 0.085 0.015 0.084 0.085 0.079 0.003 0.076 
 132   (0.023) 0.002 0.029 0.027 0.002 0.036 0.028 0.023 0.001 0.033 
 129   (0.056) 0.005 0.056 0.052 0.075 0.057 0.056 0.056 0.100 0.050 
 141   (0.007) 0.000 0.005 0.006 0.000 0.004 0.005 0.007 0.000 0.006 
 134   (0.006) 0.001 0.003 0.005 0.000 0.003 0.004 0.006 0.000 0.004 
 152   (0.012) 0.001 0.012 0.012 0.001 0.009 0.011 0.012 0.000 0.013 
 139   (0.053) 0.004 0.058 0.056 0.007 0.051 0.054 0.053 0.021 0.064 
 119   (0.002) 0.000 0.001 0.001 0.000 0.001 0.001 0.002 0.000 0.001 
 159   (0.003) 0.000 0.001 0.001 0.028 0.001 0.001 0.002 0.000 0.001 
 165   (0.002) 0.000 0.000 0.001 0.028 0.001 0.001 0.002 0.000 0.001 
 163   (0.003) 0.000 0.001 0.001 0.037 0.001 0.001 0.002 0.000 0.001 
 150   (0.005) 0.001 0.003 0.003 0.000 0.003 0.003 0.005 0.000 0.003 
 143   (0.002) 0.000 0.001 0.001 0.000 0.001 0.001 0.002 0.000 0.001 
 154   (0.005) 0.000 0.003 0.004 0.001 0.004 0.004 0.005 0.000 0.003 
 175   (0.002) 0.000 0.001 0.001 0.000 0.001 0.001 0.002 0.000 0.001 
 187   (0.002) 0.000 0.001 0.001 0.000 0.001 0.001 0.002 0.000 0.001 
 191   (0.003) 0.000 0.001 0.001 0.000 0.001 0.001 0.002 0.000 0.001 
 173   (0.003) 0.000 0.002 0.002 0.000 0.001 0.002 0.003 0.000 0.002 
 123   (0.003) 0.000 0.001 0.001 0.000 0.001 0.001 0.002 0.000 0.001 

Locus 2 : 
10 alleles
0.0% missing data
 159   (0.126) 0.098 0.127 0.132 0.162 0.127 0.125 0.126 0.012 0.137 
 163   (0.138) 0.378 0.138 0.129 0.245 0.135 0.135 0.138 0.199 0.127 
 165   (0.534) 0.507 0.524 0.536 0.536 0.532 0.534 0.535 0.739 0.531 
 173   (0.019) 0.002 0.021 0.019 0.001 0.022 0.019 0.019 0.000 0.016 
 171   (0.080) 0.008 0.082 0.080 0.006 0.085 0.083 0.080 0.034 0.082 
 169   (0.043) 0.003 0.042 0.043 0.045 0.041 0.043 0.043 0.001 0.041 
 167   (0.045) 0.003 0.054 0.051 0.003 0.048 0.050 0.045 0.014 0.057 
 161   (0.003) 0.000 0.001 0.002 0.000 0.001 0.002 0.003 0.000 0.002 
 175   (0.009) 0.002 0.009 0.007 0.001 0.007 0.007 0.008 0.000 0.007 
 177   (0.002) 0.000 0.001 0.001 0.000 0.001 0.001 0.002 0.000 0.001 

Locus 3 : 
16 alleles
0.0% missing data
 126   (0.173) 0.163 0.172 0.166 0.245 0.175 0.176 0.174 0.156 0.162 
 130   (0.037) 0.012 0.035 0.036 0.002 0.036 0.037 0.037 0.001 0.036 
 118   (0.109) 0.091 0.128 0.111 0.047 0.122 0.112 0.108 0.008 0.117 
 120   (0.108) 0.015 0.111 0.111 0.251 0.108 0.110 0.108 0.045 0.109 
 116   (0.185) 0.383 0.175 0.192 0.014 0.180 0.181 0.185 0.347 0.179 
 124   (0.110) 0.008 0.133 0.114 0.124 0.124 0.117 0.109 0.048 0.125 
 122   (0.094) 0.051 0.088 0.098 0.020 0.085 0.093 0.094 0.003 0.098 
 134   (0.006) 0.001 0.002 0.003 0.000 0.002 0.003 0.005 0.100 0.002 
 128   (0.077) 0.216 0.071 0.078 0.004 0.083 0.081 0.078 0.002 0.078 
 114   (0.056) 0.060 0.052 0.051 0.241 0.049 0.053 0.056 0.235 0.054 
 136   (0.008) 0.000 0.006 0.006 0.000 0.006 0.006 0.007 0.000 0.005 
 132   (0.018) 0.001 0.016 0.020 0.002 0.018 0.019 0.018 0.000 0.024 
 138   (0.005) 0.000 0.002 0.004 0.000 0.003 0.003 0.005 0.000 0.003 
 112   (0.006) 0.000 0.003 0.004 0.000 0.003 0.003 0.006 0.054 0.003 
 110   (0.007) 0.000 0.005 0.005 0.048 0.004 0.005 0.007 0.000 0.004 
 106   (0.002) 0.000 0.001 0.001 0.000 0.001 0.001 0.002 0.000 0.001 

Locus 4 : 
25 alleles
0.0% missing data
 175   (0.242) 0.190 0.253 0.247 0.071 0.251 0.249 0.242 0.172 0.249 
 176   (0.055) 0.010 0.071 0.054 0.090 0.066 0.062 0.055 0.002 0.053 
 173   (0.137) 0.081 0.120 0.139 0.209 0.123 0.132 0.137 0.285 0.128 
 180   (0.018) 0.002 0.014 0.018 0.001 0.018 0.017 0.018 0.000 0.017 
 177   (0.189) 0.679 0.199 0.197 0.246 0.199 0.192 0.188 0.236 0.206 
 179   (0.044) 0.004 0.046 0.042 0.213 0.052 0.044 0.043 0.028 0.044 
 161   (0.005) 0.000 0.004 0.004 0.000 0.003 0.004 0.005 0.000 0.003 
 174   (0.021) 0.001 0.020 0.020 0.055 0.018 0.020 0.021 0.001 0.020 
 169   (0.066) 0.006 0.079 0.069 0.008 0.070 0.071 0.066 0.046 0.076 
 178   (0.037) 0.002 0.038 0.037 0.003 0.040 0.039 0.037 0.009 0.037 
 171   (0.066) 0.005 0.069 0.067 0.006 0.063 0.065 0.066 0.217 0.073 
 168   (0.003) 0.000 0.001 0.002 0.000 0.001 0.002 0.003 0.000 0.002 
 182   (0.007) 0.000 0.003 0.005 0.000 0.004 0.005 0.007 0.000 0.003 
 181   (0.034) 0.014 0.028 0.035 0.002 0.036 0.036 0.034 0.001 0.036 
 187   (0.009) 0.001 0.008 0.008 0.000 0.009 0.008 0.009 0.000 0.007 
 172   (0.008) 0.000 0.007 0.008 0.000 0.005 0.007 0.008 0.000 0.005 
 170   (0.005) 0.000 0.003 0.005 0.000 0.003 0.004 0.005 0.000 0.005 
 167   (0.022) 0.002 0.016 0.019 0.091 0.018 0.020 0.022 0.001 0.016 
 186   (0.005) 0.000 0.004 0.004 0.000 0.004 0.004 0.005 0.000 0.003 
 183   (0.007) 0.000 0.005 0.005 0.000 0.004 0.006 0.007 0.000 0.006 
 157   (0.007) 0.001 0.005 0.006 0.002 0.005 0.006 0.007 0.000 0.004 
 166   (0.002) 0.000 0.001 0.001 0.000 0.001 0.001 0.002 0.000 0.001 
 185   (0.006) 0.001 0.004 0.005 0.000 0.004 0.005 0.006 0.000 0.004 
 184   (0.003) 0.000 0.002 0.002 0.000 0.001 0.002 0.003 0.000 0.002 
 189   (0.003) 0.000 0.001 0.002 0.000 0.001 0.002 0.003 0.000 0.002 

Locus 5 : 
12 alleles
0.0% missing data
 161   (0.048) 0.330 0.058 0.045 0.003 0.053 0.050 0.048 0.001 0.049 
 169   (0.240) 0.064 0.243 0.244 0.054 0.241 0.244 0.241 0.031 0.244 
 163   (0.151) 0.023 0.157 0.155 0.052 0.167 0.156 0.151 0.074 0.157 
 165   (0.095) 0.008 0.086 0.093 0.375 0.080 0.092 0.095 0.505 0.091 
 171   (0.350) 0.300 0.355 0.360 0.075 0.352 0.350 0.351 0.385 0.367 
 175   (0.015) 0.001 0.011 0.014 0.001 0.013 0.013 0.015 0.000 0.012 
 179   (0.005) 0.000 0.003 0.004 0.000 0.002 0.003 0.005 0.000 0.003 
 173   (0.082) 0.273 0.082 0.077 0.441 0.085 0.084 0.082 0.003 0.070 
 177   (0.005) 0.001 0.003 0.004 0.000 0.003 0.004 0.005 0.000 0.003 
 167   (0.002) 0.000 0.001 0.001 0.000 0.001 0.001 0.002 0.000 0.001 
 155   (0.002) 0.000 0.001 0.001 0.000 0.001 0.001 0.002 0.000 0.001 
 159   (0.002) 0.000 0.001 0.001 0.000 0.001 0.001 0.002 0.000 0.001 

Locus 6 : 
14 alleles
0.0% missing data
 130   (0.183) 0.591 0.180 0.194 0.182 0.171 0.182 0.184 0.027 0.190 
 134   (0.079) 0.008 0.083 0.075 0.373 0.077 0.078 0.079 0.145 0.071 
 124   (0.181) 0.137 0.177 0.188 0.047 0.184 0.183 0.181 0.104 0.191 
 128   (0.361) 0.249 0.369 0.363 0.241 0.379 0.373 0.361 0.594 0.379 
 138   (0.025) 0.002 0.025 0.027 0.002 0.028 0.025 0.025 0.001 0.026 
 126   (0.074) 0.007 0.070 0.068 0.098 0.074 0.072 0.074 0.124 0.063 
 132   (0.015) 0.001 0.010 0.014 0.001 0.012 0.014 0.015 0.001 0.011 
 122   (0.003) 0.000 0.001 0.002 0.001 0.001 0.002 0.003 0.000 0.001 
 136   (0.047) 0.004 0.063 0.046 0.054 0.050 0.047 0.047 0.004 0.046 
 140   (0.012) 0.001 0.012 0.010 0.001 0.011 0.011 0.012 0.000 0.010 
 142   (0.003) 0.000 0.001 0.002 0.000 0.002 0.002 0.003 0.000 0.001 
 146   (0.007) 0.000 0.005 0.006 0.000 0.006 0.005 0.007 0.000 0.006 
 120   (0.006) 0.000 0.003 0.004 0.000 0.004 0.004 0.006 0.000 0.003 
 144   (0.002) 0.000 0.001 0.001 0.000 0.001 0.001 0.002 0.000 0.001 

Locus 7 : 
16 alleles
0.0% missing data
 111   (0.111) 0.403 0.127 0.118 0.015 0.118 0.116 0.110 0.251 0.122 
 113   (0.204) 0.334 0.201 0.201 0.194 0.200 0.201 0.204 0.155 0.199 
 121   (0.012) 0.001 0.008 0.012 0.001 0.010 0.011 0.012 0.000 0.012 
 115   (0.120) 0.093 0.112 0.118 0.512 0.105 0.113 0.120 0.031 0.121 
 109   (0.078) 0.006 0.084 0.083 0.015 0.085 0.082 0.078 0.003 0.088 
 117   (0.111) 0.009 0.120 0.117 0.103 0.121 0.117 0.111 0.004 0.118 
 116   (0.003) 0.000 0.001 0.002 0.000 0.001 0.002 0.003 0.000 0.001 
 119   (0.045) 0.003 0.033 0.044 0.009 0.038 0.040 0.045 0.059 0.034 
 105   (0.051) 0.005 0.050 0.047 0.131 0.055 0.048 0.051 0.023 0.044 
 101   (0.065) 0.048 0.066 0.067 0.004 0.064 0.068 0.065 0.002 0.067 
 103   (0.150) 0.095 0.148 0.144 0.015 0.154 0.154 0.150 0.469 0.148 
  99   (0.009) 0.001 0.009 0.008 0.001 0.009 0.009 0.009 0.000 0.009 
 107   (0.030) 0.002 0.033 0.029 0.002 0.030 0.030 0.030 0.003 0.028 
 123   (0.004) 0.000 0.003 0.003 0.000 0.004 0.003 0.004 0.000 0.003 
 125   (0.005) 0.000 0.003 0.004 0.000 0.003 0.003 0.004 0.000 0.004 
  97   (0.003) 0.000 0.002 0.002 0.000 0.002 0.002 0.003 0.000 0.002 

Locus 8 : 
16 alleles
0.0% missing data
 224   (0.078) 0.386 0.082 0.074 0.048 0.080 0.077 0.078 0.078 0.070 
 230   (0.114) 0.014 0.123 0.110 0.373 0.124 0.121 0.114 0.043 0.112 
 234   (0.347) 0.348 0.366 0.362 0.073 0.353 0.351 0.347 0.158 0.368 
 232   (0.097) 0.009 0.089 0.096 0.026 0.086 0.094 0.097 0.189 0.100 
 236   (0.097) 0.008 0.093 0.103 0.008 0.107 0.099 0.097 0.028 0.102 
 240   (0.005) 0.000 0.002 0.004 0.000 0.003 0.003 0.005 0.000 0.003 
 228   (0.108) 0.009 0.107 0.107 0.339 0.106 0.108 0.108 0.466 0.105 
 238   (0.023) 0.004 0.021 0.022 0.001 0.021 0.024 0.023 0.001 0.019 
 226   (0.035) 0.180 0.036 0.030 0.002 0.039 0.033 0.035 0.010 0.031 
 216   (0.063) 0.041 0.059 0.065 0.127 0.059 0.063 0.063 0.013 0.068 
 223   (0.003) 0.000 0.001 0.002 0.000 0.002 0.002 0.003 0.000 0.002 
 222   (0.005) 0.001 0.003 0.003 0.000 0.003 0.003 0.005 0.000 0.003 
 220   (0.013) 0.001 0.011 0.014 0.001 0.011 0.013 0.013 0.000 0.012 
 246   (0.003) 0.000 0.001 0.002 0.000 0.002 0.002 0.003 0.000 0.001 
 225   (0.007) 0.000 0.003 0.005 0.000 0.004 0.005 0.007 0.013 0.004 
 212   (0.002) 0.000 0.001 0.001 0.000 0.001 0.001 0.002 0.000 0.001 

Locus 9 : 
23 alleles
0.1% missing data
 121   (0.597) 0.806 0.638 0.610 0.341 0.637 0.616 0.598 0.653 0.625 
 133   (0.070) 0.008 0.062 0.067 0.092 0.060 0.070 0.070 0.017 0.067 
 119   (0.022) 0.001 0.017 0.022 0.001 0.019 0.020 0.022 0.033 0.018 
 129   (0.035) 0.002 0.029 0.035 0.003 0.033 0.034 0.035 0.004 0.028 
 131   (0.049) 0.003 0.038 0.047 0.425 0.042 0.044 0.049 0.026 0.049 
 135   (0.031) 0.014 0.043 0.031 0.002 0.041 0.034 0.031 0.001 0.031 
 153   (0.006) 0.000 0.003 0.004 0.000 0.004 0.004 0.006 0.000 0.003 
 161   (0.004) 0.001 0.003 0.004 0.000 0.003 0.003 0.004 0.000 0.002 
 143   (0.009) 0.000 0.006 0.009 0.000 0.006 0.007 0.009 0.000 0.007 
 159   (0.006) 0.000 0.005 0.004 0.000 0.003 0.005 0.006 0.002 0.005 
 127   (0.049) 0.008 0.058 0.055 0.003 0.050 0.052 0.049 0.001 0.059 
 149   (0.011) 0.001 0.008 0.009 0.002 0.009 0.009 0.011 0.000 0.007 
 123   (0.037) 0.148 0.038 0.040 0.107 0.040 0.038 0.037 0.001 0.047 
 157   (0.006) 0.000 0.003 0.005 0.000 0.003 0.004 0.006 0.000 0.004 
 147   (0.012) 0.001 0.008 0.009 0.001 0.009 0.010 0.011 0.019 0.007 
 137   (0.012) 0.003 0.011 0.011 0.001 0.010 0.011 0.012 0.000 0.011 
 151   (0.009) 0.002 0.007 0.009 0.000 0.006 0.007 0.008 0.001 0.008 
 125   (0.014) 0.001 0.015 0.014 0.001 0.013 0.017 0.014 0.000 0.011 
 155   (0.008) 0.000 0.004 0.008 0.000 0.004 0.006 0.008 0.000 0.005 
 165   (0.002) 0.000 0.001 0.001 0.000 0.001 0.001 0.002 0.000 0.001 
 139   (0.005) 0.000 0.003 0.003 0.018 0.003 0.003 0.005 0.000 0.003 
 117   (0.003) 0.000 0.001 0.002 0.000 0.001 0.002 0.003 0.000 0.001 
 145   (0.003) 0.000 0.001 0.001 0.000 0.001 0.001 0.003 0.240 0.001 

Locus 10 : 
8 alleles
0.0% missing data
 134   (0.495) 0.827 0.534 0.499 0.285 0.516 0.508 0.495 0.345 0.524 
 136   (0.294) 0.102 0.283 0.307 0.460 0.294 0.295 0.294 0.300 0.305 
 146   (0.020) 0.001 0.013 0.016 0.069 0.013 0.016 0.020 0.009 0.013 
 128   (0.101) 0.041 0.098 0.098 0.007 0.097 0.101 0.101 0.250 0.091 
 142   (0.026) 0.003 0.021 0.023 0.144 0.024 0.024 0.026 0.005 0.019 
 138   (0.045) 0.025 0.038 0.040 0.030 0.041 0.040 0.045 0.091 0.035 
 130   (0.015) 0.001 0.010 0.014 0.005 0.012 0.014 0.015 0.000 0.011 
 132   (0.004) 0.000 0.002 0.003 0.001 0.002 0.002 0.004 0.000 0.003 

Locus 11 : 
7 alleles
0.0% missing data
 101   (0.303) 0.070 0.336 0.303 0.070 0.310 0.315 0.304 0.197 0.313 
 103   (0.479) 0.441 0.470 0.489 0.717 0.484 0.481 0.480 0.386 0.496 
 105   (0.129) 0.476 0.117 0.126 0.152 0.124 0.123 0.129 0.413 0.114 
  97   (0.055) 0.011 0.051 0.055 0.036 0.056 0.054 0.055 0.002 0.051 
  99   (0.012) 0.001 0.012 0.010 0.001 0.011 0.011 0.011 0.000 0.011 
 107   (0.019) 0.001 0.013 0.016 0.024 0.014 0.015 0.019 0.001 0.014 
  93   (0.002) 0.000 0.001 0.001 0.000 0.001 0.001 0.002 0.000 0.001 

Locus 12 : 
16 alleles
0.0% missing data
 235   (0.149) 0.027 0.146 0.162 0.071 0.152 0.147 0.149 0.157 0.153 
 243   (0.047) 0.007 0.048 0.046 0.004 0.045 0.047 0.047 0.049 0.040 
 241   (0.129) 0.086 0.128 0.129 0.045 0.128 0.128 0.130 0.081 0.123 
 225   (0.125) 0.009 0.127 0.136 0.045 0.128 0.132 0.125 0.003 0.151 
 229   (0.060) 0.308 0.057 0.056 0.057 0.057 0.057 0.060 0.003 0.054 
 233   (0.062) 0.019 0.068 0.062 0.155 0.071 0.070 0.062 0.002 0.064 
 231   (0.112) 0.011 0.119 0.109 0.145 0.121 0.116 0.112 0.018 0.108 
 223   (0.059) 0.216 0.059 0.056 0.248 0.055 0.054 0.059 0.649 0.054 
 237   (0.154) 0.174 0.153 0.152 0.108 0.148 0.154 0.155 0.035 0.159 
 239   (0.068) 0.136 0.072 0.067 0.097 0.069 0.069 0.068 0.002 0.071 
 227   (0.008) 0.004 0.006 0.006 0.021 0.007 0.007 0.008 0.000 0.005 
 251   (0.007) 0.000 0.004 0.005 0.001 0.006 0.006 0.007 0.000 0.005 
 253   (0.011) 0.001 0.011 0.010 0.001 0.010 0.010 0.011 0.000 0.010 
 247   (0.003) 0.000 0.001 0.002 0.000 0.001 0.002 0.003 0.000 0.001 
 255   (0.002) 0.000 0.001 0.001 0.000 0.001 0.001 0.002 0.000 0.001 
 221   (0.002) 0.000 0.001 0.001 0.000 0.001 0.001 0.002 0.000 0.001 

Locus 13 : 
14 alleles
0.1% missing data
 293   (0.227) 0.090 0.222 0.223 0.208 0.237 0.229 0.227 0.442 0.219 
 295   (0.183) 0.497 0.176 0.191 0.614 0.171 0.184 0.183 0.039 0.199 
 297   (0.179) 0.332 0.181 0.182 0.033 0.176 0.178 0.180 0.113 0.183 
 299   (0.118) 0.009 0.129 0.127 0.008 0.131 0.124 0.118 0.006 0.130 
 291   (0.092) 0.039 0.088 0.089 0.095 0.095 0.091 0.092 0.221 0.093 
 289   (0.057) 0.022 0.060 0.055 0.006 0.057 0.060 0.057 0.002 0.056 
 309   (0.008) 0.000 0.004 0.007 0.000 0.005 0.006 0.008 0.000 0.005 
 305   (0.027) 0.002 0.025 0.026 0.003 0.028 0.025 0.027 0.001 0.025 
 301   (0.054) 0.003 0.069 0.056 0.009 0.057 0.057 0.054 0.017 0.049 
 285   (0.003) 0.000 0.001 0.002 0.000 0.002 0.002 0.003 0.000 0.001 
 287   (0.012) 0.001 0.008 0.009 0.022 0.008 0.010 0.012 0.000 0.008 
 279   (0.014) 0.001 0.013 0.014 0.001 0.013 0.013 0.014 0.000 0.011 
 303   (0.021) 0.004 0.022 0.018 0.001 0.018 0.019 0.021 0.158 0.019 
 277   (0.003) 0.000 0.001 0.002 0.000 0.002 0.002 0.003 0.000 0.001 

Locus 14 : 
6 alleles
0.0% missing data
 127   (0.802) 0.785 0.807 0.810 0.947 0.814 0.808 0.802 0.701 0.805 
 135   (0.138) 0.044 0.143 0.139 0.026 0.134 0.141 0.138 0.298 0.146 
 131   (0.005) 0.000 0.004 0.004 0.000 0.004 0.004 0.005 0.000 0.003 
 129   (0.046) 0.170 0.041 0.042 0.026 0.044 0.042 0.046 0.001 0.041 
 137   (0.006) 0.000 0.004 0.004 0.000 0.003 0.004 0.006 0.000 0.003 
 133   (0.002) 0.000 0.001 0.001 0.000 0.001 0.001 0.002 0.000 0.001 

Locus 15 : 
17 alleles
0.0% missing data
 186   (0.359) 0.239 0.380 0.364 0.677 0.376 0.374 0.359 0.396 0.372 
 182   (0.061) 0.006 0.066 0.060 0.076 0.063 0.061 0.061 0.002 0.058 
 180   (0.252) 0.664 0.259 0.256 0.168 0.261 0.253 0.252 0.390 0.255 
 188   (0.080) 0.007 0.075 0.084 0.008 0.072 0.083 0.081 0.081 0.086 
 190   (0.041) 0.003 0.036 0.040 0.017 0.037 0.037 0.041 0.001 0.036 
 176   (0.054) 0.004 0.047 0.055 0.035 0.055 0.052 0.054 0.083 0.057 
 196   (0.010) 0.003 0.007 0.008 0.001 0.008 0.009 0.010 0.000 0.007 
 184   (0.061) 0.008 0.065 0.060 0.007 0.062 0.060 0.061 0.016 0.067 
 198   (0.007) 0.063 0.003 0.005 0.000 0.003 0.004 0.007 0.000 0.003 
 194   (0.005) 0.000 0.003 0.004 0.001 0.004 0.005 0.005 0.000 0.003 
 192   (0.044) 0.003 0.045 0.044 0.007 0.043 0.044 0.044 0.030 0.041 
 178   (0.006) 0.000 0.004 0.005 0.000 0.005 0.005 0.006 0.000 0.004 
 200   (0.006) 0.001 0.004 0.005 0.000 0.003 0.004 0.006 0.000 0.005 
 212   (0.002) 0.000 0.001 0.001 0.000 0.001 0.001 0.002 0.000 0.001 
 202   (0.002) 0.000 0.001 0.001 0.000 0.001 0.001 0.002 0.000 0.001 
 204   (0.005) 0.000 0.003 0.004 0.000 0.002 0.003 0.005 0.000 0.003 
 206   (0.005) 0.000 0.002 0.003 0.000 0.003 0.003 0.005 0.000 0.003 

Values of parameters used in structure:
DATAFILE=/home/martin/bottleneck/structure_analysis/structure_4/data_job_T9_5,	OUTFILE=/home/martin/bottleneck/structure_analysis/structure_4/structure_results/weddell_seal/results_job_T9_5,	NUMINDS=893,	NUMLOCI=15,	MISSING=-9,	LABEL=1,	POPDATA=1,	POPFLAG=0,	PHENOTYPE=0,	EXTRACOLS=0,	MAXPOPS=9,	BURNIN=10000,	NUMREPS=100000,	USEPOPINFO=0,	INFERALPHA=1,	INFERLAMBDA=0,	POPSPECIFICLAMBDA=0,	POPALPHAS=0,	COMPUTEPROB=1,	NOADMIX=0,	ADMBURNIN=2500,	UPDATEFREQ=1,	PRINTLIKES=0,	INTERMEDSAVE=0,	PRINTKLD=0,	PRINTNET=0,	PRINTLAMBDA=0,	ANCESTDIST=0,	NUMBOXES=1000,	ANCESTPINT=0.90000,	GENSBACK=2,	MIGRPRIOR=0.05000,	PRINTQHAT=1,	PRINTQSUM=0,	ALPHA=1.0000,	FREQSCORR=1,	FPRIORMEAN=0.0100,	FPRIORSD=0.0500,	ONEFST=0,	LAMBDA=1.0000,	UNIFPRIORALPHA=1,	ALPHAMAX=10.0000,	ALPHAPRIORA=1.0000,	ALPHAPRIORB=2.0000,	ALPHAPROPSD=0.0250,	STARTATPOPINFO=0,	RANDOMIZE=1,	LINKAGE=0,	METROFREQ=10,	REPORTHITRATE=0,	MARKOVPHASE=-1,	PHASED=0,	PLOIDY=2,	PHASEINFO=0	LOCPRIOR=0, 	LOCPRIORINIT=1.000000, 	LOCDATA=0, 	LOCISPOP=0, 	LOCPRIORSTEP=0.100000, 	MAXLOCPRIOR=20.000000, 	SEED=1470557931,	
[STRAT parameters]:    NUMSIMSTATS=1000,	PHENOTYPECOL=-9,	POOLFREQ=10,	LOCUSxONLY=0,	EMERROR=0.00100,	MISSINGPHENO=-9,	