1:    0.165 0.166 0.166 0.167 0.168 0.168 1    
2:    0.166 0.167 0.167 0.165 0.168 0.168 1    
3:    0.166 0.164 0.168 0.167 0.168 0.167 1    
4:    0.166 0.166 0.164 0.165 0.170 0.169 1    
5:    0.164 0.169 0.164 0.164 0.170 0.169 1    
6:    0.169 0.166 0.166 0.169 0.165 0.166 1    
7:    0.166 0.167 0.169 0.170 0.164 0.165 1    
8:    0.167 0.167 0.168 0.168 0.165 0.165 1    
9:    0.166 0.169 0.166 0.165 0.167 0.167 1    
10:   0.167 0.168 0.166 0.168 0.165 0.166 1    
11:   0.165 0.166 0.166 0.166 0.168 0.169 1    
12:   0.169 0.166 0.171 0.169 0.162 0.162 1    
13:   0.168 0.165 0.171 0.168 0.164 0.164 1    
14:   0.167 0.167 0.170 0.167 0.163 0.166 1    
15:   0.167 0.168 0.170 0.169 0.162 0.164 1    
16:   0.164 0.168 0.162 0.162 0.172 0.173 1    
17:   0.166 0.167 0.170 0.169 0.163 0.164 1    
18:   0.168 0.165 0.166 0.169 0.166 0.167 1    
19:   0.165 0.167 0.163 0.165 0.170 0.171 1    
20:   0.167 0.167 0.167 0.168 0.166 0.166 1    
21:   0.161 0.166 0.164 0.160 0.176 0.173 1    
22:   0.169 0.165 0.169 0.169 0.164 0.165 1    
23:   0.167 0.165 0.169 0.167 0.164 0.168 1    
24:   0.168 0.165 0.170 0.169 0.164 0.164 1    
25:   0.169 0.165 0.170 0.169 0.164 0.163 1    
26:   0.168 0.167 0.166 0.167 0.167 0.166 1    
27:   0.167 0.164 0.165 0.167 0.167 0.169 1    
28:   0.167 0.167 0.167 0.168 0.166 0.165 1    
29:   0.166 0.167 0.164 0.163 0.169 0.170 1    
30:   0.171 0.166 0.168 0.169 0.163 0.164 1    
31:   0.163 0.167 0.164 0.167 0.169 0.169 1    
32:   0.168 0.167 0.166 0.168 0.166 0.165 1    
33:   0.168 0.167 0.164 0.167 0.168 0.166 1    
34:   0.165 0.167 0.165 0.165 0.169 0.169 1    
35:   0.168 0.168 0.168 0.168 0.164 0.164 1    
36:   0.166 0.167 0.167 0.166 0.167 0.167 1    
37:   0.172 0.165 0.168 0.170 0.162 0.162 1    
38:   0.169 0.165 0.168 0.170 0.164 0.164 1    
39:   0.164 0.168 0.164 0.162 0.172 0.171 1    
40:   0.164 0.167 0.164 0.162 0.173 0.171 1    
41:   0.166 0.166 0.166 0.165 0.168 0.168 1    
42:   0.165 0.168 0.166 0.166 0.167 0.167 1    
43:   0.167 0.167 0.169 0.168 0.165 0.164 1    
44:   0.165 0.166 0.163 0.162 0.172 0.171 1    
45:   0.167 0.166 0.167 0.168 0.166 0.165 1    
46:   0.164 0.167 0.165 0.165 0.170 0.169 1    
47:   0.170 0.167 0.167 0.170 0.163 0.163 1    
48:   0.166 0.166 0.165 0.162 0.172 0.170 1    
49:   0.169 0.166 0.175 0.170 0.160 0.161 1    
50:   0.166 0.167 0.167 0.167 0.167 0.167 1    
51:   0.164 0.166 0.167 0.166 0.169 0.168 1    
52:   0.167 0.167 0.169 0.166 0.165 0.165 1    
53:   0.167 0.167 0.166 0.167 0.166 0.166 1    
54:   0.167 0.167 0.166 0.167 0.166 0.167 1    
55:   0.162 0.166 0.161 0.160 0.177 0.175 1    
56:   0.164 0.168 0.164 0.163 0.170 0.170 1    
57:   0.168 0.166 0.167 0.170 0.165 0.165 1    
58:   0.169 0.166 0.166 0.166 0.166 0.166 1    
59:   0.166 0.170 0.168 0.167 0.165 0.165 1    
60:   0.166 0.166 0.173 0.170 0.161 0.163 1    
61:   0.168 0.166 0.167 0.166 0.167 0.166 1    
62:   0.169 0.167 0.167 0.168 0.164 0.165 1    
63:   0.164 0.167 0.163 0.162 0.172 0.172 1    
64:   0.164 0.166 0.165 0.163 0.171 0.171 1    
65:   0.166 0.168 0.166 0.169 0.166 0.165 1    
66:   0.168 0.167 0.168 0.166 0.165 0.165 1    
67:   0.166 0.168 0.166 0.167 0.167 0.166 1    
68:   0.167 0.168 0.167 0.167 0.165 0.167 1    
69:   0.166 0.166 0.167 0.165 0.168 0.169 1    
70:   0.166 0.166 0.167 0.168 0.167 0.167 1    
71:   0.169 0.165 0.168 0.170 0.164 0.164 1    
72:   0.165 0.167 0.165 0.166 0.168 0.169 1    
73:   0.164 0.166 0.166 0.168 0.168 0.167 1    
74:   0.172 0.164 0.168 0.171 0.163 0.162 1    
75:   0.168 0.167 0.166 0.167 0.166 0.167 1    
76:   0.167 0.167 0.168 0.169 0.164 0.164 1    
77:   0.169 0.165 0.168 0.167 0.165 0.166 1    
78:   0.166 0.167 0.165 0.166 0.169 0.168 1    
79:   0.165 0.168 0.168 0.169 0.165 0.165 1    
80:   0.164 0.167 0.161 0.164 0.172 0.172 1    
81:   0.166 0.168 0.168 0.170 0.164 0.164 1    
82:   0.167 0.167 0.168 0.168 0.165 0.165 1    
83:   0.167 0.165 0.168 0.167 0.167 0.167 1    
84:   0.165 0.167 0.168 0.168 0.166 0.166 1    
85:   0.166 0.168 0.168 0.167 0.166 0.164 1    
86:   0.165 0.166 0.166 0.168 0.168 0.166 1    
87:   0.163 0.166 0.161 0.161 0.174 0.175 1    
88:   0.167 0.166 0.169 0.170 0.163 0.165 1    
89:   0.162 0.167 0.164 0.163 0.172 0.171 1    
90:   0.166 0.167 0.165 0.163 0.170 0.169 1    
91:   0.169 0.167 0.166 0.167 0.167 0.165 1    
92:   0.168 0.166 0.167 0.167 0.166 0.166 1    
93:   0.164 0.169 0.164 0.165 0.170 0.168 1    
94:   0.170 0.166 0.169 0.167 0.164 0.164 1    
95:   0.169 0.164 0.170 0.171 0.162 0.163 1    
96:   0.168 0.166 0.166 0.166 0.167 0.166 1    
97:   0.162 0.167 0.160 0.161 0.175 0.175 1    
98:   0.169 0.168 0.169 0.167 0.164 0.164 1    
99:   0.167 0.166 0.175 0.171 0.161 0.160 1    
100:  0.168 0.167 0.167 0.167 0.165 0.166 1    
101:  0.167 0.167 0.167 0.167 0.166 0.166 1    
102:  0.168 0.167 0.167 0.170 0.164 0.165 1    
103:  0.165 0.168 0.164 0.165 0.168 0.169 1    
104:  0.168 0.166 0.166 0.169 0.165 0.166 1    
105:  0.166 0.167 0.164 0.166 0.169 0.168 1    
106:  0.166 0.168 0.163 0.164 0.170 0.169 1    
107:  0.163 0.168 0.165 0.165 0.170 0.170 1    
108:  0.164 0.168 0.167 0.167 0.166 0.167 1    
109:  0.169 0.167 0.169 0.167 0.164 0.165 1    
110:  0.166 0.167 0.162 0.164 0.171 0.171 1    
111:  0.169 0.166 0.167 0.167 0.166 0.165 1    
112:  0.164 0.165 0.169 0.168 0.167 0.167 1    
113:  0.167 0.167 0.165 0.165 0.169 0.168 1    
114:  0.170 0.165 0.169 0.170 0.163 0.164 1    
115:  0.165 0.166 0.171 0.169 0.165 0.164 1    
116:  0.164 0.168 0.166 0.166 0.167 0.169 1    
117:  0.165 0.166 0.165 0.167 0.168 0.168 1    
118:  0.168 0.166 0.167 0.166 0.166 0.166 1    
119:  0.166 0.167 0.165 0.166 0.169 0.168 1    
120:  0.166 0.166 0.170 0.168 0.165 0.165 1    
121:  0.166 0.166 0.169 0.168 0.166 0.165 1    
122:  0.165 0.167 0.164 0.163 0.170 0.170 1    
123:  0.167 0.166 0.164 0.167 0.167 0.167 1    
124:  0.167 0.166 0.164 0.164 0.170 0.170 1    
125:  0.166 0.166 0.166 0.167 0.167 0.168 1    
126:  0.168 0.167 0.164 0.167 0.167 0.167 1    
127:  0.165 0.166 0.164 0.161 0.172 0.173 1    
128:  0.167 0.167 0.164 0.165 0.168 0.169 1    
129:  0.165 0.166 0.164 0.163 0.171 0.170 1    
130:  0.169 0.166 0.165 0.169 0.166 0.166 1    
131:  0.166 0.166 0.163 0.162 0.172 0.171 1    
132:  0.170 0.165 0.167 0.167 0.165 0.166 1    
133:  0.168 0.167 0.167 0.169 0.165 0.164 1    
134:  0.167 0.166 0.164 0.165 0.169 0.169 1    
135:  0.167 0.168 0.165 0.168 0.166 0.166 1    
136:  0.167 0.166 0.164 0.165 0.170 0.168 1    
137:  0.167 0.168 0.170 0.169 0.162 0.164 1    
138:  0.167 0.168 0.166 0.168 0.165 0.165 1    
139:  0.167 0.167 0.167 0.168 0.166 0.165 1    
140:  0.165 0.167 0.165 0.165 0.169 0.169 1    
141:  0.168 0.166 0.168 0.167 0.164 0.166 1    
142:  0.165 0.165 0.164 0.164 0.171 0.171 1    
143:  0.166 0.168 0.166 0.165 0.168 0.167 1    
144:  0.172 0.165 0.168 0.170 0.163 0.162 1    
145:  0.165 0.166 0.168 0.165 0.168 0.169 1    
146:  0.166 0.167 0.166 0.165 0.168 0.167 1    
147:  0.167 0.166 0.170 0.170 0.164 0.163 1    
148:  0.163 0.167 0.165 0.164 0.170 0.171 1    
149:  0.169 0.168 0.166 0.167 0.166 0.165 1    
150:  0.167 0.167 0.167 0.166 0.166 0.166 1    
151:  0.170 0.166 0.168 0.168 0.163 0.164 1    
152:  0.168 0.164 0.174 0.172 0.161 0.162 1    
153:  0.165 0.167 0.172 0.170 0.162 0.164 1    
154:  0.168 0.165 0.173 0.170 0.162 0.162 1    
155:  0.168 0.167 0.166 0.166 0.167 0.167 1    
156:  0.167 0.167 0.167 0.169 0.165 0.165 1    
157:  0.166 0.166 0.165 0.165 0.169 0.169 1    
158:  0.167 0.167 0.165 0.167 0.167 0.167 1    
159:  0.168 0.166 0.168 0.168 0.165 0.165 1    
160:  0.168 0.166 0.169 0.166 0.165 0.165 1    
161:  0.165 0.166 0.167 0.166 0.167 0.169 1    
162:  0.168 0.168 0.165 0.164 0.167 0.169 1    
163:  0.166 0.168 0.169 0.169 0.164 0.165 1    
164:  0.166 0.166 0.165 0.163 0.170 0.170 1    
165:  0.170 0.167 0.167 0.168 0.164 0.163 1    
166:  0.168 0.166 0.167 0.169 0.164 0.165 1    
167:  0.165 0.166 0.167 0.168 0.167 0.166 1    
168:  0.168 0.168 0.166 0.166 0.167 0.166 1    
169:  0.165 0.168 0.166 0.168 0.167 0.166 1    
170:  0.165 0.168 0.167 0.168 0.166 0.166 1    
171:  0.168 0.166 0.167 0.166 0.166 0.166 1    
172:  0.166 0.166 0.165 0.165 0.170 0.169 1    
173:  0.167 0.168 0.166 0.166 0.166 0.168 1    
174:  0.168 0.166 0.166 0.166 0.167 0.167 1    
175:  0.166 0.166 0.163 0.163 0.171 0.171 1    
176:  0.167 0.168 0.170 0.170 0.162 0.163 1    
177:  0.165 0.167 0.165 0.165 0.169 0.170 1    
178:  0.167 0.166 0.168 0.165 0.167 0.166 1    
179:  0.166 0.167 0.165 0.166 0.168 0.168 1    
180:  0.163 0.166 0.169 0.166 0.168 0.168 1    
181:  0.166 0.166 0.168 0.169 0.165 0.165 1    
182:  0.166 0.167 0.165 0.167 0.168 0.168 1    
183:  0.169 0.167 0.165 0.167 0.166 0.165 1    
184:  0.164 0.168 0.163 0.162 0.172 0.171 1    
185:  0.169 0.167 0.169 0.169 0.163 0.163 1    
186:  0.167 0.166 0.167 0.167 0.166 0.167 1    
187:  0.166 0.166 0.162 0.165 0.170 0.171 1    
188:  0.168 0.166 0.170 0.168 0.165 0.164 1    
189:  0.169 0.166 0.166 0.169 0.165 0.165 1    
190:  0.166 0.167 0.168 0.168 0.166 0.164 1    
191:  0.166 0.166 0.168 0.168 0.166 0.166 1    
192:  0.168 0.167 0.167 0.168 0.165 0.165 1    
193:  0.164 0.169 0.164 0.165 0.170 0.168 1    
194:  0.169 0.165 0.167 0.168 0.166 0.165 1    
195:  0.165 0.168 0.167 0.167 0.166 0.166 1    
196:  0.166 0.168 0.166 0.166 0.168 0.167 1    
197:  0.167 0.167 0.168 0.169 0.165 0.164 1    
198:  0.167 0.167 0.166 0.167 0.166 0.167 1    
199:  0.167 0.165 0.169 0.168 0.166 0.166 1    
200:  0.164 0.165 0.163 0.164 0.173 0.171 1    
201:  0.169 0.166 0.166 0.168 0.165 0.165 1    
202:  0.166 0.167 0.167 0.166 0.167 0.167 1    
203:  0.165 0.166 0.164 0.166 0.170 0.169 1    
204:  0.167 0.167 0.167 0.166 0.167 0.167 1    
205:  0.166 0.165 0.165 0.165 0.170 0.170 1    
206:  0.167 0.168 0.169 0.168 0.163 0.164 1    
207:  0.165 0.166 0.163 0.161 0.172 0.172 1    
208:  0.165 0.166 0.165 0.165 0.169 0.170 1    
209:  0.166 0.168 0.166 0.165 0.167 0.167 1    
210:  0.167 0.167 0.168 0.169 0.164 0.164 1    
211:  0.170 0.164 0.171 0.168 0.163 0.164 1    
212:  0.167 0.168 0.167 0.168 0.164 0.166 1    
213:  0.166 0.168 0.169 0.168 0.164 0.165 1    
214:  0.171 0.165 0.167 0.168 0.164 0.165 1    
215:  0.169 0.168 0.166 0.168 0.165 0.164 1    
216:  0.169 0.167 0.168 0.168 0.165 0.164 1    
217:  0.167 0.165 0.169 0.167 0.165 0.166 1    
218:  0.165 0.167 0.170 0.166 0.165 0.166 1    
219:  0.166 0.167 0.166 0.169 0.166 0.165 1    
220:  0.166 0.167 0.168 0.166 0.167 0.166 1    
221:  0.167 0.166 0.170 0.169 0.165 0.164 1    
222:  0.167 0.168 0.166 0.167 0.166 0.166 1    
223:  0.166 0.168 0.166 0.167 0.167 0.167 1    
224:  0.169 0.165 0.166 0.168 0.166 0.166 1    
225:  0.167 0.167 0.167 0.167 0.166 0.167 1    
226:  0.169 0.165 0.167 0.169 0.164 0.165 1    
227:  0.166 0.167 0.164 0.168 0.167 0.168 1    
228:  0.167 0.167 0.167 0.166 0.167 0.166 1    
229:  0.164 0.168 0.162 0.162 0.172 0.172 1    
230:  0.167 0.167 0.166 0.168 0.166 0.166 1    
231:  0.168 0.167 0.169 0.169 0.163 0.164 1    
232:  0.168 0.166 0.171 0.169 0.163 0.162 1    
233:  0.169 0.167 0.168 0.168 0.164 0.165 1    
234:  0.167 0.166 0.164 0.164 0.169 0.169 1    
235:  0.166 0.167 0.164 0.167 0.169 0.168 1    
236:  0.166 0.166 0.167 0.167 0.167 0.167 1    
237:  0.166 0.166 0.169 0.168 0.165 0.165 1    
238:  0.167 0.166 0.166 0.167 0.168 0.167 1    
239:  0.167 0.167 0.170 0.169 0.163 0.164 1    
240:  0.166 0.167 0.172 0.169 0.163 0.164 1    
241:  0.167 0.165 0.165 0.165 0.169 0.170 1    
242:  0.167 0.166 0.168 0.167 0.167 0.166 1    
243:  0.167 0.169 0.168 0.171 0.163 0.162 1    
244:  0.167 0.168 0.168 0.167 0.164 0.165 1    
245:  0.170 0.166 0.166 0.167 0.166 0.165 1    
246:  0.167 0.167 0.168 0.166 0.166 0.166 1    
247:  0.167 0.166 0.167 0.167 0.166 0.166 1    
248:  0.166 0.167 0.165 0.167 0.168 0.168 1    
249:  0.166 0.167 0.170 0.168 0.165 0.165 1    
250:  0.165 0.166 0.166 0.165 0.169 0.169 1    
251:  0.169 0.165 0.170 0.168 0.163 0.165 1    
252:  0.166 0.168 0.165 0.166 0.167 0.168 1    
253:  0.168 0.166 0.164 0.167 0.168 0.167 1    
254:  0.168 0.166 0.167 0.167 0.166 0.166 1    
255:  0.167 0.166 0.170 0.168 0.164 0.165 1    
256:  0.165 0.168 0.168 0.168 0.165 0.165 1    
257:  0.165 0.167 0.166 0.168 0.168 0.166 1    
258:  0.167 0.167 0.163 0.166 0.169 0.168 1    
259:  0.164 0.168 0.167 0.166 0.169 0.168 1    
260:  0.164 0.167 0.165 0.165 0.170 0.169 1    
261:  0.166 0.167 0.164 0.166 0.169 0.169 1    
262:  0.170 0.166 0.173 0.169 0.161 0.161 1    
263:  0.164 0.167 0.166 0.165 0.169 0.168 1    
264:  0.168 0.165 0.170 0.168 0.164 0.165 1    
265:  0.168 0.168 0.166 0.166 0.166 0.166 1    
266:  0.168 0.166 0.166 0.166 0.167 0.167 1    
267:  0.166 0.168 0.166 0.166 0.167 0.167 1    
268:  0.166 0.167 0.162 0.163 0.171 0.171 1    
269:  0.163 0.166 0.165 0.162 0.172 0.170 1    
270:  0.167 0.167 0.170 0.169 0.164 0.165 1    
271:  0.163 0.168 0.164 0.163 0.171 0.170 1    
272:  0.170 0.167 0.167 0.168 0.164 0.164 1    
273:  0.167 0.166 0.167 0.167 0.166 0.166 1    
274:  0.167 0.165 0.167 0.166 0.167 0.167 1    
275:  0.167 0.168 0.166 0.167 0.166 0.166 1    
276:  0.168 0.166 0.161 0.164 0.171 0.171 1    
277:  0.165 0.169 0.166 0.165 0.168 0.167 1    
278:  0.166 0.168 0.165 0.166 0.168 0.167 1    
279:  0.164 0.166 0.166 0.165 0.170 0.169 1    
280:  0.166 0.168 0.170 0.167 0.165 0.165 1    
281:  0.166 0.165 0.165 0.165 0.170 0.168 1    
282:  0.165 0.168 0.169 0.167 0.166 0.165 1    
283:  0.169 0.167 0.169 0.170 0.162 0.163 1    
284:  0.166 0.168 0.169 0.169 0.164 0.163 1    
285:  0.165 0.167 0.165 0.164 0.170 0.169 1    
286:  0.167 0.167 0.166 0.167 0.167 0.166 1    
287:  0.164 0.165 0.170 0.167 0.166 0.167 1    
288:  0.169 0.168 0.164 0.167 0.165 0.167 1    
289:  0.167 0.166 0.171 0.171 0.162 0.163 1    
290:  0.169 0.166 0.170 0.170 0.162 0.163 1    
291:  0.166 0.167 0.168 0.167 0.166 0.165 1    
292:  0.166 0.166 0.166 0.166 0.169 0.167 1    
293:  0.167 0.167 0.167 0.168 0.166 0.165 1    
294:  0.165 0.166 0.163 0.164 0.171 0.172 1    
295:  0.165 0.165 0.163 0.163 0.172 0.172 1    
296:  0.169 0.166 0.167 0.169 0.165 0.164 1    
297:  0.167 0.167 0.166 0.165 0.168 0.168 1    
298:  0.167 0.166 0.166 0.166 0.168 0.167 1    
299:  0.167 0.168 0.168 0.169 0.164 0.165 1    
300:  0.165 0.167 0.164 0.167 0.169 0.168 1    
301:  0.165 0.166 0.163 0.166 0.170 0.169 1    
302:  0.168 0.169 0.167 0.166 0.165 0.165 1    
303:  0.167 0.167 0.169 0.169 0.164 0.164 1    
                       
                       
1:    0.166 0.166 0.166 0.172 0.165 0.165 1    
2:    0.168 0.168 0.166 0.167 0.166 0.167 1    
3:    0.168 0.167 0.166 0.168 0.165 0.165 1    
4:    0.167 0.165 0.167 0.171 0.165 0.166 1    
5:    0.166 0.165 0.165 0.172 0.164 0.167 1    
6:    0.168 0.166 0.168 0.161 0.169 0.168 1    
7:    0.166 0.169 0.170 0.162 0.166 0.167 1    
8:    0.165 0.168 0.168 0.163 0.169 0.166 1    
9:    0.166 0.166 0.167 0.166 0.168 0.167 1    
10:   0.167 0.166 0.166 0.166 0.166 0.168 1    
11:   0.166 0.166 0.167 0.169 0.166 0.166 1    
12:   0.165 0.171 0.168 0.160 0.169 0.167 1    
13:   0.166 0.171 0.166 0.162 0.168 0.166 1    
14:   0.168 0.170 0.165 0.164 0.165 0.167 1    
15:   0.166 0.170 0.168 0.162 0.168 0.165 1    
16:   0.168 0.163 0.165 0.176 0.164 0.164 1    
17:   0.167 0.170 0.167 0.163 0.167 0.166 1    
18:   0.165 0.167 0.167 0.167 0.166 0.167 1    
19:   0.167 0.164 0.165 0.174 0.164 0.166 1    
20:   0.167 0.167 0.168 0.165 0.165 0.168 1    
21:   0.168 0.164 0.163 0.180 0.162 0.162 1    
22:   0.166 0.166 0.167 0.163 0.168 0.169 1    
23:   0.168 0.168 0.165 0.166 0.164 0.168 1    
24:   0.166 0.168 0.169 0.163 0.167 0.167 1    
25:   0.165 0.170 0.171 0.162 0.166 0.166 1    
26:   0.166 0.169 0.165 0.166 0.166 0.167 1    
27:   0.168 0.165 0.165 0.169 0.166 0.166 1    
28:   0.167 0.169 0.167 0.163 0.167 0.167 1    
29:   0.168 0.164 0.165 0.172 0.164 0.167 1    
30:   0.168 0.167 0.167 0.163 0.167 0.168 1    
31:   0.167 0.166 0.165 0.169 0.166 0.166 1    
32:   0.165 0.166 0.169 0.164 0.169 0.167 1    
33:   0.166 0.166 0.169 0.166 0.166 0.167 1    
34:   0.166 0.166 0.165 0.170 0.166 0.167 1    
35:   0.166 0.169 0.169 0.162 0.166 0.168 1    
36:   0.167 0.167 0.166 0.167 0.166 0.166 1    
37:   0.165 0.167 0.171 0.161 0.169 0.167 1    
38:   0.165 0.167 0.170 0.162 0.170 0.167 1    
39:   0.167 0.163 0.166 0.176 0.164 0.165 1    
40:   0.167 0.164 0.165 0.173 0.166 0.166 1    
41:   0.167 0.167 0.165 0.169 0.164 0.167 1    
42:   0.166 0.166 0.166 0.168 0.166 0.168 1    
43:   0.166 0.170 0.168 0.162 0.168 0.166 1    
44:   0.167 0.163 0.165 0.174 0.167 0.165 1    
45:   0.166 0.166 0.169 0.165 0.167 0.167 1    
46:   0.167 0.164 0.165 0.170 0.167 0.167 1    
47:   0.166 0.167 0.169 0.162 0.168 0.167 1    
48:   0.167 0.166 0.165 0.172 0.165 0.165 1    
49:   0.166 0.176 0.170 0.156 0.167 0.164 1    
50:   0.167 0.165 0.167 0.167 0.167 0.168 1    
51:   0.168 0.165 0.165 0.169 0.165 0.167 1    
52:   0.166 0.166 0.168 0.166 0.168 0.167 1    
53:   0.167 0.164 0.166 0.167 0.168 0.167 1    
54:   0.167 0.165 0.166 0.165 0.169 0.168 1    
55:   0.170 0.161 0.163 0.179 0.164 0.164 1    
56:   0.167 0.164 0.166 0.173 0.164 0.167 1    
57:   0.166 0.167 0.168 0.163 0.169 0.168 1    
58:   0.167 0.166 0.165 0.168 0.166 0.168 1    
59:   0.167 0.169 0.167 0.165 0.166 0.167 1    
60:   0.166 0.168 0.169 0.161 0.169 0.168 1    
61:   0.168 0.166 0.165 0.167 0.166 0.168 1    
62:   0.166 0.167 0.168 0.166 0.166 0.167 1    
63:   0.169 0.163 0.163 0.175 0.165 0.166 1    
64:   0.168 0.164 0.166 0.173 0.164 0.165 1    
65:   0.168 0.167 0.166 0.165 0.166 0.168 1    
66:   0.167 0.168 0.166 0.166 0.167 0.166 1    
67:   0.167 0.166 0.166 0.167 0.166 0.168 1    
68:   0.167 0.169 0.168 0.165 0.165 0.166 1    
69:   0.166 0.168 0.167 0.169 0.165 0.165 1    
70:   0.168 0.167 0.166 0.166 0.166 0.168 1    
71:   0.167 0.168 0.167 0.163 0.168 0.168 1    
72:   0.169 0.165 0.165 0.170 0.165 0.167 1    
73:   0.169 0.166 0.166 0.168 0.165 0.167 1    
74:   0.164 0.168 0.169 0.161 0.170 0.167 1    
75:   0.167 0.165 0.169 0.165 0.167 0.167 1    
76:   0.168 0.169 0.167 0.162 0.167 0.167 1    
77:   0.166 0.170 0.170 0.163 0.166 0.166 1    
78:   0.168 0.165 0.165 0.169 0.167 0.167 1    
79:   0.166 0.166 0.169 0.165 0.168 0.167 1    
80:   0.167 0.162 0.165 0.174 0.165 0.166 1    
81:   0.167 0.167 0.167 0.163 0.167 0.169 1    
82:   0.166 0.166 0.167 0.164 0.170 0.168 1    
83:   0.166 0.167 0.166 0.168 0.167 0.166 1    
84:   0.166 0.166 0.166 0.166 0.168 0.167 1    
85:   0.166 0.167 0.167 0.165 0.168 0.167 1    
86:   0.167 0.165 0.168 0.166 0.166 0.167 1    
87:   0.169 0.161 0.165 0.179 0.163 0.164 1    
88:   0.166 0.168 0.168 0.164 0.168 0.167 1    
89:   0.167 0.167 0.164 0.174 0.164 0.165 1    
90:   0.167 0.166 0.166 0.170 0.166 0.165 1    
91:   0.167 0.166 0.166 0.167 0.167 0.168 1    
92:   0.168 0.165 0.166 0.166 0.167 0.167 1    
93:   0.167 0.166 0.166 0.168 0.166 0.167 1    
94:   0.166 0.168 0.172 0.161 0.168 0.166 1    
95:   0.166 0.171 0.168 0.161 0.169 0.166 1    
96:   0.166 0.166 0.168 0.166 0.168 0.166 1    
97:   0.168 0.162 0.163 0.178 0.163 0.166 1    
98:   0.167 0.167 0.167 0.164 0.167 0.167 1    
99:   0.167 0.173 0.167 0.158 0.167 0.167 1    
100:  0.166 0.166 0.168 0.165 0.168 0.166 1    
101:  0.166 0.167 0.168 0.165 0.169 0.166 1    
102:  0.167 0.167 0.168 0.162 0.168 0.168 1    
103:  0.167 0.166 0.165 0.170 0.165 0.167 1    
104:  0.166 0.167 0.167 0.165 0.166 0.168 1    
105:  0.166 0.165 0.168 0.169 0.165 0.167 1    
106:  0.168 0.163 0.166 0.172 0.164 0.167 1    
107:  0.168 0.166 0.165 0.172 0.166 0.163 1    
108:  0.166 0.168 0.167 0.167 0.166 0.166 1    
109:  0.166 0.167 0.168 0.165 0.168 0.167 1    
110:  0.168 0.163 0.164 0.175 0.166 0.166 1    
111:  0.167 0.166 0.168 0.163 0.170 0.167 1    
112:  0.168 0.168 0.166 0.168 0.164 0.167 1    
113:  0.167 0.166 0.166 0.168 0.167 0.167 1    
114:  0.165 0.169 0.169 0.163 0.168 0.166 1    
115:  0.167 0.167 0.168 0.162 0.169 0.168 1    
116:  0.167 0.167 0.166 0.169 0.165 0.167 1    
117:  0.167 0.167 0.167 0.166 0.167 0.166 1    
118:  0.166 0.167 0.169 0.166 0.165 0.167 1    
119:  0.167 0.165 0.165 0.168 0.167 0.167 1    
120:  0.166 0.168 0.167 0.165 0.167 0.167 1    
121:  0.166 0.167 0.166 0.166 0.168 0.167 1    
122:  0.167 0.164 0.166 0.172 0.165 0.165 1    
123:  0.167 0.167 0.165 0.168 0.166 0.167 1    
124:  0.168 0.165 0.168 0.171 0.164 0.165 1    
125:  0.167 0.166 0.168 0.167 0.166 0.166 1    
126:  0.166 0.167 0.165 0.169 0.166 0.167 1    
127:  0.168 0.163 0.162 0.175 0.165 0.165 1    
128:  0.167 0.165 0.164 0.171 0.166 0.167 1    
129:  0.167 0.165 0.164 0.174 0.165 0.166 1    
130:  0.166 0.168 0.167 0.164 0.169 0.166 1    
131:  0.168 0.163 0.165 0.175 0.165 0.164 1    
132:  0.166 0.166 0.167 0.165 0.168 0.168 1    
133:  0.166 0.169 0.167 0.163 0.168 0.167 1    
134:  0.168 0.165 0.166 0.170 0.165 0.166 1    
135:  0.167 0.166 0.167 0.163 0.169 0.167 1    
136:  0.167 0.164 0.167 0.171 0.165 0.166 1    
137:  0.165 0.169 0.168 0.162 0.169 0.167 1    
138:  0.165 0.167 0.169 0.166 0.166 0.167 1    
139:  0.166 0.168 0.169 0.164 0.167 0.166 1    
140:  0.167 0.164 0.166 0.169 0.167 0.167 1    
141:  0.169 0.167 0.166 0.164 0.166 0.168 1    
142:  0.167 0.163 0.169 0.173 0.164 0.164 1    
143:  0.167 0.168 0.166 0.167 0.165 0.167 1    
144:  0.164 0.167 0.171 0.161 0.169 0.168 1    
145:  0.167 0.166 0.166 0.170 0.165 0.166 1    
146:  0.167 0.165 0.167 0.168 0.166 0.167 1    
147:  0.166 0.171 0.167 0.163 0.167 0.167 1    
148:  0.166 0.166 0.165 0.172 0.166 0.164 1    
149:  0.167 0.166 0.168 0.166 0.166 0.166 1    
150:  0.167 0.167 0.165 0.168 0.165 0.168 1    
151:  0.166 0.167 0.168 0.163 0.170 0.167 1    
152:  0.166 0.171 0.169 0.160 0.168 0.167 1    
153:  0.166 0.170 0.169 0.162 0.167 0.166 1    
154:  0.166 0.170 0.169 0.159 0.168 0.167 1    
155:  0.166 0.167 0.169 0.164 0.167 0.167 1    
156:  0.166 0.168 0.167 0.165 0.167 0.167 1    
157:  0.166 0.165 0.166 0.172 0.167 0.165 1    
158:  0.166 0.167 0.165 0.167 0.167 0.168 1    
159:  0.165 0.169 0.167 0.163 0.170 0.165 1    
160:  0.166 0.166 0.168 0.165 0.167 0.168 1    
161:  0.165 0.167 0.166 0.171 0.166 0.165 1    
162:  0.166 0.165 0.166 0.168 0.167 0.167 1    
163:  0.164 0.169 0.169 0.162 0.170 0.166 1    
164:  0.167 0.166 0.167 0.171 0.166 0.164 1    
165:  0.167 0.166 0.166 0.164 0.170 0.168 1    
166:  0.166 0.168 0.167 0.163 0.170 0.166 1    
167:  0.167 0.166 0.167 0.165 0.166 0.169 1    
168:  0.165 0.166 0.167 0.166 0.169 0.167 1    
169:  0.166 0.168 0.167 0.166 0.167 0.166 1    
170:  0.167 0.165 0.167 0.167 0.168 0.167 1    
171:  0.166 0.166 0.166 0.165 0.168 0.168 1    
172:  0.168 0.164 0.166 0.170 0.167 0.166 1    
173:  0.166 0.165 0.166 0.167 0.169 0.167 1    
174:  0.166 0.166 0.168 0.166 0.167 0.167 1    
175:  0.167 0.165 0.164 0.174 0.164 0.165 1    
176:  0.165 0.169 0.170 0.162 0.167 0.167 1    
177:  0.168 0.165 0.165 0.170 0.166 0.166 1    
178:  0.166 0.167 0.168 0.166 0.165 0.167 1    
179:  0.167 0.165 0.165 0.168 0.167 0.167 1    
180:  0.168 0.167 0.167 0.169 0.163 0.166 1    
181:  0.166 0.170 0.167 0.164 0.165 0.168 1    
182:  0.168 0.166 0.165 0.168 0.165 0.169 1    
183:  0.167 0.166 0.167 0.164 0.167 0.169 1    
184:  0.169 0.164 0.163 0.175 0.165 0.165 1    
185:  0.167 0.165 0.168 0.160 0.171 0.168 1    
186:  0.167 0.168 0.165 0.166 0.166 0.167 1    
187:  0.168 0.164 0.164 0.172 0.166 0.166 1    
188:  0.168 0.169 0.166 0.165 0.166 0.166 1    
189:  0.165 0.167 0.168 0.164 0.168 0.167 1    
190:  0.165 0.169 0.168 0.164 0.167 0.167 1    
191:  0.165 0.168 0.167 0.165 0.167 0.168 1    
192:  0.166 0.168 0.168 0.165 0.166 0.167 1    
193:  0.167 0.165 0.164 0.170 0.166 0.167 1    
194:  0.165 0.169 0.167 0.165 0.169 0.165 1    
195:  0.166 0.168 0.166 0.165 0.168 0.166 1    
196:  0.167 0.164 0.167 0.167 0.169 0.166 1    
197:  0.167 0.168 0.168 0.163 0.166 0.167 1    
198:  0.168 0.165 0.166 0.167 0.166 0.168 1    
199:  0.166 0.166 0.169 0.165 0.167 0.168 1    
200:  0.168 0.164 0.165 0.176 0.163 0.165 1    
201:  0.167 0.166 0.167 0.166 0.167 0.168 1    
202:  0.168 0.166 0.166 0.168 0.165 0.167 1    
203:  0.167 0.166 0.165 0.170 0.165 0.167 1    
204:  0.167 0.170 0.167 0.165 0.166 0.166 1    
205:  0.167 0.164 0.167 0.171 0.165 0.166 1    
206:  0.166 0.169 0.168 0.164 0.168 0.167 1    
207:  0.169 0.163 0.163 0.175 0.164 0.166 1    
208:  0.168 0.165 0.165 0.172 0.165 0.166 1    
209:  0.166 0.166 0.167 0.166 0.168 0.167 1    
210:  0.166 0.166 0.169 0.164 0.166 0.168 1    
211:  0.165 0.171 0.168 0.161 0.169 0.166 1    
212:  0.166 0.168 0.168 0.163 0.168 0.167 1    
213:  0.166 0.168 0.167 0.164 0.169 0.167 1    
214:  0.166 0.167 0.168 0.163 0.168 0.168 1    
215:  0.166 0.166 0.169 0.163 0.169 0.168 1    
216:  0.166 0.166 0.169 0.164 0.166 0.167 1    
217:  0.168 0.168 0.168 0.166 0.165 0.166 1    
218:  0.166 0.172 0.166 0.165 0.166 0.164 1    
219:  0.165 0.169 0.167 0.165 0.167 0.166 1    
220:  0.166 0.165 0.169 0.167 0.167 0.166 1    
221:  0.166 0.169 0.168 0.163 0.167 0.167 1    
222:  0.166 0.167 0.165 0.168 0.165 0.169 1    
223:  0.166 0.167 0.166 0.167 0.168 0.166 1    
224:  0.166 0.169 0.168 0.165 0.166 0.166 1    
225:  0.166 0.167 0.165 0.167 0.166 0.168 1    
226:  0.166 0.166 0.167 0.165 0.169 0.168 1    
227:  0.166 0.168 0.167 0.167 0.167 0.166 1    
228:  0.166 0.171 0.166 0.165 0.167 0.166 1    
229:  0.168 0.165 0.165 0.174 0.162 0.166 1    
230:  0.166 0.166 0.166 0.167 0.168 0.167 1    
231:  0.166 0.170 0.167 0.163 0.166 0.167 1    
232:  0.164 0.167 0.171 0.161 0.171 0.166 1    
233:  0.165 0.168 0.168 0.163 0.169 0.166 1    
234:  0.167 0.165 0.165 0.170 0.166 0.166 1    
235:  0.166 0.167 0.165 0.169 0.166 0.168 1    
236:  0.169 0.164 0.168 0.166 0.167 0.166 1    
237:  0.167 0.168 0.167 0.165 0.167 0.167 1    
238:  0.166 0.166 0.167 0.166 0.168 0.167 1    
239:  0.165 0.170 0.170 0.162 0.167 0.167 1    
240:  0.167 0.171 0.166 0.161 0.169 0.166 1    
241:  0.167 0.163 0.168 0.172 0.165 0.165 1    
242:  0.169 0.167 0.165 0.165 0.167 0.167 1    
243:  0.166 0.166 0.167 0.162 0.171 0.168 1    
244:  0.166 0.166 0.168 0.163 0.169 0.168 1    
245:  0.167 0.167 0.166 0.166 0.167 0.167 1    
246:  0.165 0.168 0.168 0.166 0.166 0.167 1    
247:  0.167 0.169 0.165 0.166 0.168 0.165 1    
248:  0.167 0.165 0.165 0.169 0.165 0.169 1    
249:  0.166 0.169 0.169 0.163 0.167 0.166 1    
250:  0.168 0.166 0.165 0.171 0.165 0.166 1    
251:  0.168 0.168 0.168 0.163 0.165 0.168 1    
252:  0.168 0.165 0.165 0.168 0.167 0.166 1    
253:  0.167 0.165 0.166 0.168 0.168 0.167 1    
254:  0.165 0.169 0.168 0.164 0.168 0.165 1    
255:  0.165 0.167 0.169 0.163 0.168 0.167 1    
256:  0.167 0.167 0.167 0.165 0.166 0.169 1    
257:  0.167 0.165 0.165 0.167 0.167 0.168 1    
258:  0.166 0.164 0.169 0.169 0.166 0.166 1    
259:  0.167 0.167 0.165 0.172 0.164 0.166 1    
260:  0.169 0.165 0.165 0.168 0.165 0.168 1    
261:  0.167 0.167 0.164 0.170 0.166 0.164 1    
262:  0.166 0.175 0.169 0.157 0.169 0.164 1    
263:  0.167 0.167 0.165 0.169 0.166 0.166 1    
264:  0.167 0.168 0.170 0.163 0.166 0.166 1    
265:  0.168 0.166 0.166 0.166 0.166 0.168 1    
266:  0.166 0.168 0.167 0.167 0.165 0.167 1    
267:  0.167 0.166 0.167 0.168 0.164 0.167 1    
268:  0.168 0.165 0.165 0.173 0.165 0.165 1    
269:  0.167 0.163 0.166 0.173 0.166 0.164 1    
270:  0.167 0.171 0.167 0.164 0.166 0.166 1    
271:  0.166 0.165 0.163 0.174 0.165 0.166 1    
272:  0.167 0.167 0.166 0.164 0.169 0.167 1    
273:  0.169 0.167 0.165 0.165 0.167 0.167 1    
274:  0.168 0.167 0.165 0.167 0.166 0.167 1    
275:  0.165 0.166 0.168 0.165 0.169 0.167 1    
276:  0.168 0.165 0.162 0.174 0.165 0.166 1    
277:  0.168 0.164 0.165 0.169 0.166 0.168 1    
278:  0.166 0.165 0.169 0.167 0.167 0.166 1    
279:  0.167 0.166 0.165 0.171 0.165 0.166 1    
280:  0.165 0.169 0.167 0.165 0.167 0.167 1    
281:  0.167 0.165 0.165 0.170 0.167 0.166 1    
282:  0.167 0.169 0.167 0.165 0.166 0.167 1    
283:  0.166 0.169 0.169 0.159 0.170 0.167 1    
284:  0.168 0.168 0.167 0.163 0.169 0.167 1    
285:  0.167 0.165 0.165 0.172 0.165 0.166 1    
286:  0.167 0.167 0.167 0.166 0.166 0.166 1    
287:  0.167 0.167 0.167 0.167 0.167 0.165 1    
288:  0.167 0.167 0.166 0.166 0.167 0.167 1    
289:  0.168 0.169 0.168 0.162 0.166 0.168 1    
290:  0.163 0.170 0.169 0.162 0.169 0.167 1    
291:  0.165 0.168 0.167 0.166 0.167 0.167 1    
292:  0.167 0.166 0.165 0.170 0.165 0.167 1    
293:  0.169 0.166 0.165 0.166 0.165 0.169 1    
294:  0.168 0.163 0.163 0.176 0.165 0.165 1    
295:  0.167 0.162 0.163 0.175 0.166 0.166 1    
296:  0.166 0.171 0.167 0.163 0.167 0.166 1    
297:  0.166 0.168 0.165 0.169 0.165 0.166 1    
298:  0.166 0.165 0.167 0.167 0.167 0.167 1    
299:  0.166 0.167 0.168 0.163 0.170 0.167 1    
300:  0.166 0.164 0.166 0.169 0.168 0.168 1    
301:  0.167 0.166 0.164 0.171 0.165 0.167 1    
302:  0.165 0.166 0.167 0.164 0.170 0.168 1    
303:  0.165 0.167 0.168 0.165 0.168 0.167 1    
                       
                       
1:    0.162 0.166 0.164 0.167 0.168 0.172 1    
2:    0.165 0.168 0.165 0.169 0.165 0.168 1    
3:    0.169 0.168 0.162 0.167 0.165 0.170 1    
4:    0.161 0.166 0.163 0.170 0.167 0.174 1    
5:    0.161 0.166 0.161 0.171 0.167 0.174 1    
6:    0.172 0.165 0.175 0.164 0.164 0.160 1    
7:    0.172 0.165 0.173 0.164 0.166 0.160 1    
8:    0.169 0.171 0.165 0.166 0.166 0.164 1    
9:    0.168 0.166 0.165 0.169 0.165 0.166 1    
10:   0.164 0.167 0.168 0.165 0.170 0.166 1    
11:   0.163 0.168 0.163 0.169 0.167 0.171 1    
12:   0.180 0.167 0.169 0.163 0.164 0.158 1    
13:   0.174 0.167 0.170 0.163 0.166 0.161 1    
14:   0.174 0.166 0.165 0.167 0.164 0.164 1    
15:   0.171 0.168 0.169 0.166 0.165 0.162 1    
16:   0.157 0.166 0.159 0.168 0.169 0.180 1    
17:   0.169 0.168 0.171 0.165 0.165 0.162 1    
18:   0.164 0.167 0.167 0.169 0.166 0.167 1    
19:   0.161 0.165 0.159 0.168 0.170 0.177 1    
20:   0.168 0.166 0.170 0.166 0.166 0.165 1    
21:   0.159 0.163 0.160 0.166 0.167 0.185 1    
22:   0.172 0.168 0.168 0.166 0.164 0.163 1    
23:   0.173 0.166 0.165 0.166 0.164 0.165 1    
24:   0.170 0.167 0.168 0.167 0.166 0.162 1    
25:   0.172 0.170 0.166 0.165 0.166 0.162 1    
26:   0.169 0.166 0.165 0.169 0.164 0.167 1    
27:   0.167 0.165 0.165 0.166 0.167 0.169 1    
28:   0.171 0.166 0.168 0.167 0.165 0.164 1    
29:   0.160 0.166 0.167 0.166 0.168 0.173 1    
30:   0.181 0.164 0.167 0.165 0.162 0.161 1    
31:   0.165 0.166 0.168 0.166 0.167 0.168 1    
32:   0.169 0.166 0.167 0.166 0.167 0.165 1    
33:   0.165 0.167 0.165 0.170 0.165 0.168 1    
34:   0.164 0.169 0.163 0.167 0.167 0.170 1    
35:   0.174 0.167 0.166 0.165 0.166 0.162 1    
36:   0.169 0.165 0.163 0.168 0.167 0.168 1    
37:   0.176 0.166 0.169 0.165 0.165 0.159 1    
38:   0.175 0.167 0.166 0.164 0.167 0.160 1    
39:   0.159 0.165 0.159 0.170 0.169 0.178 1    
40:   0.160 0.167 0.163 0.167 0.167 0.176 1    
41:   0.166 0.166 0.164 0.168 0.165 0.170 1    
42:   0.161 0.168 0.166 0.169 0.167 0.168 1    
43:   0.172 0.168 0.165 0.167 0.165 0.162 1    
44:   0.163 0.165 0.161 0.168 0.166 0.177 1    
45:   0.164 0.165 0.174 0.166 0.166 0.164 1    
46:   0.161 0.166 0.164 0.168 0.168 0.172 1    
47:   0.166 0.166 0.172 0.166 0.166 0.164 1    
48:   0.166 0.162 0.161 0.168 0.166 0.176 1    
49:   0.182 0.168 0.171 0.162 0.163 0.153 1    
50:   0.163 0.166 0.171 0.167 0.167 0.167 1    
51:   0.163 0.164 0.167 0.166 0.168 0.171 1    
52:   0.168 0.166 0.167 0.166 0.167 0.166 1    
53:   0.163 0.165 0.172 0.166 0.168 0.165 1    
54:   0.168 0.165 0.169 0.166 0.167 0.165 1    
55:   0.158 0.163 0.157 0.167 0.169 0.186 1    
56:   0.157 0.166 0.161 0.172 0.167 0.177 1    
57:   0.169 0.167 0.169 0.164 0.169 0.162 1    
58:   0.166 0.166 0.170 0.165 0.166 0.167 1    
59:   0.166 0.168 0.167 0.166 0.170 0.163 1    
60:   0.166 0.168 0.175 0.163 0.168 0.159 1    
61:   0.163 0.165 0.171 0.166 0.167 0.167 1    
62:   0.169 0.168 0.166 0.166 0.166 0.166 1    
63:   0.159 0.165 0.163 0.170 0.166 0.177 1    
64:   0.160 0.164 0.166 0.166 0.167 0.176 1    
65:   0.168 0.168 0.169 0.164 0.166 0.164 1    
66:   0.168 0.167 0.165 0.166 0.167 0.167 1    
67:   0.165 0.168 0.167 0.166 0.169 0.166 1    
68:   0.170 0.167 0.168 0.166 0.165 0.163 1    
69:   0.174 0.166 0.161 0.167 0.164 0.168 1    
70:   0.166 0.166 0.169 0.168 0.165 0.165 1    
71:   0.172 0.166 0.170 0.165 0.166 0.162 1    
72:   0.166 0.165 0.163 0.170 0.164 0.173 1    
73:   0.161 0.165 0.169 0.168 0.169 0.169 1    
74:   0.169 0.167 0.167 0.168 0.168 0.160 1    
75:   0.169 0.168 0.164 0.167 0.166 0.166 1    
76:   0.169 0.164 0.176 0.163 0.167 0.160 1    
77:   0.175 0.167 0.165 0.165 0.165 0.162 1    
78:   0.161 0.166 0.167 0.167 0.168 0.171 1    
79:   0.164 0.168 0.166 0.167 0.168 0.167 1    
80:   0.160 0.166 0.159 0.171 0.167 0.177 1    
81:   0.163 0.167 0.177 0.163 0.171 0.159 1    
82:   0.166 0.167 0.170 0.166 0.168 0.162 1    
83:   0.165 0.167 0.168 0.167 0.167 0.167 1    
84:   0.164 0.169 0.166 0.166 0.169 0.166 1    
85:   0.167 0.168 0.171 0.164 0.167 0.163 1    
86:   0.165 0.166 0.171 0.167 0.166 0.166 1    
87:   0.158 0.165 0.158 0.170 0.167 0.182 1    
88:   0.165 0.171 0.170 0.166 0.166 0.162 1    
89:   0.162 0.168 0.160 0.170 0.166 0.174 1    
90:   0.166 0.165 0.165 0.167 0.167 0.170 1    
91:   0.170 0.165 0.166 0.167 0.166 0.166 1    
92:   0.166 0.165 0.169 0.167 0.167 0.165 1    
93:   0.167 0.167 0.163 0.167 0.168 0.169 1    
94:   0.176 0.167 0.166 0.165 0.165 0.160 1    
95:   0.170 0.169 0.171 0.165 0.165 0.159 1    
96:   0.166 0.167 0.164 0.168 0.167 0.167 1    
97:   0.157 0.167 0.158 0.170 0.167 0.181 1    
98:   0.169 0.165 0.172 0.167 0.166 0.162 1    
99:   0.175 0.167 0.176 0.160 0.166 0.155 1    
100:  0.171 0.169 0.164 0.165 0.167 0.164 1    
101:  0.173 0.169 0.162 0.165 0.166 0.164 1    
102:  0.168 0.165 0.169 0.166 0.167 0.164 1    
103:  0.163 0.167 0.163 0.168 0.166 0.172 1    
104:  0.165 0.168 0.167 0.170 0.164 0.167 1    
105:  0.161 0.169 0.161 0.170 0.167 0.171 1    
106:  0.161 0.164 0.163 0.171 0.167 0.174 1    
107:  0.162 0.169 0.163 0.164 0.167 0.175 1    
108:  0.167 0.168 0.167 0.166 0.165 0.167 1    
109:  0.168 0.168 0.167 0.168 0.166 0.165 1    
110:  0.158 0.166 0.164 0.167 0.169 0.176 1    
111:  0.176 0.164 0.168 0.165 0.165 0.162 1    
112:  0.161 0.166 0.172 0.164 0.169 0.168 1    
113:  0.163 0.168 0.165 0.168 0.167 0.168 1    
114:  0.176 0.167 0.168 0.166 0.164 0.159 1    
115:  0.166 0.166 0.176 0.163 0.168 0.162 1    
116:  0.163 0.166 0.167 0.165 0.169 0.169 1    
117:  0.164 0.168 0.168 0.167 0.166 0.168 1    
118:  0.171 0.166 0.164 0.167 0.166 0.166 1    
119:  0.167 0.166 0.164 0.168 0.166 0.169 1    
120:  0.169 0.165 0.168 0.166 0.167 0.165 1    
121:  0.169 0.167 0.165 0.166 0.168 0.164 1    
122:  0.163 0.165 0.163 0.169 0.167 0.174 1    
123:  0.164 0.167 0.165 0.170 0.165 0.169 1    
124:  0.165 0.164 0.162 0.168 0.164 0.176 1    
125:  0.164 0.167 0.169 0.167 0.168 0.166 1    
126:  0.161 0.166 0.164 0.171 0.167 0.171 1    
127:  0.161 0.166 0.157 0.170 0.169 0.177 1    
128:  0.164 0.165 0.162 0.169 0.166 0.174 1    
129:  0.158 0.166 0.162 0.169 0.169 0.177 1    
130:  0.167 0.167 0.168 0.167 0.167 0.164 1    
131:  0.162 0.164 0.161 0.168 0.168 0.177 1    
132:  0.177 0.165 0.166 0.165 0.165 0.162 1    
133:  0.167 0.168 0.170 0.166 0.168 0.161 1    
134:  0.160 0.164 0.169 0.168 0.167 0.172 1    
135:  0.175 0.167 0.167 0.163 0.166 0.163 1    
136:  0.160 0.166 0.165 0.167 0.169 0.173 1    
137:  0.169 0.171 0.167 0.164 0.168 0.160 1    
138:  0.166 0.168 0.166 0.168 0.167 0.165 1    
139:  0.165 0.166 0.169 0.168 0.166 0.165 1    
140:  0.166 0.165 0.164 0.166 0.168 0.170 1    
141:  0.170 0.167 0.167 0.167 0.165 0.164 1    
142:  0.159 0.164 0.163 0.165 0.170 0.178 1    
143:  0.167 0.167 0.164 0.169 0.164 0.168 1    
144:  0.171 0.168 0.168 0.168 0.165 0.161 1    
145:  0.169 0.167 0.165 0.166 0.165 0.168 1    
146:  0.164 0.167 0.163 0.168 0.167 0.170 1    
147:  0.171 0.168 0.167 0.165 0.166 0.163 1    
148:  0.167 0.167 0.159 0.167 0.167 0.173 1    
149:  0.162 0.166 0.169 0.168 0.168 0.168 1    
150:  0.165 0.166 0.167 0.167 0.167 0.168 1    
151:  0.171 0.165 0.171 0.164 0.168 0.161 1    
152:  0.174 0.168 0.172 0.163 0.166 0.157 1    
153:  0.173 0.169 0.172 0.162 0.166 0.158 1    
154:  0.173 0.168 0.177 0.162 0.166 0.154 1    
155:  0.173 0.166 0.168 0.164 0.165 0.163 1    
156:  0.169 0.168 0.164 0.167 0.165 0.166 1    
157:  0.162 0.165 0.165 0.167 0.167 0.175 1    
158:  0.164 0.166 0.168 0.166 0.168 0.167 1    
159:  0.171 0.168 0.168 0.165 0.167 0.160 1    
160:  0.167 0.168 0.167 0.166 0.167 0.166 1    
161:  0.167 0.168 0.162 0.166 0.166 0.171 1    
162:  0.167 0.168 0.163 0.168 0.166 0.168 1    
163:  0.168 0.173 0.166 0.163 0.171 0.159 1    
164:  0.171 0.162 0.162 0.165 0.167 0.175 1    
165:  0.170 0.164 0.172 0.166 0.168 0.160 1    
166:  0.171 0.167 0.169 0.165 0.169 0.159 1    
167:  0.164 0.166 0.175 0.164 0.168 0.163 1    
168:  0.169 0.167 0.164 0.168 0.166 0.166 1    
169:  0.168 0.168 0.164 0.166 0.167 0.166 1    
170:  0.163 0.166 0.170 0.164 0.171 0.166 1    
171:  0.169 0.165 0.167 0.168 0.166 0.166 1    
172:  0.160 0.164 0.169 0.167 0.169 0.171 1    
173:  0.166 0.167 0.166 0.168 0.166 0.167 1    
174:  0.173 0.167 0.165 0.169 0.162 0.163 1    
175:  0.161 0.165 0.161 0.168 0.165 0.179 1    
176:  0.164 0.170 0.176 0.162 0.168 0.160 1    
177:  0.168 0.166 0.163 0.168 0.166 0.170 1    
178:  0.163 0.167 0.165 0.170 0.166 0.169 1    
179:  0.165 0.164 0.169 0.167 0.167 0.169 1    
180:  0.161 0.168 0.168 0.167 0.168 0.168 1    
181:  0.167 0.166 0.169 0.167 0.167 0.164 1    
182:  0.166 0.168 0.166 0.167 0.166 0.168 1    
183:  0.166 0.166 0.170 0.166 0.168 0.164 1    
184:  0.159 0.167 0.160 0.169 0.168 0.178 1    
185:  0.171 0.167 0.171 0.164 0.167 0.160 1    
186:  0.171 0.167 0.166 0.167 0.165 0.165 1    
187:  0.161 0.164 0.162 0.169 0.169 0.174 1    
188:  0.170 0.168 0.168 0.166 0.164 0.164 1    
189:  0.168 0.168 0.166 0.166 0.167 0.165 1    
190:  0.168 0.167 0.165 0.167 0.167 0.165 1    
191:  0.172 0.164 0.169 0.165 0.167 0.163 1    
192:  0.162 0.167 0.172 0.168 0.166 0.164 1    
193:  0.160 0.166 0.164 0.169 0.168 0.173 1    
194:  0.174 0.167 0.164 0.166 0.165 0.163 1    
195:  0.166 0.169 0.169 0.165 0.169 0.162 1    
196:  0.162 0.166 0.165 0.169 0.169 0.170 1    
197:  0.165 0.164 0.175 0.164 0.168 0.163 1    
198:  0.167 0.166 0.167 0.166 0.166 0.168 1    
199:  0.168 0.165 0.168 0.166 0.169 0.164 1    
200:  0.161 0.165 0.161 0.171 0.166 0.176 1    
201:  0.166 0.166 0.166 0.168 0.168 0.167 1    
202:  0.167 0.166 0.164 0.170 0.164 0.169 1    
203:  0.166 0.167 0.161 0.168 0.167 0.171 1    
204:  0.177 0.164 0.166 0.164 0.164 0.164 1    
205:  0.161 0.166 0.166 0.167 0.168 0.173 1    
206:  0.170 0.167 0.169 0.164 0.168 0.162 1    
207:  0.165 0.167 0.158 0.170 0.165 0.175 1    
208:  0.165 0.167 0.159 0.165 0.169 0.175 1    
209:  0.164 0.168 0.167 0.167 0.168 0.166 1    
210:  0.165 0.163 0.176 0.164 0.170 0.162 1    
211:  0.176 0.166 0.167 0.167 0.164 0.160 1    
212:  0.173 0.169 0.169 0.163 0.166 0.160 1    
213:  0.167 0.167 0.172 0.164 0.170 0.161 1    
214:  0.175 0.165 0.169 0.167 0.163 0.161 1    
215:  0.168 0.168 0.169 0.166 0.166 0.163 1    
216:  0.165 0.166 0.170 0.168 0.166 0.165 1    
217:  0.171 0.167 0.168 0.165 0.164 0.165 1    
218:  0.173 0.170 0.165 0.163 0.165 0.164 1    
219:  0.167 0.168 0.166 0.167 0.167 0.165 1    
220:  0.163 0.169 0.168 0.165 0.170 0.166 1    
221:  0.170 0.167 0.169 0.166 0.167 0.161 1    
222:  0.161 0.166 0.170 0.167 0.168 0.168 1    
223:  0.165 0.168 0.166 0.166 0.167 0.167 1    
224:  0.168 0.169 0.165 0.168 0.163 0.167 1    
225:  0.166 0.167 0.164 0.168 0.168 0.167 1    
226:  0.171 0.167 0.166 0.166 0.166 0.165 1    
227:  0.164 0.169 0.165 0.169 0.165 0.168 1    
228:  0.174 0.165 0.168 0.166 0.165 0.163 1    
229:  0.158 0.165 0.159 0.172 0.168 0.178 1    
230:  0.167 0.167 0.165 0.169 0.168 0.166 1    
231:  0.176 0.167 0.168 0.163 0.165 0.161 1    
232:  0.171 0.170 0.166 0.164 0.169 0.159 1    
233:  0.171 0.168 0.170 0.165 0.165 0.161 1    
234:  0.169 0.165 0.164 0.167 0.166 0.170 1    
235:  0.162 0.168 0.163 0.170 0.167 0.170 1    
236:  0.162 0.165 0.173 0.164 0.170 0.166 1    
237:  0.165 0.168 0.170 0.166 0.168 0.164 1    
238:  0.167 0.165 0.167 0.168 0.167 0.166 1    
239:  0.171 0.166 0.171 0.165 0.165 0.162 1    
240:  0.171 0.170 0.171 0.162 0.167 0.159 1    
241:  0.164 0.164 0.163 0.167 0.168 0.174 1    
242:  0.171 0.163 0.167 0.167 0.167 0.166 1    
243:  0.165 0.166 0.176 0.162 0.172 0.158 1    
244:  0.168 0.169 0.171 0.164 0.167 0.162 1    
245:  0.172 0.166 0.165 0.165 0.165 0.166 1    
246:  0.169 0.169 0.166 0.165 0.166 0.164 1    
247:  0.171 0.168 0.164 0.165 0.165 0.167 1    
248:  0.161 0.166 0.169 0.168 0.167 0.168 1    
249:  0.172 0.167 0.167 0.165 0.165 0.163 1    
250:  0.159 0.164 0.166 0.170 0.167 0.173 1    
251:  0.176 0.167 0.167 0.165 0.164 0.162 1    
252:  0.164 0.166 0.166 0.169 0.166 0.169 1    
253:  0.163 0.164 0.169 0.165 0.171 0.168 1    
254:  0.179 0.166 0.163 0.165 0.165 0.162 1    
255:  0.167 0.169 0.171 0.165 0.167 0.161 1    
256:  0.167 0.165 0.172 0.164 0.168 0.164 1    
257:  0.163 0.168 0.168 0.166 0.168 0.167 1    
258:  0.160 0.167 0.163 0.171 0.169 0.170 1    
259:  0.167 0.169 0.159 0.168 0.167 0.170 1    
260:  0.161 0.164 0.175 0.164 0.169 0.167 1    
261:  0.163 0.168 0.161 0.169 0.168 0.170 1    
262:  0.187 0.167 0.168 0.162 0.163 0.153 1    
263:  0.171 0.165 0.162 0.164 0.167 0.171 1    
264:  0.172 0.167 0.170 0.165 0.164 0.162 1    
265:  0.165 0.165 0.169 0.167 0.169 0.165 1    
266:  0.168 0.164 0.167 0.166 0.166 0.168 1    
267:  0.161 0.167 0.169 0.167 0.168 0.168 1    
268:  0.167 0.164 0.160 0.169 0.166 0.175 1    
269:  0.164 0.165 0.160 0.168 0.167 0.177 1    
270:  0.170 0.168 0.166 0.167 0.164 0.165 1    
271:  0.161 0.167 0.161 0.169 0.167 0.175 1    
272:  0.171 0.166 0.168 0.166 0.167 0.162 1    
273:  0.163 0.167 0.169 0.168 0.167 0.165 1    
274:  0.166 0.167 0.164 0.167 0.167 0.168 1    
275:  0.165 0.168 0.166 0.168 0.167 0.166 1    
276:  0.162 0.166 0.159 0.171 0.165 0.178 1    
277:  0.161 0.166 0.173 0.163 0.170 0.167 1    
278:  0.165 0.167 0.168 0.166 0.166 0.169 1    
279:  0.164 0.168 0.162 0.170 0.166 0.171 1    
280:  0.169 0.169 0.168 0.165 0.166 0.164 1    
281:  0.163 0.165 0.168 0.168 0.166 0.171 1    
282:  0.170 0.166 0.169 0.165 0.167 0.164 1    
283:  0.173 0.170 0.176 0.160 0.165 0.155 1    
284:  0.165 0.167 0.176 0.163 0.167 0.161 1    
285:  0.164 0.167 0.161 0.167 0.166 0.174 1    
286:  0.167 0.165 0.167 0.169 0.165 0.166 1    
287:  0.170 0.166 0.167 0.164 0.167 0.166 1    
288:  0.170 0.167 0.165 0.167 0.166 0.166 1    
289:  0.168 0.167 0.175 0.164 0.168 0.158 1    
290:  0.173 0.170 0.168 0.164 0.166 0.159 1    
291:  0.169 0.169 0.167 0.166 0.166 0.164 1    
292:  0.163 0.168 0.162 0.167 0.168 0.171 1    
293:  0.161 0.164 0.179 0.163 0.170 0.164 1    
294:  0.158 0.165 0.165 0.165 0.169 0.178 1    
295:  0.161 0.167 0.158 0.169 0.168 0.177 1    
296:  0.170 0.169 0.167 0.167 0.165 0.162 1    
297:  0.167 0.166 0.161 0.168 0.167 0.171 1    
298:  0.167 0.168 0.165 0.167 0.167 0.165 1    
299:  0.174 0.166 0.168 0.164 0.166 0.162 1    
300:  0.160 0.166 0.170 0.165 0.172 0.167 1    
301:  0.161 0.167 0.163 0.172 0.166 0.171 1    
302:  0.165 0.169 0.172 0.165 0.168 0.162 1    
303:  0.168 0.168 0.167 0.166 0.168 0.163 1    
                       
                       
1:    0.167 0.166 0.166 0.166 0.166 0.168 1    
2:    0.167 0.167 0.166 0.167 0.166 0.167 1    
3:    0.167 0.166 0.167 0.166 0.166 0.168 1    
4:    0.168 0.167 0.166 0.166 0.166 0.167 1    
5:    0.168 0.167 0.166 0.165 0.166 0.168 1    
6:    0.166 0.167 0.167 0.167 0.168 0.165 1    
7:    0.165 0.166 0.168 0.168 0.167 0.166 1    
8:    0.166 0.166 0.167 0.167 0.167 0.166 1    
9:    0.166 0.167 0.166 0.166 0.168 0.166 1    
10:   0.166 0.167 0.167 0.166 0.167 0.168 1    
11:   0.167 0.167 0.166 0.166 0.166 0.167 1    
12:   0.165 0.167 0.168 0.168 0.167 0.166 1    
13:   0.165 0.167 0.167 0.168 0.167 0.167 1    
14:   0.166 0.167 0.167 0.167 0.167 0.167 1    
15:   0.166 0.166 0.167 0.167 0.167 0.167 1    
16:   0.169 0.166 0.166 0.165 0.166 0.168 1    
17:   0.166 0.167 0.168 0.167 0.166 0.166 1    
18:   0.167 0.166 0.166 0.167 0.166 0.167 1    
19:   0.168 0.167 0.165 0.166 0.166 0.169 1    
20:   0.166 0.167 0.167 0.167 0.167 0.166 1    
21:   0.170 0.164 0.166 0.165 0.166 0.170 1    
22:   0.166 0.167 0.166 0.168 0.167 0.166 1    
23:   0.166 0.166 0.166 0.167 0.166 0.168 1    
24:   0.166 0.167 0.166 0.167 0.167 0.166 1    
25:   0.166 0.166 0.168 0.167 0.167 0.166 1    
26:   0.167 0.167 0.166 0.166 0.166 0.166 1    
27:   0.167 0.166 0.167 0.167 0.167 0.166 1    
28:   0.166 0.167 0.167 0.167 0.167 0.166 1    
29:   0.168 0.165 0.167 0.166 0.166 0.168 1    
30:   0.165 0.167 0.167 0.168 0.167 0.166 1    
31:   0.167 0.167 0.166 0.166 0.166 0.168 1    
32:   0.166 0.167 0.167 0.166 0.168 0.166 1    
33:   0.167 0.167 0.166 0.167 0.166 0.167 1    
34:   0.168 0.167 0.166 0.166 0.166 0.167 1    
35:   0.166 0.167 0.167 0.167 0.167 0.167 1    
36:   0.166 0.167 0.167 0.167 0.166 0.167 1    
37:   0.165 0.166 0.168 0.168 0.168 0.165 1    
38:   0.165 0.167 0.167 0.167 0.168 0.166 1    
39:   0.169 0.166 0.165 0.165 0.167 0.168 1    
40:   0.169 0.166 0.165 0.166 0.166 0.168 1    
41:   0.167 0.166 0.166 0.166 0.166 0.167 1    
42:   0.167 0.166 0.166 0.167 0.167 0.167 1    
43:   0.166 0.166 0.167 0.167 0.167 0.166 1    
44:   0.169 0.166 0.165 0.166 0.167 0.168 1    
45:   0.166 0.166 0.168 0.167 0.168 0.166 1    
46:   0.167 0.167 0.165 0.166 0.166 0.167 1    
47:   0.166 0.167 0.167 0.168 0.167 0.165 1    
48:   0.168 0.167 0.166 0.166 0.167 0.167 1    
49:   0.165 0.166 0.168 0.168 0.168 0.166 1    
50:   0.166 0.167 0.167 0.167 0.167 0.167 1    
51:   0.167 0.167 0.166 0.166 0.167 0.167 1    
52:   0.166 0.167 0.166 0.167 0.167 0.167 1    
53:   0.167 0.166 0.167 0.167 0.168 0.165 1    
54:   0.166 0.168 0.166 0.167 0.167 0.166 1    
55:   0.169 0.165 0.165 0.166 0.166 0.168 1    
56:   0.169 0.167 0.165 0.166 0.166 0.167 1    
57:   0.166 0.167 0.167 0.167 0.167 0.167 1    
58:   0.167 0.166 0.167 0.167 0.167 0.166 1    
59:   0.166 0.166 0.168 0.167 0.166 0.167 1    
60:   0.165 0.167 0.167 0.168 0.168 0.166 1    
61:   0.167 0.167 0.167 0.167 0.166 0.166 1    
62:   0.166 0.167 0.166 0.167 0.167 0.167 1    
63:   0.169 0.167 0.166 0.165 0.166 0.168 1    
64:   0.168 0.166 0.166 0.166 0.167 0.168 1    
65:   0.166 0.166 0.167 0.167 0.167 0.166 1    
66:   0.167 0.167 0.166 0.167 0.167 0.167 1    
67:   0.167 0.167 0.167 0.166 0.167 0.166 1    
68:   0.167 0.166 0.167 0.167 0.167 0.166 1    
69:   0.167 0.166 0.166 0.166 0.166 0.168 1    
70:   0.166 0.166 0.167 0.167 0.167 0.166 1    
71:   0.165 0.167 0.168 0.168 0.167 0.166 1    
72:   0.168 0.167 0.166 0.166 0.166 0.167 1    
73:   0.167 0.167 0.167 0.166 0.166 0.167 1    
74:   0.165 0.167 0.167 0.168 0.168 0.165 1    
75:   0.166 0.168 0.167 0.167 0.166 0.166 1    
76:   0.166 0.166 0.168 0.167 0.168 0.165 1    
77:   0.166 0.166 0.167 0.167 0.167 0.167 1    
78:   0.167 0.167 0.166 0.166 0.166 0.167 1    
79:   0.166 0.167 0.167 0.166 0.168 0.166 1    
80:   0.168 0.167 0.165 0.166 0.166 0.168 1    
81:   0.166 0.166 0.168 0.167 0.167 0.165 1    
82:   0.166 0.167 0.167 0.167 0.168 0.166 1    
83:   0.167 0.166 0.167 0.167 0.166 0.167 1    
84:   0.167 0.167 0.167 0.167 0.167 0.166 1    
85:   0.166 0.167 0.167 0.167 0.167 0.165 1    
86:   0.167 0.167 0.168 0.167 0.166 0.166 1    
87:   0.170 0.165 0.165 0.165 0.166 0.169 1    
88:   0.166 0.167 0.167 0.167 0.167 0.166 1    
89:   0.169 0.166 0.166 0.165 0.165 0.169 1    
90:   0.168 0.167 0.166 0.166 0.167 0.167 1    
91:   0.167 0.167 0.167 0.166 0.166 0.167 1    
92:   0.166 0.167 0.167 0.167 0.167 0.166 1    
93:   0.167 0.167 0.167 0.166 0.166 0.167 1    
94:   0.165 0.167 0.167 0.167 0.168 0.166 1    
95:   0.165 0.167 0.168 0.168 0.167 0.166 1    
96:   0.166 0.167 0.167 0.167 0.167 0.167 1    
97:   0.169 0.167 0.164 0.165 0.166 0.169 1    
98:   0.166 0.166 0.167 0.167 0.168 0.166 1    
99:   0.165 0.165 0.169 0.168 0.167 0.166 1    
100:  0.166 0.167 0.167 0.167 0.167 0.167 1    
101:  0.166 0.167 0.167 0.167 0.167 0.167 1    
102:  0.165 0.167 0.167 0.167 0.168 0.166 1    
103:  0.167 0.167 0.166 0.166 0.166 0.167 1    
104:  0.167 0.167 0.167 0.167 0.166 0.166 1    
105:  0.168 0.168 0.166 0.166 0.166 0.167 1    
106:  0.168 0.167 0.165 0.166 0.166 0.167 1    
107:  0.168 0.166 0.166 0.165 0.166 0.169 1    
108:  0.168 0.167 0.165 0.166 0.167 0.168 1    
109:  0.166 0.167 0.166 0.167 0.167 0.166 1    
110:  0.169 0.166 0.166 0.165 0.167 0.168 1    
111:  0.166 0.167 0.167 0.167 0.167 0.166 1    
112:  0.166 0.166 0.168 0.167 0.166 0.167 1    
113:  0.168 0.167 0.167 0.166 0.166 0.167 1    
114:  0.165 0.167 0.167 0.168 0.167 0.166 1    
115:  0.165 0.167 0.168 0.167 0.167 0.165 1    
116:  0.167 0.167 0.166 0.166 0.166 0.168 1    
117:  0.167 0.166 0.167 0.167 0.167 0.166 1    
118:  0.166 0.167 0.166 0.167 0.167 0.167 1    
119:  0.167 0.167 0.167 0.166 0.166 0.167 1    
120:  0.166 0.167 0.167 0.167 0.167 0.167 1    
121:  0.166 0.167 0.167 0.167 0.166 0.167 1    
122:  0.168 0.166 0.166 0.166 0.168 0.166 1    
123:  0.167 0.167 0.166 0.166 0.166 0.167 1    
124:  0.169 0.166 0.166 0.167 0.166 0.167 1    
125:  0.167 0.166 0.168 0.167 0.167 0.166 1    
126:  0.167 0.167 0.166 0.166 0.166 0.167 1    
127:  0.169 0.166 0.166 0.166 0.166 0.168 1    
128:  0.167 0.167 0.166 0.166 0.166 0.167 1    
129:  0.168 0.166 0.166 0.166 0.166 0.168 1    
130:  0.166 0.167 0.167 0.167 0.167 0.166 1    
131:  0.168 0.166 0.165 0.166 0.166 0.168 1    
132:  0.166 0.166 0.168 0.167 0.167 0.166 1    
133:  0.166 0.167 0.168 0.167 0.166 0.166 1    
134:  0.168 0.167 0.166 0.166 0.167 0.166 1    
135:  0.166 0.167 0.167 0.166 0.168 0.167 1    
136:  0.167 0.167 0.166 0.166 0.166 0.167 1    
137:  0.165 0.166 0.167 0.167 0.167 0.167 1    
138:  0.167 0.167 0.167 0.167 0.167 0.166 1    
139:  0.167 0.167 0.167 0.167 0.167 0.166 1    
140:  0.167 0.167 0.166 0.166 0.167 0.167 1    
141:  0.166 0.167 0.165 0.167 0.168 0.167 1    
142:  0.169 0.165 0.166 0.167 0.167 0.167 1    
143:  0.167 0.167 0.167 0.167 0.166 0.167 1    
144:  0.165 0.167 0.167 0.167 0.168 0.165 1    
145:  0.167 0.166 0.165 0.167 0.166 0.168 1    
146:  0.167 0.167 0.166 0.166 0.166 0.167 1    
147:  0.165 0.166 0.167 0.167 0.167 0.167 1    
148:  0.168 0.167 0.166 0.165 0.165 0.169 1    
149:  0.167 0.167 0.167 0.166 0.167 0.166 1    
150:  0.167 0.167 0.166 0.167 0.166 0.167 1    
151:  0.166 0.167 0.167 0.167 0.168 0.165 1    
152:  0.165 0.165 0.167 0.169 0.167 0.167 1    
153:  0.165 0.166 0.168 0.167 0.167 0.166 1    
154:  0.165 0.165 0.169 0.168 0.167 0.165 1    
155:  0.166 0.167 0.166 0.167 0.167 0.166 1    
156:  0.166 0.167 0.167 0.166 0.166 0.167 1    
157:  0.168 0.167 0.166 0.167 0.167 0.166 1    
158:  0.166 0.167 0.168 0.167 0.166 0.166 1    
159:  0.166 0.168 0.166 0.167 0.167 0.166 1    
160:  0.167 0.167 0.166 0.168 0.167 0.166 1    
161:  0.167 0.166 0.166 0.166 0.167 0.168 1    
162:  0.168 0.167 0.165 0.166 0.167 0.167 1    
163:  0.165 0.167 0.167 0.167 0.167 0.168 1    
164:  0.168 0.164 0.166 0.166 0.167 0.168 1    
165:  0.166 0.167 0.167 0.167 0.168 0.165 1    
166:  0.166 0.167 0.168 0.167 0.167 0.165 1    
167:  0.166 0.167 0.168 0.167 0.166 0.166 1    
168:  0.166 0.168 0.166 0.166 0.167 0.167 1    
169:  0.167 0.167 0.167 0.166 0.166 0.167 1    
170:  0.167 0.167 0.167 0.166 0.166 0.166 1    
171:  0.167 0.167 0.166 0.167 0.167 0.166 1    
172:  0.167 0.166 0.167 0.166 0.167 0.166 1    
173:  0.167 0.168 0.166 0.167 0.167 0.166 1    
174:  0.167 0.167 0.167 0.167 0.166 0.167 1    
175:  0.169 0.166 0.165 0.166 0.166 0.168 1    
176:  0.165 0.166 0.167 0.168 0.167 0.166 1    
177:  0.168 0.167 0.166 0.166 0.166 0.167 1    
178:  0.168 0.167 0.165 0.167 0.167 0.167 1    
179:  0.167 0.167 0.167 0.167 0.167 0.166 1    
180:  0.167 0.166 0.166 0.167 0.166 0.168 1    
181:  0.165 0.167 0.168 0.167 0.167 0.166 1    
182:  0.167 0.167 0.167 0.166 0.166 0.167 1    
183:  0.166 0.167 0.166 0.167 0.167 0.165 1    
184:  0.169 0.167 0.165 0.165 0.165 0.169 1    
185:  0.165 0.167 0.167 0.167 0.168 0.166 1    
186:  0.167 0.167 0.166 0.167 0.167 0.167 1    
187:  0.168 0.167 0.166 0.166 0.166 0.167 1    
188:  0.167 0.166 0.167 0.167 0.167 0.166 1    
189:  0.165 0.168 0.167 0.167 0.167 0.166 1    
190:  0.166 0.166 0.167 0.167 0.167 0.166 1    
191:  0.166 0.166 0.168 0.167 0.167 0.166 1    
192:  0.167 0.167 0.167 0.167 0.167 0.166 1    
193:  0.168 0.166 0.166 0.167 0.166 0.167 1    
194:  0.166 0.167 0.167 0.167 0.167 0.166 1    
195:  0.166 0.167 0.167 0.167 0.166 0.166 1    
196:  0.167 0.167 0.165 0.166 0.167 0.167 1    
197:  0.166 0.166 0.168 0.167 0.168 0.166 1    
198:  0.167 0.167 0.166 0.167 0.166 0.167 1    
199:  0.166 0.167 0.167 0.167 0.167 0.166 1    
200:  0.168 0.166 0.166 0.166 0.166 0.169 1    
201:  0.167 0.168 0.166 0.167 0.167 0.166 1    
202:  0.167 0.167 0.167 0.166 0.166 0.167 1    
203:  0.168 0.167 0.166 0.166 0.166 0.167 1    
204:  0.166 0.166 0.167 0.167 0.166 0.167 1    
205:  0.168 0.166 0.166 0.166 0.167 0.167 1    
206:  0.166 0.166 0.168 0.167 0.167 0.167 1    
207:  0.169 0.166 0.166 0.165 0.166 0.168 1    
208:  0.168 0.167 0.166 0.166 0.166 0.168 1    
209:  0.167 0.167 0.167 0.167 0.167 0.166 1    
210:  0.166 0.167 0.167 0.167 0.168 0.165 1    
211:  0.166 0.167 0.167 0.168 0.167 0.166 1    
212:  0.166 0.167 0.167 0.167 0.167 0.166 1    
213:  0.166 0.166 0.168 0.167 0.167 0.165 1    
214:  0.166 0.167 0.167 0.167 0.168 0.166 1    
215:  0.165 0.167 0.167 0.167 0.167 0.166 1    
216:  0.166 0.167 0.167 0.167 0.167 0.166 1    
217:  0.166 0.166 0.167 0.167 0.167 0.166 1    
218:  0.167 0.165 0.167 0.167 0.166 0.168 1    
219:  0.166 0.167 0.168 0.166 0.167 0.166 1    
220:  0.167 0.166 0.166 0.167 0.166 0.167 1    
221:  0.165 0.166 0.168 0.167 0.168 0.166 1    
222:  0.168 0.167 0.167 0.167 0.166 0.166 1    
223:  0.167 0.166 0.167 0.166 0.167 0.167 1    
224:  0.167 0.167 0.167 0.168 0.166 0.166 1    
225:  0.166 0.167 0.167 0.167 0.166 0.168 1    
226:  0.166 0.168 0.166 0.167 0.167 0.166 1    
227:  0.167 0.166 0.166 0.167 0.167 0.167 1    
228:  0.167 0.166 0.167 0.166 0.167 0.167 1    
229:  0.169 0.167 0.165 0.165 0.165 0.169 1    
230:  0.167 0.168 0.166 0.166 0.167 0.166 1    
231:  0.166 0.166 0.168 0.167 0.166 0.167 1    
232:  0.165 0.166 0.167 0.168 0.168 0.165 1    
233:  0.165 0.166 0.167 0.167 0.168 0.166 1    
234:  0.168 0.167 0.166 0.166 0.166 0.167 1    
235:  0.166 0.168 0.166 0.166 0.166 0.168 1    
236:  0.166 0.166 0.167 0.167 0.168 0.166 1    
237:  0.166 0.167 0.166 0.167 0.167 0.167 1    
238:  0.167 0.167 0.167 0.167 0.166 0.166 1    
239:  0.165 0.166 0.168 0.167 0.168 0.166 1    
240:  0.166 0.166 0.167 0.167 0.167 0.166 1    
241:  0.167 0.167 0.166 0.166 0.167 0.167 1    
242:  0.167 0.167 0.166 0.166 0.167 0.167 1    
243:  0.165 0.167 0.168 0.167 0.167 0.165 1    
244:  0.166 0.167 0.166 0.168 0.168 0.165 1    
245:  0.166 0.167 0.167 0.167 0.167 0.166 1    
246:  0.167 0.166 0.167 0.167 0.166 0.166 1    
247:  0.167 0.167 0.167 0.166 0.166 0.167 1    
248:  0.167 0.167 0.167 0.167 0.166 0.167 1    
249:  0.166 0.166 0.167 0.167 0.167 0.166 1    
250:  0.168 0.166 0.167 0.166 0.166 0.167 1    
251:  0.166 0.166 0.168 0.167 0.167 0.166 1    
252:  0.167 0.167 0.166 0.166 0.166 0.167 1    
253:  0.167 0.167 0.168 0.166 0.166 0.166 1    
254:  0.167 0.166 0.167 0.166 0.167 0.167 1    
255:  0.165 0.166 0.167 0.168 0.167 0.167 1    
256:  0.166 0.167 0.168 0.166 0.166 0.167 1    
257:  0.167 0.168 0.166 0.167 0.167 0.166 1    
258:  0.168 0.167 0.166 0.166 0.167 0.167 1    
259:  0.168 0.166 0.166 0.165 0.166 0.169 1    
260:  0.167 0.166 0.167 0.166 0.167 0.167 1    
261:  0.168 0.166 0.167 0.166 0.166 0.167 1    
262:  0.165 0.165 0.169 0.168 0.168 0.166 1    
263:  0.167 0.167 0.166 0.166 0.166 0.168 1    
264:  0.165 0.167 0.167 0.168 0.167 0.166 1    
265:  0.166 0.168 0.167 0.166 0.167 0.167 1    
266:  0.167 0.166 0.167 0.166 0.167 0.167 1    
267:  0.167 0.167 0.166 0.166 0.167 0.167 1    
268:  0.168 0.167 0.166 0.165 0.166 0.168 1    
269:  0.168 0.166 0.165 0.165 0.167 0.168 1    
270:  0.166 0.166 0.167 0.167 0.167 0.167 1    
271:  0.168 0.167 0.165 0.166 0.166 0.168 1    
272:  0.166 0.167 0.167 0.167 0.167 0.166 1    
273:  0.166 0.167 0.166 0.167 0.167 0.166 1    
274:  0.167 0.167 0.167 0.166 0.167 0.167 1    
275:  0.166 0.168 0.166 0.166 0.168 0.166 1    
276:  0.169 0.167 0.166 0.166 0.165 0.168 1    
277:  0.167 0.166 0.167 0.166 0.167 0.166 1    
278:  0.167 0.167 0.166 0.166 0.167 0.166 1    
279:  0.168 0.167 0.166 0.165 0.165 0.168 1    
280:  0.167 0.166 0.166 0.167 0.167 0.167 1    
281:  0.167 0.167 0.166 0.167 0.167 0.167 1    
282:  0.167 0.167 0.167 0.166 0.167 0.166 1    
283:  0.165 0.166 0.167 0.169 0.168 0.165 1    
284:  0.166 0.167 0.167 0.166 0.167 0.166 1    
285:  0.167 0.167 0.165 0.166 0.166 0.168 1    
286:  0.166 0.167 0.167 0.167 0.167 0.166 1    
287:  0.167 0.166 0.167 0.167 0.167 0.168 1    
288:  0.166 0.167 0.167 0.166 0.167 0.167 1    
289:  0.165 0.167 0.168 0.168 0.167 0.165 1    
290:  0.165 0.167 0.167 0.167 0.167 0.166 1    
291:  0.167 0.167 0.166 0.167 0.166 0.167 1    
292:  0.167 0.166 0.167 0.167 0.165 0.167 1    
293:  0.166 0.166 0.169 0.167 0.167 0.166 1    
294:  0.169 0.166 0.166 0.166 0.166 0.167 1    
295:  0.169 0.167 0.165 0.166 0.166 0.169 1    
296:  0.165 0.168 0.168 0.167 0.166 0.166 1    
297:  0.167 0.166 0.166 0.166 0.166 0.168 1    
298:  0.166 0.166 0.168 0.166 0.166 0.167 1    
299:  0.166 0.167 0.167 0.167 0.167 0.167 1    
300:  0.167 0.166 0.167 0.167 0.166 0.166 1    
301:  0.168 0.168 0.166 0.166 0.165 0.167 1    
302:  0.167 0.167 0.167 0.167 0.167 0.165 1    
303:  0.166 0.167 0.166 0.168 0.167 0.166 1    
                       
                       
1:    0.166 0.167 0.166 0.167 0.167 0.167 1    
2:    0.167 0.166 0.167 0.166 0.168 0.166 1    
3:    0.166 0.166 0.167 0.167 0.167 0.167 1    
4:    0.166 0.166 0.167 0.167 0.168 0.167 1    
5:    0.166 0.166 0.167 0.166 0.168 0.166 1    
6:    0.168 0.168 0.166 0.166 0.166 0.167 1    
7:    0.167 0.167 0.166 0.167 0.166 0.168 1    
8:    0.167 0.167 0.167 0.166 0.166 0.167 1    
9:    0.166 0.167 0.166 0.166 0.167 0.167 1    
10:   0.167 0.167 0.166 0.167 0.166 0.167 1    
11:   0.166 0.167 0.167 0.166 0.167 0.166 1    
12:   0.168 0.168 0.165 0.166 0.164 0.168 1    
13:   0.168 0.167 0.166 0.168 0.165 0.167 1    
14:   0.166 0.167 0.167 0.167 0.166 0.167 1    
15:   0.168 0.167 0.166 0.165 0.166 0.167 1    
16:   0.164 0.166 0.168 0.167 0.170 0.166 1    
17:   0.168 0.166 0.167 0.167 0.166 0.166 1    
18:   0.166 0.167 0.166 0.166 0.166 0.167 1    
19:   0.165 0.166 0.167 0.167 0.168 0.166 1    
20:   0.168 0.166 0.166 0.167 0.166 0.167 1    
21:   0.164 0.166 0.168 0.167 0.170 0.165 1    
22:   0.168 0.166 0.166 0.167 0.166 0.167 1    
23:   0.166 0.166 0.167 0.167 0.166 0.167 1    
24:   0.167 0.166 0.167 0.167 0.166 0.167 1    
25:   0.167 0.167 0.166 0.166 0.165 0.168 1    
26:   0.167 0.167 0.167 0.166 0.167 0.166 1    
27:   0.167 0.167 0.167 0.167 0.166 0.166 1    
28:   0.168 0.167 0.167 0.167 0.166 0.167 1    
29:   0.166 0.166 0.168 0.167 0.168 0.166 1    
30:   0.168 0.167 0.166 0.167 0.165 0.167 1    
31:   0.166 0.166 0.168 0.166 0.168 0.166 1    
32:   0.166 0.167 0.167 0.166 0.166 0.168 1    
33:   0.167 0.167 0.167 0.165 0.167 0.166 1    
34:   0.165 0.167 0.167 0.166 0.168 0.166 1    
35:   0.168 0.167 0.166 0.167 0.165 0.167 1    
36:   0.166 0.167 0.167 0.166 0.167 0.167 1    
37:   0.167 0.167 0.165 0.167 0.165 0.168 1    
38:   0.168 0.167 0.166 0.166 0.165 0.168 1    
39:   0.165 0.166 0.168 0.166 0.169 0.166 1    
40:   0.165 0.166 0.168 0.167 0.169 0.165 1    
41:   0.167 0.166 0.167 0.166 0.168 0.166 1    
42:   0.166 0.167 0.167 0.166 0.168 0.166 1    
43:   0.167 0.167 0.166 0.166 0.167 0.168 1    
44:   0.166 0.166 0.167 0.167 0.168 0.166 1    
45:   0.167 0.166 0.167 0.166 0.167 0.167 1    
46:   0.167 0.167 0.167 0.166 0.168 0.166 1    
47:   0.168 0.167 0.167 0.167 0.165 0.167 1    
48:   0.165 0.167 0.167 0.167 0.168 0.167 1    
49:   0.167 0.168 0.165 0.167 0.164 0.169 1    
50:   0.168 0.167 0.167 0.166 0.166 0.166 1    
51:   0.165 0.167 0.167 0.167 0.168 0.166 1    
52:   0.166 0.167 0.167 0.167 0.167 0.167 1    
53:   0.166 0.167 0.167 0.167 0.167 0.166 1    
54:   0.167 0.167 0.167 0.167 0.166 0.167 1    
55:   0.165 0.166 0.168 0.168 0.169 0.164 1    
56:   0.165 0.166 0.167 0.166 0.169 0.167 1    
57:   0.167 0.167 0.166 0.167 0.166 0.167 1    
58:   0.166 0.167 0.166 0.167 0.166 0.167 1    
59:   0.167 0.166 0.166 0.166 0.167 0.166 1    
60:   0.168 0.167 0.165 0.167 0.165 0.167 1    
61:   0.168 0.166 0.166 0.167 0.166 0.167 1    
62:   0.167 0.167 0.167 0.166 0.167 0.167 1    
63:   0.165 0.166 0.168 0.166 0.169 0.166 1    
64:   0.166 0.165 0.168 0.167 0.169 0.166 1    
65:   0.168 0.167 0.166 0.167 0.166 0.167 1    
66:   0.167 0.167 0.166 0.167 0.166 0.167 1    
67:   0.166 0.167 0.167 0.166 0.167 0.167 1    
68:   0.167 0.166 0.167 0.166 0.167 0.168 1    
69:   0.165 0.166 0.168 0.167 0.167 0.167 1    
70:   0.168 0.167 0.166 0.166 0.166 0.167 1    
71:   0.168 0.167 0.166 0.167 0.165 0.167 1    
72:   0.166 0.167 0.167 0.166 0.167 0.166 1    
73:   0.167 0.166 0.167 0.167 0.167 0.166 1    
74:   0.167 0.168 0.166 0.167 0.165 0.168 1    
75:   0.168 0.166 0.167 0.166 0.167 0.166 1    
76:   0.168 0.167 0.166 0.168 0.165 0.166 1    
77:   0.167 0.166 0.167 0.167 0.166 0.167 1    
78:   0.166 0.166 0.167 0.167 0.167 0.166 1    
79:   0.168 0.167 0.166 0.166 0.166 0.167 1    
80:   0.165 0.167 0.167 0.167 0.168 0.165 1    
81:   0.167 0.168 0.166 0.167 0.166 0.167 1    
82:   0.168 0.167 0.166 0.166 0.166 0.167 1    
83:   0.167 0.166 0.167 0.167 0.167 0.166 1    
84:   0.167 0.166 0.167 0.166 0.167 0.166 1    
85:   0.167 0.168 0.166 0.167 0.166 0.167 1    
86:   0.167 0.166 0.167 0.166 0.167 0.167 1    
87:   0.164 0.165 0.168 0.167 0.170 0.165 1    
88:   0.168 0.167 0.166 0.167 0.165 0.167 1    
89:   0.165 0.167 0.168 0.167 0.169 0.166 1    
90:   0.166 0.166 0.167 0.167 0.168 0.167 1    
91:   0.167 0.166 0.166 0.167 0.167 0.167 1    
92:   0.167 0.166 0.166 0.167 0.167 0.166 1    
93:   0.166 0.167 0.167 0.167 0.167 0.167 1    
94:   0.167 0.167 0.166 0.167 0.166 0.168 1    
95:   0.169 0.167 0.166 0.167 0.165 0.168 1    
96:   0.167 0.166 0.167 0.167 0.167 0.166 1    
97:   0.165 0.165 0.168 0.167 0.170 0.165 1    
98:   0.167 0.167 0.166 0.167 0.166 0.168 1    
99:   0.169 0.167 0.165 0.167 0.164 0.168 1    
100:  0.166 0.167 0.166 0.167 0.166 0.167 1    
101:  0.167 0.167 0.166 0.167 0.166 0.166 1    
102:  0.167 0.167 0.166 0.166 0.166 0.168 1    
103:  0.166 0.167 0.167 0.166 0.167 0.167 1    
104:  0.167 0.166 0.166 0.166 0.166 0.168 1    
105:  0.166 0.165 0.167 0.167 0.168 0.167 1    
106:  0.166 0.165 0.167 0.166 0.168 0.167 1    
107:  0.167 0.166 0.167 0.167 0.167 0.166 1    
108:  0.166 0.167 0.168 0.167 0.168 0.166 1    
109:  0.168 0.166 0.166 0.167 0.166 0.167 1    
110:  0.164 0.166 0.168 0.167 0.169 0.166 1    
111:  0.167 0.167 0.166 0.167 0.165 0.168 1    
112:  0.168 0.166 0.167 0.167 0.167 0.166 1    
113:  0.167 0.166 0.166 0.167 0.167 0.166 1    
114:  0.168 0.167 0.166 0.167 0.165 0.168 1    
115:  0.169 0.167 0.166 0.166 0.165 0.167 1    
116:  0.166 0.166 0.167 0.166 0.168 0.166 1    
117:  0.166 0.166 0.167 0.167 0.167 0.167 1    
118:  0.167 0.167 0.166 0.166 0.167 0.167 1    
119:  0.166 0.166 0.167 0.167 0.168 0.166 1    
120:  0.167 0.167 0.166 0.167 0.165 0.167 1    
121:  0.167 0.167 0.166 0.167 0.166 0.167 1    
122:  0.166 0.166 0.167 0.166 0.168 0.167 1    
123:  0.167 0.167 0.167 0.166 0.166 0.167 1    
124:  0.167 0.166 0.167 0.167 0.167 0.166 1    
125:  0.167 0.166 0.167 0.167 0.167 0.167 1    
126:  0.166 0.166 0.167 0.166 0.167 0.168 1    
127:  0.165 0.166 0.168 0.167 0.169 0.166 1    
128:  0.166 0.167 0.167 0.166 0.168 0.166 1    
129:  0.166 0.166 0.168 0.167 0.168 0.166 1    
130:  0.168 0.167 0.166 0.166 0.165 0.168 1    
131:  0.166 0.166 0.167 0.167 0.168 0.166 1    
132:  0.167 0.166 0.166 0.167 0.166 0.167 1    
133:  0.167 0.168 0.166 0.167 0.166 0.167 1    
134:  0.167 0.166 0.166 0.167 0.167 0.167 1    
135:  0.167 0.167 0.166 0.167 0.166 0.167 1    
136:  0.166 0.166 0.168 0.167 0.167 0.165 1    
137:  0.168 0.167 0.166 0.167 0.165 0.167 1    
138:  0.166 0.167 0.166 0.167 0.166 0.168 1    
139:  0.167 0.166 0.166 0.167 0.167 0.167 1    
140:  0.166 0.166 0.167 0.166 0.168 0.166 1    
141:  0.167 0.167 0.166 0.167 0.166 0.167 1    
142:  0.165 0.166 0.167 0.166 0.169 0.167 1    
143:  0.166 0.166 0.167 0.167 0.167 0.167 1    
144:  0.168 0.167 0.166 0.167 0.165 0.168 1    
145:  0.165 0.167 0.167 0.167 0.168 0.166 1    
146:  0.167 0.166 0.167 0.166 0.168 0.167 1    
147:  0.167 0.167 0.166 0.167 0.165 0.168 1    
148:  0.166 0.165 0.168 0.166 0.169 0.166 1    
149:  0.167 0.167 0.166 0.166 0.166 0.168 1    
150:  0.166 0.166 0.167 0.167 0.167 0.167 1    
151:  0.168 0.168 0.165 0.168 0.165 0.167 1    
152:  0.168 0.167 0.166 0.167 0.165 0.168 1    
153:  0.168 0.167 0.166 0.167 0.165 0.167 1    
154:  0.169 0.167 0.166 0.167 0.164 0.167 1    
155:  0.168 0.166 0.166 0.166 0.167 0.167 1    
156:  0.168 0.167 0.167 0.166 0.166 0.167 1    
157:  0.167 0.166 0.167 0.166 0.167 0.166 1    
158:  0.166 0.167 0.167 0.168 0.166 0.167 1    
159:  0.167 0.167 0.166 0.167 0.166 0.167 1    
160:  0.166 0.167 0.167 0.166 0.167 0.167 1    
161:  0.165 0.167 0.167 0.167 0.167 0.166 1    
162:  0.167 0.166 0.167 0.167 0.167 0.166 1    
163:  0.168 0.167 0.166 0.166 0.166 0.166 1    
164:  0.166 0.166 0.168 0.167 0.168 0.166 1    
165:  0.167 0.167 0.166 0.167 0.165 0.168 1    
166:  0.167 0.166 0.167 0.167 0.166 0.167 1    
167:  0.168 0.167 0.166 0.167 0.166 0.166 1    
168:  0.166 0.168 0.166 0.167 0.167 0.167 1    
169:  0.166 0.166 0.167 0.166 0.168 0.166 1    
170:  0.166 0.168 0.167 0.167 0.166 0.166 1    
171:  0.167 0.167 0.167 0.166 0.167 0.167 1    
172:  0.166 0.166 0.167 0.168 0.167 0.167 1    
173:  0.166 0.166 0.167 0.166 0.167 0.167 1    
174:  0.166 0.166 0.167 0.166 0.167 0.167 1    
175:  0.166 0.166 0.167 0.167 0.168 0.167 1    
176:  0.168 0.167 0.166 0.166 0.166 0.166 1    
177:  0.166 0.166 0.167 0.167 0.168 0.166 1    
178:  0.166 0.167 0.167 0.167 0.167 0.167 1    
179:  0.166 0.167 0.167 0.167 0.167 0.166 1    
180:  0.166 0.166 0.167 0.167 0.167 0.167 1    
181:  0.167 0.167 0.166 0.166 0.166 0.168 1    
182:  0.166 0.166 0.168 0.166 0.167 0.166 1    
183:  0.168 0.167 0.166 0.167 0.166 0.166 1    
184:  0.165 0.165 0.168 0.166 0.169 0.166 1    
185:  0.168 0.167 0.166 0.166 0.166 0.167 1    
186:  0.166 0.167 0.167 0.166 0.167 0.166 1    
187:  0.167 0.166 0.167 0.167 0.168 0.165 1    
188:  0.166 0.167 0.166 0.167 0.166 0.167 1    
189:  0.168 0.167 0.165 0.167 0.165 0.168 1    
190:  0.167 0.167 0.166 0.166 0.166 0.167 1    
191:  0.166 0.167 0.167 0.167 0.166 0.166 1    
192:  0.166 0.167 0.167 0.167 0.167 0.166 1    
193:  0.167 0.166 0.167 0.166 0.168 0.166 1    
194:  0.167 0.167 0.166 0.167 0.166 0.167 1    
195:  0.167 0.167 0.166 0.166 0.166 0.168 1    
196:  0.166 0.167 0.167 0.167 0.167 0.166 1    
197:  0.167 0.168 0.167 0.166 0.166 0.166 1    
198:  0.167 0.167 0.167 0.166 0.167 0.166 1    
199:  0.167 0.167 0.166 0.167 0.167 0.167 1    
200:  0.165 0.166 0.167 0.167 0.168 0.166 1    
201:  0.168 0.166 0.167 0.167 0.166 0.166 1    
202:  0.167 0.166 0.167 0.167 0.168 0.167 1    
203:  0.166 0.166 0.168 0.166 0.168 0.166 1    
204:  0.167 0.167 0.167 0.166 0.167 0.166 1    
205:  0.166 0.166 0.167 0.167 0.168 0.165 1    
206:  0.168 0.167 0.166 0.167 0.166 0.166 1    
207:  0.164 0.166 0.168 0.167 0.169 0.165 1    
208:  0.166 0.166 0.167 0.167 0.168 0.166 1    
209:  0.167 0.166 0.167 0.167 0.166 0.166 1    
210:  0.167 0.167 0.167 0.166 0.166 0.167 1    
211:  0.167 0.166 0.166 0.167 0.165 0.168 1    
212:  0.168 0.167 0.166 0.167 0.166 0.167 1    
213:  0.167 0.166 0.167 0.167 0.166 0.166 1    
214:  0.167 0.167 0.166 0.167 0.166 0.167 1    
215:  0.168 0.167 0.166 0.167 0.166 0.167 1    
216:  0.167 0.166 0.166 0.166 0.166 0.168 1    
217:  0.167 0.167 0.166 0.167 0.166 0.167 1    
218:  0.167 0.166 0.167 0.166 0.167 0.166 1    
219:  0.166 0.168 0.166 0.166 0.166 0.167 1    
220:  0.166 0.167 0.167 0.166 0.167 0.166 1    
221:  0.167 0.167 0.166 0.167 0.165 0.167 1    
222:  0.166 0.166 0.167 0.166 0.167 0.167 1    
223:  0.168 0.167 0.167 0.167 0.166 0.166 1    
224:  0.167 0.167 0.166 0.167 0.166 0.167 1    
225:  0.167 0.167 0.166 0.167 0.166 0.168 1    
226:  0.168 0.167 0.166 0.167 0.165 0.167 1    
227:  0.166 0.166 0.167 0.167 0.167 0.166 1    
228:  0.167 0.167 0.167 0.167 0.167 0.167 1    
229:  0.164 0.166 0.168 0.167 0.169 0.165 1    
230:  0.166 0.167 0.167 0.167 0.166 0.167 1    
231:  0.167 0.167 0.166 0.167 0.166 0.166 1    
232:  0.168 0.167 0.166 0.166 0.165 0.168 1    
233:  0.168 0.167 0.166 0.167 0.165 0.167 1    
234:  0.166 0.166 0.167 0.167 0.168 0.167 1    
235:  0.166 0.167 0.166 0.167 0.167 0.167 1    
236:  0.167 0.167 0.166 0.168 0.166 0.166 1    
237:  0.167 0.167 0.166 0.167 0.166 0.167 1    
238:  0.167 0.166 0.167 0.166 0.167 0.167 1    
239:  0.167 0.167 0.167 0.166 0.166 0.167 1    
240:  0.167 0.167 0.166 0.167 0.165 0.167 1    
241:  0.165 0.166 0.167 0.167 0.167 0.167 1    
242:  0.167 0.167 0.166 0.167 0.166 0.167 1    
243:  0.167 0.168 0.166 0.166 0.166 0.166 1    
244:  0.167 0.168 0.166 0.167 0.166 0.167 1    
245:  0.167 0.167 0.166 0.167 0.166 0.167 1    
246:  0.167 0.166 0.167 0.166 0.167 0.168 1    
247:  0.166 0.167 0.167 0.166 0.167 0.167 1    
248:  0.166 0.166 0.167 0.167 0.168 0.166 1    
249:  0.167 0.167 0.166 0.166 0.166 0.167 1    
250:  0.166 0.166 0.168 0.167 0.167 0.166 1    
251:  0.167 0.166 0.166 0.167 0.166 0.167 1    
252:  0.167 0.167 0.167 0.166 0.167 0.166 1    
253:  0.167 0.166 0.167 0.167 0.167 0.166 1    
254:  0.165 0.167 0.167 0.167 0.166 0.167 1    
255:  0.167 0.167 0.166 0.167 0.166 0.167 1    
256:  0.168 0.166 0.167 0.167 0.166 0.166 1    
257:  0.166 0.168 0.167 0.166 0.167 0.166 1    
258:  0.166 0.166 0.167 0.167 0.168 0.167 1    
259:  0.165 0.166 0.167 0.167 0.168 0.166 1    
260:  0.166 0.167 0.167 0.168 0.167 0.166 1    
261:  0.166 0.166 0.168 0.167 0.168 0.165 1    
262:  0.168 0.167 0.166 0.166 0.165 0.168 1    
263:  0.165 0.167 0.167 0.167 0.167 0.167 1    
264:  0.168 0.167 0.166 0.166 0.165 0.167 1    
265:  0.167 0.166 0.166 0.167 0.166 0.167 1    
266:  0.165 0.167 0.167 0.167 0.167 0.166 1    
267:  0.166 0.167 0.167 0.166 0.167 0.166 1    
268:  0.166 0.166 0.167 0.167 0.168 0.166 1    
269:  0.165 0.166 0.168 0.167 0.168 0.166 1    
270:  0.167 0.167 0.166 0.166 0.166 0.167 1    
271:  0.165 0.166 0.167 0.167 0.169 0.166 1    
272:  0.168 0.167 0.166 0.167 0.165 0.167 1    
273:  0.168 0.167 0.166 0.167 0.166 0.166 1    
274:  0.168 0.166 0.166 0.167 0.166 0.166 1    
275:  0.167 0.167 0.166 0.167 0.166 0.168 1    
276:  0.165 0.166 0.168 0.166 0.169 0.166 1    
277:  0.166 0.167 0.167 0.166 0.167 0.167 1    
278:  0.166 0.167 0.167 0.166 0.167 0.167 1    
279:  0.165 0.167 0.167 0.167 0.168 0.166 1    
280:  0.167 0.167 0.167 0.167 0.166 0.166 1    
281:  0.166 0.166 0.167 0.167 0.167 0.167 1    
282:  0.166 0.167 0.167 0.166 0.166 0.167 1    
283:  0.168 0.169 0.166 0.167 0.164 0.167 1    
284:  0.167 0.167 0.166 0.167 0.166 0.166 1    
285:  0.166 0.167 0.167 0.166 0.168 0.166 1    
286:  0.167 0.167 0.166 0.166 0.167 0.167 1    
287:  0.166 0.167 0.167 0.167 0.166 0.167 1    
288:  0.167 0.167 0.167 0.166 0.166 0.167 1    
289:  0.170 0.166 0.166 0.166 0.165 0.167 1    
290:  0.168 0.168 0.166 0.167 0.165 0.167 1    
291:  0.167 0.166 0.167 0.166 0.166 0.168 1    
292:  0.166 0.166 0.167 0.167 0.167 0.167 1    
293:  0.168 0.166 0.167 0.167 0.166 0.166 1    
294:  0.166 0.167 0.168 0.168 0.168 0.165 1    
295:  0.165 0.166 0.167 0.168 0.169 0.165 1    
296:  0.167 0.168 0.166 0.167 0.164 0.168 1    
297:  0.166 0.167 0.167 0.166 0.168 0.166 1    
298:  0.167 0.167 0.167 0.166 0.167 0.166 1    
299:  0.167 0.167 0.166 0.167 0.165 0.167 1    
300:  0.166 0.167 0.167 0.167 0.167 0.166 1    
301:  0.165 0.166 0.167 0.167 0.168 0.167 1    
302:  0.167 0.167 0.166 0.167 0.165 0.167 1    
303:  0.167 0.167 0.166 0.166 0.166 0.167 1    
