

----------------------------------------------------
STRUCTURE by Pritchard, Stephens and Donnelly (2000)
     and Falush, Stephens and Pritchard (2003)
       Code by Pritchard, Falush and Hubisz
             Version 2.3.4 (Jul 2012)
----------------------------------------------------



Command line arguments:   /usr/local/bin/structure -m parameter_job_T6_4 
Input File:    /home/martin/bottleneck/structure_analysis/structure_4/data_job_T6_4

Run parameters:
   21 individuals
   17 loci
   6 populations assumed
   10000 Burn-in period
   100000 Reps


--------------------------------------------
Proportion of membership of each pre-defined
 population in each of the 6 clusters

Given    Inferred Clusters                            Number of
 Pop       1      2      3      4      5      6      Individuals

  1:     0.165  0.167  0.169  0.167  0.165  0.167       21
--------------------------------------------

Allele-freq. divergence among pops (Net nucleotide distance),
computed using point estimates of P.

      1       2       3       4       5       6      
 1      -    0.0000  0.0000  0.0000  0.0000  0.0000  
 2   0.0000     -    0.0001  0.0000  0.0000  0.0000  
 3   0.0000  0.0001     -    0.0000  0.0001  0.0000  
 4   0.0000  0.0000  0.0000     -    0.0000  0.0000  
 5   0.0000  0.0000  0.0001  0.0000     -    0.0000  
 6   0.0000  0.0000  0.0000  0.0000  0.0000     -    

Average distances (expected heterozygosity) between individuals in same cluster:
cluster  1  : 0.8043 
cluster  2  : 0.8034 
cluster  3  : 0.8080 
cluster  4  : 0.8063 
cluster  5  : 0.8033 
cluster  6  : 0.8047 

--------------------------------------------
Estimated Ln Prob of Data   = -1367.4
Mean value of ln likelihood = -1311.5
Variance of ln likelihood   = 111.8
Mean value of alpha         = 1.4027

Mean value of Fst_1         = 0.0253
Mean value of Fst_2         = 0.0268
Mean value of Fst_3         = 0.0048
Mean value of Fst_4         = 0.0146
Mean value of Fst_5         = 0.0303
Mean value of Fst_6         = 0.0221


Inferred ancestry of individuals:
        Label (%Miss) Pop:  Inferred clusters
  1        1    (0)    1 :  0.162 0.164 0.176 0.169 0.164 0.165 
  2        2    (5)    1 :  0.167 0.166 0.164 0.169 0.167 0.167 
  3        3    (0)    1 :  0.163 0.167 0.175 0.168 0.160 0.168 
  4        4    (0)    1 :  0.159 0.164 0.174 0.172 0.162 0.169 
  5        5    (5)    1 :  0.168 0.169 0.162 0.161 0.169 0.171 
  6        6    (0)    1 :  0.165 0.166 0.170 0.165 0.163 0.171 
  7        7    (5)    1 :  0.164 0.169 0.173 0.163 0.162 0.169 
  8        8    (0)    1 :  0.164 0.169 0.172 0.164 0.163 0.168 
  9        9    (5)    1 :  0.167 0.167 0.163 0.168 0.168 0.167 
 10       10    (0)    1 :  0.164 0.167 0.169 0.168 0.163 0.168 
 11       11    (0)    1 :  0.164 0.168 0.171 0.164 0.169 0.163 
 12       12    (0)    1 :  0.164 0.167 0.172 0.165 0.163 0.169 
 13       13    (0)    1 :  0.162 0.168 0.175 0.167 0.163 0.165 
 14       14    (0)    1 :  0.168 0.168 0.165 0.164 0.170 0.165 
 15       15    (0)    1 :  0.164 0.170 0.168 0.167 0.165 0.166 
 16       16    (0)    1 :  0.165 0.163 0.169 0.166 0.166 0.170 
 17       17    (5)    1 :  0.168 0.170 0.167 0.165 0.161 0.169 
 18       18    (0)    1 :  0.168 0.166 0.168 0.167 0.169 0.163 
 19       19    (0)    1 :  0.167 0.166 0.167 0.169 0.166 0.164 
 20       20    (0)    1 :  0.165 0.166 0.163 0.166 0.166 0.174 
 21       21    (5)    1 :  0.164 0.168 0.169 0.169 0.165 0.165 


Estimated Allele Frequencies in each cluster
First column gives estimated ancestral frequencies


Locus 1 : 
6 alleles
4.8% missing data
 185   (0.182) 0.181 0.179 0.181 0.181 0.179 0.178 
 191   (0.090) 0.088 0.087 0.090 0.089 0.089 0.088 
 187   (0.531) 0.540 0.546 0.532 0.537 0.544 0.543 
 197   (0.040) 0.038 0.038 0.040 0.039 0.038 0.038 
 193   (0.041) 0.039 0.039 0.041 0.040 0.038 0.039 
 189   (0.115) 0.114 0.112 0.116 0.114 0.113 0.114 

Locus 2 : 
12 alleles
0.0% missing data
 116   (0.075) 0.075 0.074 0.075 0.074 0.074 0.073 
 130   (0.054) 0.053 0.052 0.054 0.054 0.052 0.052 
 110   (0.129) 0.130 0.130 0.129 0.130 0.132 0.132 
 118   (0.160) 0.166 0.164 0.160 0.163 0.165 0.162 
 124   (0.125) 0.127 0.128 0.126 0.127 0.130 0.126 
 136   (0.041) 0.038 0.038 0.041 0.039 0.038 0.039 
 128   (0.109) 0.110 0.113 0.109 0.110 0.110 0.112 
 114   (0.078) 0.077 0.077 0.078 0.077 0.076 0.078 
 132   (0.043) 0.041 0.041 0.043 0.042 0.041 0.041 
 120   (0.054) 0.053 0.053 0.054 0.054 0.052 0.053 
 134   (0.040) 0.037 0.037 0.039 0.038 0.037 0.037 
 122   (0.092) 0.093 0.092 0.092 0.092 0.091 0.096 

Locus 3 : 
8 alleles
14.3% missing data
  94   (0.111) 0.110 0.109 0.110 0.111 0.110 0.109 
  98   (0.072) 0.069 0.069 0.071 0.071 0.069 0.069 
 104   (0.045) 0.042 0.042 0.044 0.043 0.041 0.042 
 102   (0.138) 0.136 0.136 0.138 0.138 0.138 0.135 
  96   (0.385) 0.395 0.397 0.387 0.390 0.394 0.393 
 100   (0.133) 0.133 0.134 0.133 0.133 0.137 0.138 
 108   (0.049) 0.047 0.047 0.049 0.048 0.045 0.047 
 110   (0.068) 0.067 0.065 0.068 0.067 0.065 0.067 

Locus 4 : 
12 alleles
0.0% missing data
 140   (0.075) 0.074 0.073 0.075 0.074 0.073 0.073 
 154   (0.186) 0.192 0.190 0.187 0.188 0.190 0.189 
 134   (0.234) 0.242 0.246 0.236 0.240 0.245 0.243 
 148   (0.056) 0.054 0.053 0.055 0.055 0.054 0.053 
 144   (0.058) 0.056 0.056 0.058 0.057 0.056 0.057 
 150   (0.057) 0.056 0.056 0.056 0.057 0.055 0.057 
 156   (0.074) 0.073 0.074 0.073 0.073 0.072 0.074 
 142   (0.037) 0.035 0.034 0.037 0.035 0.035 0.035 
 160   (0.092) 0.092 0.090 0.091 0.092 0.092 0.091 
 165   (0.040) 0.037 0.038 0.039 0.038 0.038 0.037 
 169   (0.036) 0.034 0.035 0.036 0.035 0.034 0.035 
 152   (0.056) 0.055 0.055 0.056 0.056 0.056 0.056 

Locus 5 : 
14 alleles
0.0% missing data
 148   (0.037) 0.035 0.035 0.037 0.036 0.034 0.035 
 174   (0.056) 0.055 0.054 0.055 0.055 0.053 0.054 
 158   (0.107) 0.109 0.107 0.107 0.109 0.108 0.107 
 162   (0.108) 0.110 0.108 0.108 0.109 0.109 0.107 
 166   (0.056) 0.055 0.055 0.056 0.056 0.054 0.055 
 167   (0.106) 0.107 0.106 0.106 0.107 0.109 0.108 
 152   (0.238) 0.251 0.256 0.240 0.243 0.256 0.253 
 154   (0.037) 0.035 0.035 0.037 0.036 0.035 0.036 
 160   (0.052) 0.051 0.050 0.051 0.051 0.051 0.050 
 173   (0.034) 0.032 0.032 0.033 0.033 0.032 0.032 
 171   (0.039) 0.036 0.037 0.038 0.037 0.036 0.037 
 178   (0.054) 0.053 0.051 0.054 0.053 0.052 0.053 
 146   (0.039) 0.037 0.037 0.039 0.037 0.036 0.037 
 176   (0.038) 0.036 0.036 0.038 0.037 0.036 0.036 

Locus 6 : 
9 alleles
0.0% missing data
 192   (0.100) 0.099 0.098 0.099 0.100 0.098 0.098 
 194   (0.328) 0.338 0.340 0.330 0.333 0.340 0.338 
 190   (0.078) 0.077 0.076 0.078 0.078 0.077 0.076 
 204   (0.144) 0.143 0.143 0.144 0.143 0.142 0.142 
 196   (0.116) 0.117 0.116 0.116 0.117 0.115 0.118 
 202   (0.061) 0.059 0.059 0.060 0.060 0.059 0.059 
 208   (0.041) 0.038 0.038 0.040 0.039 0.038 0.039 
 200   (0.039) 0.036 0.037 0.038 0.037 0.036 0.037 
 206   (0.093) 0.094 0.093 0.094 0.094 0.095 0.093 

Locus 7 : 
6 alleles
4.8% missing data
 186   (0.407) 0.412 0.409 0.408 0.409 0.413 0.408 
 188   (0.328) 0.331 0.338 0.329 0.331 0.333 0.336 
 194   (0.066) 0.064 0.063 0.066 0.065 0.063 0.065 
 184   (0.087) 0.087 0.084 0.087 0.086 0.086 0.085 
 192   (0.064) 0.062 0.062 0.064 0.063 0.062 0.061 
 180   (0.047) 0.044 0.044 0.047 0.045 0.043 0.045 

Locus 8 : 
8 alleles
0.0% missing data
 200   (0.159) 0.160 0.160 0.159 0.159 0.162 0.164 
 220   (0.102) 0.101 0.100 0.102 0.102 0.100 0.099 
 216   (0.114) 0.116 0.115 0.115 0.114 0.115 0.116 
 218   (0.313) 0.321 0.322 0.315 0.317 0.321 0.317 
 208   (0.104) 0.102 0.102 0.103 0.103 0.101 0.102 
 206   (0.046) 0.043 0.044 0.046 0.045 0.043 0.044 
 214   (0.117) 0.117 0.117 0.117 0.118 0.117 0.117 
 222   (0.044) 0.041 0.040 0.043 0.042 0.041 0.041 

Locus 9 : 
15 alleles
0.0% missing data
 149   (0.103) 0.105 0.105 0.104 0.104 0.105 0.103 
 161   (0.105) 0.106 0.105 0.105 0.106 0.107 0.104 
 155   (0.132) 0.138 0.143 0.133 0.136 0.139 0.145 
 157   (0.105) 0.107 0.107 0.106 0.106 0.108 0.106 
 145   (0.072) 0.072 0.070 0.071 0.071 0.071 0.070 
 167   (0.035) 0.033 0.034 0.035 0.034 0.033 0.033 
 159   (0.070) 0.071 0.071 0.070 0.071 0.070 0.071 
 129   (0.034) 0.032 0.032 0.033 0.033 0.032 0.032 
 135   (0.033) 0.032 0.032 0.033 0.032 0.032 0.032 
 133   (0.034) 0.033 0.033 0.034 0.033 0.032 0.033 
 153   (0.106) 0.110 0.107 0.107 0.108 0.109 0.107 
 131   (0.038) 0.036 0.036 0.038 0.037 0.036 0.036 
 163   (0.038) 0.036 0.036 0.038 0.037 0.036 0.037 
 151   (0.056) 0.054 0.055 0.056 0.056 0.055 0.055 
 137   (0.037) 0.035 0.035 0.037 0.036 0.035 0.036 

Locus 10 : 
10 alleles
0.0% missing data
 110   (0.213) 0.219 0.219 0.215 0.216 0.220 0.215 
 118   (0.341) 0.349 0.353 0.342 0.346 0.350 0.354 
 120   (0.078) 0.078 0.078 0.078 0.078 0.078 0.077 
 106   (0.039) 0.037 0.036 0.038 0.037 0.036 0.036 
 104   (0.037) 0.035 0.034 0.037 0.036 0.034 0.035 
 122   (0.057) 0.055 0.055 0.056 0.056 0.055 0.055 
 108   (0.078) 0.076 0.075 0.078 0.077 0.077 0.076 
 116   (0.059) 0.057 0.057 0.058 0.058 0.057 0.057 
 112   (0.057) 0.056 0.056 0.057 0.057 0.055 0.056 
 114   (0.041) 0.038 0.038 0.040 0.039 0.037 0.038 

Locus 11 : 
4 alleles
0.0% missing data
 107   (0.366) 0.368 0.365 0.365 0.366 0.368 0.363 
 103   (0.219) 0.219 0.221 0.219 0.219 0.220 0.223 
 105   (0.302) 0.304 0.303 0.302 0.303 0.304 0.303 
 109   (0.113) 0.110 0.110 0.113 0.112 0.109 0.111 

Locus 12 : 
7 alleles
0.0% missing data
 185   (0.226) 0.227 0.226 0.226 0.227 0.228 0.224 
 189   (0.043) 0.040 0.040 0.042 0.041 0.040 0.040 
 171   (0.216) 0.217 0.222 0.216 0.217 0.219 0.218 
 187   (0.105) 0.104 0.102 0.105 0.104 0.102 0.107 
 179   (0.225) 0.228 0.227 0.226 0.227 0.228 0.226 
 183   (0.045) 0.043 0.043 0.045 0.044 0.042 0.043 
 181   (0.140) 0.143 0.140 0.140 0.140 0.139 0.140 

Locus 13 : 
6 alleles
4.8% missing data
 137   (0.371) 0.376 0.377 0.372 0.375 0.375 0.373 
 143   (0.087) 0.085 0.084 0.086 0.086 0.085 0.084 
 145   (0.088) 0.085 0.085 0.088 0.087 0.086 0.087 
 141   (0.043) 0.041 0.041 0.043 0.042 0.040 0.041 
 139   (0.340) 0.346 0.346 0.341 0.342 0.348 0.347 
 147   (0.070) 0.068 0.067 0.070 0.068 0.067 0.068 

Locus 14 : 
6 alleles
0.0% missing data
 165   (0.047) 0.044 0.044 0.047 0.045 0.044 0.044 
 171   (0.223) 0.223 0.224 0.223 0.224 0.224 0.223 
 167   (0.083) 0.082 0.081 0.083 0.082 0.081 0.081 
 161   (0.397) 0.403 0.400 0.399 0.400 0.402 0.396 
 163   (0.042) 0.039 0.039 0.041 0.040 0.038 0.040 
 173   (0.207) 0.210 0.212 0.208 0.208 0.210 0.216 

Locus 15 : 
11 alleles
0.0% missing data
 141   (0.257) 0.268 0.270 0.259 0.261 0.269 0.266 
 143   (0.112) 0.112 0.111 0.112 0.113 0.112 0.112 
 137   (0.073) 0.073 0.072 0.073 0.073 0.072 0.073 
 153   (0.113) 0.113 0.113 0.113 0.113 0.113 0.116 
 155   (0.060) 0.058 0.057 0.060 0.059 0.057 0.058 
 147   (0.191) 0.194 0.195 0.192 0.194 0.197 0.192 
 131   (0.041) 0.039 0.039 0.041 0.040 0.038 0.039 
 135   (0.039) 0.036 0.036 0.038 0.037 0.036 0.037 
 151   (0.039) 0.036 0.037 0.039 0.038 0.037 0.037 
 139   (0.038) 0.036 0.036 0.037 0.037 0.035 0.036 
 145   (0.037) 0.035 0.035 0.037 0.036 0.035 0.036 

Locus 16 : 
12 alleles
0.0% missing data
 158   (0.109) 0.111 0.110 0.110 0.110 0.111 0.110 
 169   (0.054) 0.052 0.052 0.054 0.053 0.052 0.053 
 154   (0.151) 0.155 0.154 0.152 0.153 0.154 0.153 
 177   (0.038) 0.036 0.036 0.037 0.037 0.035 0.036 
 156   (0.247) 0.257 0.260 0.249 0.252 0.261 0.259 
 159   (0.078) 0.076 0.077 0.078 0.078 0.075 0.076 
 152   (0.076) 0.074 0.074 0.075 0.075 0.074 0.075 
 162   (0.073) 0.072 0.072 0.073 0.073 0.072 0.071 
 160   (0.039) 0.037 0.037 0.039 0.038 0.036 0.037 
 174   (0.057) 0.056 0.055 0.057 0.056 0.055 0.056 
 183   (0.038) 0.036 0.036 0.038 0.037 0.036 0.036 
 179   (0.040) 0.037 0.037 0.039 0.038 0.037 0.038 

Locus 17 : 
7 alleles
0.0% missing data
 117   (0.224) 0.223 0.230 0.224 0.225 0.226 0.225 
 125   (0.185) 0.188 0.184 0.185 0.186 0.185 0.186 
 123   (0.216) 0.220 0.219 0.216 0.219 0.222 0.221 
 119   (0.122) 0.121 0.119 0.122 0.121 0.120 0.120 
 133   (0.144) 0.145 0.144 0.144 0.143 0.143 0.143 
 121   (0.068) 0.065 0.064 0.068 0.066 0.065 0.066 
 127   (0.042) 0.038 0.039 0.041 0.040 0.038 0.039 

Values of parameters used in structure:
DATAFILE=/home/martin/bottleneck/structure_analysis/structure_4/data_job_T6_4,	OUTFILE=/home/martin/bottleneck/structure_analysis/structure_4/structure_results/baltic_ringed_seal/results_job_T6_4,	NUMINDS=21,	NUMLOCI=17,	MISSING=-9,	LABEL=1,	POPDATA=1,	POPFLAG=0,	PHENOTYPE=0,	EXTRACOLS=0,	MAXPOPS=6,	BURNIN=10000,	NUMREPS=100000,	USEPOPINFO=0,	INFERALPHA=1,	INFERLAMBDA=0,	POPSPECIFICLAMBDA=0,	POPALPHAS=0,	COMPUTEPROB=1,	NOADMIX=0,	ADMBURNIN=2500,	UPDATEFREQ=1,	PRINTLIKES=0,	INTERMEDSAVE=0,	PRINTKLD=0,	PRINTNET=0,	PRINTLAMBDA=0,	ANCESTDIST=0,	NUMBOXES=1000,	ANCESTPINT=0.90000,	GENSBACK=2,	MIGRPRIOR=0.05000,	PRINTQHAT=1,	PRINTQSUM=0,	ALPHA=1.0000,	FREQSCORR=1,	FPRIORMEAN=0.0100,	FPRIORSD=0.0500,	ONEFST=0,	LAMBDA=1.0000,	UNIFPRIORALPHA=1,	ALPHAMAX=10.0000,	ALPHAPRIORA=1.0000,	ALPHAPRIORB=2.0000,	ALPHAPROPSD=0.0250,	STARTATPOPINFO=0,	RANDOMIZE=1,	LINKAGE=0,	METROFREQ=10,	REPORTHITRATE=0,	MARKOVPHASE=-1,	PHASED=0,	PLOIDY=2,	PHASEINFO=0	LOCPRIOR=0, 	LOCPRIORINIT=1.000000, 	LOCDATA=0, 	LOCISPOP=0, 	LOCPRIORSTEP=0.100000, 	MAXLOCPRIOR=20.000000, 	SEED=1470670449,	
[STRAT parameters]:    NUMSIMSTATS=1000,	PHENOTYPECOL=-9,	POOLFREQ=10,	LOCUSxONLY=0,	EMERROR=0.00100,	MISSINGPHENO=-9,	