

----------------------------------------------------
STRUCTURE by Pritchard, Stephens and Donnelly (2000)
     and Falush, Stephens and Pritchard (2003)
       Code by Pritchard, Falush and Hubisz
             Version 2.3.4 (Jul 2012)
----------------------------------------------------



Command line arguments:   /usr/local/bin/structure -m parameter_job_T10_1 
Input File:    /home/martin/bottleneck/structure_analysis/structure_4/data_job_T10_1

Run parameters:
   21 individuals
   17 loci
   10 populations assumed
   10000 Burn-in period
   100000 Reps


--------------------------------------------
Proportion of membership of each pre-defined
 population in each of the 10 clusters

Given    Inferred Clusters                                                        Number of
 Pop       1      2      3      4      5      6      7      8      9     10      Individuals

  1:     0.100  0.101  0.101  0.100  0.100  0.101  0.098  0.101  0.098  0.099       21
--------------------------------------------

Allele-freq. divergence among pops (Net nucleotide distance),
computed using point estimates of P.

      1       2       3       4       5       6       7       8       9      10      
 1      -    0.0000  0.0000  0.0000  0.0000  0.0000  0.0001  0.0000  0.0001  0.0000  
 2   0.0000     -    0.0000  0.0000  0.0000  0.0000  0.0001  0.0000  0.0001  0.0000  
 3   0.0000  0.0000     -    0.0000  0.0000  0.0000  0.0001  0.0000  0.0001  0.0000  
 4   0.0000  0.0000  0.0000     -    0.0000  0.0000  0.0001  0.0000  0.0001  0.0000  
 5   0.0000  0.0000  0.0000  0.0000     -    0.0000  0.0001  0.0000  0.0001  0.0000  
 6   0.0000  0.0000  0.0000  0.0000  0.0000     -    0.0000  0.0000  0.0001  0.0000  
 7   0.0001  0.0001  0.0001  0.0001  0.0001  0.0000     -    0.0001  0.0000  0.0001  
 8   0.0000  0.0000  0.0000  0.0000  0.0000  0.0000  0.0001     -    0.0001  0.0000  
 9   0.0001  0.0001  0.0001  0.0001  0.0001  0.0001  0.0000  0.0001     -    0.0001  
10   0.0000  0.0000  0.0000  0.0000  0.0000  0.0000  0.0001  0.0000  0.0001     -    

Average distances (expected heterozygosity) between individuals in same cluster:
cluster  1  : 0.8039 
cluster  2  : 0.8068 
cluster  3  : 0.8061 
cluster  4  : 0.8053 
cluster  5  : 0.8053 
cluster  6  : 0.8036 
cluster  7  : 0.7996 
cluster  8  : 0.8047 
cluster  9  : 0.8016 
cluster 10  : 0.8031 

--------------------------------------------
Estimated Ln Prob of Data   = -1422.7
Mean value of ln likelihood = -1306.0
Variance of ln likelihood   = 233.3
Mean value of alpha         = 1.1507

Mean value of Fst_1         = 0.0265
Mean value of Fst_2         = 0.0010
Mean value of Fst_3         = 0.0079
Mean value of Fst_4         = 0.0135
Mean value of Fst_5         = 0.0171
Mean value of Fst_6         = 0.0305
Mean value of Fst_7         = 0.0636
Mean value of Fst_8         = 0.0230
Mean value of Fst_9         = 0.0555
Mean value of Fst_10         = 0.0367


Inferred ancestry of individuals:
        Label (%Miss) Pop:  Inferred clusters
  1        1    (0)    1 :  0.102 0.105 0.100 0.099 0.103 0.097 0.094 0.101 0.102 0.097 
  2        2    (5)    1 :  0.099 0.100 0.102 0.098 0.099 0.104 0.103 0.100 0.095 0.102 
  3        3    (0)    1 :  0.099 0.104 0.109 0.104 0.104 0.098 0.086 0.101 0.093 0.101 
  4        4    (0)    1 :  0.100 0.108 0.104 0.103 0.104 0.102 0.094 0.101 0.088 0.095 
  5        5    (5)    1 :  0.104 0.096 0.097 0.098 0.097 0.100 0.103 0.096 0.105 0.104 
  6        6    (0)    1 :  0.097 0.101 0.102 0.102 0.102 0.105 0.098 0.102 0.097 0.093 
  7        7    (5)    1 :  0.097 0.104 0.099 0.102 0.101 0.099 0.101 0.101 0.100 0.096 
  8        8    (0)    1 :  0.096 0.106 0.104 0.105 0.102 0.104 0.094 0.101 0.092 0.097 
  9        9    (5)    1 :  0.102 0.102 0.104 0.103 0.097 0.099 0.096 0.103 0.097 0.097 
 10       10    (0)    1 :  0.100 0.107 0.099 0.103 0.104 0.101 0.096 0.098 0.093 0.098 
 11       11    (0)    1 :  0.102 0.099 0.102 0.099 0.097 0.101 0.102 0.099 0.102 0.095 
 12       12    (0)    1 :  0.101 0.101 0.102 0.099 0.102 0.102 0.098 0.100 0.094 0.102 
 13       13    (0)    1 :  0.098 0.103 0.103 0.103 0.102 0.100 0.093 0.101 0.096 0.100 
 14       14    (0)    1 :  0.102 0.097 0.098 0.096 0.098 0.104 0.103 0.101 0.099 0.101 
 15       15    (0)    1 :  0.100 0.099 0.104 0.100 0.103 0.099 0.098 0.106 0.095 0.097 
 16       16    (0)    1 :  0.102 0.099 0.099 0.100 0.097 0.105 0.101 0.101 0.098 0.100 
 17       17    (5)    1 :  0.099 0.103 0.102 0.103 0.100 0.099 0.102 0.099 0.095 0.098 
 18       18    (0)    1 :  0.099 0.094 0.096 0.093 0.097 0.099 0.100 0.100 0.123 0.097 
 19       19    (0)    1 :  0.100 0.099 0.100 0.103 0.101 0.100 0.097 0.101 0.094 0.106 
 20       20    (0)    1 :  0.105 0.096 0.096 0.095 0.096 0.101 0.106 0.099 0.105 0.102 
 21       21    (5)    1 :  0.098 0.102 0.102 0.103 0.100 0.100 0.096 0.103 0.095 0.102 


Estimated Allele Frequencies in each cluster
First column gives estimated ancestral frequencies


Locus 1 : 
6 alleles
4.8% missing data
 185   (0.164) 0.164 0.164 0.164 0.164 0.166 0.164 0.163 0.165 0.173 0.165 
 191   (0.089) 0.088 0.089 0.090 0.089 0.088 0.089 0.087 0.088 0.087 0.087 
 187   (0.554) 0.559 0.555 0.555 0.557 0.556 0.559 0.568 0.559 0.559 0.562 
 197   (0.040) 0.037 0.040 0.039 0.039 0.038 0.038 0.036 0.038 0.036 0.037 
 193   (0.045) 0.044 0.045 0.044 0.044 0.044 0.042 0.042 0.043 0.041 0.042 
 189   (0.108) 0.108 0.108 0.109 0.108 0.107 0.108 0.106 0.108 0.104 0.106 

Locus 2 : 
12 alleles
0.0% missing data
 116   (0.083) 0.082 0.083 0.083 0.083 0.082 0.082 0.080 0.081 0.080 0.081 
 130   (0.054) 0.053 0.054 0.054 0.054 0.053 0.054 0.052 0.053 0.053 0.053 
 110   (0.132) 0.135 0.132 0.132 0.132 0.132 0.133 0.139 0.133 0.134 0.131 
 118   (0.161) 0.162 0.161 0.161 0.163 0.164 0.165 0.167 0.164 0.174 0.165 
 124   (0.134) 0.135 0.134 0.135 0.135 0.135 0.134 0.135 0.133 0.135 0.138 
 136   (0.041) 0.040 0.041 0.041 0.041 0.040 0.039 0.036 0.040 0.038 0.039 
 128   (0.108) 0.110 0.108 0.109 0.109 0.110 0.109 0.112 0.111 0.109 0.110 
 114   (0.070) 0.070 0.070 0.070 0.069 0.070 0.070 0.070 0.069 0.070 0.070 
 132   (0.040) 0.038 0.040 0.039 0.040 0.039 0.038 0.037 0.039 0.036 0.038 
 120   (0.052) 0.051 0.052 0.052 0.051 0.052 0.051 0.049 0.052 0.050 0.051 
 134   (0.033) 0.032 0.033 0.033 0.032 0.032 0.032 0.031 0.032 0.031 0.032 
 122   (0.091) 0.093 0.091 0.091 0.091 0.091 0.092 0.092 0.092 0.090 0.093 

Locus 3 : 
8 alleles
14.3% missing data
  94   (0.107) 0.107 0.107 0.107 0.106 0.107 0.107 0.110 0.106 0.107 0.105 
  98   (0.061) 0.060 0.061 0.061 0.061 0.061 0.060 0.058 0.060 0.057 0.060 
 104   (0.041) 0.039 0.041 0.041 0.040 0.040 0.040 0.038 0.040 0.039 0.039 
 102   (0.139) 0.138 0.139 0.139 0.138 0.138 0.138 0.135 0.139 0.134 0.140 
  96   (0.386) 0.392 0.386 0.388 0.390 0.389 0.393 0.396 0.389 0.387 0.392 
 100   (0.145) 0.147 0.145 0.145 0.146 0.145 0.145 0.148 0.147 0.151 0.147 
 108   (0.045) 0.043 0.045 0.044 0.044 0.044 0.043 0.041 0.043 0.041 0.042 
 110   (0.076) 0.074 0.076 0.075 0.075 0.076 0.074 0.074 0.076 0.083 0.074 

Locus 4 : 
12 alleles
0.0% missing data
 140   (0.078) 0.077 0.078 0.077 0.077 0.078 0.076 0.075 0.077 0.076 0.077 
 154   (0.172) 0.174 0.172 0.173 0.176 0.177 0.179 0.187 0.177 0.189 0.174 
 134   (0.230) 0.236 0.230 0.232 0.233 0.232 0.237 0.240 0.234 0.235 0.240 
 148   (0.060) 0.058 0.060 0.060 0.059 0.059 0.058 0.056 0.060 0.057 0.059 
 144   (0.053) 0.052 0.053 0.052 0.052 0.052 0.052 0.050 0.052 0.050 0.050 
 150   (0.054) 0.054 0.054 0.054 0.054 0.053 0.054 0.052 0.053 0.053 0.053 
 156   (0.086) 0.086 0.086 0.086 0.086 0.086 0.085 0.085 0.085 0.086 0.085 
 142   (0.038) 0.037 0.038 0.038 0.038 0.037 0.037 0.035 0.037 0.035 0.036 
 160   (0.091) 0.092 0.091 0.092 0.091 0.092 0.091 0.090 0.091 0.090 0.091 
 165   (0.037) 0.035 0.037 0.036 0.036 0.036 0.035 0.033 0.036 0.034 0.035 
 169   (0.041) 0.040 0.041 0.040 0.040 0.040 0.039 0.038 0.040 0.038 0.039 
 152   (0.060) 0.060 0.060 0.059 0.059 0.059 0.058 0.058 0.058 0.058 0.060 

Locus 5 : 
14 alleles
0.0% missing data
 148   (0.038) 0.037 0.038 0.038 0.038 0.038 0.037 0.034 0.037 0.036 0.036 
 174   (0.057) 0.056 0.057 0.057 0.056 0.058 0.056 0.055 0.057 0.061 0.055 
 158   (0.114) 0.114 0.114 0.114 0.113 0.113 0.114 0.112 0.113 0.113 0.114 
 162   (0.099) 0.100 0.099 0.100 0.099 0.098 0.101 0.102 0.100 0.099 0.101 
 166   (0.063) 0.062 0.063 0.063 0.063 0.062 0.062 0.058 0.062 0.059 0.062 
 167   (0.107) 0.109 0.107 0.107 0.107 0.108 0.108 0.110 0.108 0.108 0.108 
 152   (0.242) 0.251 0.242 0.244 0.248 0.248 0.251 0.266 0.249 0.260 0.253 
 154   (0.034) 0.032 0.033 0.033 0.033 0.033 0.032 0.031 0.033 0.031 0.032 
 160   (0.046) 0.045 0.046 0.046 0.046 0.046 0.047 0.044 0.046 0.044 0.046 
 173   (0.035) 0.033 0.035 0.034 0.034 0.034 0.034 0.032 0.034 0.032 0.034 
 171   (0.036) 0.034 0.035 0.035 0.035 0.035 0.034 0.033 0.035 0.033 0.034 
 178   (0.053) 0.053 0.053 0.053 0.053 0.053 0.052 0.051 0.053 0.050 0.052 
 146   (0.033) 0.032 0.033 0.033 0.032 0.033 0.032 0.031 0.032 0.034 0.031 
 176   (0.044) 0.042 0.044 0.043 0.043 0.043 0.042 0.040 0.042 0.041 0.041 

Locus 6 : 
9 alleles
0.0% missing data
 192   (0.103) 0.102 0.103 0.102 0.102 0.103 0.101 0.099 0.102 0.101 0.100 
 194   (0.336) 0.341 0.336 0.337 0.342 0.338 0.341 0.351 0.340 0.347 0.346 
 190   (0.073) 0.072 0.073 0.074 0.072 0.072 0.073 0.071 0.072 0.070 0.072 
 204   (0.145) 0.144 0.145 0.145 0.144 0.145 0.145 0.143 0.145 0.142 0.144 
 196   (0.106) 0.108 0.106 0.107 0.106 0.107 0.107 0.109 0.108 0.109 0.108 
 202   (0.066) 0.064 0.066 0.065 0.065 0.064 0.064 0.061 0.064 0.061 0.062 
 208   (0.042) 0.040 0.042 0.042 0.042 0.041 0.041 0.039 0.041 0.039 0.040 
 200   (0.043) 0.041 0.043 0.042 0.042 0.042 0.041 0.040 0.041 0.039 0.041 
 206   (0.087) 0.087 0.087 0.087 0.086 0.087 0.088 0.089 0.086 0.092 0.088 

Locus 7 : 
6 alleles
4.8% missing data
 186   (0.411) 0.413 0.411 0.413 0.412 0.412 0.416 0.415 0.412 0.411 0.416 
 188   (0.335) 0.340 0.335 0.335 0.336 0.336 0.336 0.341 0.338 0.343 0.336 
 194   (0.062) 0.061 0.062 0.061 0.061 0.061 0.060 0.059 0.060 0.059 0.060 
 184   (0.080) 0.078 0.080 0.080 0.080 0.080 0.080 0.080 0.080 0.082 0.079 
 192   (0.070) 0.068 0.070 0.070 0.070 0.069 0.068 0.066 0.069 0.067 0.068 
 180   (0.042) 0.040 0.042 0.042 0.042 0.041 0.040 0.038 0.040 0.039 0.040 

Locus 8 : 
8 alleles
0.0% missing data
 200   (0.151) 0.153 0.151 0.151 0.150 0.153 0.154 0.158 0.155 0.162 0.154 
 220   (0.094) 0.093 0.094 0.094 0.093 0.094 0.093 0.092 0.093 0.093 0.094 
 216   (0.130) 0.130 0.130 0.130 0.129 0.129 0.130 0.127 0.129 0.125 0.128 
 218   (0.322) 0.326 0.322 0.323 0.327 0.323 0.327 0.335 0.323 0.329 0.327 
 208   (0.101) 0.100 0.101 0.101 0.101 0.102 0.099 0.098 0.101 0.101 0.100 
 206   (0.041) 0.039 0.041 0.040 0.040 0.039 0.038 0.036 0.039 0.037 0.039 
 214   (0.124) 0.123 0.124 0.124 0.123 0.124 0.123 0.120 0.124 0.118 0.123 
 222   (0.037) 0.036 0.037 0.037 0.036 0.036 0.035 0.033 0.036 0.034 0.035 

Locus 9 : 
15 alleles
0.0% missing data
 149   (0.110) 0.111 0.110 0.110 0.110 0.111 0.110 0.112 0.111 0.110 0.110 
 161   (0.104) 0.104 0.104 0.104 0.104 0.104 0.105 0.106 0.105 0.102 0.106 
 155   (0.127) 0.131 0.127 0.129 0.130 0.129 0.133 0.139 0.131 0.140 0.133 
 157   (0.102) 0.104 0.102 0.103 0.103 0.103 0.106 0.106 0.103 0.102 0.105 
 145   (0.080) 0.079 0.080 0.080 0.079 0.079 0.079 0.076 0.079 0.075 0.079 
 167   (0.034) 0.033 0.034 0.034 0.033 0.033 0.032 0.031 0.033 0.032 0.033 
 159   (0.073) 0.073 0.073 0.073 0.073 0.073 0.073 0.073 0.073 0.073 0.073 
 129   (0.032) 0.031 0.032 0.032 0.031 0.031 0.031 0.030 0.031 0.030 0.031 
 135   (0.035) 0.034 0.035 0.034 0.034 0.034 0.033 0.032 0.034 0.033 0.033 
 133   (0.031) 0.030 0.031 0.031 0.031 0.031 0.031 0.029 0.030 0.029 0.030 
 153   (0.106) 0.107 0.107 0.107 0.107 0.110 0.109 0.111 0.108 0.118 0.107 
 131   (0.038) 0.037 0.038 0.037 0.037 0.037 0.036 0.035 0.037 0.035 0.037 
 163   (0.032) 0.030 0.031 0.031 0.031 0.031 0.031 0.029 0.031 0.029 0.031 
 151   (0.060) 0.059 0.060 0.059 0.060 0.059 0.057 0.057 0.059 0.057 0.058 
 137   (0.037) 0.036 0.037 0.036 0.036 0.036 0.035 0.035 0.036 0.035 0.036 

Locus 10 : 
10 alleles
0.0% missing data
 110   (0.198) 0.200 0.198 0.199 0.202 0.202 0.202 0.210 0.202 0.209 0.202 
 118   (0.341) 0.349 0.341 0.343 0.342 0.344 0.350 0.356 0.345 0.353 0.350 
 120   (0.072) 0.073 0.072 0.073 0.072 0.072 0.072 0.072 0.072 0.072 0.072 
 106   (0.040) 0.037 0.040 0.040 0.039 0.039 0.038 0.035 0.038 0.036 0.038 
 104   (0.049) 0.047 0.049 0.048 0.048 0.048 0.046 0.044 0.047 0.045 0.046 
 122   (0.061) 0.060 0.060 0.059 0.060 0.060 0.058 0.057 0.060 0.057 0.059 
 108   (0.082) 0.081 0.082 0.082 0.081 0.081 0.081 0.078 0.081 0.077 0.082 
 116   (0.060) 0.059 0.060 0.059 0.059 0.060 0.058 0.057 0.060 0.060 0.058 
 112   (0.060) 0.059 0.060 0.060 0.059 0.059 0.058 0.057 0.059 0.056 0.059 
 114   (0.038) 0.036 0.037 0.037 0.037 0.036 0.036 0.034 0.036 0.035 0.035 

Locus 11 : 
4 alleles
0.0% missing data
 107   (0.368) 0.369 0.368 0.367 0.369 0.372 0.367 0.375 0.368 0.381 0.367 
 103   (0.213) 0.214 0.213 0.214 0.214 0.211 0.215 0.215 0.214 0.213 0.215 
 105   (0.309) 0.309 0.309 0.309 0.308 0.308 0.309 0.306 0.310 0.302 0.311 
 109   (0.110) 0.108 0.110 0.110 0.109 0.109 0.109 0.103 0.108 0.104 0.108 

Locus 12 : 
7 alleles
0.0% missing data
 185   (0.231) 0.232 0.231 0.231 0.231 0.232 0.231 0.229 0.232 0.233 0.229 
 189   (0.045) 0.043 0.045 0.044 0.044 0.044 0.042 0.041 0.043 0.042 0.042 
 171   (0.214) 0.217 0.215 0.215 0.216 0.215 0.218 0.215 0.216 0.214 0.218 
 187   (0.108) 0.107 0.108 0.107 0.107 0.107 0.106 0.106 0.107 0.107 0.107 
 179   (0.216) 0.216 0.216 0.216 0.217 0.217 0.220 0.226 0.216 0.224 0.218 
 183   (0.042) 0.041 0.042 0.042 0.042 0.041 0.041 0.039 0.041 0.040 0.040 
 181   (0.144) 0.144 0.144 0.144 0.143 0.143 0.143 0.144 0.144 0.140 0.146 

Locus 13 : 
6 alleles
4.8% missing data
 137   (0.372) 0.375 0.372 0.373 0.373 0.374 0.375 0.380 0.374 0.378 0.375 
 143   (0.090) 0.088 0.090 0.089 0.088 0.090 0.088 0.085 0.089 0.090 0.087 
 145   (0.086) 0.085 0.086 0.086 0.085 0.085 0.085 0.084 0.085 0.083 0.084 
 141   (0.047) 0.045 0.047 0.047 0.046 0.046 0.045 0.042 0.046 0.043 0.045 
 139   (0.341) 0.345 0.341 0.342 0.344 0.343 0.345 0.350 0.344 0.346 0.347 
 147   (0.064) 0.063 0.064 0.063 0.063 0.063 0.062 0.060 0.063 0.060 0.062 

Locus 14 : 
6 alleles
0.0% missing data
 165   (0.047) 0.044 0.047 0.046 0.046 0.046 0.044 0.041 0.045 0.043 0.044 
 171   (0.241) 0.241 0.241 0.241 0.242 0.240 0.241 0.237 0.240 0.235 0.240 
 167   (0.083) 0.081 0.082 0.082 0.082 0.081 0.081 0.081 0.081 0.078 0.082 
 161   (0.387) 0.389 0.387 0.388 0.388 0.390 0.391 0.395 0.388 0.392 0.392 
 163   (0.043) 0.042 0.043 0.043 0.043 0.043 0.041 0.040 0.042 0.039 0.041 
 173   (0.199) 0.203 0.200 0.199 0.200 0.201 0.202 0.206 0.203 0.212 0.201 

Locus 15 : 
11 alleles
0.0% missing data
 141   (0.268) 0.276 0.268 0.269 0.272 0.273 0.274 0.284 0.273 0.278 0.271 
 143   (0.108) 0.108 0.108 0.109 0.108 0.109 0.109 0.110 0.108 0.113 0.111 
 137   (0.079) 0.078 0.079 0.079 0.078 0.078 0.076 0.078 0.078 0.077 0.079 
 153   (0.114) 0.113 0.114 0.113 0.115 0.113 0.115 0.111 0.114 0.114 0.114 
 155   (0.056) 0.054 0.056 0.055 0.055 0.054 0.054 0.052 0.055 0.052 0.055 
 147   (0.185) 0.189 0.185 0.187 0.186 0.186 0.189 0.191 0.188 0.189 0.190 
 131   (0.039) 0.037 0.039 0.039 0.038 0.038 0.037 0.035 0.037 0.035 0.037 
 135   (0.035) 0.034 0.035 0.034 0.034 0.034 0.033 0.032 0.034 0.033 0.033 
 151   (0.037) 0.036 0.037 0.037 0.037 0.036 0.036 0.035 0.036 0.035 0.035 
 139   (0.038) 0.036 0.038 0.038 0.037 0.037 0.037 0.035 0.037 0.035 0.036 
 145   (0.041) 0.039 0.041 0.040 0.040 0.040 0.039 0.036 0.040 0.037 0.039 

Locus 16 : 
12 alleles
0.0% missing data
 158   (0.112) 0.115 0.112 0.113 0.112 0.113 0.113 0.112 0.112 0.113 0.114 
 169   (0.054) 0.052 0.054 0.053 0.053 0.053 0.053 0.052 0.053 0.052 0.052 
 154   (0.147) 0.148 0.147 0.148 0.150 0.148 0.151 0.153 0.150 0.152 0.151 
 177   (0.041) 0.039 0.041 0.040 0.040 0.040 0.039 0.037 0.040 0.037 0.040 
 156   (0.243) 0.252 0.243 0.245 0.245 0.247 0.251 0.264 0.249 0.259 0.249 
 159   (0.072) 0.072 0.072 0.072 0.073 0.072 0.071 0.071 0.072 0.072 0.072 
 152   (0.070) 0.069 0.070 0.069 0.069 0.069 0.069 0.067 0.068 0.067 0.069 
 162   (0.081) 0.080 0.081 0.081 0.080 0.081 0.080 0.079 0.081 0.082 0.080 
 160   (0.037) 0.036 0.037 0.037 0.037 0.036 0.036 0.034 0.037 0.034 0.036 
 174   (0.057) 0.056 0.057 0.056 0.056 0.056 0.055 0.055 0.056 0.054 0.056 
 183   (0.045) 0.043 0.045 0.045 0.044 0.044 0.043 0.041 0.043 0.042 0.043 
 179   (0.040) 0.039 0.040 0.040 0.039 0.039 0.038 0.037 0.038 0.037 0.038 

Locus 17 : 
7 alleles
0.0% missing data
 117   (0.235) 0.236 0.235 0.234 0.234 0.235 0.234 0.234 0.233 0.233 0.233 
 125   (0.174) 0.175 0.174 0.174 0.174 0.177 0.176 0.177 0.177 0.186 0.177 
 123   (0.222) 0.222 0.222 0.223 0.225 0.221 0.224 0.226 0.222 0.224 0.230 
 119   (0.123) 0.123 0.123 0.123 0.123 0.122 0.122 0.121 0.123 0.120 0.121 
 133   (0.139) 0.140 0.139 0.139 0.139 0.139 0.141 0.143 0.139 0.138 0.138 
 121   (0.065) 0.063 0.065 0.065 0.064 0.064 0.063 0.060 0.063 0.060 0.062 
 127   (0.043) 0.041 0.042 0.042 0.042 0.041 0.040 0.038 0.041 0.039 0.039 

Values of parameters used in structure:
DATAFILE=/home/martin/bottleneck/structure_analysis/structure_4/data_job_T10_1,	OUTFILE=/home/martin/bottleneck/structure_analysis/structure_4/structure_results/baltic_ringed_seal/results_job_T10_1,	NUMINDS=21,	NUMLOCI=17,	MISSING=-9,	LABEL=1,	POPDATA=1,	POPFLAG=0,	PHENOTYPE=0,	EXTRACOLS=0,	MAXPOPS=10,	BURNIN=10000,	NUMREPS=100000,	USEPOPINFO=0,	INFERALPHA=1,	INFERLAMBDA=0,	POPSPECIFICLAMBDA=0,	POPALPHAS=0,	COMPUTEPROB=1,	NOADMIX=0,	ADMBURNIN=2500,	UPDATEFREQ=1,	PRINTLIKES=0,	INTERMEDSAVE=0,	PRINTKLD=0,	PRINTNET=0,	PRINTLAMBDA=0,	ANCESTDIST=0,	NUMBOXES=1000,	ANCESTPINT=0.90000,	GENSBACK=2,	MIGRPRIOR=0.05000,	PRINTQHAT=1,	PRINTQSUM=0,	ALPHA=1.0000,	FREQSCORR=1,	FPRIORMEAN=0.0100,	FPRIORSD=0.0500,	ONEFST=0,	LAMBDA=1.0000,	UNIFPRIORALPHA=1,	ALPHAMAX=10.0000,	ALPHAPRIORA=1.0000,	ALPHAPRIORB=2.0000,	ALPHAPROPSD=0.0250,	STARTATPOPINFO=0,	RANDOMIZE=1,	LINKAGE=0,	METROFREQ=10,	REPORTHITRATE=0,	MARKOVPHASE=-1,	PHASED=0,	PLOIDY=2,	PHASEINFO=0	LOCPRIOR=0, 	LOCPRIORINIT=1.000000, 	LOCDATA=0, 	LOCISPOP=0, 	LOCPRIORSTEP=0.100000, 	MAXLOCPRIOR=20.000000, 	SEED=1470672727,	
[STRAT parameters]:    NUMSIMSTATS=1000,	PHENOTYPECOL=-9,	POOLFREQ=10,	LOCUSxONLY=0,	EMERROR=0.00100,	MISSINGPHENO=-9,	