

----------------------------------------------------
STRUCTURE by Pritchard, Stephens and Donnelly (2000)
     and Falush, Stephens and Pritchard (2003)
       Code by Pritchard, Falush and Hubisz
             Version 2.3.4 (Jul 2012)
----------------------------------------------------



Command line arguments:   /usr/local/bin/structure -m parameter_job_T7_2 
Input File:    /home/martin/bottleneck/structure_analysis/structure_4/data_job_T7_2

Run parameters:
   21 individuals
   17 loci
   7 populations assumed
   10000 Burn-in period
   100000 Reps


--------------------------------------------
Proportion of membership of each pre-defined
 population in each of the 7 clusters

Given    Inferred Clusters                                   Number of
 Pop       1      2      3      4      5      6      7      Individuals

  1:     0.144  0.142  0.144  0.142  0.142  0.142  0.144       21
--------------------------------------------

Allele-freq. divergence among pops (Net nucleotide distance),
computed using point estimates of P.

      1       2       3       4       5       6       7      
 1      -    0.0001  0.0000  0.0000  0.0003  0.0001  0.0000  
 2   0.0001     -    0.0001  0.0000  0.0001  0.0000  0.0001  
 3   0.0000  0.0001     -    0.0000  0.0002  0.0000  0.0000  
 4   0.0000  0.0000  0.0000     -    0.0002  0.0000  0.0000  
 5   0.0003  0.0001  0.0002  0.0002     -    0.0002  0.0003  
 6   0.0001  0.0000  0.0000  0.0000  0.0002     -    0.0000  
 7   0.0000  0.0001  0.0000  0.0000  0.0003  0.0000     -    

Average distances (expected heterozygosity) between individuals in same cluster:
cluster  1  : 0.8087 
cluster  2  : 0.8023 
cluster  3  : 0.8072 
cluster  4  : 0.8047 
cluster  5  : 0.8002 
cluster  6  : 0.8047 
cluster  7  : 0.8085 

--------------------------------------------
Estimated Ln Prob of Data   = -1378.4
Mean value of ln likelihood = -1311.1
Variance of ln likelihood   = 134.7
Mean value of alpha         = 1.5931

Mean value of Fst_1         = 0.0009
Mean value of Fst_2         = 0.0392
Mean value of Fst_3         = 0.0097
Mean value of Fst_4         = 0.0266
Mean value of Fst_5         = 0.0473
Mean value of Fst_6         = 0.0289
Mean value of Fst_7         = 0.0024


Inferred ancestry of individuals:
        Label (%Miss) Pop:  Inferred clusters
  1        1    (0)    1 :  0.144 0.137 0.146 0.138 0.134 0.146 0.154 
  2        2    (5)    1 :  0.146 0.144 0.143 0.141 0.143 0.140 0.143 
  3        3    (0)    1 :  0.153 0.139 0.149 0.140 0.133 0.139 0.147 
  4        4    (0)    1 :  0.147 0.144 0.153 0.140 0.130 0.135 0.151 
  5        5    (5)    1 :  0.137 0.144 0.137 0.144 0.162 0.141 0.136 
  6        6    (0)    1 :  0.143 0.141 0.141 0.143 0.152 0.137 0.142 
  7        7    (5)    1 :  0.144 0.139 0.145 0.140 0.144 0.146 0.143 
  8        8    (0)    1 :  0.149 0.139 0.144 0.139 0.144 0.138 0.146 
  9        9    (5)    1 :  0.142 0.140 0.146 0.142 0.142 0.144 0.145 
 10       10    (0)    1 :  0.148 0.143 0.148 0.141 0.136 0.137 0.148 
 11       11    (0)    1 :  0.148 0.143 0.149 0.139 0.136 0.141 0.145 
 12       12    (0)    1 :  0.144 0.143 0.141 0.143 0.142 0.143 0.144 
 13       13    (0)    1 :  0.143 0.141 0.145 0.145 0.140 0.141 0.146 
 14       14    (0)    1 :  0.138 0.141 0.140 0.148 0.144 0.150 0.139 
 15       15    (0)    1 :  0.147 0.143 0.150 0.139 0.139 0.138 0.145 
 16       16    (0)    1 :  0.141 0.140 0.142 0.141 0.151 0.143 0.142 
 17       17    (5)    1 :  0.143 0.144 0.144 0.148 0.140 0.139 0.142 
 18       18    (0)    1 :  0.139 0.137 0.139 0.142 0.142 0.161 0.141 
 19       19    (0)    1 :  0.143 0.149 0.143 0.142 0.140 0.138 0.145 
 20       20    (0)    1 :  0.138 0.141 0.138 0.146 0.159 0.141 0.137 
 21       21    (5)    1 :  0.146 0.141 0.145 0.139 0.140 0.145 0.144 


Estimated Allele Frequencies in each cluster
First column gives estimated ancestral frequencies


Locus 1 : 
6 alleles
4.8% missing data
 185   (0.164) 0.164 0.162 0.164 0.166 0.157 0.169 0.165 
 191   (0.092) 0.092 0.089 0.092 0.092 0.087 0.093 0.092 
 187   (0.538) 0.538 0.556 0.540 0.544 0.561 0.540 0.539 
 197   (0.040) 0.040 0.037 0.039 0.038 0.037 0.038 0.040 
 193   (0.056) 0.056 0.051 0.055 0.053 0.050 0.052 0.056 
 189   (0.109) 0.109 0.105 0.109 0.108 0.108 0.107 0.109 

Locus 2 : 
12 alleles
0.0% missing data
 116   (0.074) 0.074 0.071 0.074 0.074 0.072 0.075 0.074 
 130   (0.050) 0.050 0.048 0.050 0.049 0.047 0.050 0.050 
 110   (0.124) 0.124 0.128 0.124 0.125 0.128 0.125 0.124 
 118   (0.165) 0.165 0.175 0.167 0.172 0.166 0.170 0.166 
 124   (0.126) 0.126 0.127 0.127 0.127 0.131 0.129 0.126 
 136   (0.042) 0.042 0.038 0.041 0.040 0.037 0.039 0.041 
 128   (0.111) 0.111 0.113 0.110 0.112 0.116 0.110 0.111 
 114   (0.076) 0.076 0.075 0.076 0.074 0.075 0.075 0.076 
 132   (0.033) 0.033 0.032 0.032 0.031 0.031 0.032 0.033 
 120   (0.056) 0.056 0.054 0.056 0.055 0.053 0.054 0.056 
 134   (0.042) 0.042 0.038 0.041 0.040 0.038 0.039 0.042 
 122   (0.102) 0.102 0.100 0.102 0.101 0.105 0.101 0.102 

Locus 3 : 
8 alleles
14.3% missing data
  94   (0.118) 0.118 0.114 0.116 0.116 0.113 0.116 0.117 
  98   (0.074) 0.074 0.070 0.073 0.071 0.068 0.071 0.074 
 104   (0.046) 0.046 0.043 0.045 0.044 0.042 0.044 0.046 
 102   (0.132) 0.132 0.136 0.132 0.131 0.127 0.132 0.132 
  96   (0.382) 0.382 0.390 0.386 0.389 0.398 0.389 0.382 
 100   (0.134) 0.134 0.136 0.134 0.136 0.144 0.135 0.135 
 108   (0.046) 0.046 0.043 0.045 0.044 0.043 0.044 0.046 
 110   (0.069) 0.069 0.067 0.068 0.069 0.064 0.070 0.068 

Locus 4 : 
12 alleles
0.0% missing data
 140   (0.072) 0.072 0.071 0.072 0.072 0.069 0.072 0.072 
 154   (0.175) 0.176 0.186 0.177 0.184 0.182 0.187 0.176 
 134   (0.235) 0.235 0.248 0.239 0.240 0.251 0.241 0.236 
 148   (0.061) 0.061 0.058 0.061 0.059 0.057 0.059 0.061 
 144   (0.060) 0.060 0.057 0.060 0.058 0.055 0.057 0.060 
 150   (0.054) 0.054 0.053 0.053 0.053 0.054 0.053 0.054 
 156   (0.078) 0.078 0.075 0.078 0.078 0.080 0.078 0.078 
 142   (0.035) 0.035 0.033 0.035 0.033 0.033 0.033 0.035 
 160   (0.097) 0.097 0.096 0.096 0.097 0.093 0.095 0.097 
 165   (0.038) 0.038 0.035 0.037 0.036 0.034 0.035 0.037 
 169   (0.038) 0.037 0.035 0.037 0.035 0.034 0.035 0.037 
 152   (0.055) 0.055 0.053 0.055 0.055 0.058 0.054 0.055 

Locus 5 : 
14 alleles
0.0% missing data
 148   (0.038) 0.038 0.035 0.038 0.036 0.034 0.036 0.038 
 174   (0.056) 0.056 0.054 0.056 0.055 0.053 0.057 0.056 
 158   (0.112) 0.112 0.114 0.112 0.111 0.109 0.111 0.112 
 162   (0.114) 0.114 0.114 0.114 0.115 0.114 0.114 0.114 
 166   (0.055) 0.054 0.053 0.054 0.053 0.050 0.053 0.054 
 167   (0.106) 0.107 0.108 0.107 0.108 0.102 0.107 0.107 
 152   (0.228) 0.228 0.249 0.233 0.242 0.268 0.243 0.230 
 154   (0.035) 0.035 0.033 0.034 0.033 0.032 0.033 0.035 
 160   (0.053) 0.053 0.051 0.053 0.052 0.049 0.051 0.053 
 173   (0.033) 0.033 0.032 0.032 0.031 0.030 0.032 0.033 
 171   (0.038) 0.038 0.034 0.037 0.036 0.034 0.035 0.037 
 178   (0.054) 0.054 0.052 0.054 0.054 0.052 0.054 0.054 
 146   (0.041) 0.041 0.038 0.041 0.040 0.038 0.040 0.041 
 176   (0.037) 0.037 0.034 0.036 0.035 0.033 0.035 0.036 

Locus 6 : 
9 alleles
0.0% missing data
 192   (0.096) 0.096 0.094 0.095 0.095 0.092 0.096 0.097 
 194   (0.327) 0.327 0.345 0.331 0.336 0.347 0.338 0.327 
 190   (0.079) 0.079 0.077 0.079 0.078 0.075 0.077 0.079 
 204   (0.139) 0.139 0.137 0.139 0.140 0.135 0.138 0.139 
 196   (0.119) 0.119 0.118 0.120 0.119 0.124 0.117 0.119 
 202   (0.061) 0.061 0.058 0.060 0.059 0.059 0.058 0.060 
 208   (0.040) 0.040 0.038 0.039 0.038 0.037 0.038 0.040 
 200   (0.037) 0.037 0.035 0.036 0.035 0.034 0.035 0.037 
 206   (0.101) 0.101 0.097 0.101 0.101 0.098 0.103 0.101 

Locus 7 : 
6 alleles
4.8% missing data
 186   (0.407) 0.407 0.416 0.409 0.412 0.402 0.414 0.407 
 188   (0.323) 0.323 0.326 0.325 0.326 0.344 0.325 0.323 
 194   (0.067) 0.067 0.064 0.066 0.065 0.063 0.064 0.067 
 184   (0.086) 0.086 0.083 0.085 0.086 0.083 0.086 0.086 
 192   (0.071) 0.071 0.067 0.070 0.067 0.065 0.068 0.071 
 180   (0.047) 0.046 0.043 0.045 0.043 0.042 0.043 0.046 

Locus 8 : 
8 alleles
0.0% missing data
 200   (0.156) 0.156 0.157 0.156 0.158 0.172 0.159 0.156 
 220   (0.100) 0.100 0.097 0.100 0.099 0.094 0.098 0.100 
 216   (0.114) 0.114 0.114 0.114 0.115 0.114 0.115 0.114 
 218   (0.311) 0.311 0.325 0.314 0.316 0.319 0.316 0.311 
 208   (0.109) 0.109 0.105 0.108 0.107 0.104 0.108 0.108 
 206   (0.041) 0.041 0.038 0.040 0.038 0.038 0.038 0.041 
 214   (0.128) 0.128 0.124 0.127 0.127 0.121 0.126 0.128 
 222   (0.042) 0.042 0.039 0.041 0.039 0.039 0.039 0.042 

Locus 9 : 
15 alleles
0.0% missing data
 149   (0.106) 0.106 0.108 0.107 0.106 0.107 0.108 0.107 
 161   (0.101) 0.101 0.103 0.102 0.103 0.099 0.103 0.102 
 155   (0.129) 0.130 0.140 0.131 0.137 0.158 0.133 0.130 
 157   (0.111) 0.111 0.112 0.111 0.112 0.110 0.111 0.111 
 145   (0.069) 0.069 0.067 0.069 0.068 0.066 0.068 0.069 
 167   (0.035) 0.035 0.033 0.034 0.033 0.031 0.033 0.035 
 159   (0.073) 0.073 0.075 0.074 0.073 0.073 0.073 0.073 
 129   (0.035) 0.035 0.033 0.035 0.033 0.033 0.033 0.035 
 135   (0.036) 0.036 0.033 0.035 0.034 0.033 0.034 0.036 
 133   (0.033) 0.033 0.032 0.032 0.032 0.031 0.032 0.033 
 153   (0.102) 0.102 0.105 0.103 0.106 0.103 0.111 0.102 
 131   (0.038) 0.038 0.035 0.037 0.036 0.035 0.036 0.038 
 163   (0.038) 0.038 0.035 0.038 0.037 0.035 0.036 0.038 
 151   (0.055) 0.055 0.053 0.055 0.053 0.051 0.053 0.055 
 137   (0.037) 0.037 0.035 0.036 0.036 0.035 0.035 0.037 

Locus 10 : 
10 alleles
0.0% missing data
 110   (0.210) 0.210 0.211 0.212 0.217 0.210 0.219 0.210 
 118   (0.340) 0.340 0.357 0.344 0.346 0.369 0.344 0.340 
 120   (0.079) 0.079 0.077 0.079 0.078 0.078 0.079 0.079 
 106   (0.038) 0.038 0.035 0.037 0.036 0.033 0.035 0.037 
 104   (0.042) 0.042 0.038 0.041 0.039 0.038 0.039 0.042 
 122   (0.061) 0.061 0.058 0.061 0.060 0.057 0.059 0.061 
 108   (0.079) 0.079 0.078 0.078 0.078 0.075 0.076 0.079 
 116   (0.060) 0.060 0.058 0.059 0.058 0.056 0.059 0.060 
 112   (0.055) 0.055 0.054 0.054 0.054 0.051 0.054 0.055 
 114   (0.036) 0.036 0.034 0.035 0.034 0.033 0.034 0.036 

Locus 11 : 
4 alleles
0.0% missing data
 107   (0.369) 0.369 0.369 0.369 0.370 0.360 0.371 0.369 
 103   (0.208) 0.208 0.213 0.208 0.209 0.228 0.209 0.208 
 105   (0.305) 0.305 0.305 0.306 0.307 0.303 0.307 0.305 
 109   (0.117) 0.117 0.114 0.117 0.114 0.109 0.112 0.117 

Locus 12 : 
7 alleles
0.0% missing data
 185   (0.230) 0.230 0.233 0.230 0.230 0.226 0.229 0.230 
 189   (0.041) 0.041 0.038 0.040 0.038 0.036 0.038 0.041 
 171   (0.227) 0.228 0.230 0.228 0.228 0.231 0.225 0.228 
 187   (0.099) 0.099 0.097 0.098 0.099 0.100 0.099 0.099 
 179   (0.223) 0.223 0.225 0.224 0.225 0.229 0.229 0.223 
 183   (0.043) 0.043 0.040 0.042 0.041 0.040 0.040 0.043 
 181   (0.137) 0.137 0.137 0.137 0.138 0.138 0.139 0.137 

Locus 13 : 
6 alleles
4.8% missing data
 137   (0.371) 0.371 0.372 0.373 0.373 0.364 0.371 0.372 
 143   (0.082) 0.082 0.079 0.081 0.081 0.077 0.082 0.081 
 145   (0.087) 0.087 0.084 0.086 0.085 0.083 0.085 0.087 
 141   (0.043) 0.043 0.039 0.042 0.041 0.038 0.040 0.043 
 139   (0.350) 0.350 0.360 0.351 0.356 0.373 0.356 0.350 
 147   (0.068) 0.068 0.066 0.068 0.065 0.065 0.066 0.068 

Locus 14 : 
6 alleles
0.0% missing data
 165   (0.044) 0.044 0.041 0.043 0.042 0.040 0.042 0.044 
 171   (0.232) 0.232 0.229 0.231 0.229 0.227 0.231 0.232 
 167   (0.085) 0.085 0.081 0.084 0.082 0.079 0.082 0.085 
 161   (0.398) 0.398 0.401 0.399 0.406 0.393 0.405 0.398 
 163   (0.045) 0.045 0.041 0.044 0.042 0.040 0.041 0.044 
 173   (0.196) 0.196 0.207 0.199 0.199 0.221 0.199 0.197 

Locus 15 : 
11 alleles
0.0% missing data
 141   (0.256) 0.257 0.269 0.259 0.265 0.271 0.264 0.257 
 143   (0.109) 0.109 0.110 0.110 0.109 0.109 0.114 0.109 
 137   (0.080) 0.080 0.079 0.079 0.078 0.078 0.078 0.080 
 153   (0.118) 0.118 0.117 0.118 0.118 0.116 0.116 0.118 
 155   (0.053) 0.053 0.051 0.053 0.052 0.049 0.052 0.053 
 147   (0.180) 0.180 0.186 0.181 0.184 0.191 0.185 0.180 
 131   (0.047) 0.047 0.043 0.046 0.044 0.043 0.043 0.046 
 135   (0.037) 0.037 0.035 0.037 0.035 0.034 0.035 0.037 
 151   (0.041) 0.041 0.038 0.041 0.039 0.038 0.039 0.041 
 139   (0.037) 0.037 0.034 0.036 0.035 0.034 0.035 0.037 
 145   (0.042) 0.042 0.039 0.041 0.040 0.039 0.039 0.042 

Locus 16 : 
12 alleles
0.0% missing data
 158   (0.111) 0.111 0.114 0.111 0.112 0.110 0.111 0.111 
 169   (0.057) 0.057 0.054 0.057 0.056 0.053 0.055 0.057 
 154   (0.145) 0.145 0.150 0.146 0.152 0.149 0.157 0.145 
 177   (0.036) 0.036 0.034 0.035 0.034 0.033 0.034 0.036 
 156   (0.255) 0.255 0.267 0.258 0.261 0.286 0.260 0.255 
 159   (0.076) 0.076 0.075 0.076 0.075 0.070 0.074 0.076 
 152   (0.073) 0.073 0.071 0.073 0.071 0.070 0.071 0.073 
 162   (0.077) 0.077 0.076 0.077 0.077 0.072 0.075 0.077 
 160   (0.036) 0.036 0.033 0.035 0.034 0.033 0.034 0.036 
 174   (0.057) 0.057 0.055 0.056 0.056 0.054 0.056 0.057 
 183   (0.038) 0.038 0.035 0.037 0.036 0.035 0.036 0.038 
 179   (0.039) 0.039 0.037 0.038 0.036 0.037 0.037 0.039 

Locus 17 : 
7 alleles
0.0% missing data
 117   (0.226) 0.226 0.226 0.226 0.226 0.232 0.225 0.226 
 125   (0.180) 0.180 0.185 0.181 0.183 0.179 0.183 0.180 
 123   (0.214) 0.214 0.221 0.215 0.217 0.223 0.217 0.214 
 119   (0.127) 0.127 0.124 0.127 0.124 0.122 0.125 0.127 
 133   (0.146) 0.146 0.144 0.146 0.147 0.146 0.148 0.147 
 121   (0.065) 0.065 0.061 0.064 0.063 0.060 0.062 0.065 
 127   (0.042) 0.042 0.039 0.041 0.039 0.038 0.039 0.041 

Values of parameters used in structure:
DATAFILE=/home/martin/bottleneck/structure_analysis/structure_4/data_job_T7_2,	OUTFILE=/home/martin/bottleneck/structure_analysis/structure_4/structure_results/baltic_ringed_seal/results_job_T7_2,	NUMINDS=21,	NUMLOCI=17,	MISSING=-9,	LABEL=1,	POPDATA=1,	POPFLAG=0,	PHENOTYPE=0,	EXTRACOLS=0,	MAXPOPS=7,	BURNIN=10000,	NUMREPS=100000,	USEPOPINFO=0,	INFERALPHA=1,	INFERLAMBDA=0,	POPSPECIFICLAMBDA=0,	POPALPHAS=0,	COMPUTEPROB=1,	NOADMIX=0,	ADMBURNIN=2500,	UPDATEFREQ=1,	PRINTLIKES=0,	INTERMEDSAVE=0,	PRINTKLD=0,	PRINTNET=0,	PRINTLAMBDA=0,	ANCESTDIST=0,	NUMBOXES=1000,	ANCESTPINT=0.90000,	GENSBACK=2,	MIGRPRIOR=0.05000,	PRINTQHAT=1,	PRINTQSUM=0,	ALPHA=1.0000,	FREQSCORR=1,	FPRIORMEAN=0.0100,	FPRIORSD=0.0500,	ONEFST=0,	LAMBDA=1.0000,	UNIFPRIORALPHA=1,	ALPHAMAX=10.0000,	ALPHAPRIORA=1.0000,	ALPHAPRIORB=2.0000,	ALPHAPROPSD=0.0250,	STARTATPOPINFO=0,	RANDOMIZE=1,	LINKAGE=0,	METROFREQ=10,	REPORTHITRATE=0,	MARKOVPHASE=-1,	PHASED=0,	PLOIDY=2,	PHASEINFO=0	LOCPRIOR=0, 	LOCPRIORINIT=1.000000, 	LOCDATA=0, 	LOCISPOP=0, 	LOCPRIORSTEP=0.100000, 	MAXLOCPRIOR=20.000000, 	SEED=1470670898,	
[STRAT parameters]:    NUMSIMSTATS=1000,	PHENOTYPECOL=-9,	POOLFREQ=10,	LOCUSxONLY=0,	EMERROR=0.00100,	MISSINGPHENO=-9,	