

----------------------------------------------------
STRUCTURE by Pritchard, Stephens and Donnelly (2000)
     and Falush, Stephens and Pritchard (2003)
       Code by Pritchard, Falush and Hubisz
             Version 2.3.4 (Jul 2012)
----------------------------------------------------



Command line arguments:   /usr/local/bin/structure -m parameter_job_T10_2 
Input File:    /home/martin/bottleneck/structure_analysis/structure_4/data_job_T10_2

Run parameters:
   21 individuals
   17 loci
   10 populations assumed
   10000 Burn-in period
   100000 Reps


--------------------------------------------
Proportion of membership of each pre-defined
 population in each of the 10 clusters

Given    Inferred Clusters                                                        Number of
 Pop       1      2      3      4      5      6      7      8      9     10      Individuals

  1:     0.100  0.100  0.100  0.100  0.099  0.100  0.101  0.100  0.099  0.100       21
--------------------------------------------

Allele-freq. divergence among pops (Net nucleotide distance),
computed using point estimates of P.

      1       2       3       4       5       6       7       8       9      10      
 1      -    0.0000  0.0000  0.0000  0.0000  0.0001  0.0000  0.0000  0.0000  0.0000  
 2   0.0000     -    0.0000  0.0000  0.0000  0.0001  0.0000  0.0000  0.0000  0.0000  
 3   0.0000  0.0000     -    0.0000  0.0000  0.0001  0.0000  0.0000  0.0000  0.0000  
 4   0.0000  0.0000  0.0000     -    0.0000  0.0001  0.0000  0.0000  0.0000  0.0000  
 5   0.0000  0.0000  0.0000  0.0000     -    0.0001  0.0000  0.0000  0.0000  0.0000  
 6   0.0001  0.0001  0.0001  0.0001  0.0001     -    0.0001  0.0001  0.0002  0.0001  
 7   0.0000  0.0000  0.0000  0.0000  0.0000  0.0001     -    0.0000  0.0000  0.0000  
 8   0.0000  0.0000  0.0000  0.0000  0.0000  0.0001  0.0000     -    0.0000  0.0000  
 9   0.0000  0.0000  0.0000  0.0000  0.0000  0.0002  0.0000  0.0000     -    0.0000  
10   0.0000  0.0000  0.0000  0.0000  0.0000  0.0001  0.0000  0.0000  0.0000     -    

Average distances (expected heterozygosity) between individuals in same cluster:
cluster  1  : 0.8055 
cluster  2  : 0.8066 
cluster  3  : 0.8062 
cluster  4  : 0.8059 
cluster  5  : 0.8059 
cluster  6  : 0.8009 
cluster  7  : 0.8063 
cluster  8  : 0.8057 
cluster  9  : 0.8082 
cluster 10  : 0.8056 

--------------------------------------------
Estimated Ln Prob of Data   = -1398.0
Mean value of ln likelihood = -1313.9
Variance of ln likelihood   = 168.1
Mean value of alpha         = 3.0757

Mean value of Fst_1         = 0.0288
Mean value of Fst_2         = 0.0192
Mean value of Fst_3         = 0.0228
Mean value of Fst_4         = 0.0268
Mean value of Fst_5         = 0.0291
Mean value of Fst_6         = 0.0630
Mean value of Fst_7         = 0.0218
Mean value of Fst_8         = 0.0279
Mean value of Fst_9         = 0.0102
Mean value of Fst_10         = 0.0288


Inferred ancestry of individuals:
        Label (%Miss) Pop:  Inferred clusters
  1        1    (0)    1 :  0.100 0.101 0.100 0.101 0.100 0.097 0.102 0.099 0.098 0.101 
  2        2    (5)    1 :  0.100 0.101 0.101 0.100 0.097 0.101 0.100 0.102 0.099 0.099 
  3        3    (0)    1 :  0.101 0.101 0.100 0.101 0.100 0.098 0.100 0.100 0.099 0.101 
  4        4    (0)    1 :  0.099 0.102 0.101 0.100 0.098 0.098 0.103 0.097 0.099 0.103 
  5        5    (5)    1 :  0.099 0.100 0.100 0.099 0.099 0.103 0.098 0.102 0.100 0.100 
  6        6    (0)    1 :  0.101 0.098 0.103 0.100 0.097 0.102 0.102 0.100 0.098 0.100 
  7        7    (5)    1 :  0.100 0.099 0.099 0.100 0.097 0.102 0.100 0.100 0.100 0.102 
  8        8    (0)    1 :  0.101 0.099 0.098 0.103 0.098 0.100 0.101 0.099 0.097 0.102 
  9        9    (5)    1 :  0.103 0.098 0.102 0.102 0.100 0.099 0.100 0.100 0.098 0.099 
 10       10    (0)    1 :  0.098 0.101 0.099 0.100 0.098 0.098 0.103 0.100 0.098 0.104 
 11       11    (0)    1 :  0.099 0.099 0.106 0.097 0.099 0.100 0.101 0.100 0.097 0.101 
 12       12    (0)    1 :  0.099 0.100 0.100 0.101 0.099 0.100 0.102 0.101 0.098 0.100 
 13       13    (0)    1 :  0.099 0.100 0.099 0.101 0.099 0.103 0.101 0.098 0.098 0.101 
 14       14    (0)    1 :  0.101 0.098 0.101 0.099 0.102 0.101 0.097 0.103 0.099 0.098 
 15       15    (0)    1 :  0.102 0.100 0.099 0.099 0.101 0.099 0.101 0.099 0.100 0.100 
 16       16    (0)    1 :  0.100 0.099 0.103 0.100 0.099 0.100 0.100 0.100 0.100 0.100 
 17       17    (5)    1 :  0.100 0.099 0.100 0.100 0.099 0.100 0.102 0.099 0.098 0.102 
 18       18    (0)    1 :  0.101 0.099 0.100 0.098 0.108 0.098 0.099 0.097 0.103 0.097 
 19       19    (0)    1 :  0.100 0.101 0.100 0.100 0.099 0.098 0.101 0.101 0.100 0.100 
 20       20    (0)    1 :  0.099 0.100 0.099 0.101 0.099 0.101 0.099 0.100 0.101 0.100 
 21       21    (5)    1 :  0.101 0.102 0.099 0.101 0.099 0.099 0.099 0.098 0.102 0.100 


Estimated Allele Frequencies in each cluster
First column gives estimated ancestral frequencies


Locus 1 : 
6 alleles
4.8% missing data
 185   (0.178) 0.180 0.179 0.177 0.179 0.180 0.175 0.176 0.178 0.181 0.177 
 191   (0.083) 0.082 0.083 0.082 0.082 0.083 0.080 0.083 0.082 0.082 0.082 
 187   (0.543) 0.546 0.547 0.548 0.547 0.544 0.557 0.549 0.550 0.541 0.548 
 197   (0.046) 0.044 0.044 0.043 0.044 0.043 0.042 0.044 0.043 0.045 0.044 
 193   (0.045) 0.043 0.043 0.044 0.043 0.043 0.041 0.043 0.043 0.044 0.043 
 189   (0.106) 0.105 0.104 0.106 0.106 0.107 0.105 0.105 0.104 0.106 0.106 

Locus 2 : 
12 alleles
0.0% missing data
 116   (0.078) 0.077 0.078 0.078 0.077 0.079 0.076 0.078 0.078 0.078 0.077 
 130   (0.056) 0.055 0.055 0.054 0.055 0.055 0.053 0.054 0.054 0.055 0.055 
 110   (0.126) 0.129 0.127 0.128 0.129 0.126 0.130 0.127 0.129 0.126 0.128 
 118   (0.168) 0.169 0.170 0.169 0.172 0.171 0.180 0.170 0.171 0.171 0.170 
 124   (0.127) 0.132 0.128 0.129 0.127 0.131 0.128 0.128 0.130 0.127 0.129 
 136   (0.039) 0.037 0.038 0.037 0.037 0.037 0.036 0.037 0.037 0.038 0.037 
 128   (0.107) 0.107 0.107 0.108 0.108 0.107 0.111 0.108 0.107 0.106 0.108 
 114   (0.075) 0.074 0.075 0.075 0.075 0.074 0.072 0.074 0.074 0.075 0.074 
 132   (0.037) 0.036 0.037 0.036 0.035 0.036 0.035 0.036 0.036 0.037 0.036 
 120   (0.055) 0.054 0.055 0.054 0.054 0.054 0.053 0.055 0.053 0.055 0.054 
 134   (0.037) 0.035 0.036 0.036 0.036 0.036 0.033 0.036 0.036 0.037 0.036 
 122   (0.095) 0.094 0.095 0.096 0.095 0.095 0.093 0.096 0.095 0.095 0.095 

Locus 3 : 
8 alleles
14.3% missing data
  94   (0.109) 0.109 0.109 0.109 0.111 0.109 0.108 0.110 0.110 0.109 0.109 
  98   (0.070) 0.068 0.069 0.069 0.069 0.069 0.066 0.069 0.068 0.069 0.069 
 104   (0.051) 0.050 0.049 0.050 0.048 0.049 0.046 0.050 0.049 0.050 0.049 
 102   (0.139) 0.137 0.140 0.139 0.138 0.138 0.135 0.139 0.139 0.139 0.138 
  96   (0.371) 0.380 0.375 0.377 0.378 0.379 0.394 0.376 0.377 0.371 0.379 
 100   (0.140) 0.139 0.140 0.140 0.140 0.138 0.139 0.140 0.141 0.140 0.139 
 108   (0.045) 0.043 0.044 0.044 0.042 0.043 0.041 0.043 0.043 0.044 0.042 
 110   (0.075) 0.073 0.074 0.074 0.073 0.075 0.071 0.073 0.073 0.077 0.074 

Locus 4 : 
12 alleles
0.0% missing data
 140   (0.070) 0.070 0.070 0.070 0.070 0.071 0.069 0.070 0.070 0.070 0.070 
 154   (0.174) 0.176 0.178 0.176 0.180 0.180 0.190 0.178 0.180 0.177 0.180 
 134   (0.240) 0.248 0.244 0.245 0.246 0.244 0.248 0.244 0.244 0.241 0.245 
 148   (0.063) 0.061 0.062 0.062 0.061 0.061 0.058 0.062 0.062 0.062 0.061 
 144   (0.055) 0.054 0.055 0.055 0.054 0.054 0.053 0.055 0.054 0.055 0.055 
 150   (0.059) 0.058 0.058 0.058 0.058 0.058 0.056 0.058 0.058 0.059 0.058 
 156   (0.072) 0.073 0.072 0.072 0.072 0.071 0.072 0.072 0.072 0.072 0.072 
 142   (0.040) 0.038 0.038 0.038 0.038 0.038 0.037 0.038 0.038 0.039 0.038 
 160   (0.091) 0.090 0.091 0.091 0.091 0.092 0.090 0.092 0.091 0.091 0.092 
 165   (0.038) 0.037 0.038 0.037 0.037 0.037 0.035 0.037 0.037 0.038 0.037 
 169   (0.042) 0.040 0.040 0.040 0.040 0.039 0.038 0.040 0.040 0.041 0.040 
 152   (0.055) 0.054 0.054 0.055 0.054 0.054 0.053 0.054 0.054 0.055 0.054 

Locus 5 : 
14 alleles
0.0% missing data
 148   (0.040) 0.038 0.039 0.038 0.038 0.038 0.036 0.039 0.039 0.039 0.038 
 174   (0.051) 0.050 0.050 0.050 0.050 0.051 0.050 0.050 0.050 0.052 0.050 
 158   (0.102) 0.102 0.102 0.102 0.104 0.103 0.105 0.102 0.102 0.101 0.103 
 162   (0.111) 0.112 0.112 0.112 0.112 0.112 0.112 0.112 0.113 0.111 0.113 
 166   (0.056) 0.055 0.056 0.056 0.055 0.055 0.052 0.056 0.055 0.056 0.055 
 167   (0.105) 0.106 0.106 0.107 0.107 0.107 0.109 0.106 0.107 0.105 0.106 
 152   (0.243) 0.254 0.249 0.250 0.249 0.250 0.264 0.249 0.250 0.244 0.253 
 154   (0.038) 0.036 0.037 0.037 0.036 0.036 0.034 0.037 0.037 0.037 0.036 
 160   (0.056) 0.054 0.055 0.054 0.055 0.055 0.052 0.055 0.055 0.055 0.055 
 173   (0.036) 0.035 0.035 0.035 0.035 0.035 0.034 0.035 0.035 0.036 0.035 
 171   (0.035) 0.034 0.034 0.034 0.034 0.034 0.033 0.034 0.033 0.035 0.034 
 178   (0.057) 0.056 0.057 0.056 0.056 0.056 0.055 0.057 0.057 0.057 0.055 
 146   (0.032) 0.031 0.031 0.031 0.031 0.032 0.031 0.031 0.031 0.033 0.032 
 176   (0.038) 0.036 0.037 0.036 0.036 0.037 0.034 0.036 0.037 0.038 0.036 

Locus 6 : 
9 alleles
0.0% missing data
 192   (0.095) 0.095 0.095 0.095 0.094 0.095 0.094 0.095 0.095 0.095 0.096 
 194   (0.334) 0.340 0.336 0.336 0.339 0.338 0.356 0.337 0.340 0.337 0.340 
 190   (0.082) 0.081 0.082 0.082 0.081 0.082 0.078 0.081 0.081 0.082 0.081 
 204   (0.133) 0.133 0.134 0.133 0.135 0.133 0.130 0.134 0.135 0.133 0.134 
 196   (0.120) 0.121 0.121 0.121 0.121 0.120 0.115 0.122 0.119 0.119 0.120 
 202   (0.061) 0.060 0.060 0.060 0.059 0.060 0.056 0.060 0.059 0.060 0.059 
 208   (0.045) 0.044 0.043 0.044 0.043 0.043 0.041 0.043 0.043 0.045 0.043 
 200   (0.036) 0.035 0.036 0.035 0.035 0.034 0.033 0.035 0.035 0.036 0.035 
 206   (0.093) 0.092 0.093 0.093 0.094 0.095 0.096 0.093 0.093 0.094 0.092 

Locus 7 : 
6 alleles
4.8% missing data
 186   (0.408) 0.413 0.411 0.412 0.411 0.411 0.420 0.411 0.410 0.410 0.411 
 188   (0.329) 0.331 0.331 0.333 0.331 0.332 0.331 0.331 0.332 0.328 0.333 
 194   (0.067) 0.065 0.066 0.065 0.066 0.065 0.063 0.066 0.066 0.066 0.065 
 184   (0.081) 0.080 0.081 0.080 0.081 0.081 0.080 0.080 0.080 0.082 0.079 
 192   (0.070) 0.068 0.068 0.067 0.068 0.069 0.066 0.069 0.069 0.070 0.069 
 180   (0.045) 0.044 0.044 0.044 0.043 0.043 0.041 0.043 0.043 0.045 0.044 

Locus 8 : 
8 alleles
0.0% missing data
 200   (0.154) 0.155 0.154 0.154 0.155 0.155 0.153 0.155 0.155 0.155 0.156 
 220   (0.102) 0.100 0.101 0.101 0.101 0.100 0.099 0.100 0.101 0.101 0.101 
 216   (0.129) 0.128 0.128 0.130 0.128 0.128 0.124 0.129 0.129 0.129 0.128 
 218   (0.313) 0.318 0.317 0.316 0.320 0.318 0.334 0.316 0.317 0.313 0.317 
 208   (0.100) 0.100 0.099 0.099 0.098 0.100 0.098 0.099 0.098 0.100 0.099 
 206   (0.042) 0.040 0.040 0.040 0.040 0.039 0.038 0.040 0.040 0.041 0.040 
 214   (0.120) 0.120 0.121 0.120 0.121 0.120 0.118 0.121 0.121 0.120 0.120 
 222   (0.041) 0.039 0.039 0.039 0.039 0.039 0.037 0.039 0.039 0.040 0.039 

Locus 9 : 
15 alleles
0.0% missing data
 149   (0.099) 0.099 0.100 0.101 0.101 0.101 0.100 0.101 0.101 0.100 0.102 
 161   (0.101) 0.102 0.103 0.103 0.103 0.104 0.103 0.103 0.103 0.102 0.102 
 155   (0.126) 0.131 0.129 0.130 0.132 0.130 0.151 0.130 0.133 0.126 0.131 
 157   (0.103) 0.105 0.106 0.104 0.105 0.104 0.104 0.105 0.106 0.103 0.106 
 145   (0.069) 0.067 0.069 0.068 0.069 0.069 0.066 0.070 0.069 0.068 0.069 
 167   (0.039) 0.038 0.038 0.038 0.038 0.037 0.036 0.037 0.038 0.039 0.038 
 159   (0.076) 0.076 0.075 0.075 0.075 0.075 0.075 0.074 0.074 0.076 0.075 
 129   (0.035) 0.034 0.034 0.034 0.034 0.034 0.032 0.034 0.034 0.035 0.034 
 135   (0.033) 0.032 0.032 0.032 0.031 0.032 0.029 0.032 0.032 0.033 0.031 
 133   (0.040) 0.039 0.039 0.039 0.037 0.038 0.037 0.038 0.037 0.039 0.039 
 153   (0.111) 0.113 0.112 0.112 0.113 0.114 0.111 0.113 0.112 0.114 0.112 
 131   (0.036) 0.035 0.035 0.035 0.035 0.034 0.033 0.035 0.034 0.035 0.035 
 163   (0.035) 0.033 0.034 0.034 0.034 0.033 0.032 0.034 0.034 0.034 0.034 
 151   (0.058) 0.057 0.057 0.056 0.057 0.057 0.054 0.056 0.056 0.057 0.056 
 137   (0.039) 0.038 0.037 0.039 0.038 0.038 0.036 0.037 0.038 0.039 0.038 

Locus 10 : 
10 alleles
0.0% missing data
 110   (0.212) 0.214 0.214 0.216 0.215 0.215 0.222 0.216 0.216 0.214 0.214 
 118   (0.329) 0.338 0.336 0.334 0.338 0.337 0.342 0.336 0.338 0.330 0.338 
 120   (0.082) 0.081 0.082 0.082 0.082 0.080 0.081 0.081 0.081 0.082 0.080 
 106   (0.043) 0.041 0.042 0.042 0.041 0.041 0.039 0.041 0.041 0.042 0.041 
 104   (0.040) 0.039 0.038 0.038 0.038 0.038 0.036 0.039 0.038 0.039 0.039 
 122   (0.063) 0.062 0.062 0.062 0.060 0.061 0.059 0.061 0.061 0.063 0.061 
 108   (0.079) 0.078 0.078 0.078 0.078 0.078 0.078 0.077 0.077 0.078 0.078 
 116   (0.050) 0.049 0.050 0.050 0.050 0.051 0.049 0.050 0.049 0.051 0.050 
 112   (0.061) 0.061 0.060 0.061 0.060 0.060 0.057 0.060 0.060 0.061 0.060 
 114   (0.040) 0.038 0.039 0.039 0.038 0.039 0.037 0.039 0.038 0.039 0.039 

Locus 11 : 
4 alleles
0.0% missing data
 107   (0.355) 0.357 0.358 0.357 0.356 0.359 0.356 0.360 0.357 0.357 0.357 
 103   (0.218) 0.218 0.217 0.217 0.219 0.217 0.226 0.217 0.217 0.217 0.218 
 105   (0.311) 0.311 0.310 0.312 0.311 0.310 0.310 0.309 0.312 0.310 0.312 
 109   (0.116) 0.114 0.115 0.115 0.114 0.114 0.108 0.114 0.113 0.115 0.114 

Locus 12 : 
7 alleles
0.0% missing data
 185   (0.228) 0.229 0.229 0.230 0.228 0.229 0.229 0.228 0.227 0.229 0.228 
 189   (0.046) 0.044 0.045 0.044 0.044 0.044 0.041 0.045 0.044 0.045 0.044 
 171   (0.223) 0.225 0.224 0.223 0.224 0.223 0.226 0.225 0.224 0.222 0.224 
 187   (0.107) 0.104 0.105 0.104 0.106 0.105 0.103 0.106 0.105 0.106 0.106 
 179   (0.217) 0.217 0.218 0.220 0.220 0.220 0.223 0.218 0.220 0.218 0.220 
 183   (0.040) 0.039 0.039 0.039 0.039 0.038 0.037 0.039 0.039 0.040 0.038 
 181   (0.140) 0.142 0.141 0.140 0.140 0.141 0.142 0.139 0.140 0.139 0.140 

Locus 13 : 
6 alleles
4.8% missing data
 137   (0.371) 0.375 0.374 0.376 0.372 0.375 0.375 0.375 0.375 0.373 0.373 
 143   (0.084) 0.083 0.083 0.084 0.084 0.084 0.080 0.084 0.084 0.086 0.082 
 145   (0.085) 0.082 0.084 0.083 0.084 0.084 0.082 0.084 0.084 0.084 0.084 
 141   (0.050) 0.048 0.049 0.048 0.048 0.048 0.044 0.049 0.048 0.049 0.048 
 139   (0.344) 0.348 0.345 0.344 0.348 0.345 0.357 0.345 0.346 0.342 0.348 
 147   (0.066) 0.064 0.065 0.065 0.064 0.065 0.062 0.064 0.064 0.066 0.065 

Locus 14 : 
6 alleles
0.0% missing data
 165   (0.048) 0.045 0.046 0.046 0.045 0.045 0.043 0.046 0.046 0.047 0.045 
 171   (0.215) 0.216 0.217 0.215 0.217 0.218 0.219 0.217 0.214 0.214 0.216 
 167   (0.087) 0.084 0.085 0.085 0.085 0.084 0.082 0.086 0.086 0.086 0.085 
 161   (0.391) 0.394 0.394 0.397 0.394 0.397 0.391 0.394 0.395 0.394 0.396 
 163   (0.048) 0.046 0.047 0.046 0.046 0.046 0.043 0.047 0.046 0.048 0.046 
 173   (0.212) 0.215 0.212 0.211 0.213 0.211 0.222 0.212 0.214 0.211 0.212 

Locus 15 : 
11 alleles
0.0% missing data
 141   (0.269) 0.275 0.273 0.275 0.273 0.276 0.275 0.272 0.273 0.271 0.273 
 143   (0.117) 0.117 0.116 0.116 0.117 0.117 0.117 0.117 0.118 0.118 0.117 
 137   (0.077) 0.075 0.077 0.076 0.077 0.076 0.074 0.076 0.075 0.076 0.076 
 153   (0.102) 0.102 0.103 0.103 0.103 0.103 0.102 0.103 0.103 0.101 0.105 
 155   (0.061) 0.060 0.060 0.060 0.060 0.060 0.057 0.060 0.060 0.061 0.060 
 147   (0.180) 0.184 0.182 0.182 0.184 0.182 0.196 0.184 0.183 0.181 0.183 
 131   (0.037) 0.035 0.036 0.035 0.036 0.036 0.033 0.037 0.036 0.036 0.036 
 135   (0.038) 0.037 0.037 0.037 0.037 0.036 0.035 0.037 0.037 0.038 0.037 
 151   (0.039) 0.038 0.038 0.039 0.037 0.038 0.036 0.038 0.038 0.039 0.038 
 139   (0.037) 0.036 0.036 0.036 0.035 0.036 0.034 0.036 0.035 0.036 0.036 
 145   (0.043) 0.042 0.041 0.042 0.041 0.041 0.040 0.041 0.041 0.042 0.041 

Locus 16 : 
12 alleles
0.0% missing data
 158   (0.110) 0.111 0.111 0.111 0.112 0.109 0.107 0.110 0.112 0.110 0.110 
 169   (0.053) 0.052 0.052 0.052 0.052 0.052 0.050 0.053 0.052 0.052 0.052 
 154   (0.144) 0.145 0.145 0.146 0.146 0.148 0.165 0.145 0.148 0.145 0.148 
 177   (0.041) 0.039 0.040 0.039 0.039 0.039 0.038 0.039 0.039 0.040 0.039 
 156   (0.260) 0.268 0.265 0.266 0.265 0.267 0.270 0.265 0.265 0.261 0.266 
 159   (0.077) 0.075 0.076 0.076 0.076 0.076 0.074 0.077 0.077 0.076 0.076 
 152   (0.074) 0.073 0.073 0.073 0.073 0.073 0.072 0.073 0.073 0.073 0.073 
 162   (0.077) 0.077 0.077 0.077 0.077 0.077 0.074 0.076 0.076 0.078 0.076 
 160   (0.035) 0.034 0.035 0.034 0.035 0.034 0.032 0.034 0.034 0.035 0.034 
 174   (0.055) 0.054 0.054 0.054 0.054 0.054 0.051 0.054 0.054 0.055 0.054 
 183   (0.036) 0.035 0.036 0.035 0.035 0.035 0.034 0.036 0.035 0.036 0.035 
 179   (0.038) 0.036 0.036 0.036 0.036 0.037 0.034 0.037 0.036 0.038 0.037 

Locus 17 : 
7 alleles
0.0% missing data
 117   (0.224) 0.225 0.225 0.224 0.224 0.226 0.222 0.225 0.223 0.223 0.227 
 125   (0.182) 0.184 0.181 0.182 0.183 0.184 0.182 0.182 0.181 0.184 0.184 
 123   (0.221) 0.225 0.223 0.223 0.223 0.222 0.230 0.223 0.226 0.222 0.223 
 119   (0.124) 0.122 0.124 0.124 0.124 0.122 0.123 0.125 0.124 0.124 0.122 
 133   (0.145) 0.143 0.145 0.146 0.144 0.145 0.146 0.144 0.144 0.144 0.144 
 121   (0.065) 0.064 0.064 0.064 0.064 0.063 0.060 0.064 0.064 0.065 0.064 
 127   (0.039) 0.037 0.038 0.038 0.037 0.037 0.036 0.038 0.037 0.038 0.037 

Values of parameters used in structure:
DATAFILE=/home/martin/bottleneck/structure_analysis/structure_4/data_job_T10_2,	OUTFILE=/home/martin/bottleneck/structure_analysis/structure_4/structure_results/baltic_ringed_seal/results_job_T10_2,	NUMINDS=21,	NUMLOCI=17,	MISSING=-9,	LABEL=1,	POPDATA=1,	POPFLAG=0,	PHENOTYPE=0,	EXTRACOLS=0,	MAXPOPS=10,	BURNIN=10000,	NUMREPS=100000,	USEPOPINFO=0,	INFERALPHA=1,	INFERLAMBDA=0,	POPSPECIFICLAMBDA=0,	POPALPHAS=0,	COMPUTEPROB=1,	NOADMIX=0,	ADMBURNIN=2500,	UPDATEFREQ=1,	PRINTLIKES=0,	INTERMEDSAVE=0,	PRINTKLD=0,	PRINTNET=0,	PRINTLAMBDA=0,	ANCESTDIST=0,	NUMBOXES=1000,	ANCESTPINT=0.90000,	GENSBACK=2,	MIGRPRIOR=0.05000,	PRINTQHAT=1,	PRINTQSUM=0,	ALPHA=1.0000,	FREQSCORR=1,	FPRIORMEAN=0.0100,	FPRIORSD=0.0500,	ONEFST=0,	LAMBDA=1.0000,	UNIFPRIORALPHA=1,	ALPHAMAX=10.0000,	ALPHAPRIORA=1.0000,	ALPHAPRIORB=2.0000,	ALPHAPROPSD=0.0250,	STARTATPOPINFO=0,	RANDOMIZE=1,	LINKAGE=0,	METROFREQ=10,	REPORTHITRATE=0,	MARKOVPHASE=-1,	PHASED=0,	PLOIDY=2,	PHASEINFO=0	LOCPRIOR=0, 	LOCPRIORINIT=1.000000, 	LOCDATA=0, 	LOCISPOP=0, 	LOCPRIORSTEP=0.100000, 	MAXLOCPRIOR=20.000000, 	SEED=1470672572,	
[STRAT parameters]:    NUMSIMSTATS=1000,	PHENOTYPECOL=-9,	POOLFREQ=10,	LOCUSxONLY=0,	EMERROR=0.00100,	MISSINGPHENO=-9,	