

----------------------------------------------------
STRUCTURE by Pritchard, Stephens and Donnelly (2000)
     and Falush, Stephens and Pritchard (2003)
       Code by Pritchard, Falush and Hubisz
             Version 2.3.4 (Jul 2012)
----------------------------------------------------



Command line arguments:   /usr/local/bin/structure -m parameter_job_T4_1 
Input File:    /home/martin/bottleneck/structure_analysis/structure_4/data_job_T4_1

Run parameters:
   54 individuals
   12 loci
   4 populations assumed
   10000 Burn-in period
   100000 Reps


--------------------------------------------
Proportion of membership of each pre-defined
 population in each of the 4 clusters

Given    Inferred Clusters              Number of
 Pop       1      2      3      4      Individuals

  1:     0.249  0.251  0.249  0.251       54
--------------------------------------------

Allele-freq. divergence among pops (Net nucleotide distance),
computed using point estimates of P.

      1       2       3       4      
 1      -    0.0003  0.0021  0.0003  
 2   0.0003     -    0.0034  0.0000  
 3   0.0021  0.0034     -    0.0034  
 4   0.0003  0.0000  0.0034     -    

Average distances (expected heterozygosity) between individuals in same cluster:
cluster  1  : 0.7864 
cluster  2  : 0.7948 
cluster  3  : 0.7585 
cluster  4  : 0.7948 

--------------------------------------------
Estimated Ln Prob of Data   = -2605.3
Mean value of ln likelihood = -2406.8
Variance of ln likelihood   = 397.2
Mean value of alpha         = 3.1287

Mean value of Fst_1         = 0.0260
Mean value of Fst_2         = 0.0003
Mean value of Fst_3         = 0.0930
Mean value of Fst_4         = 0.0004


Inferred ancestry of individuals:
        Label (%Miss) Pop:  Inferred clusters
  1        1    (0)    1 :  0.247 0.248 0.257 0.249 
  2        2    (0)    1 :  0.240 0.255 0.254 0.251 
  3        3    (0)    1 :  0.244 0.247 0.259 0.249 
  4        4    (0)    1 :  0.236 0.267 0.225 0.272 
  5        5    (0)    1 :  0.247 0.269 0.216 0.268 
  6        6    (0)    1 :  0.251 0.255 0.241 0.253 
  7        7    (0)    1 :  0.245 0.259 0.236 0.261 
  8        8    (0)    1 :  0.240 0.270 0.216 0.274 
  9        9    (0)    1 :  0.265 0.241 0.251 0.243 
 10       10    (0)    1 :  0.256 0.235 0.276 0.233 
 11       11    (0)    1 :  0.247 0.271 0.211 0.271 
 12       12    (0)    1 :  0.258 0.234 0.276 0.232 
 13       13    (0)    1 :  0.252 0.235 0.274 0.239 
 14       14    (0)    1 :  0.253 0.230 0.288 0.229 
 15       15    (0)    1 :  0.244 0.232 0.290 0.233 
 16       16    (0)    1 :  0.271 0.234 0.263 0.232 
 17       17    (0)    1 :  0.254 0.245 0.257 0.244 
 18       18    (0)    1 :  0.239 0.260 0.241 0.260 
 19       19    (0)    1 :  0.273 0.243 0.241 0.243 
 20       20    (8)    1 :  0.246 0.262 0.229 0.263 
 21       21    (0)    1 :  0.239 0.250 0.259 0.252 
 22       22    (0)    1 :  0.244 0.261 0.231 0.264 
 23       23    (0)    1 :  0.270 0.238 0.253 0.238 
 24       24    (0)    1 :  0.256 0.251 0.242 0.252 
 25       25    (0)    1 :  0.240 0.251 0.256 0.254 
 26       26    (0)    1 :  0.254 0.246 0.253 0.246 
 27       27    (0)    1 :  0.244 0.271 0.212 0.274 
 28       28    (0)    1 :  0.249 0.252 0.247 0.252 
 29       29    (0)    1 :  0.250 0.250 0.250 0.250 
 30       30    (0)    1 :  0.246 0.248 0.255 0.251 
 31       31    (0)    1 :  0.259 0.235 0.272 0.234 
 32       32    (0)    1 :  0.250 0.258 0.238 0.253 
 33       33    (0)    1 :  0.238 0.259 0.245 0.259 
 34       34   (25)    1 :  0.253 0.253 0.240 0.254 
 35       35    (0)    1 :  0.243 0.259 0.243 0.256 
 36       36    (0)    1 :  0.248 0.250 0.251 0.250 
 37       37    (0)    1 :  0.247 0.245 0.262 0.246 
 38       38    (0)    1 :  0.242 0.236 0.283 0.239 
 39       39    (0)    1 :  0.279 0.222 0.279 0.220 
 40       40    (0)    1 :  0.237 0.268 0.227 0.267 
 41       41    (0)    1 :  0.277 0.233 0.256 0.233 
 42       42    (0)    1 :  0.251 0.257 0.236 0.256 
 43       43   (16)    1 :  0.242 0.270 0.219 0.269 
 44       44    (0)    1 :  0.239 0.244 0.278 0.239 
 45       45    (0)    1 :  0.240 0.256 0.249 0.256 
 46       46   (16)    1 :  0.240 0.256 0.250 0.253 
 47       47    (0)    1 :  0.276 0.239 0.250 0.235 
 48       48    (0)    1 :  0.242 0.246 0.263 0.248 
 49       49    (0)    1 :  0.239 0.268 0.228 0.264 
 50       50    (0)    1 :  0.244 0.266 0.220 0.270 
 51       51    (0)    1 :  0.245 0.263 0.228 0.264 
 52       52    (0)    1 :  0.241 0.257 0.245 0.257 
 53       53    (0)    1 :  0.243 0.230 0.293 0.233 
 54       54    (0)    1 :  0.257 0.253 0.236 0.253 


Estimated Allele Frequencies in each cluster
First column gives estimated ancestral frequencies


Locus 1 : 
12 alleles
0.0% missing data
 130   (0.077) 0.071 0.077 0.065 0.077 
 144   (0.148) 0.150 0.148 0.129 0.148 
 152   (0.054) 0.050 0.054 0.040 0.054 
 138   (0.059) 0.057 0.059 0.052 0.059 
 136   (0.157) 0.153 0.157 0.146 0.158 
 140   (0.253) 0.286 0.253 0.382 0.253 
 150   (0.071) 0.068 0.071 0.054 0.071 
 146   (0.054) 0.049 0.054 0.039 0.054 
 148   (0.053) 0.050 0.053 0.046 0.053 
 142   (0.036) 0.033 0.036 0.025 0.036 
 132   (0.018) 0.016 0.018 0.011 0.018 
 134   (0.019) 0.016 0.019 0.012 0.019 

Locus 2 : 
9 alleles
0.0% missing data
 173   (0.226) 0.243 0.226 0.275 0.226 
 181   (0.089) 0.085 0.089 0.075 0.089 
 179   (0.141) 0.144 0.141 0.122 0.141 
 171   (0.233) 0.233 0.233 0.260 0.233 
 175   (0.021) 0.018 0.021 0.012 0.021 
 167   (0.062) 0.059 0.062 0.053 0.062 
 183   (0.067) 0.061 0.067 0.050 0.067 
 177   (0.117) 0.118 0.116 0.120 0.116 
 185   (0.044) 0.040 0.044 0.033 0.044 

Locus 3 : 
15 alleles
0.0% missing data
 138   (0.180) 0.183 0.180 0.199 0.180 
 178   (0.072) 0.073 0.072 0.065 0.072 
 140   (0.284) 0.289 0.284 0.346 0.284 
 144   (0.035) 0.032 0.035 0.023 0.035 
 142   (0.162) 0.187 0.162 0.189 0.162 
 162   (0.035) 0.031 0.035 0.025 0.035 
 168   (0.028) 0.026 0.028 0.018 0.028 
 166   (0.026) 0.024 0.026 0.019 0.026 
 134   (0.038) 0.034 0.038 0.025 0.038 
 174   (0.044) 0.040 0.044 0.035 0.044 
 170   (0.020) 0.017 0.020 0.011 0.020 
 154   (0.018) 0.015 0.018 0.010 0.018 
 148   (0.019) 0.017 0.019 0.011 0.019 
 164   (0.019) 0.016 0.019 0.011 0.019 
 176   (0.019) 0.016 0.019 0.011 0.019 

Locus 4 : 
6 alleles
0.0% missing data
 159   (0.232) 0.254 0.232 0.316 0.232 
 161   (0.274) 0.271 0.274 0.237 0.274 
 157   (0.243) 0.239 0.243 0.255 0.243 
 165   (0.032) 0.028 0.032 0.018 0.032 
 155   (0.160) 0.156 0.160 0.132 0.160 
 163   (0.059) 0.053 0.059 0.041 0.059 

Locus 5 : 
17 alleles
0.0% missing data
 168   (0.020) 0.017 0.020 0.012 0.020 
 194   (0.123) 0.121 0.123 0.143 0.123 
 190   (0.034) 0.031 0.034 0.023 0.034 
 180   (0.096) 0.109 0.097 0.109 0.097 
 182   (0.090) 0.094 0.090 0.091 0.090 
 210   (0.044) 0.040 0.044 0.031 0.044 
 198   (0.060) 0.056 0.060 0.050 0.060 
 206   (0.026) 0.023 0.026 0.017 0.026 
 176   (0.044) 0.040 0.044 0.033 0.044 
 178   (0.058) 0.056 0.058 0.052 0.058 
 166   (0.033) 0.031 0.033 0.023 0.033 
 184   (0.058) 0.061 0.058 0.068 0.058 
 164   (0.043) 0.046 0.043 0.037 0.043 
 172   (0.019) 0.016 0.019 0.012 0.019 
 186   (0.179) 0.186 0.179 0.238 0.179 
 202   (0.056) 0.058 0.056 0.050 0.056 
 200   (0.018) 0.015 0.018 0.010 0.018 

Locus 6 : 
14 alleles
0.0% missing data
 191   (0.098) 0.096 0.098 0.079 0.098 
 205   (0.261) 0.285 0.261 0.374 0.261 
 197   (0.120) 0.134 0.120 0.127 0.120 
 207   (0.054) 0.050 0.054 0.043 0.054 
 203   (0.037) 0.033 0.037 0.024 0.037 
 219   (0.017) 0.015 0.017 0.010 0.017 
 193   (0.017) 0.015 0.017 0.010 0.017 
 199   (0.086) 0.084 0.086 0.078 0.086 
 195   (0.042) 0.038 0.042 0.032 0.042 
 183   (0.027) 0.024 0.027 0.018 0.027 
 189   (0.114) 0.112 0.114 0.114 0.114 
 201   (0.070) 0.066 0.070 0.056 0.070 
 211   (0.029) 0.024 0.029 0.018 0.029 
 187   (0.028) 0.025 0.028 0.018 0.028 

Locus 7 : 
8 alleles
5.6% missing data
 187   (0.141) 0.147 0.141 0.130 0.141 
 197   (0.139) 0.148 0.139 0.128 0.140 
 195   (0.199) 0.199 0.199 0.229 0.200 
 191   (0.239) 0.231 0.239 0.267 0.239 
 199   (0.117) 0.118 0.117 0.117 0.117 
 201   (0.021) 0.018 0.021 0.012 0.021 
 193   (0.097) 0.098 0.097 0.077 0.097 
 189   (0.046) 0.042 0.046 0.040 0.046 

Locus 8 : 
9 alleles
0.0% missing data
 150   (0.189) 0.187 0.189 0.217 0.189 
 148   (0.163) 0.157 0.163 0.139 0.163 
 154   (0.196) 0.204 0.196 0.252 0.196 
 152   (0.119) 0.118 0.119 0.105 0.119 
 156   (0.219) 0.237 0.219 0.218 0.219 
 170   (0.019) 0.016 0.019 0.011 0.019 
 138   (0.029) 0.025 0.029 0.017 0.029 
 160   (0.029) 0.025 0.029 0.018 0.029 
 162   (0.038) 0.032 0.038 0.024 0.038 

Locus 9 : 
14 alleles
0.0% missing data
 153   (0.116) 0.115 0.116 0.155 0.116 
 163   (0.222) 0.254 0.223 0.292 0.223 
 145   (0.049) 0.047 0.049 0.041 0.049 
 167   (0.037) 0.033 0.037 0.027 0.037 
 169   (0.043) 0.039 0.043 0.031 0.043 
 175   (0.101) 0.102 0.101 0.085 0.101 
 161   (0.072) 0.068 0.072 0.056 0.072 
 177   (0.070) 0.072 0.070 0.080 0.070 
 171   (0.076) 0.072 0.076 0.067 0.076 
 183   (0.063) 0.057 0.063 0.047 0.063 
 187   (0.077) 0.075 0.077 0.072 0.077 
 165   (0.029) 0.026 0.028 0.018 0.028 
 159   (0.026) 0.023 0.026 0.017 0.026 
 185   (0.019) 0.015 0.019 0.011 0.019 

Locus 10 : 
9 alleles
1.9% missing data
 154   (0.509) 0.519 0.510 0.561 0.510 
 166   (0.058) 0.060 0.058 0.059 0.058 
 158   (0.183) 0.182 0.183 0.182 0.183 
 160   (0.027) 0.023 0.027 0.017 0.027 
 168   (0.041) 0.036 0.041 0.026 0.041 
 162   (0.063) 0.072 0.063 0.072 0.063 
 156   (0.031) 0.027 0.030 0.020 0.030 
 164   (0.057) 0.053 0.057 0.044 0.057 
 170   (0.031) 0.027 0.031 0.020 0.031 

Locus 11 : 
9 alleles
0.0% missing data
 144   (0.161) 0.173 0.161 0.196 0.161 
 148   (0.174) 0.171 0.174 0.184 0.174 
 150   (0.252) 0.242 0.252 0.227 0.252 
 142   (0.158) 0.159 0.158 0.153 0.158 
 160   (0.020) 0.016 0.020 0.011 0.020 
 154   (0.070) 0.080 0.070 0.080 0.070 
 146   (0.102) 0.103 0.102 0.106 0.102 
 152   (0.037) 0.033 0.037 0.026 0.037 
 158   (0.026) 0.023 0.026 0.017 0.026 

Locus 12 : 
3 alleles
7.4% missing data
 215   (0.808) 0.821 0.808 0.844 0.809 
 217   (0.148) 0.140 0.148 0.125 0.148 
 219   (0.043) 0.038 0.043 0.031 0.043 

Values of parameters used in structure:
DATAFILE=/home/martin/bottleneck/structure_analysis/structure_4/data_job_T4_1,	OUTFILE=/home/martin/bottleneck/structure_analysis/structure_4/structure_results/new_zealand_fur_seal/results_job_T4_1,	NUMINDS=54,	NUMLOCI=12,	MISSING=-9,	LABEL=1,	POPDATA=1,	POPFLAG=0,	PHENOTYPE=0,	EXTRACOLS=0,	MAXPOPS=4,	BURNIN=10000,	NUMREPS=100000,	USEPOPINFO=0,	INFERALPHA=1,	INFERLAMBDA=0,	POPSPECIFICLAMBDA=0,	POPALPHAS=0,	COMPUTEPROB=1,	NOADMIX=0,	ADMBURNIN=2500,	UPDATEFREQ=1,	PRINTLIKES=0,	INTERMEDSAVE=0,	PRINTKLD=0,	PRINTNET=0,	PRINTLAMBDA=0,	ANCESTDIST=0,	NUMBOXES=1000,	ANCESTPINT=0.90000,	GENSBACK=2,	MIGRPRIOR=0.05000,	PRINTQHAT=1,	PRINTQSUM=0,	ALPHA=1.0000,	FREQSCORR=1,	FPRIORMEAN=0.0100,	FPRIORSD=0.0500,	ONEFST=0,	LAMBDA=1.0000,	UNIFPRIORALPHA=1,	ALPHAMAX=10.0000,	ALPHAPRIORA=1.0000,	ALPHAPRIORB=2.0000,	ALPHAPROPSD=0.0250,	STARTATPOPINFO=0,	RANDOMIZE=1,	LINKAGE=0,	METROFREQ=10,	REPORTHITRATE=0,	MARKOVPHASE=-1,	PHASED=0,	PLOIDY=2,	PHASEINFO=0	LOCPRIOR=0, 	LOCPRIORINIT=1.000000, 	LOCDATA=0, 	LOCISPOP=0, 	LOCPRIORSTEP=0.100000, 	MAXLOCPRIOR=20.000000, 	SEED=1470674810,	
[STRAT parameters]:    NUMSIMSTATS=1000,	PHENOTYPECOL=-9,	POOLFREQ=10,	LOCUSxONLY=0,	EMERROR=0.00100,	MISSINGPHENO=-9,	