           1  1 0.2750 0.3767 0.3483 
           2  1 0.5174 0.2750 0.2076 
           3  1 0.2823 0.3920 0.3257 
           4  1 0.2631 0.2297 0.5072 
           5  1 0.2478 0.3601 0.3921 
           6  1 0.2752 0.3960 0.3288 
           7  1 0.3970 0.3046 0.2984 
           8  1 0.3151 0.3537 0.3312 
           9  1 0.2755 0.3444 0.3801 
          10  1 0.4389 0.2092 0.3519 
          11  1 0.2891 0.3229 0.3880 
          12  1 0.2913 0.2429 0.4658 
          13  1 0.2447 0.3944 0.3609 
          14  1 0.2409 0.4265 0.3327 
          15  1 0.1683 0.3572 0.4745 
          16  1 0.2935 0.3982 0.3084 
          17  1 0.3089 0.4322 0.2589 
          18  1 0.2886 0.3342 0.3772 
          19  1 0.3934 0.2749 0.3317 
          20  1 0.3535 0.3599 0.2866 
          21  1 0.2746 0.3929 0.3326 
          22  1 0.3697 0.3147 0.3155 
          23  1 0.3025 0.3132 0.3843 
          24  1 0.3833 0.3597 0.2571 
          25  1 0.2993 0.3888 0.3119 
          26  1 0.2529 0.3115 0.4355 
          27  1 0.6182 0.1960 0.1859 
          28  1 0.2785 0.4437 0.2778 
          29  1 0.4099 0.1971 0.3931 
          30  1 0.1624 0.4414 0.3963 
          31  1 0.3706 0.3361 0.2933 
          32  1 0.2370 0.3073 0.4556 
          33  1 0.2466 0.5344 0.2190 
          34  1 0.3165 0.3791 0.3044 
          35  1 0.2222 0.3587 0.4191 
          36  1 0.2170 0.2891 0.4940 
          37  1 0.4390 0.2299 0.3311 
          38  1 0.4501 0.1824 0.3675 
          39  1 0.1934 0.4065 0.4000 
          40  1 0.2990 0.4008 0.3002 
          41  1 0.2605 0.2208 0.5187 
          42  1 0.3864 0.3414 0.2722 
          43  1 0.4349 0.2566 0.3084 
          44  1 0.3012 0.3651 0.3337 
          45  1 0.2377 0.5053 0.2570 
          46  1 0.5068 0.3321 0.1611 
          47  1 0.2091 0.3348 0.4561 
          48  1 0.4013 0.2075 0.3911 
          49  1 0.2648 0.3832 0.3520 
          50  1 0.3386 0.3317 0.3297 
          51  1 0.2332 0.4864 0.2803 
          52  1 0.2697 0.5160 0.2143 
          53  1 0.2197 0.4538 0.3266 
          54  1 0.3510 0.3118 0.3372 
          55  1 0.5083 0.3066 0.1852 
          56  1 0.4416 0.2754 0.2830 
          57  1 0.4296 0.4408 0.1296 
          58  1 0.3934 0.3397 0.2669 
          59  1 0.2056 0.6150 0.1793 
          60  1 0.3084 0.3194 0.3722 
          61  1 0.3445 0.2873 0.3682 
          62  1 0.2263 0.3051 0.4686 
          63  1 0.2824 0.2629 0.4547 
          64  1 0.2850 0.3544 0.3606 
          65  1 0.4536 0.3347 0.2118 
          66  1 0.5449 0.2109 0.2442 
          67  1 0.2179 0.3195 0.4625 
          68  1 0.3154 0.2577 0.4269 
          69  1 0.4691 0.1907 0.3402 
          70  1 0.3216 0.2870 0.3914 
          71  1 0.5176 0.3391 0.1433 
          72  1 0.3379 0.5096 0.1525 
          73  1 0.4347 0.2007 0.3646 
          74  1 0.3104 0.3868 0.3028 
          75  1 0.3773 0.3476 0.2751 
          76  1 0.2849 0.2581 0.4570 
          77  1 0.4506 0.2669 0.2825 
          78  1 0.2350 0.2827 0.4823 
          79  1 0.3237 0.2122 0.4641 
          80  1 0.1565 0.3712 0.4722 
          81  1 0.2670 0.4131 0.3198 
          82  1 0.2426 0.5060 0.2514 
          83  1 0.1994 0.3297 0.4709 
          84  1 0.1871 0.3111 0.5018 
          85  1 0.5187 0.2554 0.2259 
          86  1 0.3136 0.4052 0.2812 
          87  1 0.3673 0.3450 0.2876 
          88  1 0.5114 0.2144 0.2742 
          89  1 0.3489 0.4496 0.2015 
          90  1 0.4434 0.3210 0.2356 
          91  1 0.3079 0.3165 0.3756 
          92  1 0.4016 0.2297 0.3686 
          93  1 0.3268 0.4695 0.2037 
          94  1 0.3460 0.4010 0.2530 
          95  1 0.1851 0.2268 0.5881 
          96  1 0.3271 0.1676 0.5053 
          97  1 0.3196 0.3337 0.3467 
          98  1 0.1798 0.3112 0.5090 
          99  1 0.3117 0.4303 0.2580 
         100  1 0.3387 0.2855 0.3758 
         101  1 0.3756 0.3867 0.2377 
         102  1 0.2400 0.4177 0.3423 
         103  1 0.3620 0.3478 0.2903 
         104  1 0.3228 0.2727 0.4044 
         105  1 0.2760 0.3815 0.3425 
         106  1 0.4766 0.3282 0.1952 
         107  1 0.4012 0.2380 0.3608 
         108  1 0.2856 0.4159 0.2984 
         109  1 0.2350 0.4036 0.3613 
         110  1 0.3988 0.2224 0.3789 
         111  1 0.1731 0.2947 0.5322 
         112  1 0.2792 0.4513 0.2695 
         113  1 0.2760 0.4644 0.2596 
         114  1 0.3722 0.3248 0.3030 
         115  1 0.5027 0.3194 0.1779 
         116  1 0.4522 0.3414 0.2065 
         117  1 0.5189 0.2291 0.2520 
         118  1 0.3910 0.3643 0.2447 
         119  1 0.4302 0.3603 0.2095 
         120  1 0.2845 0.4763 0.2392 
         121  1 0.3506 0.3724 0.2769 
         122  1 0.3196 0.1641 0.5162 
         123  1 0.3295 0.2462 0.4243 
         124  1 0.5757 0.2132 0.2111 
         125  1 0.5265 0.2980 0.1754 
         126  1 0.6717 0.1764 0.1519 
         127  1 0.5643 0.2205 0.2153 
         128  1 0.3574 0.2889 0.3537 
         129  1 0.4000 0.2631 0.3369 
         130  1 0.2061 0.3163 0.4776 
         131  1 0.2452 0.3230 0.4318 
         132  1 0.2648 0.3880 0.3472 
         133  1 0.2975 0.3188 0.3837 
         134  1 0.2203 0.2767 0.5030 
         135  1 0.2644 0.5443 0.1913 
         136  1 0.2100 0.2539 0.5361 
         137  1 0.1471 0.3045 0.5484 
         138  1 0.1854 0.2261 0.5885 
         139  1 0.2548 0.4517 0.2935 
         140  1 0.2558 0.4096 0.3346 
         141  1 0.1953 0.5504 0.2543 
         142  1 0.2676 0.3737 0.3587 
         143  1 0.2691 0.4753 0.2556 
         144  1 0.4694 0.2711 0.2594 
         145  1 0.3345 0.2855 0.3800 
         146  1 0.2330 0.6101 0.1569 
         147  1 0.2063 0.2028 0.5910 
         148  1 0.3209 0.3858 0.2934 
         149  1 0.3480 0.2460 0.4060 
         150  1 0.1839 0.2187 0.5974 
         151  1 0.3120 0.3987 0.2893 
         152  1 0.2969 0.4475 0.2556 
         153  1 0.3920 0.3282 0.2798 
         154  1 0.2474 0.3178 0.4348 
         155  1 0.2719 0.2841 0.4441 
         156  1 0.3771 0.1995 0.4234 
         157  1 0.2850 0.3232 0.3918 
         158  1 0.2012 0.3862 0.4127 
         159  1 0.2832 0.3421 0.3747 
         160  1 0.1535 0.2737 0.5727 
         161  1 0.2433 0.4660 0.2907 
         162  1 0.4182 0.2694 0.3124 
         163  1 0.4017 0.2636 0.3346 
         164  1 0.2277 0.3695 0.4028 
         165  1 0.3902 0.2799 0.3299 
         166  1 0.1815 0.3613 0.4572 
         167  1 0.3978 0.2263 0.3759 
         168  1 0.1612 0.3102 0.5286 
         169  1 0.3817 0.3599 0.2583 
         170  1 0.2130 0.6167 0.1703 
         171  1 0.2112 0.3280 0.4608 
         172  1 0.3476 0.3766 0.2758 
         173  1 0.2750 0.5089 0.2160 
         174  1 0.3958 0.3738 0.2304 
         175  1 0.3195 0.4344 0.2461 
         176  1 0.2174 0.4235 0.3591 
         177  1 0.4344 0.3513 0.2144 
         178  1 0.2734 0.4260 0.3006 
         179  1 0.4081 0.2833 0.3085 
         180  1 0.2248 0.2643 0.5109 
         181  1 0.2598 0.3803 0.3599 
         182  1 0.1865 0.1904 0.6231 
         183  1 0.2715 0.3107 0.4178 
         184  1 0.2964 0.3698 0.3337 
         185  1 0.5104 0.2709 0.2187 
         186  1 0.5178 0.2525 0.2297 
         187  1 0.2748 0.2071 0.5181 
         188  1 0.4512 0.3081 0.2407 
         189  1 0.4401 0.3078 0.2521 
         190  1 0.3726 0.4585 0.1689 
         191  1 0.4088 0.4013 0.1899 
         192  1 0.2481 0.3235 0.4284 
         193  1 0.3420 0.4346 0.2235 
         194  1 0.1503 0.2665 0.5832 
         195  1 0.1912 0.5481 0.2607 
         196  1 0.4625 0.3528 0.1848 
         197  1 0.3394 0.4258 0.2347 
         198  1 0.3428 0.4588 0.1983 
         199  1 0.6295 0.1346 0.2359 
         200  1 0.4896 0.1935 0.3169 
         201  1 0.4835 0.2458 0.2707 
         202  1 0.2207 0.1969 0.5825 
         203  1 0.3976 0.3150 0.2874 
         204  1 0.5623 0.2536 0.1841 
         205  1 0.4735 0.2020 0.3245 
         206  1 0.4932 0.1748 0.3320 
         207  1 0.2879 0.3959 0.3162 
         208  1 0.2114 0.3632 0.4254 
         209  1 0.4992 0.3025 0.1984 
         210  1 0.3407 0.4326 0.2266 
         211  1 0.4541 0.3806 0.1652 
         212  1 0.2039 0.1684 0.6277 
         213  1 0.3044 0.4686 0.2269 
         214  1 0.4791 0.3795 0.1414 
         215  1 0.3345 0.4422 0.2234 
         216  1 0.2128 0.4549 0.3323 
         217  1 0.4054 0.3651 0.2295 
         218  1 0.2436 0.4437 0.3127 
         219  1 0.6746 0.2149 0.1105 
         220  1 0.3376 0.2121 0.4503 
         221  1 0.4717 0.2210 0.3073 
         222  1 0.2206 0.4290 0.3504 
         223  1 0.4832 0.3417 0.1750 
         224  1 0.5763 0.1998 0.2239 
         225  1 0.3701 0.4600 0.1699 
         226  1 0.4398 0.3654 0.1948 
         227  1 0.3596 0.3303 0.3101 
         228  1 0.1998 0.1800 0.6202 
         229  1 0.3535 0.2718 0.3746 
         230  1 0.6230 0.2274 0.1496 
         231  1 0.6318 0.2181 0.1501 
         232  1 0.3707 0.3149 0.3144 
         233  1 0.1748 0.2523 0.5729 
         234  1 0.3229 0.3936 0.2834 
         235  1 0.4382 0.2592 0.3026 
         236  1 0.1851 0.3147 0.5002 
         237  1 0.3399 0.4020 0.2580 
         238  1 0.3660 0.2941 0.3399 
         239  1 0.1648 0.3249 0.5104 
         240  1 0.2497 0.5698 0.1805 
         241  1 0.4072 0.4063 0.1865 
         242  1 0.3770 0.2469 0.3762 
         243  1 0.3546 0.3291 0.3163 
         244  1 0.1751 0.5685 0.2564 
         245  1 0.1751 0.5723 0.2526 
         246  1 0.3483 0.2736 0.3781 
         247  1 0.3534 0.3642 0.2824 
         248  1 0.2518 0.5410 0.2072 
         249  1 0.4267 0.2367 0.3366 
         250  1 0.4196 0.4475 0.1329 
         251  1 0.2801 0.3531 0.3668 
         252  1 0.2404 0.3717 0.3879 
         253  1 0.2166 0.4147 0.3687 
         254  1 0.2742 0.3183 0.4074 
         255  1 0.3402 0.3800 0.2798 
         256  1 0.3506 0.3881 0.2613 
         257  1 0.5316 0.2312 0.2372 
         258  1 0.2082 0.2472 0.5446 
         259  1 0.3365 0.4976 0.1659 
         260  1 0.2605 0.4481 0.2914 
         261  1 0.2858 0.3371 0.3771 
         262  1 0.2855 0.2734 0.4412 
         263  1 0.2007 0.2951 0.5042 
         264  1 0.2021 0.3555 0.4424 
         265  1 0.3954 0.3127 0.2919 
         266  1 0.3732 0.4439 0.1830 
         267  1 0.3748 0.2530 0.3721 
         268  1 0.1957 0.4825 0.3218 
         269  1 0.4442 0.2275 0.3283 
         270  1 0.5557 0.2794 0.1650 
         271  1 0.4310 0.2462 0.3229 
         272  1 0.2678 0.4170 0.3152 
         273  1 0.3998 0.3045 0.2957 
         274  1 0.3027 0.1522 0.5452 
         275  1 0.3243 0.4275 0.2482 
         276  1 0.1768 0.5049 0.3183 
         277  1 0.5280 0.3050 0.1670 
         278  1 0.2789 0.4767 0.2444 
         279  1 0.3932 0.3056 0.3011 
         280  1 0.5197 0.3013 0.1790 
         281  1 0.4579 0.3068 0.2353 
         282  1 0.2472 0.4336 0.3193 
         283  1 0.2069 0.2142 0.5789 
         284  1 0.3294 0.3885 0.2821 
         285  1 0.2949 0.2113 0.4938 
         286  1 0.2234 0.4130 0.3636 
         287  1 0.1900 0.4732 0.3368 
         288  1 0.4952 0.2366 0.2682 
         289  1 0.2103 0.2173 0.5724 
         290  1 0.3271 0.3657 0.3072 
         291  1 0.2946 0.2986 0.4068 
         292  1 0.3194 0.3438 0.3368 
         293  1 0.2790 0.2231 0.4979 
         294  1 0.3876 0.3393 0.2731 
         295  1 0.3112 0.2480 0.4408 
         296  1 0.4219 0.2787 0.2994 
         297  1 0.2255 0.2651 0.5094 
         298  1 0.2107 0.4948 0.2945 
         299  1 0.2679 0.2040 0.5281 
         300  1 0.3445 0.4178 0.2377 
         301  1 0.2946 0.4640 0.2413 
         302  1 0.2600 0.5448 0.1952 
         303  1 0.2955 0.2656 0.4389 
         304  1 0.3750 0.4503 0.1747 
         305  1 0.4178 0.3633 0.2189 
         306  1 0.3529 0.4756 0.1714 
         307  1 0.2923 0.3762 0.3314 
         308  1 0.2128 0.2964 0.4908 
         309  1 0.3230 0.1946 0.4823 
         310  1 0.1905 0.2720 0.5375 
         311  1 0.2197 0.3063 0.4739 
         312  1 0.3943 0.4046 0.2010 
         313  1 0.2754 0.1636 0.5610 
         314  1 0.5008 0.2280 0.2713 
         315  1 0.2401 0.3101 0.4498 
         316  1 0.1433 0.5095 0.3472 
         317  1 0.2417 0.3960 0.3624 
         318  1 0.2309 0.3191 0.4500 
         319  1 0.3610 0.4445 0.1944 
         320  1 0.2765 0.3789 0.3447 
         321  1 0.3494 0.2651 0.3856 
         322  1 0.3899 0.3824 0.2277 
         323  1 0.4816 0.3106 0.2078 
         324  1 0.3592 0.4006 0.2402 
         325  1 0.2252 0.3562 0.4186 
         326  1 0.3925 0.3529 0.2546 
         327  1 0.3910 0.3322 0.2768 
         328  1 0.3842 0.2508 0.3650 
         329  1 0.2888 0.2892 0.4220 
         330  1 0.1857 0.3055 0.5088 
         331  1 0.2114 0.5266 0.2621 
         332  1 0.2363 0.4001 0.3636 
         333  1 0.3297 0.3412 0.3291 
         334  1 0.3502 0.2629 0.3869 
         335  1 0.3464 0.2524 0.4012 
         336  1 0.2953 0.3050 0.3998 
         337  1 0.3070 0.4452 0.2478 
         338  1 0.4180 0.3610 0.2211 
         339  1 0.4143 0.3293 0.2564 
         340  1 0.3886 0.3431 0.2683 
         341  1 0.3092 0.3365 0.3543 
         342  1 0.2447 0.3518 0.4035 
         343  1 0.2726 0.2446 0.4828 
         344  1 0.1504 0.2783 0.5713 
         345  1 0.3903 0.2738 0.3359 
         346  1 0.3464 0.3009 0.3527 
         347  1 0.3067 0.2429 0.4505 
         348  1 0.2089 0.3833 0.4078 
         349  1 0.3120 0.2773 0.4107 
         350  1 0.3247 0.3619 0.3133 
         351  1 0.3909 0.3171 0.2920 
         352  1 0.2489 0.3623 0.3889 
         353  1 0.3732 0.2677 0.3591 
         354  1 0.4097 0.3772 0.2131 
         355  1 0.2232 0.3463 0.4305 
         356  1 0.5199 0.2479 0.2322 
         357  1 0.4096 0.3398 0.2507 
         358  1 0.2724 0.1877 0.5399 
         359  1 0.4512 0.2921 0.2566 
         360  1 0.2906 0.3794 0.3300 
         361  1 0.1594 0.4347 0.4059 
         362  1 0.4338 0.3591 0.2071 
         363  1 0.4142 0.3832 0.2025 
         364  1 0.4322 0.2587 0.3091 
         365  1 0.3997 0.1941 0.4062 
         366  1 0.3260 0.2573 0.4168 
         367  1 0.3542 0.3072 0.3386 
         368  1 0.3481 0.3157 0.3362 
         369  1 0.5693 0.2116 0.2191 
         370  1 0.2541 0.4168 0.3291 
         371  1 0.3217 0.3105 0.3678 
         372  1 0.2525 0.4340 0.3135 
         373  1 0.2890 0.2696 0.4414 
         374  1 0.2854 0.2382 0.4763 
         375  1 0.4669 0.1558 0.3773 
         376  1 0.2779 0.2446 0.4774 
         377  1 0.4306 0.2170 0.3524 
         378  1 0.3702 0.2911 0.3388 
         379  1 0.4489 0.2780 0.2731 
         380  1 0.1707 0.2057 0.6236 
         381  1 0.3466 0.3791 0.2742 
         382  1 0.2634 0.3629 0.3737 
         383  1 0.2797 0.4135 0.3068 
         384  1 0.3160 0.2819 0.4021 
         385  1 0.3919 0.4070 0.2011 
         386  1 0.2677 0.4808 0.2516 
         387  1 0.2710 0.3962 0.3328 
         388  1 0.3354 0.3368 0.3277 
         389  1 0.2517 0.4058 0.3424 
         390  1 0.2933 0.3866 0.3201 
         391  1 0.4827 0.2993 0.2180 
         392  1 0.2650 0.3567 0.3783 
         393  1 0.2705 0.2222 0.5072 
         394  1 0.3502 0.3170 0.3329 
         395  1 0.3069 0.4474 0.2457 
         396  1 0.3119 0.3672 0.3209 
         397  1 0.4275 0.2594 0.3131 
         398  1 0.3464 0.3511 0.3025 
         399  1 0.2453 0.3434 0.4113 
         400  1 0.2948 0.1992 0.5059 
         401  1 0.2335 0.4733 0.2933 
         402  1 0.2911 0.3315 0.3774 
         403  1 0.3909 0.3803 0.2288 
         404  1 0.4119 0.2286 0.3595 
         405  1 0.3804 0.3954 0.2243 
         406  1 0.2101 0.2687 0.5212 
         407  1 0.3433 0.3374 0.3192 
         408  1 0.1882 0.4937 0.3181 
         409  1 0.1481 0.4222 0.4297 
         410  1 0.3750 0.3173 0.3077 
         411  1 0.2388 0.2433 0.5179 
         412  1 0.3694 0.4193 0.2112 
         413  1 0.2007 0.3656 0.4337 
         414  1 0.4761 0.2119 0.3120 
         415  1 0.3338 0.4141 0.2521 
         416  1 0.4468 0.3272 0.2260 
         417  1 0.2467 0.3858 0.3675 
         418  1 0.2374 0.3384 0.4242 
         419  1 0.3547 0.3440 0.3013 
         420  1 0.3501 0.2938 0.3561 
         421  1 0.4078 0.4306 0.1616 
         422  1 0.4130 0.2170 0.3700 
         423  1 0.3836 0.3110 0.3054 
         424  1 0.2962 0.3952 0.3086 
         425  1 0.2819 0.2205 0.4976 
         426  1 0.3892 0.4236 0.1872 
         427  1 0.3161 0.2752 0.4087 
         428  1 0.3910 0.2907 0.3183 
         429  1 0.2742 0.4096 0.3162 
         430  1 0.4495 0.2702 0.2802 
         431  1 0.2009 0.3398 0.4593 
         432  1 0.5831 0.2169 0.2000 
         433  1 0.3854 0.3218 0.2928 
         434  1 0.3750 0.3213 0.3036 
         435  1 0.2452 0.2665 0.4882 
         436  1 0.4015 0.3555 0.2430 
         437  1 0.3656 0.2291 0.4053 
         438  1 0.2331 0.3819 0.3850 
         439  1 0.2317 0.4526 0.3157 
         440  1 0.2671 0.4378 0.2951 
         441  1 0.2163 0.4329 0.3508 
         442  1 0.1988 0.3333 0.4679 
         443  1 0.4158 0.2514 0.3328 
         444  1 0.4766 0.2833 0.2401 
         445  1 0.3160 0.3148 0.3692 
         446  1 0.3706 0.2840 0.3455 
         447  1 0.2955 0.3252 0.3792 
         448  1 0.2795 0.3485 0.3721 
         449  1 0.1868 0.3706 0.4426 
         450  1 0.3302 0.4064 0.2635 
         451  1 0.2322 0.4233 0.3445 
         452  1 0.5299 0.2337 0.2364 
         453  1 0.3821 0.3747 0.2432 
         454  1 0.3673 0.3991 0.2335 
         455  1 0.3627 0.3312 0.3061 
         456  1 0.4981 0.2699 0.2319 
         457  1 0.3973 0.4810 0.1217 
         458  1 0.3082 0.2368 0.4550 
         459  1 0.2500 0.4608 0.2892 
         460  1 0.3456 0.3574 0.2970 
         461  1 0.2775 0.3144 0.4081 
         462  1 0.2023 0.4769 0.3208 
         463  1 0.4069 0.2374 0.3556 
         464  1 0.2938 0.4111 0.2951 
         465  1 0.2619 0.3198 0.4183 
         466  1 0.4097 0.3451 0.2452 
         467  1 0.4734 0.3316 0.1951 
         468  1 0.2751 0.3006 0.4243 
         469  1 0.5476 0.2316 0.2208 
         470  1 0.3981 0.3965 0.2053 
         471  1 0.3781 0.2790 0.3429 
         472  1 0.3209 0.5113 0.1678 
         473  1 0.3945 0.3313 0.2742 
         474  1 0.2582 0.4793 0.2625 
         475  1 0.3828 0.3026 0.3147 
         476  1 0.3853 0.2834 0.3314 
         477  1 0.3549 0.2684 0.3767 
         478  1 0.3001 0.2806 0.4193 
         479  1 0.2989 0.2549 0.4462 
         480  1 0.2827 0.4803 0.2370 
         481  1 0.2486 0.2652 0.4862 
         482  1 0.2109 0.2432 0.5459 
         483  1 0.3922 0.3505 0.2573 
         484  1 0.4110 0.2944 0.2945 
         485  1 0.2176 0.3362 0.4462 
         486  1 0.1799 0.4305 0.3896 
         487  1 0.1992 0.4879 0.3129 
         488  1 0.2678 0.4163 0.3159 
         489  1 0.2442 0.4747 0.2811 
         490  1 0.2185 0.3166 0.4648 
         491  1 0.2059 0.5322 0.2619 
         492  1 0.2748 0.3463 0.3789 
         493  1 0.1946 0.2401 0.5653 
         494  1 0.2545 0.4192 0.3263 
         495  1 0.2449 0.4208 0.3343 
         496  1 0.2646 0.2651 0.4702 
         497  1 0.2011 0.3442 0.4547 
         498  1 0.2953 0.3139 0.3909 
         499  1 0.3627 0.3864 0.2510 
         500  1 0.5092 0.2204 0.2704 
         501  1 0.4076 0.1906 0.4017 
         502  1 0.3524 0.2515 0.3960 
         503  1 0.2439 0.1719 0.5842 
         504  1 0.2376 0.2041 0.5583 
         505  1 0.3147 0.1853 0.5000 
         506  1 0.5268 0.2589 0.2143 
         507  1 0.2406 0.2380 0.5214 
         508  1 0.3217 0.2607 0.4176 
         509  1 0.4498 0.2958 0.2543 
         510  1 0.3220 0.2491 0.4289 
         511  1 0.2760 0.4666 0.2574 
         512  1 0.5027 0.3149 0.1823 
         513  1 0.2849 0.4363 0.2787 
         514  1 0.1731 0.3234 0.5035 
         515  1 0.3002 0.3625 0.3372 
         516  1 0.3930 0.4446 0.1624 
         517  1 0.3665 0.3400 0.2936 
         518  1 0.1963 0.2336 0.5701 
         519  1 0.4448 0.3762 0.1790 
         520  1 0.5758 0.2286 0.1956 
         521  1 0.5706 0.2535 0.1758 
         522  1 0.3176 0.3831 0.2993 
         523  1 0.3004 0.1994 0.5002 
         524  1 0.3270 0.3009 0.3721 
         525  1 0.2097 0.4196 0.3706 
         526  1 0.3265 0.4095 0.2640 
         527  1 0.1803 0.4069 0.4128 
         528  1 0.2109 0.3797 0.4094 
         529  1 0.2662 0.4262 0.3076 
         530  1 0.3760 0.2840 0.3399 
         531  1 0.1794 0.2473 0.5733 
         532  1 0.2340 0.2185 0.5475 
         533  1 0.3719 0.2712 0.3569 
         534  1 0.2940 0.4246 0.2815 
         535  1 0.1777 0.2215 0.6008 
         536  1 0.2158 0.4680 0.3162 
         537  1 0.2090 0.5151 0.2759 
         538  1 0.4052 0.3851 0.2097 
         539  1 0.3899 0.3098 0.3002 
         540  1 0.1587 0.4390 0.4022 
         541  1 0.2523 0.4615 0.2862 
         542  1 0.2537 0.3379 0.4084 
         543  1 0.2907 0.2259 0.4835 
         544  1 0.5400 0.2472 0.2128 
         545  1 0.3286 0.5186 0.1528 
         546  1 0.3255 0.2483 0.4262 
         547  1 0.4213 0.3488 0.2299 
         548  1 0.3138 0.2543 0.4318 
         549  1 0.3775 0.3786 0.2438 
         550  1 0.2948 0.4733 0.2319 
         551  1 0.2299 0.4192 0.3509 
         552  1 0.2280 0.3749 0.3971 
         553  1 0.4612 0.3246 0.2142 
         554  1 0.3667 0.4360 0.1972 
         555  1 0.2058 0.4168 0.3774 
         556  1 0.3454 0.4260 0.2287 
         557  1 0.3128 0.4153 0.2719 
         558  1 0.4008 0.2362 0.3630 
         559  1 0.4543 0.3459 0.1998 
         560  1 0.3751 0.3047 0.3203 
         561  1 0.5152 0.3181 0.1667 
         562  1 0.2420 0.2262 0.5318 
         563  1 0.3461 0.4398 0.2141 
         564  1 0.3360 0.3376 0.3264 
         565  1 0.2588 0.2335 0.5077 
         566  1 0.4156 0.3176 0.2668 
         567  1 0.1913 0.5213 0.2873 
         568  1 0.1302 0.3196 0.5502 
         569  1 0.2034 0.4889 0.3077 
         570  1 0.2232 0.2416 0.5352 
         571  1 0.4421 0.4028 0.1552 
         572  1 0.3264 0.4206 0.2530 
         573  1 0.3438 0.2745 0.3818 
         574  1 0.2186 0.2908 0.4906 
         575  1 0.3212 0.4601 0.2186 
         576  1 0.2629 0.4023 0.3349 
         577  1 0.1964 0.2828 0.5209 
         578  1 0.5260 0.2188 0.2552 
         579  1 0.3017 0.3474 0.3509 
         580  1 0.2798 0.4492 0.2710 
         581  1 0.4031 0.3926 0.2043 
         582  1 0.4717 0.3275 0.2008 
         583  1 0.3830 0.1379 0.4791 
         584  1 0.3912 0.4222 0.1866 
         585  1 0.1788 0.3640 0.4572 
         586  1 0.4722 0.3226 0.2053 
         587  1 0.2001 0.2982 0.5016 
         588  1 0.1740 0.2874 0.5387 
         589  1 0.3285 0.3473 0.3242 
         590  1 0.1661 0.2900 0.5438 
         591  1 0.3718 0.4470 0.1812 
         592  1 0.1578 0.2250 0.6171 
         593  1 0.4007 0.3318 0.2675 
         594  1 0.3215 0.2526 0.4260 
         595  1 0.3012 0.2671 0.4317 
         596  1 0.5648 0.2970 0.1382 
         597  1 0.1474 0.2496 0.6030 
         598  1 0.2739 0.3788 0.3473 
         599  1 0.2767 0.3494 0.3738 
         600  1 0.1997 0.2831 0.5172 
         601  1 0.2427 0.2554 0.5019 
         602  1 0.1608 0.5553 0.2838 
         603  1 0.1845 0.4614 0.3541 
         604  1 0.3800 0.3951 0.2249 
         605  1 0.2623 0.4518 0.2860 
         606  1 0.2397 0.2283 0.5320 
         607  1 0.2909 0.2930 0.4160 
         608  1 0.2963 0.3190 0.3847 
         609  1 0.3339 0.5126 0.1535 
         610  1 0.3723 0.1790 0.4487 
         611  1 0.5224 0.3180 0.1596 
         612  1 0.3917 0.3225 0.2857 
         613  1 0.1835 0.2824 0.5341 
         614  1 0.2182 0.2768 0.5050 
         615  1 0.2266 0.4415 0.3319 
         616  1 0.4356 0.2896 0.2748 
         617  1 0.2393 0.2474 0.5133 
         618  1 0.2698 0.4211 0.3091 
         619  1 0.2419 0.3052 0.4528 
         620  1 0.3353 0.3063 0.3585 
         621  1 0.2612 0.3908 0.3480 
         622  1 0.4296 0.4090 0.1614 
         623  1 0.2831 0.4037 0.3132 
         624  1 0.4160 0.3282 0.2558 
         625  1 0.1889 0.4285 0.3827 
         626  1 0.4453 0.3476 0.2072 
         627  1 0.2412 0.3150 0.4438 
         628  1 0.2394 0.2836 0.4770 
         629  1 0.2434 0.5187 0.2378 
         630  1 0.4372 0.3073 0.2555 
         631  1 0.2753 0.2588 0.4660 
         632  1 0.1840 0.1727 0.6432 
         633  1 0.2108 0.3025 0.4867 
         634  1 0.3388 0.2690 0.3921 
         635  1 0.3183 0.3295 0.3522 
         636  1 0.3005 0.3471 0.3524 
         637  1 0.3340 0.5098 0.1561 
         638  1 0.2262 0.3313 0.4425 
         639  1 0.1687 0.2929 0.5384 
         640  1 0.1967 0.3209 0.4824 
         641  1 0.2353 0.2854 0.4793 
         642  1 0.1829 0.4069 0.4103 
         643  1 0.5064 0.2532 0.2404 
         644  1 0.2868 0.4325 0.2807 
         645  1 0.3111 0.4962 0.1927 
         646  1 0.4692 0.2579 0.2728 
         647  1 0.3812 0.3090 0.3098 
         648  1 0.2437 0.2760 0.4803 
         649  1 0.1834 0.2818 0.5348 
         650  1 0.4183 0.3977 0.1840 
         651  1 0.2872 0.2763 0.4364 
         652  1 0.4338 0.2790 0.2872 
         653  1 0.3350 0.2152 0.4498 
         654  1 0.2991 0.3751 0.3257 
         655  1 0.4228 0.3666 0.2106 
         656  1 0.3163 0.1810 0.5027 
         657  1 0.2043 0.2274 0.5684 
         658  1 0.2016 0.3232 0.4752 
         659  1 0.3828 0.3151 0.3021 
         660  1 0.2136 0.2687 0.5177 
         661  1 0.4122 0.3014 0.2863 
         662  1 0.3078 0.2617 0.4305 
         663  1 0.3748 0.3875 0.2377 
         664  1 0.3640 0.2532 0.3828 
         665  1 0.5153 0.2417 0.2431 
         666  1 0.2300 0.3633 0.4067 
         667  1 0.2793 0.3757 0.3450 
         668  1 0.3198 0.1912 0.4890 
         669  1 0.2941 0.5362 0.1697 
         670  1 0.3999 0.3481 0.2520 
         671  1 0.3003 0.2915 0.4082 
         672  1 0.3585 0.3383 0.3032 
         673  1 0.3642 0.3796 0.2562 
         674  1 0.4646 0.3047 0.2307 
         675  1 0.3321 0.2928 0.3750 
         676  1 0.2984 0.1453 0.5563 
         677  1 0.3227 0.2073 0.4701 
         678  1 0.2121 0.5273 0.2606 
         679  1 0.1523 0.3298 0.5180 
         680  1 0.1936 0.4287 0.3777 
         681  1 0.3623 0.2487 0.3890 
         682  1 0.3934 0.3046 0.3020 
         683  1 0.3696 0.2878 0.3427 
         684  1 0.5661 0.2472 0.1867 
         685  1 0.4042 0.2420 0.3538 
         686  1 0.2954 0.2875 0.4170 
         687  1 0.2763 0.4187 0.3050 
         688  1 0.2704 0.2762 0.4534 
         689  1 0.5156 0.2442 0.2402 
         690  1 0.2617 0.4727 0.2656 
         691  1 0.4602 0.1936 0.3461 
         692  1 0.3415 0.3290 0.3295 
         693  1 0.2145 0.3819 0.4036 
         694  1 0.3955 0.2793 0.3252 
         695  1 0.1944 0.4466 0.3590 
         696  1 0.2447 0.4480 0.3073 
         697  1 0.2175 0.2704 0.5121 
         698  1 0.5154 0.2978 0.1868 
         699  1 0.3306 0.4104 0.2589 
         700  1 0.4989 0.2689 0.2322 
         701  1 0.3273 0.4732 0.1995 
         702  1 0.4434 0.1951 0.3615 
         703  1 0.3337 0.3299 0.3364 
         704  1 0.3679 0.3695 0.2626 
         705  1 0.2639 0.2521 0.4840 
         706  1 0.5453 0.2501 0.2046 
         707  1 0.4633 0.2801 0.2566 
         708  1 0.3322 0.2758 0.3920 
         709  1 0.2256 0.4031 0.3714 
         710  1 0.4639 0.3038 0.2324 
         711  1 0.2953 0.3945 0.3102 
         712  1 0.4216 0.3529 0.2255 
         713  1 0.1926 0.3513 0.4561 
         714  1 0.5015 0.2990 0.1995 
         715  1 0.4175 0.2903 0.2922 
         716  1 0.4393 0.3339 0.2268 
         717  1 0.4216 0.3828 0.1957 
         718  1 0.4180 0.2854 0.2966 
         719  1 0.4504 0.3610 0.1886 
         720  1 0.2853 0.2223 0.4924 
         721  1 0.3672 0.3528 0.2801 
         722  1 0.2619 0.3396 0.3986 
         723  1 0.2836 0.4683 0.2481 
         724  1 0.3100 0.4095 0.2805 
         725  1 0.3255 0.3987 0.2758 
         726  1 0.3469 0.2018 0.4513 
         727  1 0.1563 0.2049 0.6388 
         728  1 0.2671 0.4073 0.3256 
         729  1 0.3144 0.3165 0.3692 
         730  1 0.2786 0.2026 0.5188 
         731  1 0.3874 0.3234 0.2892 
         732  1 0.2268 0.3506 0.4226 
         733  1 0.3734 0.3399 0.2867 
         734  1 0.2803 0.2740 0.4457 
         735  1 0.2847 0.3743 0.3410 
         736  1 0.1825 0.4127 0.4048 
         737  1 0.2728 0.3655 0.3617 
         738  1 0.5041 0.2437 0.2521 
         739  1 0.4303 0.2486 0.3211 
         740  1 0.2190 0.2026 0.5783 
         741  1 0.4160 0.4045 0.1796 
         742  1 0.3631 0.2816 0.3553 
         743  1 0.4024 0.3412 0.2564 
         744  1 0.1783 0.5273 0.2944 
         745  1 0.3874 0.2645 0.3482 
         746  1 0.3464 0.2033 0.4503 
         747  1 0.5658 0.2479 0.1863 
         748  1 0.3591 0.3245 0.3164 
         749  1 0.4514 0.3418 0.2069 
         750  1 0.1960 0.2012 0.6028 
         751  1 0.2913 0.4135 0.2952 
         752  1 0.2392 0.3554 0.4055 
         753  1 0.2630 0.4663 0.2707 
         754  1 0.3134 0.2975 0.3891 
         755  1 0.5420 0.2081 0.2498 
         756  1 0.3668 0.2397 0.3935 
         757  1 0.1959 0.2650 0.5391 
         758  1 0.3492 0.3410 0.3098 
         759  1 0.2082 0.5445 0.2473 
         760  1 0.4573 0.3470 0.1957 
         761  1 0.4709 0.3317 0.1974 
         762  1 0.3910 0.3016 0.3074 
         763  1 0.2628 0.3383 0.3989 
         764  1 0.1939 0.4480 0.3581 
         765  1 0.4833 0.1947 0.3220 
         766  1 0.3572 0.2264 0.4164 
         767  1 0.2970 0.4912 0.2118 
         768  1 0.2454 0.3080 0.4466 
         769  1 0.2635 0.3241 0.4124 
         770  1 0.4654 0.3073 0.2273 
         771  1 0.3041 0.4159 0.2800 
         772  1 0.3915 0.3181 0.2904 
         773  1 0.3318 0.4009 0.2672 
         774  1 0.4424 0.1795 0.3782 
         775  1 0.3556 0.4264 0.2180 
         776  1 0.2470 0.3936 0.3594 
         777  1 0.2335 0.3024 0.4641 
         778  1 0.3209 0.5018 0.1773 
         779  1 0.4176 0.2947 0.2878 
         780  1 0.2550 0.4126 0.3324 
         781  1 0.1755 0.4830 0.3415 
         782  1 0.3418 0.2832 0.3751 
         783  1 0.2160 0.4359 0.3481 
         784  1 0.4354 0.2803 0.2843 
         785  1 0.3016 0.2602 0.4382 
         786  1 0.4164 0.2535 0.3300 
         787  1 0.4224 0.4038 0.1738 
         788  1 0.3478 0.1955 0.4567 
         789  1 0.6420 0.2109 0.1471 
         790  1 0.2436 0.3254 0.4310 
         791  1 0.5028 0.1885 0.3088 
         792  1 0.3832 0.2048 0.4120 
         793  1 0.2034 0.5657 0.2309 
         794  1 0.3027 0.3113 0.3860 
         795  1 0.2516 0.2731 0.4753 
         796  1 0.3610 0.4510 0.1880 
         797  1 0.3689 0.3384 0.2927 
         798  1 0.3996 0.3880 0.2124 
         799  1 0.4444 0.2649 0.2907 
         800  1 0.4215 0.2391 0.3394 
         801  1 0.2503 0.5918 0.1580 
         802  1 0.4334 0.2823 0.2843 
         803  1 0.5053 0.2323 0.2625 
         804  1 0.2217 0.2915 0.4867 
         805  1 0.5319 0.2317 0.2364 
         806  1 0.3549 0.4182 0.2269 
         807  1 0.1910 0.3200 0.4890 
         808  1 0.2407 0.4311 0.3282 
         809  1 0.2151 0.1911 0.5938 
         810  1 0.4180 0.3582 0.2238 
         811  1 0.3128 0.4072 0.2800 
         812  1 0.2293 0.2222 0.5484 
         813  1 0.3333 0.3210 0.3457 
         814  1 0.2275 0.3360 0.4366 
         815  1 0.2627 0.3155 0.4218 
         816  1 0.2204 0.2588 0.5208 
         817  1 0.2085 0.4495 0.3421 
         818  1 0.2843 0.2953 0.4203 
         819  1 0.3820 0.4319 0.1861 
         820  1 0.4056 0.2274 0.3671 
         821  1 0.2086 0.4615 0.3300 
         822  1 0.1720 0.2509 0.5771 
         823  1 0.2290 0.2629 0.5081 
         824  1 0.2020 0.2988 0.4992 
         825  1 0.2899 0.2488 0.4612 
         826  1 0.2881 0.4505 0.2614 
         827  1 0.3838 0.1955 0.4207 
         828  1 0.1859 0.2294 0.5847 
         829  1 0.4628 0.2683 0.2689 
         830  1 0.1598 0.3125 0.5278 
         831  1 0.3313 0.2474 0.4212 
         832  1 0.3510 0.4602 0.1888 
         833  1 0.2915 0.2004 0.5081 
         834  1 0.1774 0.2759 0.5467 
         835  1 0.4623 0.3726 0.1651 
         836  1 0.3204 0.3046 0.3750 
         837  1 0.2650 0.3452 0.3899 
         838  1 0.2332 0.2270 0.5397 
         839  1 0.2661 0.3424 0.3915 
         840  1 0.3847 0.3726 0.2426 
         841  1 0.4731 0.2444 0.2825 
         842  1 0.2895 0.2755 0.4350 
         843  1 0.3508 0.3118 0.3374 
         844  1 0.2474 0.2951 0.4575 
         845  1 0.3236 0.3579 0.3186 
         846  1 0.4939 0.3496 0.1565 
         847  1 0.2473 0.5462 0.2065 
         848  1 0.2246 0.6067 0.1687 
         849  1 0.2478 0.4039 0.3483 
         850  1 0.2794 0.3412 0.3794 
         851  1 0.2428 0.4193 0.3379 
         852  1 0.3728 0.3064 0.3208 
         853  1 0.5160 0.2421 0.2418 
         854  1 0.1752 0.6517 0.1731 
         855  1 0.3662 0.3476 0.2863 
         856  1 0.2003 0.3904 0.4093 
         857  1 0.3659 0.2570 0.3771 
         858  1 0.4267 0.1683 0.4049 
         859  1 0.3819 0.1948 0.4233 
         860  1 0.4168 0.3119 0.2714 
         861  1 0.3405 0.4387 0.2208 
         862  1 0.3776 0.2740 0.3485 
         863  1 0.3336 0.4460 0.2204 
         864  1 0.3145 0.4994 0.1861 
         865  1 0.2184 0.3811 0.4005 
         866  1 0.4277 0.2829 0.2893 
         867  1 0.2901 0.3915 0.3184 
         868  1 0.2131 0.3819 0.4050 
         869  1 0.3638 0.4587 0.1775 
         870  1 0.1816 0.3946 0.4238 
         871  1 0.3458 0.3984 0.2558 
         872  1 0.3892 0.1522 0.4586 
         873  1 0.4446 0.3240 0.2314 
         874  1 0.2836 0.2358 0.4807 
         875  1 0.3099 0.3837 0.3065 
         876  1 0.1837 0.2605 0.5558 
         877  1 0.2166 0.4700 0.3134 
         878  1 0.3539 0.4345 0.2116 
         879  1 0.2808 0.5216 0.1976 
         880  1 0.4524 0.3370 0.2106 
         881  1 0.2892 0.4140 0.2967 
         882  1 0.4267 0.2700 0.3033 
         883  1 0.2915 0.4189 0.2896 
         884  1 0.1882 0.1803 0.6315 
         885  1 0.2450 0.3304 0.4246 
         886  1 0.4170 0.3359 0.2471 
         887  1 0.5165 0.2050 0.2785 
         888  1 0.1838 0.3846 0.4316 
         889  1 0.3988 0.3923 0.2089 
         890  1 0.3807 0.2980 0.3212 
         891  1 0.4195 0.3044 0.2761 
         892  1 0.2217 0.3861 0.3922 
         893  1 0.2804 0.2493 0.4702 
         894  1 0.2795 0.3835 0.3371 
         895  1 0.2725 0.3629 0.3647 
         896  1 0.2512 0.3002 0.4486 
         897  1 0.4042 0.4130 0.1828 
         898  1 0.5480 0.2875 0.1645 
         899  1 0.3641 0.3613 0.2747 
         900  1 0.1814 0.4484 0.3702 
         901  1 0.2808 0.4042 0.3151 
         902  1 0.3021 0.4032 0.2948 
         903  1 0.3232 0.4306 0.2462 
         904  1 0.2617 0.2651 0.4732 
         905  1 0.3545 0.2462 0.3992 
         906  1 0.3266 0.3631 0.3103 
         907  1 0.3407 0.4134 0.2459 
         908  1 0.3602 0.3017 0.3381 
         909  1 0.3087 0.3782 0.3132 
         910  1 0.3953 0.3788 0.2258 
         911  1 0.3321 0.1877 0.4801 
         912  1 0.1408 0.1848 0.6745 
         913  1 0.3019 0.3251 0.3730 
         914  1 0.3757 0.2259 0.3984 
         915  1 0.4095 0.3960 0.1945 
         916  1 0.3257 0.3679 0.3063 
         917  1 0.3393 0.2929 0.3678 
         918  1 0.2824 0.3155 0.4021 
         919  1 0.2279 0.3300 0.4421 
         920  1 0.3868 0.4209 0.1923 
         921  1 0.4965 0.2259 0.2776 
         922  1 0.4048 0.2930 0.3023 
         923  1 0.1653 0.2220 0.6127 
         924  1 0.4233 0.2170 0.3597 
         925  1 0.2607 0.3742 0.3652 
         926  1 0.2626 0.4106 0.3268 
         927  1 0.2501 0.2429 0.5070 
         928  1 0.4146 0.2779 0.3075 
         929  1 0.3235 0.3625 0.3140 
         930  1 0.5044 0.2281 0.2675 
         931  1 0.2871 0.2669 0.4460 
         932  1 0.2180 0.3242 0.4577 
         933  1 0.3253 0.4373 0.2374 
         934  1 0.4552 0.2483 0.2966 
         935  1 0.3153 0.5373 0.1475 
         936  1 0.5942 0.2042 0.2015 
         937  1 0.3922 0.2895 0.3184 
         938  1 0.4370 0.2380 0.3249 
         939  1 0.2601 0.3207 0.4192 
         940  1 0.1792 0.3208 0.4999 
         941  1 0.4304 0.4129 0.1567 
         942  1 0.2293 0.4129 0.3578 
         943  1 0.3563 0.3192 0.3246 
         944  1 0.2417 0.4874 0.2709 
         945  1 0.3804 0.2817 0.3379 
         946  1 0.3081 0.3850 0.3068 
         947  1 0.3635 0.3190 0.3175 
         948  1 0.4259 0.3691 0.2050 
         949  1 0.2541 0.3075 0.4385 
         950  1 0.4559 0.3099 0.2342 
         951  1 0.4813 0.1918 0.3269 
         952  1 0.2523 0.5356 0.2121 
         953  1 0.5210 0.2425 0.2365 
         954  1 0.2190 0.3454 0.4356 
         955  1 0.3187 0.3998 0.2815 
         956  1 0.2712 0.2507 0.4781 
         957  1 0.2083 0.2308 0.5610 
         958  1 0.4592 0.2699 0.2709 
         959  1 0.2027 0.3359 0.4614 
         960  1 0.3118 0.3522 0.3360 
         961  1 0.3139 0.4060 0.2801 
         962  1 0.2042 0.4127 0.3831 
         963  1 0.2801 0.3463 0.3736 
         964  1 0.4031 0.3296 0.2674 
         965  1 0.3006 0.2812 0.4182 
         966  1 0.4379 0.2845 0.2777 
         967  1 0.3484 0.3011 0.3505 
         968  1 0.3198 0.2652 0.4150 
         969  1 0.5212 0.2510 0.2278 
         970  1 0.2846 0.2678 0.4476 
         971  1 0.3647 0.3285 0.3068 
         972  1 0.2116 0.3917 0.3967 
         973  1 0.2973 0.3013 0.4014 
         974  1 0.4989 0.2984 0.2027 
         975  1 0.3890 0.4463 0.1647 
         976  1 0.4064 0.2368 0.3568 
         977  1 0.2912 0.2727 0.4361 
         978  1 0.4323 0.3138 0.2539 
         979  1 0.1655 0.4805 0.3541 
         980  1 0.2356 0.4355 0.3290 
         981  1 0.4141 0.3628 0.2231 
         982  1 0.2531 0.4946 0.2523 
         983  1 0.1922 0.2995 0.5083 
         984  1 0.4085 0.3174 0.2741 
         985  1 0.2916 0.3520 0.3565 
         986  1 0.4114 0.3752 0.2134 
         987  1 0.4988 0.2818 0.2195 
         988  1 0.4648 0.3692 0.1661 
         989  1 0.4501 0.2420 0.3080 
         990  1 0.6160 0.1941 0.1899 
         991  1 0.6847 0.1583 0.1570 
         992  1 0.2434 0.5042 0.2524 
         993  1 0.4255 0.3505 0.2240 
         994  1 0.2318 0.3768 0.3914 
         995  1 0.3453 0.2383 0.4164 
         996  1 0.4308 0.2786 0.2906 
         997  1 0.5744 0.2624 0.1631 
         998  1 0.3798 0.3339 0.2863 
         999  1 0.5512 0.2041 0.2446 
        1000  1 0.3240 0.4500 0.2260 
        1001  1 0.3923 0.3761 0.2316 
        1002  1 0.3071 0.2318 0.4611 
        1003  1 0.5310 0.2636 0.2054 
        1004  1 0.3827 0.3089 0.3085 
        1005  1 0.3266 0.3890 0.2843 
        1006  1 0.2357 0.2819 0.4824 
        1007  1 0.6177 0.1885 0.1938 
        1008  1 0.3570 0.4729 0.1701 
        1009  1 0.4184 0.3594 0.2222 
        1010  1 0.2767 0.5415 0.1818 
        1011  1 0.2823 0.4035 0.3142 
        1012  1 0.2804 0.2871 0.4324 
        1013  1 0.4191 0.4387 0.1423 
        1014  1 0.2544 0.3142 0.4314 
        1015  1 0.3468 0.4354 0.2178 
        1016  1 0.4327 0.2935 0.2738 
        1017  1 0.2295 0.2578 0.5128 
        1018  1 0.3464 0.3884 0.2653 
        1019  1 0.3607 0.2220 0.4174 
        1020  1 0.4582 0.2603 0.2815 
        1021  1 0.2333 0.4106 0.3560 
        1022  1 0.3649 0.2467 0.3884 
        1023  1 0.4244 0.1994 0.3761 
        1024  1 0.3906 0.3216 0.2877 
        1025  1 0.2877 0.4392 0.2731 
        1026  1 0.3124 0.3703 0.3173 
        1027  1 0.3774 0.2518 0.3708 
        1028  1 0.2805 0.5620 0.1575 
        1029  1 0.4300 0.3149 0.2551 
        1030  1 0.3090 0.1861 0.5049 
        1031  1 0.2970 0.4430 0.2599 
        1032  1 0.1661 0.3932 0.4407 
        1033  1 0.2761 0.3367 0.3872 
        1034  1 0.2477 0.3683 0.3841 
        1035  1 0.2174 0.4780 0.3046 
        1036  1 0.1748 0.3338 0.4914 
        1037  1 0.4666 0.3576 0.1758 
        1038  1 0.4396 0.3183 0.2421 
        1039  1 0.3503 0.4016 0.2481 
        1040  1 0.2358 0.3214 0.4428 
        1041  1 0.2568 0.2154 0.5278 
        1042  1 0.2351 0.2749 0.4900 
        1043  1 0.3166 0.2603 0.4231 
        1044  1 0.4404 0.3426 0.2170 
        1045  1 0.4922 0.1600 0.3479 
        1046  1 0.3493 0.2735 0.3772 
        1047  1 0.3313 0.3447 0.3240 
        1048  1 0.3420 0.2714 0.3866 
        1049  1 0.2386 0.2528 0.5086 
        1050  1 0.2342 0.5404 0.2254 
        1051  1 0.4324 0.3517 0.2159 
        1052  1 0.4343 0.2890 0.2767 
        1053  1 0.4793 0.3810 0.1397 
        1054  1 0.2192 0.1793 0.6015 
        1055  1 0.3454 0.3170 0.3376 
        1056  1 0.3162 0.4559 0.2279 
        1057  1 0.2214 0.2338 0.5448 
        1058  1 0.3007 0.3977 0.3016 
        1059  1 0.2612 0.5585 0.1803 
        1060  1 0.2620 0.4943 0.2437 
        1061  1 0.2075 0.2417 0.5508 
        1062  1 0.3485 0.1852 0.4663 
        1063  1 0.5701 0.2404 0.1895 
        1064  1 0.3043 0.4063 0.2894 
        1065  1 0.2218 0.2814 0.4968 
        1066  1 0.4005 0.3871 0.2124 
        1067  1 0.5161 0.2534 0.2305 
        1068  1 0.2747 0.2845 0.4408 
        1069  1 0.4632 0.3198 0.2170 
        1070  1 0.3106 0.4665 0.2230 
        1071  1 0.5054 0.3210 0.1736 
        1072  1 0.4886 0.2468 0.2646 
        1073  1 0.1577 0.1847 0.6576 
        1074  1 0.2979 0.4376 0.2646 
        1075  1 0.2665 0.2384 0.4951 
        1076  1 0.4640 0.3353 0.2008 
        1077  1 0.3595 0.2396 0.4009 
        1078  1 0.3859 0.3958 0.2183 
        1079  1 0.3118 0.2405 0.4478 
        1080  1 0.2231 0.2938 0.4830 
        1081  1 0.3394 0.2017 0.4589 
        1082  1 0.3112 0.4046 0.2842 
        1083  1 0.1983 0.2827 0.5190 
        1084  1 0.3251 0.2268 0.4481 
        1085  1 0.4658 0.2843 0.2499 
        1086  1 0.3259 0.2332 0.4409 
        1087  1 0.2973 0.2689 0.4338 
        1088  1 0.4412 0.2562 0.3026 
        1089  1 0.2985 0.3486 0.3529 
        1090  1 0.4407 0.2708 0.2885 
        1091  1 0.2299 0.2481 0.5219 
        1092  1 0.2594 0.4373 0.3033 
        1093  1 0.2311 0.2802 0.4888 
        1094  1 0.2471 0.3685 0.3843 
        1095  1 0.2272 0.1735 0.5993 
        1096  1 0.2616 0.2497 0.4888 
        1097  1 0.3575 0.3248 0.3177 
        1098  1 0.2960 0.4030 0.3010 
        1099  1 0.2388 0.5559 0.2053 
        1100  1 0.2087 0.3968 0.3945 
        1101  1 0.3204 0.2306 0.4490 
        1102  1 0.4896 0.3192 0.1912 
        1103  1 0.2331 0.3978 0.3691 
        1104  1 0.4890 0.3614 0.1497 
        1105  1 0.5654 0.2053 0.2293 
        1106  1 0.2763 0.4035 0.3202 
        1107  1 0.3409 0.2555 0.4036 
        1108  1 0.3262 0.4941 0.1796 
        1109  1 0.3025 0.3868 0.3107 
        1110  1 0.3323 0.2774 0.3903 
        1111  1 0.2870 0.4325 0.2805 
        1112  1 0.2191 0.2707 0.5102 
        1113  1 0.1389 0.3738 0.4873 
        1114  1 0.2435 0.4579 0.2985 
        1115  1 0.2117 0.5998 0.1885 
        1116  1 0.2167 0.3260 0.4573 
        1117  1 0.2498 0.5904 0.1598 
        1118  1 0.2512 0.5072 0.2416 
        1119  1 0.2467 0.2797 0.4736 
        1120  1 0.4346 0.4028 0.1626 
        1121  1 0.4231 0.4132 0.1637 
        1122  1 0.4647 0.3651 0.1702 
        1123  1 0.3265 0.4136 0.2600 
        1124  1 0.4212 0.3746 0.2042 
        1125  1 0.1463 0.2146 0.6391 
        1126  1 0.4396 0.3076 0.2528 
        1127  1 0.5762 0.1824 0.2414 
        1128  1 0.3697 0.2851 0.3452 
        1129  1 0.3431 0.3265 0.3304 
        1130  1 0.1567 0.2844 0.5590 
        1131  1 0.2313 0.2063 0.5624 
        1132  1 0.2402 0.4047 0.3551 
        1133  1 0.2939 0.4990 0.2071 
        1134  1 0.5053 0.2288 0.2659 
        1135  1 0.3130 0.3125 0.3746 
        1136  1 0.4730 0.2349 0.2921 
        1137  1 0.1885 0.2446 0.5669 
        1138  1 0.2047 0.3307 0.4646 
        1139  1 0.2485 0.4057 0.3457 
        1140  1 0.1600 0.3414 0.4986 
        1141  1 0.4306 0.2452 0.3242 
        1142  1 0.4060 0.3564 0.2376 
        1143  1 0.3912 0.2547 0.3541 
        1144  1 0.2531 0.2786 0.4683 
        1145  1 0.3978 0.3135 0.2888 
        1146  1 0.2027 0.3334 0.4639 
        1147  1 0.2611 0.3630 0.3759 
        1148  1 0.2026 0.3485 0.4490 
        1149  1 0.2975 0.2627 0.4398 
        1150  1 0.3183 0.3451 0.3366 
        1151  1 0.5052 0.2576 0.2372 
        1152  1 0.4233 0.2098 0.3669 
        1153  1 0.3942 0.3959 0.2100 
        1154  1 0.5355 0.1906 0.2739 
        1155  1 0.4083 0.2429 0.3488 
        1156  1 0.2086 0.3430 0.4484 
        1157  1 0.3554 0.3314 0.3132 
        1158  1 0.2300 0.2286 0.5414 
        1159  1 0.3352 0.3504 0.3144 
        1160  1 0.2159 0.2549 0.5291 
        1161  1 0.2692 0.4651 0.2657 
        1162  1 0.3882 0.4139 0.1979 
        1163  1 0.3365 0.3295 0.3340 
        1164  1 0.4781 0.3018 0.2201 
        1165  1 0.2272 0.4018 0.3709 
        1166  1 0.4161 0.3987 0.1852 
        1167  1 0.2188 0.3515 0.4297 
        1168  1 0.3078 0.3806 0.3116 
        1169  1 0.4991 0.1871 0.3138 
        1170  1 0.3860 0.1902 0.4237 
        1171  1 0.2878 0.2362 0.4760 
        1172  1 0.4330 0.2343 0.3327 
        1173  1 0.2693 0.2392 0.4916 
        1174  1 0.4373 0.4209 0.1418 
        1175  1 0.3236 0.2400 0.4363 
        1176  1 0.2883 0.4158 0.2958 
        1177  1 0.1800 0.4194 0.4006 
        1178  1 0.3360 0.5317 0.1323 
        1179  1 0.2580 0.3728 0.3692 
        1180  1 0.4487 0.3064 0.2449 
        1181  1 0.3577 0.3135 0.3288 
        1182  1 0.2733 0.4036 0.3231 
        1183  1 0.4325 0.2408 0.3266 
        1184  1 0.1872 0.2473 0.5655 
        1185  1 0.2877 0.4482 0.2641 
        1186  1 0.5425 0.2802 0.1773 
        1187  1 0.2661 0.2238 0.5100 
        1188  1 0.2961 0.2065 0.4974 
        1189  1 0.4869 0.2372 0.2759 
        1190  1 0.1837 0.4566 0.3597 
        1191  1 0.2915 0.5091 0.1995 
        1192  1 0.2547 0.1744 0.5710 
        1193  1 0.3569 0.4695 0.1736 
        1194  1 0.3534 0.4518 0.1948 
        1195  1 0.4143 0.1934 0.3923 
        1196  1 0.4399 0.3849 0.1752 
        1197  1 0.2265 0.3905 0.3831 
        1198  1 0.4227 0.2825 0.2948 
        1199  1 0.3629 0.3379 0.2993 
        1200  1 0.2785 0.2631 0.4584 
        1201  1 0.2376 0.2403 0.5221 
        1202  1 0.1787 0.4801 0.3413 
        1203  1 0.3188 0.3611 0.3201 
        1204  1 0.3174 0.2901 0.3925 
        1205  1 0.2389 0.4920 0.2690 
        1206  1 0.3180 0.3278 0.3542 
        1207  1 0.3734 0.4542 0.1724 
        1208  1 0.3397 0.5008 0.1595 
        1209  1 0.4982 0.2747 0.2271 
        1210  1 0.3806 0.4166 0.2028 
        1211  1 0.6066 0.2171 0.1763 
        1212  1 0.3149 0.3248 0.3603 
        1213  1 0.5862 0.1413 0.2725 
        1214  1 0.4738 0.2618 0.2644 
        1215  1 0.5073 0.2616 0.2310 
        1216  1 0.2819 0.2293 0.4887 
        1217  1 0.3920 0.2064 0.4016 
        1218  1 0.3590 0.3280 0.3130 
        1219  1 0.5127 0.3264 0.1609 
        1220  1 0.3442 0.3049 0.3509 
        1221  1 0.3957 0.4559 0.1485 
        1222  1 0.4760 0.2597 0.2644 
        1223  1 0.5367 0.2476 0.2157 
        1224  1 0.4797 0.3178 0.2025 
        1225  1 0.3369 0.2695 0.3937 
        1226  1 0.4790 0.2955 0.2255 
        1227  1 0.4796 0.2419 0.2785 
        1228  1 0.4480 0.2078 0.3442 
        1229  1 0.2965 0.3312 0.3723 
        1230  1 0.4955 0.3364 0.1681 
        1231  1 0.4256 0.3493 0.2251 
        1232  1 0.3683 0.3680 0.2638 
        1233  1 0.6204 0.1779 0.2017 
        1234  1 0.3172 0.4019 0.2809 
        1235  1 0.4145 0.2767 0.3088 
        1236  1 0.3305 0.3640 0.3054 
        1237  1 0.5974 0.2194 0.1832 
        1238  1 0.6028 0.1920 0.2052 
        1239  1 0.3798 0.2563 0.3638 
        1240  1 0.5104 0.2777 0.2119 
        1241  1 0.4330 0.3501 0.2169 
        1242  1 0.3319 0.3579 0.3103 
        1243  1 0.2946 0.3162 0.3892 
        1244  1 0.2769 0.3773 0.3458 
        1245  1 0.3323 0.3047 0.3629 
        1246  1 0.2724 0.3799 0.3477 
        1247  1 0.3388 0.4278 0.2334 
        1248  1 0.2495 0.2748 0.4758 
        1249  1 0.2060 0.3099 0.4841 
        1250  1 0.2793 0.5188 0.2020 
        1251  1 0.3048 0.3781 0.3171 
        1252  1 0.2367 0.3344 0.4290 
        1253  1 0.3364 0.4223 0.2413 
        1254  1 0.2538 0.3936 0.3525 
        1255  1 0.3997 0.3976 0.2027 
        1256  1 0.2411 0.3596 0.3993 
        1257  1 0.1329 0.4269 0.4403 
        1258  1 0.2406 0.4500 0.3094 
        1259  1 0.2749 0.3584 0.3667 
        1260  1 0.2333 0.3299 0.4368 
        1261  1 0.3431 0.4191 0.2378 
        1262  1 0.2254 0.3479 0.4267 
        1263  1 0.1974 0.3665 0.4361 
        1264  1 0.1928 0.2463 0.5610 
        1265  1 0.2560 0.3045 0.4395 
        1266  1 0.2720 0.3851 0.3429 
        1267  1 0.3220 0.4241 0.2539 
        1268  1 0.4465 0.3085 0.2451 
        1269  1 0.2287 0.3102 0.4611 
        1270  1 0.2405 0.4988 0.2607 
        1271  1 0.2803 0.3086 0.4111 
        1272  1 0.4212 0.2904 0.2883 
        1273  1 0.3548 0.3639 0.2813 
        1274  1 0.2194 0.2862 0.4945 
        1275  1 0.2322 0.4920 0.2758 
        1276  1 0.3203 0.3679 0.3119 
        1277  1 0.1997 0.4805 0.3197 
        1278  1 0.3269 0.4831 0.1900 
        1279  1 0.2118 0.4143 0.3739 
        1280  1 0.1696 0.5828 0.2477 
        1281  1 0.1917 0.5371 0.2711 
        1282  1 0.1837 0.3424 0.4739 
        1283  1 0.2010 0.2040 0.5950 
        1284  1 0.2521 0.3459 0.4020 
        1285  1 0.1948 0.4305 0.3747 
        1286  1 0.2888 0.4370 0.2743 
        1287  1 0.3290 0.3794 0.2916 
        1288  1 0.1730 0.3951 0.4319 
        1289  1 0.3437 0.4069 0.2494 
        1290  1 0.2863 0.4121 0.3016 
        1291  1 0.2410 0.4016 0.3574 
        1292  1 0.3533 0.4131 0.2336 
        1293  1 0.2815 0.3842 0.3343 
        1294  1 0.2117 0.3562 0.4321 
        1295  1 0.4626 0.2536 0.2838 
        1296  1 0.3548 0.3703 0.2749 
        1297  1 0.2043 0.2807 0.5150 
        1298  1 0.3824 0.4024 0.2152 
        1299  1 0.5351 0.1667 0.2982 
        1300  1 0.3348 0.3499 0.3152 
        1301  1 0.3097 0.1755 0.5147 
        1302  1 0.4239 0.3770 0.1991 
        1303  1 0.1858 0.2300 0.5842 
        1304  1 0.2246 0.3146 0.4608 
        1305  1 0.2806 0.4783 0.2411 
        1306  1 0.2393 0.3989 0.3617 
        1307  1 0.1225 0.2461 0.6314 
        1308  1 0.3163 0.2569 0.4268 
        1309  1 0.2117 0.2459 0.5424 
        1310  1 0.5284 0.2585 0.2131 
        1311  1 0.4196 0.1955 0.3850 
        1312  1 0.3663 0.2624 0.3712 
        1313  1 0.6540 0.1794 0.1667 
        1314  1 0.2372 0.3666 0.3962 
        1315  1 0.3201 0.1731 0.5068 
        1316  1 0.3223 0.3842 0.2935 
        1317  1 0.2066 0.2184 0.5750 
        1318  1 0.3474 0.3274 0.3252 
        1319  1 0.3366 0.3311 0.3323 
        1320  1 0.4507 0.2211 0.3282 
        1321  1 0.1739 0.2404 0.5857 
        1322  1 0.2188 0.5863 0.1948 
        1323  1 0.4562 0.1295 0.4143 
        1324  1 0.3731 0.3432 0.2837 
        1325  1 0.2946 0.2373 0.4681 
        1326  1 0.3453 0.4404 0.2143 
        1327  1 0.3625 0.4723 0.1652 
        1328  1 0.4644 0.3010 0.2347 
        1329  1 0.1882 0.5332 0.2786 
        1330  1 0.3444 0.4688 0.1868 
        1331  1 0.2184 0.2419 0.5398 
        1332  1 0.4331 0.3865 0.1804 
        1333  1 0.3495 0.4366 0.2139 
        1334  1 0.3399 0.4303 0.2298 
        1335  1 0.4316 0.2544 0.3140 
        1336  1 0.2321 0.2399 0.5280 
        1337  1 0.2648 0.2952 0.4400 
        1338  1 0.3884 0.2733 0.3383 
        1339  1 0.3862 0.3613 0.2525 
        1340  1 0.3931 0.1716 0.4353 
        1341  1 0.4009 0.2309 0.3682 
        1342  1 0.1735 0.3169 0.5096 
        1343  1 0.3754 0.3610 0.2636 
        1344  1 0.3031 0.3757 0.3212 
        1345  1 0.2528 0.2312 0.5160 
        1346  1 0.4852 0.2801 0.2347 
        1347  1 0.2657 0.2031 0.5312 
        1348  1 0.4829 0.2934 0.2237 
        1349  1 0.2041 0.2928 0.5031 
        1350  1 0.3980 0.2592 0.3428 
        1351  1 0.3912 0.4138 0.1951 
        1352  1 0.2518 0.3413 0.4070 
        1353  1 0.4852 0.3176 0.1972 
        1354  1 0.2953 0.3140 0.3908 
        1355  1 0.3873 0.3562 0.2565 
        1356  1 0.2383 0.4660 0.2958 
        1357  1 0.4100 0.1783 0.4117 
        1358  1 0.5150 0.2157 0.2693 
        1359  1 0.2509 0.3141 0.4350 
        1360  1 0.1965 0.2577 0.5458 
        1361  1 0.2616 0.5048 0.2336 
        1362  1 0.1525 0.3957 0.4519 
        1363  1 0.2089 0.2926 0.4985 
        1364  1 0.4306 0.2631 0.3064 
        1365  1 0.1810 0.3269 0.4921 
        1366  1 0.3175 0.3688 0.3137 
        1367  1 0.4876 0.3154 0.1969 
        1368  1 0.3859 0.2264 0.3877 
        1369  1 0.3169 0.3073 0.3757 
        1370  1 0.4073 0.4456 0.1471 
        1371  1 0.1746 0.4099 0.4155 
        1372  1 0.2942 0.2579 0.4478 
        1373  1 0.3205 0.3260 0.3536 
        1374  1 0.1589 0.3623 0.4788 
        1375  1 0.2811 0.3206 0.3983 
        1376  1 0.5312 0.3425 0.1263 
        1377  1 0.3393 0.3147 0.3460 
        1378  1 0.1995 0.3297 0.4708 
        1379  1 0.3806 0.2592 0.3602 
        1380  1 0.2584 0.4251 0.3165 
        1381  1 0.3102 0.4433 0.2466 
        1382  1 0.1392 0.3730 0.4878 
        1383  1 0.3595 0.4523 0.1882 
        1384  1 0.2183 0.3426 0.4391 
        1385  1 0.2440 0.4697 0.2864 
        1386  1 0.4793 0.2501 0.2706 
        1387  1 0.2017 0.3364 0.4619 
        1388  1 0.2242 0.3570 0.4188 
        1389  1 0.5141 0.1930 0.2929 
        1390  1 0.6314 0.1899 0.1787 
        1391  1 0.3314 0.2181 0.4505 
        1392  1 0.3463 0.1862 0.4675 
        1393  1 0.4211 0.2741 0.3049 
        1394  1 0.2712 0.4652 0.2636 
        1395  1 0.3589 0.3507 0.2904 
        1396  1 0.4507 0.2843 0.2650 
        1397  1 0.3205 0.4895 0.1901 
        1398  1 0.4423 0.3257 0.2320 
        1399  1 0.2812 0.2498 0.4690 
        1400  1 0.4370 0.2428 0.3201 
        1401  1 0.2908 0.3405 0.3687 
        1402  1 0.1973 0.4833 0.3195 
        1403  1 0.2044 0.3119 0.4837 
        1404  1 0.4764 0.3719 0.1517 
        1405  1 0.3280 0.3374 0.3345 
        1406  1 0.4768 0.3453 0.1779 
        1407  1 0.3534 0.4130 0.2337 
        1408  1 0.4101 0.3817 0.2082 
        1409  1 0.5864 0.2307 0.1829 
        1410  1 0.3214 0.4160 0.2626 
        1411  1 0.5056 0.2578 0.2366 
        1412  1 0.5544 0.2724 0.1732 
        1413  1 0.3664 0.4624 0.1712 
        1414  1 0.5506 0.2732 0.1762 
        1415  1 0.3571 0.3523 0.2906 
        1416  1 0.6028 0.1884 0.2088 
        1417  1 0.4092 0.1933 0.3975 
        1418  1 0.3488 0.4613 0.1899 
        1419  1 0.5229 0.2621 0.2150 
        1420  1 0.3767 0.4680 0.1552 
        1421  1 0.4727 0.2729 0.2544 
        1422  1 0.3845 0.2956 0.3200 
        1423  1 0.3839 0.1761 0.4401 
        1424  1 0.5403 0.2187 0.2410 
        1425  1 0.5354 0.2309 0.2337 
        1426  1 0.3848 0.2850 0.3302 
        1427  1 0.3489 0.3814 0.2698 
        1428  1 0.2617 0.1836 0.5547 
        1429  1 0.3317 0.3291 0.3392 
        1430  1 0.3517 0.3934 0.2549 
        1431  1 0.4380 0.2849 0.2771 
        1432  1 0.2882 0.3791 0.3328 
        1433  1 0.2472 0.4446 0.3081 
        1434  1 0.1883 0.3932 0.4185 
        1435  1 0.1925 0.3558 0.4518 
        1436  1 0.4778 0.2577 0.2645 
        1437  1 0.3704 0.4002 0.2295 
        1438  1 0.1519 0.6047 0.2435 
        1439  1 0.2302 0.3815 0.3883 
        1440  1 0.3054 0.2402 0.4545 
        1441  1 0.3413 0.3158 0.3429 
        1442  1 0.5091 0.2905 0.2004 
        1443  1 0.2689 0.3895 0.3416 
        1444  1 0.2309 0.4324 0.3367 
        1445  1 0.3197 0.3413 0.3391 
        1446  1 0.2690 0.2303 0.5007 
        1447  1 0.4439 0.3047 0.2514 
        1448  1 0.4064 0.3241 0.2695 
        1449  1 0.2910 0.3836 0.3254 
        1450  1 0.1972 0.2800 0.5227 
        1451  1 0.3422 0.3362 0.3216 
        1452  1 0.2526 0.3266 0.4208 
        1453  1 0.2155 0.3668 0.4178 
        1454  1 0.1839 0.2957 0.5203 
        1455  1 0.2531 0.4865 0.2604 
        1456  1 0.3344 0.3753 0.2903 
        1457  1 0.3061 0.2665 0.4274 
        1458  1 0.4097 0.2419 0.3485 
        1459  1 0.3461 0.3647 0.2892 
        1460  1 0.2534 0.4489 0.2977 
        1461  1 0.3238 0.2853 0.3909 
        1462  1 0.2469 0.2930 0.4601 
        1463  1 0.3254 0.3341 0.3404 
        1464  1 0.2747 0.3362 0.3891 
        1465  1 0.2686 0.4143 0.3171 
        1466  1 0.3980 0.3251 0.2768 
        1467  1 0.2903 0.2670 0.4426 
        1468  1 0.2675 0.5240 0.2085 
        1469  1 0.2827 0.4918 0.2255 
        1470  1 0.3987 0.2973 0.3040 
        1471  1 0.1936 0.2177 0.5887 
        1472  1 0.5022 0.2322 0.2656 
        1473  1 0.2575 0.4257 0.3168 
        1474  1 0.2533 0.3860 0.3607 
        1475  1 0.2978 0.4216 0.2806 
        1476  1 0.2464 0.2977 0.4559 
        1477  1 0.3680 0.3355 0.2966 
        1478  1 0.3058 0.1842 0.5101 
        1479  1 0.3162 0.3318 0.3520 
        1480  1 0.2498 0.2959 0.4542 
        1481  1 0.3557 0.1728 0.4715 
        1482  1 0.1866 0.3879 0.4255 
        1483  1 0.2898 0.4914 0.2188 
        1484  1 0.4218 0.3076 0.2706 
        1485  1 0.3650 0.2211 0.4139 
        1486  1 0.4469 0.3575 0.1956 
        1487  1 0.4530 0.2339 0.3131 
        1488  1 0.1746 0.4714 0.3539 
        1489  1 0.4396 0.2903 0.2702 
        1490  1 0.2522 0.2911 0.4567 
        1491  1 0.3297 0.3151 0.3552 
        1492  1 0.2554 0.2948 0.4498 
        1493  1 0.4595 0.2355 0.3051 
        1494  1 0.2876 0.4196 0.2928 
        1495  1 0.3218 0.3199 0.3583 
        1496  1 0.2445 0.3961 0.3593 
        1497  1 0.2919 0.3545 0.3535 
        1498  1 0.3504 0.3455 0.3042 
        1499  1 0.3850 0.2704 0.3446 
        1500  1 0.3083 0.3112 0.3805 
        1501  1 0.4271 0.3993 0.1735 
        1502  1 0.2609 0.3410 0.3981 
        1503  1 0.3002 0.3899 0.3099 
        1504  1 0.3034 0.3526 0.3440 
        1505  1 0.3627 0.3253 0.3120 
        1506  1 0.3044 0.3787 0.3169 
        1507  1 0.3539 0.3182 0.3279 
        1508  1 0.3154 0.3786 0.3060 
        1509  1 0.3052 0.3576 0.3372 
        1510  1 0.3725 0.3004 0.3272 
        1511  1 0.2758 0.4117 0.3125 
        1512  1 0.1397 0.2797 0.5807 
        1513  1 0.4170 0.3798 0.2031 
        1514  1 0.3782 0.3463 0.2755 
        1515  1 0.2821 0.3866 0.3313 
        1516  1 0.4511 0.3450 0.2039 
        1517  1 0.4399 0.2189 0.3412 
        1518  1 0.4457 0.2659 0.2884 
        1519  1 0.2353 0.3542 0.4104 
        1520  1 0.4486 0.3125 0.2389 
        1521  1 0.5217 0.2735 0.2048 
        1522  1 0.1983 0.3452 0.4564 
        1523  1 0.3170 0.3605 0.3225 
        1524  1 0.2662 0.2733 0.4605 
        1525  1 0.3802 0.3773 0.2425 
        1526  1 0.3241 0.2285 0.4474 
        1527  1 0.4248 0.3199 0.2553 
        1528  1 0.3829 0.3773 0.2398 
        1529  1 0.3001 0.4241 0.2758 
        1530  1 0.2994 0.4501 0.2504 
        1531  1 0.2177 0.2045 0.5778 
        1532  1 0.2737 0.2178 0.5084 
        1533  1 0.1771 0.2319 0.5910 
        1534  1 0.3494 0.2551 0.3955 
        1535  1 0.3677 0.3233 0.3089 
        1536  1 0.4113 0.3506 0.2382 
        1537  1 0.5166 0.3406 0.1428 
        1538  1 0.3775 0.3635 0.2590 
        1539  1 0.2805 0.2741 0.4454 
        1540  1 0.2558 0.4747 0.2695 
        1541  1 0.3232 0.3881 0.2887 
        1542  1 0.4113 0.3552 0.2335 
        1543  1 0.1670 0.6005 0.2325 
        1544  1 0.4554 0.2877 0.2569 
        1545  1 0.1927 0.3547 0.4526 
        1546  1 0.2787 0.4209 0.3004 
        1547  1 0.3314 0.3334 0.3352 
        1548  1 0.3379 0.4595 0.2026 
        1549  1 0.2293 0.3273 0.4434 
        1550  1 0.2822 0.4421 0.2756 
        1551  1 0.2005 0.4373 0.3622 
        1552  1 0.3609 0.3760 0.2631 
        1553  1 0.2812 0.3732 0.3456 
        1554  1 0.5217 0.2813 0.1969 
        1555  1 0.2577 0.4514 0.2909 
        1556  1 0.1939 0.2273 0.5788 
        1557  1 0.3272 0.3082 0.3646 
        1558  1 0.4280 0.2289 0.3431 
        1559  1 0.3041 0.5078 0.1881 
        1560  1 0.4941 0.3072 0.1987 
        1561  1 0.3463 0.4028 0.2510 
        1562  1 0.2930 0.3923 0.3147 
        1563  1 0.2731 0.4621 0.2649 
        1564  1 0.3223 0.4229 0.2549 
        1565  1 0.3728 0.3388 0.2884 
        1566  1 0.4134 0.2920 0.2946 
        1567  1 0.2243 0.2632 0.5125 
        1568  1 0.2617 0.3703 0.3680 
        1569  1 0.2225 0.2583 0.5191 
        1570  1 0.5364 0.2596 0.2040 
        1571  1 0.5141 0.2460 0.2399 
        1572  1 0.4526 0.2725 0.2748 
        1573  1 0.3039 0.4602 0.2359 
        1574  1 0.2596 0.4051 0.3352 
        1575  1 0.2443 0.4548 0.3009 
        1576  1 0.3008 0.3098 0.3894 
        1577  1 0.4317 0.3191 0.2492 
        1578  1 0.3527 0.3713 0.2760 
        1579  1 0.3505 0.3453 0.3041 
        1580  1 0.2605 0.5047 0.2348 
        1581  1 0.4806 0.2849 0.2345 
        1582  1 0.5340 0.2593 0.2067 
        1583  1 0.4436 0.3409 0.2155 
        1584  1 0.3692 0.2968 0.3340 
        1585  1 0.4534 0.3711 0.1755 
        1586  1 0.2930 0.3534 0.3536 
        1587  1 0.2936 0.3708 0.3356 
        1588  1 0.4651 0.2804 0.2546 
        1589  1 0.4130 0.2916 0.2954 
        1590  1 0.2908 0.3547 0.3545 
        1591  1 0.2290 0.3049 0.4660 
        1592  1 0.4031 0.4017 0.1951 
        1593  1 0.4413 0.4034 0.1553 
        1594  1 0.3235 0.3743 0.3022 
        1595  1 0.3801 0.3865 0.2334 
        1596  1 0.2915 0.3560 0.3525 
        1597  1 0.3342 0.3324 0.3334 
        1598  1 0.4000 0.3017 0.2983 
        1599  1 0.4029 0.3758 0.2213 
        1600  1 0.4121 0.2933 0.2946 
        1601  1 0.3496 0.3242 0.3261 
        1602  1 0.2212 0.2534 0.5254 
        1603  1 0.3107 0.3393 0.3499 
        1604  1 0.3745 0.4306 0.1949 
        1605  1 0.5156 0.3596 0.1249 
        1606  1 0.2887 0.3708 0.3405 
        1607  1 0.2453 0.3620 0.3927 
        1608  1 0.5021 0.3022 0.1957 
        1609  1 0.4579 0.3375 0.2046 
        1610  1 0.2489 0.3956 0.3555 
        1611  1 0.4103 0.2804 0.3093 
        1612  1 0.1532 0.3362 0.5106 
        1613  1 0.3395 0.4394 0.2211 
        1614  1 0.3100 0.2297 0.4603 
        1615  1 0.3811 0.3586 0.2603 
        1616  1 0.5906 0.1610 0.2484 
        1617  1 0.2668 0.3960 0.3372 
        1618  1 0.3479 0.3678 0.2843 
        1619  1 0.3891 0.3008 0.3101 
        1620  1 0.4438 0.3025 0.2537 
        1621  1 0.3822 0.3353 0.2825 
        1622  1 0.4010 0.2982 0.3008 
        1623  1 0.2088 0.3269 0.4643 
        1624  1 0.2407 0.4575 0.3018 
        1625  1 0.3306 0.4527 0.2166 
        1626  1 0.3942 0.3078 0.2981 
        1627  1 0.3623 0.4174 0.2202 
        1628  1 0.3696 0.3567 0.2737 
        1629  1 0.2343 0.2568 0.5089 
        1630  1 0.6068 0.2432 0.1500 
        1631  1 0.2907 0.4225 0.2868 
        1632  1 0.3933 0.2825 0.3242 
        1633  1 0.2162 0.2153 0.5685 
        1634  1 0.2056 0.2083 0.5862 
        1635  1 0.2708 0.3608 0.3684 
        1636  1 0.3264 0.2347 0.4389 
        1637  1 0.4745 0.3414 0.1841 
        1638  1 0.5036 0.1776 0.3188 
        1639  1 0.4654 0.2947 0.2399 
        1640  1 0.2458 0.5688 0.1854 
        1641  1 0.4491 0.2301 0.3207 
        1642  1 0.2330 0.2481 0.5189 
        1643  1 0.4552 0.3013 0.2434 
        1644  1 0.1946 0.3056 0.4997 
        1645  1 0.2502 0.2383 0.5115 
        1646  1 0.3910 0.3379 0.2711 
        1647  1 0.3036 0.3963 0.3001 
        1648  1 0.3683 0.3966 0.2351 
        1649  1 0.3138 0.3536 0.3327 
        1650  1 0.3212 0.3346 0.3442 
        1651  1 0.3549 0.3864 0.2587 
        1652  1 0.4027 0.4360 0.1613 
        1653  1 0.2879 0.3355 0.3767 
        1654  1 0.1970 0.3596 0.4434 
        1655  1 0.2871 0.3241 0.3888 
        1656  1 0.3053 0.3965 0.2982 
        1657  1 0.4761 0.3043 0.2196 
        1658  1 0.5239 0.2535 0.2226 
        1659  1 0.3245 0.3673 0.3082 
        1660  1 0.3152 0.2947 0.3901 
        1661  1 0.3627 0.3207 0.3166 
        1662  1 0.3176 0.4571 0.2252 
        1663  1 0.4230 0.3448 0.2322 
        1664  1 0.3761 0.2277 0.3961 
        1665  1 0.2316 0.2447 0.5237 
        1666  1 0.3412 0.3881 0.2708 
        1667  1 0.5087 0.1834 0.3079 
        1668  1 0.4880 0.3260 0.1860 
        1669  1 0.3534 0.2503 0.3963 
        1670  1 0.4707 0.2976 0.2316 
        1671  1 0.4887 0.3057 0.2056 
        1672  1 0.5415 0.2758 0.1827 
        1673  1 0.4671 0.3175 0.2155 
        1674  1 0.3094 0.4131 0.2775 
        1675  1 0.5591 0.2987 0.1422 
        1676  1 0.4014 0.3161 0.2825 
        1677  1 0.2639 0.3687 0.3674 
        1678  1 0.3143 0.3532 0.3325 
        1679  1 0.3113 0.3546 0.3341 
        1680  1 0.5434 0.2576 0.1990 
        1681  1 0.3949 0.4595 0.1456 
        1682  1 0.3000 0.4132 0.2868 
        1683  1 0.3685 0.3334 0.2981 
        1684  1 0.2223 0.3714 0.4063 
        1685  1 0.3360 0.2544 0.4096 
        1686  1 0.3343 0.3093 0.3563 
        1687  1 0.4738 0.2470 0.2792 
        1688  1 0.5680 0.2745 0.1575 
        1689  1 0.2823 0.4001 0.3176 
        1690  1 0.3505 0.4214 0.2281 
        1691  1 0.3547 0.3235 0.3218 
        1692  1 0.1997 0.3093 0.4910 
        1693  1 0.3174 0.3038 0.3788 
        1694  1 0.4031 0.2861 0.3108 
        1695  1 0.2468 0.3751 0.3781 
        1696  1 0.2460 0.3839 0.3701 
        1697  1 0.1979 0.3437 0.4583 
        1698  1 0.2637 0.2611 0.4753 
        1699  1 0.3125 0.2385 0.4490 
        1700  1 0.3615 0.3838 0.2547 
        1701  1 0.4047 0.2894 0.3059 
        1702  1 0.2849 0.3405 0.3746 
        1703  1 0.2481 0.2887 0.4632 
        1704  1 0.3132 0.4552 0.2316 
        1705  1 0.5437 0.2488 0.2075 
        1706  1 0.3738 0.3614 0.2648 
        1707  1 0.1464 0.2819 0.5717 
        1708  1 0.3309 0.3547 0.3144 
        1709  1 0.3859 0.3761 0.2380 
        1710  1 0.2456 0.3267 0.4277 
        1711  1 0.3300 0.4275 0.2425 
        1712  1 0.3120 0.4141 0.2738 
        1713  1 0.2897 0.3814 0.3289 
        1714  1 0.3246 0.1670 0.5084 
        1715  1 0.4873 0.2309 0.2818 
        1716  1 0.1874 0.1953 0.6173 
        1717  1 0.2570 0.1639 0.5791 
        1718  1 0.4269 0.2432 0.3299 
        1719  1 0.3394 0.3589 0.3017 
        1720  1 0.5230 0.2057 0.2713 
        1721  1 0.3692 0.2253 0.4056 
        1722  1 0.4964 0.2552 0.2485 
        1723  1 0.1690 0.5484 0.2826 
        1724  1 0.3292 0.3033 0.3675 
        1725  1 0.2604 0.3114 0.4282 
        1726  1 0.1892 0.3490 0.4618 
        1727  1 0.4397 0.2676 0.2927 
        1728  1 0.2721 0.3846 0.3433 
        1729  1 0.1847 0.2258 0.5895 
        1730  1 0.2115 0.3031 0.4855 
        1731  1 0.2834 0.1958 0.5207 
        1732  1 0.2292 0.1869 0.5838 
        1733  1 0.3572 0.3326 0.3102 
        1734  1 0.3565 0.3041 0.3394 
        1735  1 0.3663 0.4592 0.1745 
        1736  1 0.1245 0.1418 0.7337 
        1737  1 0.4124 0.3891 0.1985 
        1738  1 0.3786 0.3437 0.2776 
        1739  1 0.3963 0.4492 0.1545 
        1740  1 0.4757 0.2709 0.2534 
        1741  1 0.3130 0.5356 0.1514 
        1742  1 0.4039 0.2369 0.3592 
        1743  1 0.3045 0.2582 0.4373 
        1744  1 0.3384 0.3769 0.2847 
        1745  1 0.1737 0.2194 0.6069 
        1746  1 0.5882 0.2422 0.1696 
        1747  1 0.4807 0.2147 0.3046 
        1748  1 0.4050 0.3086 0.2863 
        1749  1 0.3885 0.3342 0.2773 
        1750  1 0.3813 0.2493 0.3694 
        1751  1 0.5045 0.2819 0.2136 
        1752  1 0.3533 0.3692 0.2776 
        1753  1 0.4364 0.2606 0.3031 
        1754  1 0.2485 0.2196 0.5320 
        1755  1 0.3115 0.4497 0.2389 
        1756  1 0.2541 0.3667 0.3792 
        1757  1 0.2591 0.3167 0.4242 
        1758  1 0.4261 0.2144 0.3595 
        1759  1 0.2391 0.3359 0.4250 
        1760  1 0.2528 0.4627 0.2845 
        1761  1 0.3360 0.4214 0.2426 
        1762  1 0.5788 0.2701 0.1511 
        1763  1 0.2556 0.4863 0.2581 
        1764  1 0.3496 0.3321 0.3182 
        1765  1 0.2208 0.5267 0.2525 
        1766  1 0.1704 0.5308 0.2988 
        1767  1 0.3380 0.2774 0.3846 
        1768  1 0.4710 0.2835 0.2455 
        1769  1 0.2548 0.4742 0.2710 
        1770  1 0.1949 0.2821 0.5230 
        1771  1 0.6311 0.1825 0.1864 
        1772  1 0.3924 0.3785 0.2291 
        1773  1 0.5068 0.2623 0.2309 
        1774  1 0.4271 0.1963 0.3766 
        1775  1 0.3962 0.3207 0.2831 
        1776  1 0.2850 0.5154 0.1996 
        1777  1 0.2361 0.4278 0.3360 
        1778  1 0.3102 0.3225 0.3673 
        1779  1 0.2605 0.3974 0.3422 
        1780  1 0.2475 0.4778 0.2747 
        1781  1 0.3131 0.4746 0.2123 
        1782  1 0.4553 0.2662 0.2785 
        1783  1 0.2521 0.3395 0.4084 
        1784  1 0.1882 0.5205 0.2913 
        1785  1 0.2276 0.5021 0.2703 
        1786  1 0.3227 0.4490 0.2283 
        1787  1 0.4443 0.3114 0.2442 
        1788  1 0.3963 0.2641 0.3396 
        1789  1 0.1946 0.2363 0.5690 
        1790  1 0.1993 0.1763 0.6244 
        1791  1 0.3077 0.1684 0.5239 
        1792  1 0.3192 0.4102 0.2706 
        1793  1 0.3959 0.2175 0.3866 
        1794  1 0.2370 0.3335 0.4295 
        1795  1 0.5285 0.1631 0.3085 
        1796  1 0.3444 0.3457 0.3099 
        1797  1 0.2586 0.3065 0.4349 
        1798  1 0.4282 0.2837 0.2881 
        1799  1 0.5957 0.2259 0.1784 
        1800  1 0.3266 0.4021 0.2713 
        1801  1 0.3898 0.4485 0.1618 
        1802  1 0.3664 0.3538 0.2798 
        1803  1 0.2128 0.2035 0.5837 
        1804  1 0.4710 0.3244 0.2046 
        1805  1 0.3449 0.2486 0.4065 
        1806  1 0.1771 0.4462 0.3767 
        1807  1 0.1778 0.5577 0.2645 
        1808  1 0.3348 0.2081 0.4571 
        1809  1 0.2502 0.2284 0.5214 
        1810  1 0.2198 0.2499 0.5303 
        1811  1 0.2816 0.2623 0.4561 
        1812  1 0.3619 0.3913 0.2468 
        1813  1 0.1842 0.4628 0.3530 
        1814  1 0.1551 0.2599 0.5850 
        1815  1 0.2655 0.2759 0.4586 
        1816  1 0.2435 0.4904 0.2661 
        1817  1 0.3155 0.3757 0.3088 
        1818  1 0.1445 0.3226 0.5328 
        1819  1 0.2075 0.5368 0.2558 
        1820  1 0.2295 0.5218 0.2487 
        1821  1 0.2650 0.2818 0.4532 
        1822  1 0.3714 0.3112 0.3174 
        1823  1 0.1996 0.4243 0.3761 
        1824  1 0.3179 0.2415 0.4406 
        1825  1 0.3984 0.3073 0.2943 
        1826  1 0.3102 0.2658 0.4241 
        1827  1 0.3638 0.3490 0.2872 
        1828  1 0.2779 0.2375 0.4846 
        1829  1 0.3509 0.3480 0.3011 
        1830  1 0.3543 0.3646 0.2810 
        1831  1 0.2351 0.1998 0.5651 
        1832  1 0.1964 0.5361 0.2675 
        1833  1 0.4152 0.2769 0.3079 
        1834  1 0.4178 0.3092 0.2729 
        1835  1 0.2661 0.5494 0.1845 
        1836  1 0.3521 0.3218 0.3261 
        1837  1 0.2867 0.4417 0.2716 
        1838  1 0.3128 0.3180 0.3692 
        1839  1 0.1513 0.3104 0.5383 
        1840  1 0.1947 0.3073 0.4980 
        1841  1 0.2492 0.6042 0.1466 
        1842  1 0.2789 0.3521 0.3690 
        1843  1 0.2042 0.4417 0.3541 
        1844  1 0.4014 0.2451 0.3535 
        1845  1 0.2793 0.2458 0.4748 
        1846  1 0.4525 0.2607 0.2868 
        1847  1 0.2979 0.2938 0.4083 
        1848  1 0.1497 0.3158 0.5346 
        1849  1 0.2168 0.2335 0.5497 
        1850  1 0.3911 0.2562 0.3527 
        1851  1 0.4007 0.1939 0.4054 
        1852  1 0.1744 0.3335 0.4921 
        1853  1 0.3158 0.3705 0.3137 
        1854  1 0.3021 0.3423 0.3555 
        1855  1 0.2870 0.1730 0.5400 
        1856  1 0.3318 0.2917 0.3765 
        1857  1 0.6815 0.1231 0.1954 
        1858  1 0.3127 0.4471 0.2402 
        1859  1 0.3649 0.3161 0.3190 
        1860  1 0.4618 0.2854 0.2528 
        1861  1 0.4643 0.3228 0.2129 
        1862  1 0.3558 0.4951 0.1490 
        1863  1 0.3481 0.4785 0.1734 
        1864  1 0.2783 0.4598 0.2618 
        1865  1 0.3519 0.1471 0.5010 
        1866  1 0.4636 0.3488 0.1876 
        1867  1 0.3719 0.3387 0.2894 
        1868  1 0.2995 0.4881 0.2124 
        1869  1 0.2314 0.1801 0.5885 
        1870  1 0.2786 0.2920 0.4294 
        1871  1 0.2644 0.5593 0.1764 
        1872  1 0.1792 0.5101 0.3107 
        1873  1 0.2643 0.4164 0.3192 
        1874  1 0.4878 0.3555 0.1567 
        1875  1 0.2713 0.4733 0.2554 
        1876  1 0.4539 0.3690 0.1771 
        1877  1 0.3634 0.4253 0.2114 
        1878  1 0.2488 0.3134 0.4378 
        1879  1 0.2770 0.3787 0.3443 
        1880  1 0.4110 0.2030 0.3860 
        1881  1 0.4951 0.3059 0.1990 
        1882  1 0.1972 0.3908 0.4120 
        1883  1 0.2494 0.3912 0.3594 
        1884  1 0.2652 0.3719 0.3629 
        1885  1 0.3518 0.3858 0.2624 
        1886  1 0.4857 0.2070 0.3073 
        1887  1 0.4174 0.3508 0.2318 
        1888  1 0.3631 0.2707 0.3662 
        1889  1 0.3907 0.2057 0.4036 
        1890  1 0.5258 0.2525 0.2217 
        1891  1 0.3164 0.4152 0.2684 
        1892  1 0.2600 0.2275 0.5125 
        1893  1 0.1618 0.2761 0.5621 
        1894  1 0.3014 0.4428 0.2558 
        1895  1 0.5496 0.2812 0.1691 
        1896  1 0.2842 0.3570 0.3588 
        1897  1 0.2233 0.4497 0.3270 
        1898  1 0.4795 0.2289 0.2916 
        1899  1 0.3707 0.4082 0.2212 
        1900  1 0.3147 0.4501 0.2352 
        1901  1 0.2477 0.4107 0.3416 
        1902  1 0.3025 0.3371 0.3605 
        1903  1 0.2419 0.2151 0.5430 
        1904  1 0.3781 0.2060 0.4158 
        1905  1 0.4196 0.2350 0.3454 
        1906  1 0.3080 0.4706 0.2215 
        1907  1 0.2279 0.2719 0.5003 
        1908  1 0.2492 0.3138 0.4370 
        1909  1 0.2263 0.2590 0.5147 
        1910  1 0.3409 0.3299 0.3292 
        1911  1 0.4824 0.3771 0.1405 
        1912  1 0.2924 0.2966 0.4110 
        1913  1 0.2917 0.4616 0.2468 
        1914  1 0.4247 0.3308 0.2446 
        1915  1 0.2089 0.5694 0.2216 
        1916  1 0.2393 0.4082 0.3525 
        1917  1 0.3234 0.3321 0.3446 
        1918  1 0.5093 0.2455 0.2452 
        1919  1 0.3952 0.2712 0.3337 
        1920  1 0.2438 0.2936 0.4626 
        1921  1 0.3526 0.1704 0.4769 
        1922  1 0.3630 0.2982 0.3388 
        1923  1 0.2489 0.4399 0.3112 
        1924  1 0.3216 0.4690 0.2094 
        1925  1 0.2688 0.3829 0.3483 
        1926  1 0.2470 0.2610 0.4920 
        1927  1 0.2536 0.4027 0.3437 
        1928  1 0.6016 0.2652 0.1331 
        1929  1 0.3097 0.3223 0.3681 
        1930  1 0.2394 0.3537 0.4069 
        1931  1 0.2428 0.2441 0.5131 
        1932  1 0.1684 0.1541 0.6776 
        1933  1 0.3444 0.3612 0.2944 
        1934  1 0.1764 0.2409 0.5828 
        1935  1 0.4742 0.3725 0.1533 
        1936  1 0.2157 0.3767 0.4076 
        1937  1 0.2675 0.4110 0.3216 
        1938  1 0.3327 0.4655 0.2018 
        1939  1 0.2965 0.3116 0.3919 
        1940  1 0.4471 0.3217 0.2311 
        1941  1 0.5325 0.3016 0.1659 
        1942  1 0.3827 0.3827 0.2346 
        1943  1 0.3022 0.5449 0.1528 
        1944  1 0.4394 0.3390 0.2216 
        1945  1 0.2963 0.2632 0.4405 
        1946  1 0.3646 0.2708 0.3646 
        1947  1 0.2460 0.2653 0.4887 
        1948  1 0.2404 0.4515 0.3080 
        1949  1 0.3713 0.3331 0.2957 
        1950  1 0.3490 0.3257 0.3252 
        1951  1 0.2806 0.2575 0.4619 
        1952  1 0.3694 0.3350 0.2956 
        1953  1 0.4618 0.2688 0.2695 
        1954  1 0.2531 0.1953 0.5516 
        1955  1 0.2301 0.5112 0.2587 
        1956  1 0.3759 0.2283 0.3958 
        1957  1 0.2562 0.2291 0.5147 
        1958  1 0.4229 0.2372 0.3399 
        1959  1 0.1850 0.3322 0.4828 
        1960  1 0.3964 0.2337 0.3699 
        1961  1 0.2922 0.3138 0.3940 
        1962  1 0.4375 0.2915 0.2710 
        1963  1 0.3951 0.3162 0.2887 
        1964  1 0.5763 0.2534 0.1703 
        1965  1 0.2598 0.3245 0.4157 
        1966  1 0.3066 0.4269 0.2665 
        1967  1 0.3209 0.3750 0.3041 
        1968  1 0.2949 0.3198 0.3853 
        1969  1 0.2304 0.4861 0.2834 
        1970  1 0.2080 0.3225 0.4695 
        1971  1 0.3167 0.3179 0.3654 
        1972  1 0.2370 0.4124 0.3505 
        1973  1 0.2264 0.6048 0.1688 
        1974  1 0.2610 0.3500 0.3890 
        1975  1 0.2676 0.3689 0.3635 
        1976  1 0.3524 0.3120 0.3356 
        1977  1 0.2593 0.3998 0.3409 
        1978  1 0.3230 0.2504 0.4266 
        1979  1 0.1358 0.3609 0.5033 
        1980  1 0.3534 0.3022 0.3444 
        1981  1 0.2875 0.2807 0.4318 
        1982  1 0.4755 0.3032 0.2213 
        1983  1 0.2210 0.2995 0.4796 
        1984  1 0.3280 0.5022 0.1698 
        1985  1 0.1757 0.2262 0.5981 
        1986  1 0.3487 0.2136 0.4377 
        1987  1 0.2523 0.2810 0.4667 
        1988  1 0.3434 0.3625 0.2941 
        1989  1 0.3888 0.4040 0.2071 
        1990  1 0.4925 0.2675 0.2401 
        1991  1 0.3775 0.3097 0.3128 
        1992  1 0.3582 0.4145 0.2273 
        1993  1 0.2410 0.4187 0.3403 
        1994  1 0.1838 0.4187 0.3975 
        1995  1 0.3872 0.2516 0.3612 
        1996  1 0.4203 0.3672 0.2125 
        1997  1 0.2711 0.2710 0.4579 
        1998  1 0.3150 0.3244 0.3606 
        1999  1 0.2593 0.3393 0.4013 
        2000  1 0.3831 0.2955 0.3215 
        2001  1 0.4072 0.2853 0.3075 
        2002  1 0.3226 0.2963 0.3811 
        2003  1 0.2885 0.3007 0.4107 
        2004  1 0.2303 0.3157 0.4540 
        2005  1 0.3623 0.3731 0.2646 
        2006  1 0.3553 0.2976 0.3472 
        2007  1 0.2846 0.2588 0.4566 
        2008  1 0.5421 0.2741 0.1837 
        2009  1 0.3545 0.4494 0.1961 
        2010  1 0.3554 0.4056 0.2390 
        2011  1 0.2727 0.4170 0.3103 
        2012  1 0.2668 0.3060 0.4272 
        2013  1 0.2376 0.2772 0.4851 
        2014  1 0.3785 0.3955 0.2260 
        2015  1 0.3850 0.2548 0.3603 
        2016  1 0.3220 0.3562 0.3218 
        2017  1 0.3440 0.3951 0.2609 
        2018  1 0.5587 0.2018 0.2395 
        2019  1 0.3306 0.3315 0.3380 
        2020  1 0.2775 0.5041 0.2183 
        2021  1 0.5258 0.1697 0.3046 
        2022  1 0.3509 0.4038 0.2454 
        2023  1 0.3155 0.2739 0.4106 
        2024  1 0.1673 0.3773 0.4554 
        2025  1 0.3679 0.2256 0.4065 
        2026  1 0.2977 0.2740 0.4283 
        2027  1 0.1956 0.3571 0.4474 
        2028  1 0.2228 0.2533 0.5239 
        2029  1 0.2612 0.3149 0.4238 
        2030  1 0.3029 0.4166 0.2805 
        2031  1 0.2822 0.4451 0.2727 
        2032  1 0.3068 0.4980 0.1952 
        2033  1 0.3598 0.3405 0.2997 
        2034  1 0.4304 0.3281 0.2415 
        2035  1 0.3377 0.4124 0.2499 
        2036  1 0.2095 0.3346 0.4559 
        2037  1 0.2180 0.2252 0.5568 
        2038  1 0.2653 0.3305 0.4042 
        2039  1 0.3369 0.3984 0.2647 
        2040  1 0.2107 0.4414 0.3479 
        2041  1 0.4244 0.2567 0.3189 
        2042  1 0.2181 0.4265 0.3554 
        2043  1 0.3453 0.2180 0.4368 
        2044  1 0.3785 0.2584 0.3631 
        2045  1 0.3283 0.4898 0.1819 
        2046  1 0.2243 0.3738 0.4019 
        2047  1 0.2895 0.4088 0.3017 
        2048  1 0.3159 0.3114 0.3727 
        2049  1 0.2508 0.2385 0.5106 
        2050  1 0.2570 0.3181 0.4249 
        2051  1 0.2661 0.3786 0.3553 
        2052  1 0.2775 0.3511 0.3714 
        2053  1 0.2345 0.1652 0.6003 
        2054  1 0.2482 0.2320 0.5198 
        2055  1 0.2326 0.1950 0.5724 
        2056  1 0.4127 0.3113 0.2760 
        2057  1 0.2503 0.3640 0.3857 
        2058  1 0.3165 0.2426 0.4409 
        2059  1 0.3077 0.4592 0.2331 
        2060  1 0.3880 0.1949 0.4171 
        2061  1 0.3361 0.3708 0.2931 
        2062  1 0.2396 0.2671 0.4933 
        2063  1 0.3464 0.3271 0.3265 
        2064  1 0.3115 0.3880 0.3005 
        2065  1 0.2332 0.3016 0.4652 
        2066  1 0.4329 0.4092 0.1578 
        2067  1 0.3288 0.5222 0.1490 
        2068  1 0.3237 0.2955 0.3808 
        2069  1 0.2549 0.3269 0.4182 
        2070  1 0.4529 0.2667 0.2804 
        2071  1 0.2574 0.3038 0.4388 
        2072  1 0.2200 0.2758 0.5042 
        2073  1 0.2989 0.2003 0.5007 
        2074  1 0.4056 0.2456 0.3488 
        2075  1 0.2346 0.3887 0.3767 
        2076  1 0.2949 0.4172 0.2880 
        2077  1 0.2421 0.4807 0.2772 
        2078  1 0.5524 0.2013 0.2463 
        2079  1 0.5157 0.2742 0.2101 
        2080  1 0.4718 0.2721 0.2562 
        2081  1 0.5080 0.1834 0.3086 
        2082  1 0.3847 0.2515 0.3637 
        2083  1 0.5297 0.2851 0.1853 
        2084  1 0.1828 0.3294 0.4878 
        2085  1 0.5179 0.2625 0.2195 
        2086  1 0.5850 0.2516 0.1634 
        2087  1 0.5153 0.2969 0.1878 
        2088  1 0.4782 0.2764 0.2454 
        2089  1 0.5025 0.3591 0.1384 
        2090  1 0.3667 0.2692 0.3642 
        2091  1 0.3327 0.2779 0.3894 
        2092  1 0.3162 0.2822 0.4015 
        2093  1 0.2472 0.3019 0.4509 
        2094  1 0.2989 0.3917 0.3094 
        2095  1 0.3231 0.2263 0.4506 
        2096  1 0.3134 0.3550 0.3317 
        2097  1 0.3680 0.2915 0.3405 
        2098  1 0.3152 0.4715 0.2133 
        2099  1 0.1842 0.6296 0.1863 
        2100  1 0.3270 0.4789 0.1941 
        2101  1 0.3258 0.3724 0.3018 
        2102  1 0.3503 0.3075 0.3422 
        2103  1 0.3237 0.3438 0.3325 
        2104  1 0.2242 0.4315 0.3443 
        2105  1 0.2946 0.3601 0.3453 
        2106  1 0.5096 0.2754 0.2150 
        2107  1 0.1503 0.5529 0.2968 
        2108  1 0.2531 0.3284 0.4185 
        2109  1 0.4521 0.2345 0.3135 
        2110  1 0.2401 0.1818 0.5781 
        2111  1 0.4715 0.3416 0.1869 
        2112  1 0.2688 0.4986 0.2326 
        2113  1 0.2775 0.4352 0.2873 
        2114  1 0.4361 0.1593 0.4045 
        2115  1 0.5215 0.2303 0.2482 
        2116  1 0.2471 0.3609 0.3920 
        2117  1 0.3964 0.3933 0.2103 
        2118  1 0.4233 0.3827 0.1940 
        2119  1 0.2913 0.3229 0.3858 
        2120  1 0.4336 0.2884 0.2780 
        2121  1 0.2189 0.3539 0.4272 
        2122  1 0.3888 0.3067 0.3045 
        2123  1 0.3893 0.3376 0.2731 
        2124  1 0.5728 0.2665 0.1606 
        2125  1 0.2549 0.5367 0.2085 
        2126  1 0.2938 0.3565 0.3497 
        2127  1 0.4177 0.3190 0.2633 
        2128  1 0.3933 0.3806 0.2261 
        2129  1 0.5353 0.2150 0.2497 
        2130  1 0.2036 0.3331 0.4633 
        2131  1 0.2230 0.4534 0.3236 
        2132  1 0.3293 0.4241 0.2466 
        2133  1 0.3376 0.3293 0.3331 
        2134  1 0.3077 0.3376 0.3548 
        2135  1 0.3185 0.3596 0.3218 
        2136  1 0.3834 0.3298 0.2868 
        2137  1 0.2490 0.1534 0.5976 
        2138  1 0.3390 0.3745 0.2865 
        2139  1 0.2507 0.3701 0.3792 
        2140  1 0.2340 0.2469 0.5191 
        2141  1 0.1999 0.2679 0.5322 
        2142  1 0.2099 0.2154 0.5747 
        2143  1 0.3528 0.4679 0.1793 
        2144  1 0.2928 0.3905 0.3168 
        2145  1 0.2926 0.2720 0.4354 
        2146  1 0.3704 0.2176 0.4120 
        2147  1 0.2622 0.4287 0.3091 
        2148  1 0.2578 0.4978 0.2444 
        2149  1 0.2890 0.2304 0.4806 
        2150  1 0.3691 0.2068 0.4241 
        2151  1 0.3409 0.3884 0.2707 
        2152  1 0.3202 0.4021 0.2776 
        2153  1 0.3619 0.4316 0.2065 
        2154  1 0.3121 0.4594 0.2285 
        2155  1 0.2702 0.4477 0.2820 
        2156  1 0.3666 0.4321 0.2013 
        2157  1 0.1815 0.3648 0.4537 
        2158  1 0.4076 0.3440 0.2484 
        2159  1 0.3843 0.3537 0.2621 
        2160  1 0.2555 0.3842 0.3603 
        2161  1 0.3527 0.3613 0.2860 
        2162  1 0.3140 0.5126 0.1735 
        2163  1 0.3071 0.4301 0.2627 
        2164  1 0.2757 0.4761 0.2482 
        2165  1 0.1608 0.2059 0.6333 
        2166  1 0.3221 0.3155 0.3624 
        2167  1 0.2521 0.3068 0.4411 
        2168  1 0.2194 0.3758 0.4048 
        2169  1 0.4115 0.3030 0.2856 
        2170  1 0.3548 0.3878 0.2574 
        2171  1 0.3166 0.4602 0.2232 
        2172  1 0.3306 0.2759 0.3936 
        2173  1 0.4358 0.3993 0.1648 
        2174  1 0.4098 0.2734 0.3168 
        2175  1 0.1993 0.4046 0.3961 
        2176  1 0.4196 0.1830 0.3975 
        2177  1 0.3559 0.2920 0.3521 
        2178  1 0.2184 0.3792 0.4024 
        2179  1 0.4041 0.3584 0.2375 
        2180  1 0.2231 0.2754 0.5016 
        2181  1 0.3818 0.1800 0.4382 
        2182  1 0.5795 0.2348 0.1856 
        2183  1 0.3552 0.3592 0.2856 
        2184  1 0.6682 0.1664 0.1655 
        2185  1 0.6645 0.1684 0.1670 
        2186  1 0.1811 0.2361 0.5828 
        2187  1 0.3731 0.4244 0.2026 
        2188  1 0.3444 0.3890 0.2666 
        2189  1 0.4544 0.1380 0.4077 
        2190  1 0.4534 0.2978 0.2488 
        2191  1 0.4258 0.1512 0.4231 
        2192  1 0.3607 0.2711 0.3682 
        2193  1 0.3372 0.3461 0.3168 
        2194  1 0.2396 0.5407 0.2198 
        2195  1 0.3803 0.2866 0.3331 
        2196  1 0.3465 0.4164 0.2372 
        2197  1 0.3816 0.4113 0.2071 
        2198  1 0.5504 0.2184 0.2312 
        2199  1 0.3508 0.4031 0.2461 
        2200  1 0.3223 0.4773 0.2004 
        2201  1 0.5486 0.2547 0.1967 
        2202  1 0.2999 0.5058 0.1942 
        2203  1 0.4684 0.2894 0.2422 
        2204  1 0.4302 0.3478 0.2220 
        2205  1 0.3217 0.4117 0.2665 
        2206  1 0.4573 0.3129 0.2297 
        2207  1 0.4121 0.2852 0.3027 
        2208  1 0.2403 0.3771 0.3826 
        2209  1 0.2463 0.3969 0.3568 
        2210  1 0.2969 0.3255 0.3776 
        2211  1 0.3079 0.2356 0.4565 
        2212  1 0.1640 0.2785 0.5575 
        2213  1 0.3170 0.4053 0.2778 
        2214  1 0.4039 0.3256 0.2705 
        2215  1 0.3486 0.4127 0.2387 
        2216  1 0.4819 0.1873 0.3308 
        2217  1 0.5231 0.2623 0.2146 
        2218  1 0.2007 0.5586 0.2407 
        2219  1 0.2185 0.3080 0.4735 
        2220  1 0.1587 0.2748 0.5665 
        2221  1 0.2630 0.3187 0.4183 
        2222  1 0.3556 0.4306 0.2138 
        2223  1 0.2467 0.2713 0.4821 
        2224  1 0.3183 0.4303 0.2514 
        2225  1 0.1690 0.4586 0.3724 
        2226  1 0.1761 0.4693 0.3547 
        2227  1 0.4146 0.3018 0.2835 
        2228  1 0.4570 0.2272 0.3158 
        2229  1 0.2451 0.5391 0.2158 
        2230  1 0.5529 0.2597 0.1873 
        2231  1 0.3489 0.3685 0.2826 
        2232  1 0.3842 0.2896 0.3262 
        2233  1 0.3176 0.2452 0.4372 
        2234  1 0.2363 0.3118 0.4519 
        2235  1 0.4872 0.2609 0.2519 
        2236  1 0.4233 0.3493 0.2274 
        2237  1 0.4549 0.3281 0.2170 
        2238  1 0.2741 0.2279 0.4980 
        2239  1 0.3384 0.2571 0.4045 
        2240  1 0.2867 0.4261 0.2871 
        2241  1 0.4078 0.2775 0.3147 
        2242  1 0.1945 0.2871 0.5183 
        2243  1 0.2169 0.2672 0.5159 
        2244  1 0.2356 0.4670 0.2974 
        2245  1 0.3807 0.2719 0.3473 
        2246  1 0.2798 0.3196 0.4006 
        2247  1 0.3216 0.3934 0.2850 
        2248  1 0.3097 0.5168 0.1735 
        2249  1 0.3270 0.4127 0.2603 
        2250  1 0.4233 0.4301 0.1466 
        2251  1 0.2933 0.4773 0.2294 
        2252  1 0.2778 0.2122 0.5099 
        2253  1 0.1931 0.2663 0.5406 
        2254  1 0.3874 0.2210 0.3916 
        2255  1 0.2544 0.4975 0.2481 
        2256  1 0.1944 0.3205 0.4851 
        2257  1 0.2883 0.4850 0.2267 
        2258  1 0.3927 0.3462 0.2610 
        2259  1 0.2958 0.4466 0.2576 
        2260  1 0.3714 0.4011 0.2275 
        2261  1 0.2194 0.4032 0.3774 
        2262  1 0.3084 0.2313 0.4603 
        2263  1 0.3030 0.2859 0.4112 
        2264  1 0.1846 0.3079 0.5075 
        2265  1 0.4117 0.3382 0.2501 
        2266  1 0.2210 0.3953 0.3837 
        2267  1 0.3936 0.2958 0.3106 
        2268  1 0.6077 0.1975 0.1948 
        2269  1 0.5466 0.1342 0.3192 
        2270  1 0.2551 0.5830 0.1619 
        2271  1 0.4133 0.2204 0.3663 
        2272  1 0.2936 0.4344 0.2720 
        2273  1 0.5115 0.2513 0.2372 
        2274  1 0.1900 0.2377 0.5723 
        2275  1 0.3291 0.3596 0.3114 
        2276  1 0.2001 0.3255 0.4745 
        2277  1 0.3545 0.4304 0.2151 
        2278  1 0.2015 0.3817 0.4168 
        2279  1 0.3392 0.2529 0.4079 
        2280  1 0.2978 0.3864 0.3158 
        2281  1 0.3235 0.3537 0.3228 
        2282  1 0.3990 0.4353 0.1657 
        2283  1 0.3752 0.3836 0.2412 
        2284  1 0.7029 0.1542 0.1430 
        2285  1 0.4917 0.3274 0.1809 
        2286  1 0.5378 0.2931 0.1692 
        2287  1 0.6613 0.2052 0.1335 
        2288  1 0.4346 0.2266 0.3388 
        2289  1 0.4850 0.1936 0.3214 
        2290  1 0.3800 0.3197 0.3003 
        2291  1 0.4191 0.4010 0.1799 
        2292  1 0.3291 0.3848 0.2860 
        2293  1 0.2078 0.5498 0.2424 
        2294  1 0.4655 0.2532 0.2813 
        2295  1 0.2943 0.2974 0.4083 
        2296  1 0.3412 0.4211 0.2377 
        2297  1 0.2293 0.3805 0.3902 
        2298  1 0.5105 0.3021 0.1874 
        2299  1 0.3624 0.3879 0.2497 
        2300  1 0.3843 0.3920 0.2238 
        2301  1 0.1424 0.2528 0.6047 
        2302  1 0.2115 0.4233 0.3652 
        2303  1 0.3597 0.3472 0.2932 
        2304  1 0.2823 0.2064 0.5113 
        2305  1 0.5502 0.1659 0.2839 
        2306  1 0.2645 0.3123 0.4232 
        2307  1 0.3844 0.3291 0.2865 
        2308  1 0.3492 0.4619 0.1889 
        2309  1 0.5127 0.2553 0.2320 
        2310  1 0.3150 0.1426 0.5424 
        2311  1 0.4085 0.4229 0.1686 
        2312  1 0.2760 0.4526 0.2713 
        2313  1 0.3749 0.3825 0.2426 
        2314  1 0.4244 0.2302 0.3454 
        2315  1 0.4445 0.2250 0.3304 
        2316  1 0.2428 0.5474 0.2097 
        2317  1 0.3228 0.4096 0.2676 
        2318  1 0.2100 0.2284 0.5616 
        2319  1 0.3289 0.4325 0.2386 
        2320  1 0.3565 0.2266 0.4169 
        2321  1 0.4210 0.3402 0.2389 
        2322  1 0.1298 0.3064 0.5639 
        2323  1 0.5671 0.2094 0.2234 
        2324  1 0.3188 0.4110 0.2702 
        2325  1 0.3979 0.3268 0.2753 
        2326  1 0.3805 0.2754 0.3441 
        2327  1 0.2656 0.2153 0.5191 
        2328  1 0.5040 0.2799 0.2160 
        2329  1 0.2873 0.3241 0.3886 
        2330  1 0.2233 0.4787 0.2980 
        2331  1 0.3683 0.3784 0.2533 
        2332  1 0.2160 0.3268 0.4572 
        2333  1 0.1990 0.2766 0.5244 
        2334  1 0.2259 0.3561 0.4180 
        2335  1 0.3544 0.3315 0.3141 
        2336  1 0.2596 0.3451 0.3953 
        2337  1 0.1863 0.3110 0.5026 
        2338  1 0.3930 0.2681 0.3388 
        2339  1 0.4484 0.2480 0.3036 
        2340  1 0.3950 0.2496 0.3554 
        2341  1 0.3154 0.4228 0.2618 
        2342  1 0.1889 0.4089 0.4023 
        2343  1 0.2179 0.2240 0.5581 
        2344  1 0.2801 0.3721 0.3478 
        2345  1 0.1866 0.3267 0.4867 
        2346  1 0.1996 0.2882 0.5122 
        2347  1 0.2995 0.4593 0.2412 
        2348  1 0.3200 0.2883 0.3917 
        2349  1 0.3271 0.2187 0.4542 
        2350  1 0.2534 0.3691 0.3775 
        2351  1 0.2043 0.4400 0.3557 
        2352  1 0.3290 0.3727 0.2983 
        2353  1 0.3026 0.4478 0.2496 
        2354  1 0.3058 0.5231 0.1711 
        2355  1 0.4386 0.3207 0.2407 
        2356  1 0.5170 0.2294 0.2536 
        2357  1 0.4750 0.2392 0.2858 
        2358  1 0.2009 0.2198 0.5793 
        2359  1 0.2105 0.3898 0.3997 
        2360  1 0.3561 0.2244 0.4196 
        2361  1 0.5905 0.2531 0.1563 
        2362  1 0.4970 0.1760 0.3270 
        2363  1 0.2836 0.2234 0.4930 
        2364  1 0.6918 0.1497 0.1585 
        2365  1 0.5981 0.1955 0.2064 
        2366  1 0.4483 0.2886 0.2632 
        2367  1 0.3525 0.2884 0.3592 
        2368  1 0.2979 0.2739 0.4282 
        2369  1 0.2900 0.4791 0.2309 
        2370  1 0.6038 0.2384 0.1579 
        2371  1 0.5643 0.1960 0.2398 
        2372  1 0.3321 0.4397 0.2283 
        2373  1 0.5964 0.2210 0.1826 
        2374  1 0.4813 0.3280 0.1907 
        2375  1 0.4541 0.3587 0.1872 
        2376  1 0.4035 0.3968 0.1998 
        2377  1 0.3327 0.4331 0.2343 
        2378  1 0.5318 0.2783 0.1899 
        2379  1 0.4283 0.2948 0.2768 
        2380  1 0.3352 0.4908 0.1741 
        2381  1 0.6064 0.2235 0.1701 
        2382  1 0.2598 0.2982 0.4420 
        2383  1 0.5107 0.2586 0.2308 
        2384  1 0.4299 0.4105 0.1595 
        2385  1 0.4617 0.2957 0.2426 
        2386  1 0.5273 0.2631 0.2096 
