

----------------------------------------------------
STRUCTURE by Pritchard, Stephens and Donnelly (2000)
     and Falush, Stephens and Pritchard (2003)
       Code by Pritchard, Falush and Hubisz
             Version 2.3.4 (Jul 2012)
----------------------------------------------------



Command line arguments:   /usr/local/bin/structure -m parameter_job_T3_5 
Input File:    /home/martin/bottleneck/structure_analysis/structure_4/data_job_T3_5

Run parameters:
   90 individuals
   12 loci
   3 populations assumed
   10000 Burn-in period
   100000 Reps


--------------------------------------------
Proportion of membership of each pre-defined
 population in each of the 3 clusters

Given    Inferred Clusters       Number of
 Pop       1      2      3      Individuals

  1:     0.333  0.333  0.334       90
--------------------------------------------

Allele-freq. divergence among pops (Net nucleotide distance),
computed using point estimates of P.

      1       2       3      
 1      -    0.0000  0.0002  
 2   0.0000     -    0.0001  
 3   0.0002  0.0001     -    

Average distances (expected heterozygosity) between individuals in same cluster:
cluster  1  : 0.6692 
cluster  2  : 0.6728 
cluster  3  : 0.6815 

--------------------------------------------
Estimated Ln Prob of Data   = -3300.6
Mean value of ln likelihood = -3151.7
Variance of ln likelihood   = 297.6
Mean value of alpha         = 2.0959

Mean value of Fst_1         = 0.0321
Mean value of Fst_2         = 0.0266
Mean value of Fst_3         = 0.0126


Inferred ancestry of individuals:
        Label (%Miss) Pop:  Inferred clusters
  1        1    (0)    1 :  0.328 0.333 0.339 
  2        2    (0)    1 :  0.340 0.322 0.338 
  3        3    (0)    1 :  0.333 0.334 0.333 
  4        4    (0)    1 :  0.359 0.327 0.314 
  5        5    (0)    1 :  0.315 0.341 0.344 
  6        6    (0)    1 :  0.316 0.338 0.346 
  7        7    (0)    1 :  0.335 0.328 0.337 
  8        8    (0)    1 :  0.346 0.331 0.324 
  9        9    (0)    1 :  0.328 0.331 0.341 
 10       10    (8)    1 :  0.326 0.334 0.340 
 11       11    (8)    1 :  0.326 0.332 0.341 
 12       12    (0)    1 :  0.337 0.331 0.332 
 13       13    (0)    1 :  0.322 0.339 0.339 
 14       14    (0)    1 :  0.337 0.336 0.327 
 15       15    (0)    1 :  0.319 0.341 0.340 
 16       16    (0)    1 :  0.311 0.342 0.347 
 17       17    (0)    1 :  0.346 0.331 0.323 
 18       18    (0)    1 :  0.313 0.339 0.348 
 19       19    (0)    1 :  0.332 0.331 0.336 
 20       20    (0)    1 :  0.327 0.336 0.337 
 21       21    (0)    1 :  0.338 0.332 0.330 
 22       22    (0)    1 :  0.314 0.338 0.348 
 23       23    (0)    1 :  0.325 0.340 0.336 
 24       24    (0)    1 :  0.325 0.339 0.336 
 25       25    (0)    1 :  0.346 0.334 0.320 
 26       26    (0)    1 :  0.328 0.331 0.341 
 27       27    (0)    1 :  0.337 0.331 0.332 
 28       28    (0)    1 :  0.302 0.342 0.356 
 29       29    (0)    1 :  0.324 0.335 0.341 
 30       30    (0)    1 :  0.344 0.332 0.324 
 31       31    (0)    1 :  0.353 0.327 0.319 
 32       32    (0)    1 :  0.356 0.333 0.311 
 33       33    (0)    1 :  0.364 0.329 0.307 
 34       34    (0)    1 :  0.337 0.331 0.332 
 35       35    (0)    1 :  0.339 0.331 0.331 
 36       36    (0)    1 :  0.374 0.324 0.302 
 37       37    (0)    1 :  0.307 0.336 0.357 
 38       38    (0)    1 :  0.352 0.331 0.317 
 39       39    (0)    1 :  0.316 0.340 0.344 
 40       40    (0)    1 :  0.343 0.332 0.326 
 41       41    (0)    1 :  0.355 0.327 0.317 
 42       42    (0)    1 :  0.350 0.330 0.320 
 43       43    (0)    1 :  0.330 0.338 0.332 
 44       44    (0)    1 :  0.318 0.337 0.345 
 45       45    (0)    1 :  0.334 0.328 0.338 
 46       46    (0)    1 :  0.329 0.336 0.335 
 47       47    (8)    1 :  0.356 0.329 0.315 
 48       48    (8)    1 :  0.363 0.330 0.307 
 49       49    (0)    1 :  0.350 0.332 0.318 
 50       50    (0)    1 :  0.353 0.334 0.314 
 51       51    (0)    1 :  0.340 0.331 0.329 
 52       52    (0)    1 :  0.315 0.338 0.348 
 53       53    (0)    1 :  0.356 0.328 0.315 
 54       54   (25)    1 :  0.354 0.330 0.317 
 55       55    (0)    1 :  0.339 0.335 0.326 
 56       56    (0)    1 :  0.339 0.331 0.330 
 57       57    (8)    1 :  0.336 0.331 0.334 
 58       58    (0)    1 :  0.342 0.330 0.327 
 59       59    (0)    1 :  0.343 0.327 0.330 
 60       60   (16)    1 :  0.309 0.335 0.356 
 61       61    (0)    1 :  0.339 0.331 0.330 
 62       62    (0)    1 :  0.310 0.336 0.354 
 63       63    (0)    1 :  0.346 0.333 0.320 
 64       64    (0)    1 :  0.336 0.329 0.335 
 65       65    (0)    1 :  0.340 0.333 0.327 
 66       66    (0)    1 :  0.323 0.330 0.346 
 67       67    (0)    1 :  0.323 0.334 0.343 
 68       68    (0)    1 :  0.333 0.333 0.334 
 69       69    (0)    1 :  0.319 0.338 0.343 
 70       70    (0)    1 :  0.308 0.336 0.356 
 71       71    (0)    1 :  0.301 0.342 0.357 
 72       72    (0)    1 :  0.312 0.335 0.353 
 73       73    (0)    1 :  0.344 0.330 0.326 
 74       74    (0)    1 :  0.306 0.343 0.351 
 75       75    (0)    1 :  0.298 0.341 0.360 
 76       76    (0)    1 :  0.356 0.327 0.317 
 77       77    (0)    1 :  0.331 0.340 0.329 
 78       78   (25)    1 :  0.327 0.330 0.343 
 79       79    (0)    1 :  0.329 0.333 0.338 
 80       80    (0)    1 :  0.335 0.333 0.332 
 81       81    (0)    1 :  0.341 0.333 0.325 
 82       82    (0)    1 :  0.307 0.335 0.359 
 83       83    (0)    1 :  0.303 0.337 0.360 
 84       84    (0)    1 :  0.320 0.336 0.344 
 85       85    (0)    1 :  0.331 0.336 0.333 
 86       86    (0)    1 :  0.336 0.335 0.329 
 87       87    (0)    1 :  0.344 0.334 0.321 
 88       88    (0)    1 :  0.360 0.332 0.308 
 89       89    (0)    1 :  0.325 0.332 0.342 
 90       90    (0)    1 :  0.325 0.331 0.344 


Estimated Allele Frequencies in each cluster
First column gives estimated ancestral frequencies


Locus 1 : 
4 alleles
3.3% missing data
 191   (0.704) 0.723 0.721 0.712 
 195   (0.146) 0.138 0.140 0.144 
 189   (0.116) 0.113 0.112 0.113 
 193   (0.034) 0.026 0.028 0.030 

Locus 2 : 
17 alleles
1.1% missing data
 214   (0.097) 0.094 0.097 0.100 
 228   (0.095) 0.100 0.097 0.098 
 226   (0.095) 0.096 0.097 0.098 
 230   (0.065) 0.059 0.061 0.064 
 216   (0.109) 0.130 0.126 0.115 
 220   (0.077) 0.077 0.076 0.077 
 222   (0.089) 0.086 0.090 0.089 
 212   (0.158) 0.187 0.177 0.164 
 224   (0.040) 0.034 0.035 0.038 
 242   (0.029) 0.024 0.025 0.027 
 234   (0.019) 0.014 0.015 0.017 
 218   (0.035) 0.029 0.031 0.033 
 210   (0.035) 0.029 0.030 0.033 
 240   (0.013) 0.009 0.010 0.011 
 198   (0.019) 0.014 0.015 0.016 
 250   (0.013) 0.009 0.009 0.011 
 246   (0.013) 0.009 0.009 0.011 

Locus 3 : 
6 alleles
1.1% missing data
 197   (0.329) 0.348 0.345 0.334 
 201   (0.166) 0.171 0.168 0.166 
 203   (0.228) 0.228 0.227 0.231 
 199   (0.179) 0.172 0.173 0.177 
 207   (0.031) 0.025 0.026 0.028 
 191   (0.066) 0.056 0.060 0.063 

Locus 4 : 
9 alleles
1.1% missing data
 325   (0.411) 0.445 0.434 0.423 
 321   (0.104) 0.100 0.101 0.104 
 327   (0.180) 0.193 0.192 0.181 
 349   (0.037) 0.029 0.031 0.034 
 329   (0.085) 0.077 0.079 0.083 
 319   (0.074) 0.067 0.068 0.073 
 323   (0.082) 0.071 0.075 0.080 
 341   (0.014) 0.009 0.010 0.011 
 331   (0.014) 0.009 0.010 0.011 

Locus 5 : 
5 alleles
0.0% missing data
 178   (0.619) 0.636 0.637 0.627 
 184   (0.065) 0.057 0.059 0.062 
 186   (0.032) 0.025 0.026 0.029 
 180   (0.194) 0.206 0.198 0.196 
 182   (0.090) 0.076 0.079 0.087 

Locus 6 : 
5 alleles
0.0% missing data
 286   (0.697) 0.731 0.723 0.708 
 290   (0.043) 0.038 0.037 0.039 
 284   (0.103) 0.094 0.096 0.100 
 288   (0.143) 0.127 0.134 0.142 
 282   (0.014) 0.009 0.010 0.012 

Locus 7 : 
5 alleles
1.1% missing data
 140   (0.749) 0.777 0.774 0.762 
 155   (0.072) 0.063 0.065 0.069 
 151   (0.093) 0.084 0.086 0.090 
 157   (0.049) 0.043 0.043 0.046 
 142   (0.037) 0.033 0.032 0.033 

Locus 8 : 
6 alleles
1.1% missing data
 150   (0.614) 0.636 0.636 0.625 
 148   (0.031) 0.026 0.026 0.028 
 152   (0.187) 0.184 0.184 0.186 
 146   (0.055) 0.046 0.048 0.052 
 154   (0.093) 0.093 0.091 0.092 
 162   (0.020) 0.014 0.015 0.017 

Locus 9 : 
8 alleles
2.2% missing data
 221   (0.167) 0.178 0.176 0.169 
 223   (0.140) 0.132 0.136 0.140 
 225   (0.217) 0.223 0.223 0.220 
 229   (0.167) 0.170 0.168 0.169 
 227   (0.158) 0.167 0.163 0.159 
 217   (0.077) 0.067 0.071 0.074 
 219   (0.020) 0.015 0.016 0.017 
 231   (0.054) 0.048 0.048 0.051 

Locus 10 : 
7 alleles
0.0% missing data
 175   (0.300) 0.327 0.315 0.306 
 183   (0.191) 0.190 0.193 0.193 
 177   (0.208) 0.198 0.203 0.209 
 181   (0.180) 0.183 0.184 0.180 
 185   (0.054) 0.045 0.047 0.051 
 188   (0.053) 0.048 0.048 0.050 
 173   (0.014) 0.009 0.010 0.011 

Locus 11 : 
11 alleles
3.3% missing data
 136   (0.086) 0.078 0.081 0.084 
 138   (0.103) 0.092 0.097 0.103 
 126   (0.109) 0.117 0.112 0.112 
 130   (0.227) 0.252 0.251 0.234 
 134   (0.096) 0.098 0.097 0.096 
 128   (0.090) 0.084 0.088 0.089 
 140   (0.100) 0.098 0.096 0.099 
 132   (0.136) 0.144 0.138 0.138 
 142   (0.026) 0.019 0.021 0.023 
 144   (0.014) 0.009 0.010 0.011 
 120   (0.013) 0.009 0.010 0.011 

Locus 12 : 
7 alleles
0.0% missing data
 175   (0.101) 0.094 0.096 0.099 
 177   (0.318) 0.326 0.325 0.326 
 173   (0.048) 0.040 0.042 0.045 
 183   (0.228) 0.229 0.232 0.228 
 185   (0.150) 0.164 0.155 0.150 
 179   (0.088) 0.085 0.086 0.086 
 181   (0.068) 0.062 0.063 0.066 

Values of parameters used in structure:
DATAFILE=/home/martin/bottleneck/structure_analysis/structure_4/data_job_T3_5,	OUTFILE=/home/martin/bottleneck/structure_analysis/structure_4/structure_results/galapagos_fur_seal/results_job_T3_5,	NUMINDS=90,	NUMLOCI=12,	MISSING=-9,	LABEL=1,	POPDATA=1,	POPFLAG=0,	PHENOTYPE=0,	EXTRACOLS=0,	MAXPOPS=3,	BURNIN=10000,	NUMREPS=100000,	USEPOPINFO=0,	INFERALPHA=1,	INFERLAMBDA=0,	POPSPECIFICLAMBDA=0,	POPALPHAS=0,	COMPUTEPROB=1,	NOADMIX=0,	ADMBURNIN=2500,	UPDATEFREQ=1,	PRINTLIKES=0,	INTERMEDSAVE=0,	PRINTKLD=0,	PRINTNET=0,	PRINTLAMBDA=0,	ANCESTDIST=0,	NUMBOXES=1000,	ANCESTPINT=0.90000,	GENSBACK=2,	MIGRPRIOR=0.05000,	PRINTQHAT=1,	PRINTQSUM=0,	ALPHA=1.0000,	FREQSCORR=1,	FPRIORMEAN=0.0100,	FPRIORSD=0.0500,	ONEFST=0,	LAMBDA=1.0000,	UNIFPRIORALPHA=1,	ALPHAMAX=10.0000,	ALPHAPRIORA=1.0000,	ALPHAPRIORB=2.0000,	ALPHAPROPSD=0.0250,	STARTATPOPINFO=0,	RANDOMIZE=1,	LINKAGE=0,	METROFREQ=10,	REPORTHITRATE=0,	MARKOVPHASE=-1,	PHASED=0,	PLOIDY=2,	PHASEINFO=0	LOCPRIOR=0, 	LOCPRIORINIT=1.000000, 	LOCDATA=0, 	LOCISPOP=0, 	LOCPRIORSTEP=0.100000, 	MAXLOCPRIOR=20.000000, 	SEED=1470413903,	
[STRAT parameters]:    NUMSIMSTATS=1000,	PHENOTYPECOL=-9,	POOLFREQ=10,	LOCUSxONLY=0,	EMERROR=0.00100,	MISSINGPHENO=-9,	