

----------------------------------------------------
STRUCTURE by Pritchard, Stephens and Donnelly (2000)
     and Falush, Stephens and Pritchard (2003)
       Code by Pritchard, Falush and Hubisz
             Version 2.3.4 (Jul 2012)
----------------------------------------------------



Command line arguments:   /usr/local/bin/structure -m parameter_job_T8_1 
Input File:    /home/martin/bottleneck/structure_analysis/structure_4/data_job_T8_1

Run parameters:
   90 individuals
   12 loci
   8 populations assumed
   10000 Burn-in period
   100000 Reps


--------------------------------------------
Proportion of membership of each pre-defined
 population in each of the 8 clusters

Given    Inferred Clusters                                          Number of
 Pop       1      2      3      4      5      6      7      8      Individuals

  1:     0.125  0.125  0.125  0.125  0.125  0.125  0.125  0.125       90
--------------------------------------------

Allele-freq. divergence among pops (Net nucleotide distance),
computed using point estimates of P.

      1       2       3       4       5       6       7       8      
 1      -    0.0001  0.0001  0.0001  0.0000  0.0000  0.0001  0.0000  
 2   0.0001     -    0.0000  0.0001  0.0001  0.0001  0.0001  0.0000  
 3   0.0001  0.0000     -    0.0001  0.0001  0.0001  0.0001  0.0001  
 4   0.0001  0.0001  0.0001     -    0.0001  0.0002  0.0000  0.0002  
 5   0.0000  0.0001  0.0001  0.0001     -    0.0001  0.0001  0.0000  
 6   0.0000  0.0001  0.0001  0.0002  0.0001     -    0.0002  0.0001  
 7   0.0001  0.0001  0.0001  0.0000  0.0001  0.0002     -    0.0002  
 8   0.0000  0.0000  0.0001  0.0002  0.0000  0.0001  0.0002     -    

Average distances (expected heterozygosity) between individuals in same cluster:
cluster  1  : 0.6715 
cluster  2  : 0.6725 
cluster  3  : 0.6741 
cluster  4  : 0.6826 
cluster  5  : 0.6738 
cluster  6  : 0.6680 
cluster  7  : 0.6828 
cluster  8  : 0.6705 

--------------------------------------------
Estimated Ln Prob of Data   = -3402.8
Mean value of ln likelihood = -3154.2
Variance of ln likelihood   = 497.2
Mean value of alpha         = 3.4522

Mean value of Fst_1         = 0.0463
Mean value of Fst_2         = 0.0400
Mean value of Fst_3         = 0.0393
Mean value of Fst_4         = 0.0014
Mean value of Fst_5         = 0.0402
Mean value of Fst_6         = 0.0616
Mean value of Fst_7         = 0.0008
Mean value of Fst_8         = 0.0514


Inferred ancestry of individuals:
        Label (%Miss) Pop:  Inferred clusters
  1        1    (0)    1 :  0.126 0.124 0.124 0.125 0.123 0.126 0.126 0.124 
  2        2    (0)    1 :  0.125 0.122 0.124 0.125 0.129 0.123 0.126 0.125 
  3        3    (0)    1 :  0.125 0.125 0.134 0.123 0.122 0.125 0.124 0.123 
  4        4    (0)    1 :  0.124 0.128 0.127 0.121 0.125 0.125 0.121 0.128 
  5        5    (0)    1 :  0.128 0.124 0.123 0.128 0.123 0.124 0.128 0.122 
  6        6    (0)    1 :  0.126 0.126 0.121 0.128 0.122 0.124 0.129 0.124 
  7        7    (0)    1 :  0.124 0.126 0.124 0.126 0.123 0.126 0.127 0.124 
  8        8    (0)    1 :  0.125 0.123 0.126 0.125 0.129 0.125 0.122 0.125 
  9        9    (0)    1 :  0.127 0.123 0.125 0.124 0.125 0.126 0.126 0.125 
 10       10    (8)    1 :  0.125 0.123 0.126 0.127 0.123 0.126 0.124 0.125 
 11       11    (8)    1 :  0.127 0.123 0.123 0.125 0.126 0.126 0.125 0.124 
 12       12    (0)    1 :  0.127 0.126 0.124 0.124 0.123 0.126 0.125 0.124 
 13       13    (0)    1 :  0.125 0.127 0.126 0.122 0.128 0.123 0.122 0.127 
 14       14    (0)    1 :  0.128 0.125 0.125 0.124 0.124 0.125 0.123 0.125 
 15       15    (0)    1 :  0.125 0.126 0.121 0.125 0.125 0.125 0.128 0.124 
 16       16    (0)    1 :  0.124 0.123 0.121 0.131 0.124 0.125 0.127 0.124 
 17       17    (0)    1 :  0.125 0.124 0.124 0.125 0.126 0.126 0.122 0.128 
 18       18    (0)    1 :  0.127 0.126 0.123 0.127 0.121 0.123 0.130 0.124 
 19       19    (0)    1 :  0.125 0.125 0.123 0.125 0.126 0.126 0.126 0.124 
 20       20    (0)    1 :  0.127 0.123 0.121 0.127 0.125 0.124 0.127 0.127 
 21       21    (0)    1 :  0.125 0.124 0.130 0.125 0.123 0.127 0.125 0.122 
 22       22    (0)    1 :  0.124 0.124 0.123 0.129 0.125 0.123 0.129 0.123 
 23       23    (0)    1 :  0.126 0.124 0.123 0.127 0.126 0.122 0.128 0.125 
 24       24    (0)    1 :  0.128 0.124 0.122 0.126 0.124 0.126 0.126 0.125 
 25       25    (0)    1 :  0.126 0.124 0.126 0.123 0.125 0.126 0.123 0.127 
 26       26    (0)    1 :  0.127 0.124 0.123 0.127 0.122 0.127 0.125 0.125 
 27       27    (0)    1 :  0.125 0.125 0.124 0.125 0.122 0.128 0.126 0.125 
 28       28    (0)    1 :  0.126 0.123 0.121 0.128 0.123 0.126 0.131 0.123 
 29       29    (0)    1 :  0.126 0.124 0.125 0.124 0.126 0.127 0.127 0.121 
 30       30    (0)    1 :  0.125 0.126 0.127 0.124 0.123 0.128 0.124 0.124 
 31       31    (0)    1 :  0.123 0.124 0.124 0.124 0.129 0.124 0.124 0.127 
 32       32    (0)    1 :  0.122 0.130 0.136 0.121 0.123 0.124 0.120 0.123 
 33       33    (0)    1 :  0.121 0.130 0.139 0.118 0.122 0.125 0.119 0.125 
 34       34    (0)    1 :  0.126 0.123 0.122 0.125 0.129 0.125 0.124 0.126 
 35       35    (0)    1 :  0.124 0.124 0.123 0.125 0.129 0.124 0.125 0.127 
 36       36    (0)    1 :  0.124 0.129 0.126 0.121 0.127 0.123 0.122 0.128 
 37       37    (0)    1 :  0.126 0.124 0.122 0.129 0.122 0.124 0.128 0.126 
 38       38    (0)    1 :  0.123 0.131 0.129 0.123 0.125 0.122 0.121 0.126 
 39       39    (0)    1 :  0.125 0.122 0.120 0.127 0.124 0.125 0.131 0.126 
 40       40    (0)    1 :  0.122 0.133 0.129 0.124 0.120 0.123 0.124 0.125 
 41       41    (0)    1 :  0.125 0.127 0.125 0.122 0.125 0.127 0.122 0.125 
 42       42    (0)    1 :  0.125 0.124 0.122 0.125 0.130 0.124 0.124 0.127 
 43       43    (0)    1 :  0.125 0.122 0.122 0.128 0.124 0.126 0.127 0.125 
 44       44    (0)    1 :  0.126 0.124 0.122 0.126 0.123 0.127 0.127 0.125 
 45       45    (0)    1 :  0.126 0.123 0.123 0.127 0.125 0.125 0.127 0.124 
 46       46    (0)    1 :  0.122 0.127 0.127 0.126 0.124 0.125 0.124 0.126 
 47       47    (8)    1 :  0.125 0.126 0.129 0.122 0.124 0.126 0.124 0.125 
 48       48    (8)    1 :  0.124 0.133 0.131 0.120 0.123 0.124 0.121 0.124 
 49       49    (0)    1 :  0.124 0.125 0.125 0.123 0.129 0.125 0.122 0.126 
 50       50    (0)    1 :  0.124 0.126 0.132 0.122 0.126 0.124 0.123 0.123 
 51       51    (0)    1 :  0.123 0.124 0.124 0.126 0.131 0.121 0.124 0.127 
 52       52    (0)    1 :  0.124 0.126 0.123 0.130 0.121 0.124 0.130 0.122 
 53       53    (0)    1 :  0.124 0.125 0.121 0.123 0.136 0.121 0.121 0.129 
 54       54   (25)    1 :  0.124 0.124 0.126 0.123 0.127 0.125 0.125 0.126 
 55       55    (0)    1 :  0.125 0.123 0.123 0.123 0.129 0.125 0.125 0.127 
 56       56    (0)    1 :  0.124 0.126 0.122 0.122 0.134 0.122 0.122 0.129 
 57       57    (8)    1 :  0.125 0.125 0.122 0.126 0.126 0.124 0.127 0.124 
 58       58    (0)    1 :  0.123 0.125 0.127 0.122 0.128 0.125 0.122 0.128 
 59       59    (0)    1 :  0.125 0.125 0.126 0.122 0.127 0.125 0.123 0.127 
 60       60   (16)    1 :  0.124 0.124 0.120 0.126 0.125 0.127 0.130 0.124 
 61       61    (0)    1 :  0.123 0.129 0.126 0.124 0.126 0.124 0.125 0.124 
 62       62    (0)    1 :  0.126 0.123 0.121 0.128 0.124 0.127 0.127 0.124 
 63       63    (0)    1 :  0.124 0.126 0.133 0.122 0.123 0.126 0.122 0.123 
 64       64    (0)    1 :  0.124 0.123 0.123 0.127 0.125 0.129 0.124 0.125 
 65       65    (0)    1 :  0.126 0.127 0.122 0.125 0.123 0.129 0.124 0.124 
 66       66    (0)    1 :  0.127 0.122 0.121 0.126 0.129 0.123 0.125 0.126 
 67       67    (0)    1 :  0.127 0.124 0.122 0.127 0.123 0.127 0.126 0.124 
 68       68    (0)    1 :  0.127 0.124 0.123 0.125 0.125 0.126 0.125 0.126 
 69       69    (0)    1 :  0.126 0.122 0.124 0.126 0.126 0.124 0.126 0.126 
 70       70    (0)    1 :  0.126 0.124 0.121 0.129 0.122 0.124 0.130 0.124 
 71       71    (0)    1 :  0.125 0.123 0.121 0.131 0.121 0.125 0.133 0.122 
 72       72    (0)    1 :  0.124 0.123 0.122 0.131 0.122 0.124 0.131 0.123 
 73       73    (0)    1 :  0.124 0.123 0.127 0.122 0.127 0.126 0.124 0.126 
 74       74    (0)    1 :  0.126 0.123 0.123 0.129 0.124 0.126 0.127 0.123 
 75       75    (0)    1 :  0.124 0.123 0.120 0.134 0.121 0.124 0.131 0.123 
 76       76    (0)    1 :  0.126 0.125 0.125 0.122 0.128 0.126 0.122 0.125 
 77       77    (0)    1 :  0.125 0.124 0.124 0.127 0.125 0.126 0.125 0.125 
 78       78   (25)    1 :  0.127 0.123 0.125 0.124 0.125 0.126 0.124 0.125 
 79       79    (0)    1 :  0.125 0.124 0.123 0.129 0.123 0.122 0.128 0.125 
 80       80    (0)    1 :  0.127 0.124 0.123 0.125 0.125 0.125 0.126 0.124 
 81       81    (0)    1 :  0.124 0.123 0.129 0.123 0.123 0.128 0.124 0.125 
 82       82    (0)    1 :  0.125 0.123 0.122 0.130 0.123 0.122 0.131 0.123 
 83       83    (0)    1 :  0.125 0.125 0.121 0.132 0.120 0.124 0.131 0.123 
 84       84    (0)    1 :  0.125 0.125 0.124 0.126 0.123 0.127 0.125 0.124 
 85       85    (0)    1 :  0.125 0.124 0.124 0.125 0.127 0.124 0.125 0.126 
 86       86    (0)    1 :  0.125 0.126 0.126 0.125 0.123 0.125 0.124 0.125 
 87       87    (0)    1 :  0.125 0.126 0.128 0.124 0.124 0.126 0.122 0.124 
 88       88    (0)    1 :  0.122 0.132 0.143 0.118 0.122 0.125 0.117 0.122 
 89       89    (0)    1 :  0.126 0.125 0.127 0.127 0.121 0.127 0.126 0.121 
 90       90    (0)    1 :  0.125 0.124 0.124 0.126 0.125 0.125 0.126 0.126 


Estimated Allele Frequencies in each cluster
First column gives estimated ancestral frequencies


Locus 1 : 
4 alleles
3.3% missing data
 191   (0.716) 0.727 0.721 0.720 0.717 0.727 0.728 0.716 0.723 
 195   (0.142) 0.140 0.136 0.143 0.142 0.137 0.140 0.142 0.139 
 189   (0.112) 0.107 0.116 0.111 0.112 0.110 0.107 0.112 0.112 
 193   (0.030) 0.026 0.027 0.026 0.030 0.026 0.025 0.030 0.026 

Locus 2 : 
17 alleles
1.1% missing data
 214   (0.100) 0.099 0.097 0.097 0.100 0.099 0.096 0.100 0.098 
 228   (0.092) 0.098 0.105 0.095 0.092 0.096 0.099 0.092 0.096 
 226   (0.097) 0.096 0.096 0.097 0.097 0.101 0.094 0.097 0.101 
 230   (0.062) 0.063 0.060 0.061 0.062 0.063 0.061 0.062 0.060 
 216   (0.110) 0.125 0.123 0.131 0.110 0.117 0.132 0.110 0.124 
 220   (0.079) 0.079 0.079 0.075 0.079 0.078 0.075 0.079 0.078 
 222   (0.091) 0.091 0.089 0.088 0.091 0.090 0.090 0.091 0.087 
 212   (0.166) 0.175 0.173 0.175 0.166 0.177 0.185 0.166 0.183 
 224   (0.039) 0.036 0.035 0.036 0.039 0.036 0.035 0.039 0.035 
 242   (0.028) 0.025 0.025 0.025 0.028 0.025 0.024 0.028 0.024 
 234   (0.017) 0.014 0.014 0.014 0.017 0.014 0.013 0.017 0.013 
 218   (0.032) 0.029 0.030 0.029 0.032 0.031 0.028 0.032 0.029 
 210   (0.035) 0.031 0.031 0.032 0.035 0.032 0.029 0.035 0.031 
 240   (0.012) 0.008 0.010 0.010 0.012 0.009 0.008 0.012 0.009 
 198   (0.017) 0.014 0.015 0.014 0.017 0.014 0.013 0.017 0.014 
 250   (0.012) 0.009 0.010 0.010 0.012 0.009 0.009 0.012 0.009 
 246   (0.012) 0.009 0.010 0.010 0.011 0.009 0.008 0.011 0.009 

Locus 3 : 
6 alleles
1.1% missing data
 197   (0.337) 0.340 0.355 0.343 0.336 0.342 0.339 0.337 0.352 
 201   (0.170) 0.171 0.169 0.177 0.169 0.170 0.167 0.170 0.167 
 203   (0.222) 0.231 0.216 0.219 0.222 0.228 0.238 0.222 0.223 
 199   (0.178) 0.174 0.172 0.176 0.179 0.175 0.174 0.178 0.175 
 207   (0.031) 0.026 0.028 0.027 0.030 0.027 0.025 0.030 0.026 
 191   (0.064) 0.059 0.060 0.058 0.064 0.058 0.057 0.064 0.057 

Locus 4 : 
9 alleles
1.1% missing data
 325   (0.422) 0.437 0.442 0.431 0.423 0.434 0.443 0.423 0.440 
 321   (0.105) 0.105 0.100 0.100 0.104 0.103 0.101 0.105 0.099 
 327   (0.181) 0.186 0.190 0.194 0.181 0.188 0.186 0.181 0.189 
 349   (0.037) 0.032 0.032 0.033 0.037 0.032 0.031 0.037 0.031 
 329   (0.076) 0.077 0.073 0.076 0.076 0.078 0.078 0.076 0.078 
 319   (0.073) 0.069 0.068 0.070 0.073 0.070 0.069 0.073 0.068 
 323   (0.080) 0.076 0.075 0.075 0.081 0.075 0.074 0.080 0.076 
 341   (0.013) 0.010 0.011 0.010 0.013 0.010 0.009 0.013 0.010 
 331   (0.012) 0.009 0.010 0.010 0.012 0.009 0.009 0.012 0.009 

Locus 5 : 
5 alleles
0.0% missing data
 178   (0.623) 0.633 0.639 0.637 0.623 0.630 0.645 0.623 0.634 
 184   (0.063) 0.058 0.059 0.059 0.063 0.060 0.056 0.063 0.058 
 186   (0.032) 0.027 0.028 0.027 0.032 0.027 0.026 0.032 0.027 
 180   (0.198) 0.201 0.196 0.199 0.198 0.202 0.196 0.198 0.201 
 182   (0.084) 0.081 0.079 0.078 0.084 0.079 0.077 0.084 0.080 

Locus 6 : 
5 alleles
0.0% missing data
 286   (0.707) 0.724 0.724 0.721 0.708 0.721 0.729 0.707 0.727 
 290   (0.042) 0.037 0.038 0.038 0.042 0.037 0.037 0.042 0.037 
 284   (0.096) 0.094 0.094 0.096 0.096 0.095 0.092 0.096 0.094 
 288   (0.144) 0.136 0.135 0.135 0.144 0.138 0.134 0.144 0.133 
 282   (0.011) 0.009 0.009 0.009 0.011 0.009 0.008 0.011 0.009 

Locus 7 : 
5 alleles
1.1% missing data
 140   (0.759) 0.777 0.773 0.768 0.758 0.771 0.780 0.759 0.780 
 155   (0.069) 0.065 0.065 0.067 0.070 0.066 0.064 0.069 0.063 
 151   (0.090) 0.084 0.087 0.089 0.090 0.087 0.083 0.090 0.084 
 157   (0.046) 0.042 0.043 0.043 0.046 0.044 0.041 0.046 0.042 
 142   (0.036) 0.032 0.031 0.034 0.036 0.032 0.032 0.036 0.031 

Locus 8 : 
6 alleles
1.1% missing data
 150   (0.620) 0.636 0.632 0.637 0.621 0.631 0.640 0.620 0.635 
 148   (0.030) 0.026 0.027 0.027 0.030 0.027 0.025 0.030 0.027 
 152   (0.181) 0.184 0.184 0.179 0.181 0.184 0.180 0.181 0.182 
 146   (0.053) 0.048 0.049 0.048 0.053 0.048 0.046 0.053 0.049 
 154   (0.095) 0.090 0.091 0.091 0.095 0.093 0.094 0.095 0.092 
 162   (0.020) 0.016 0.017 0.017 0.020 0.016 0.015 0.020 0.015 

Locus 9 : 
8 alleles
2.2% missing data
 221   (0.173) 0.171 0.176 0.181 0.173 0.174 0.171 0.173 0.180 
 223   (0.137) 0.138 0.134 0.135 0.137 0.134 0.139 0.138 0.138 
 225   (0.221) 0.225 0.222 0.219 0.221 0.223 0.224 0.221 0.225 
 229   (0.164) 0.173 0.161 0.165 0.165 0.175 0.162 0.164 0.167 
 227   (0.159) 0.160 0.171 0.164 0.159 0.162 0.174 0.159 0.157 
 217   (0.074) 0.070 0.070 0.071 0.074 0.069 0.069 0.074 0.070 
 219   (0.019) 0.016 0.017 0.017 0.019 0.016 0.015 0.019 0.015 
 231   (0.052) 0.047 0.049 0.049 0.052 0.048 0.047 0.052 0.048 

Locus 10 : 
7 alleles
0.0% missing data
 175   (0.309) 0.317 0.314 0.314 0.309 0.316 0.314 0.309 0.319 
 183   (0.193) 0.194 0.193 0.190 0.193 0.194 0.196 0.193 0.196 
 177   (0.204) 0.205 0.204 0.202 0.204 0.206 0.201 0.204 0.200 
 181   (0.178) 0.180 0.183 0.189 0.179 0.178 0.191 0.178 0.183 
 185   (0.052) 0.047 0.048 0.047 0.051 0.048 0.044 0.052 0.045 
 188   (0.051) 0.047 0.049 0.047 0.051 0.048 0.045 0.051 0.047 
 173   (0.013) 0.010 0.010 0.011 0.013 0.010 0.009 0.013 0.010 

Locus 11 : 
11 alleles
3.3% missing data
 136   (0.082) 0.080 0.079 0.081 0.082 0.081 0.080 0.082 0.078 
 138   (0.093) 0.098 0.092 0.090 0.093 0.094 0.100 0.093 0.092 
 126   (0.109) 0.108 0.114 0.113 0.109 0.115 0.106 0.109 0.117 
 130   (0.242) 0.250 0.254 0.252 0.243 0.246 0.257 0.242 0.255 
 134   (0.100) 0.099 0.098 0.099 0.100 0.099 0.100 0.100 0.097 
 128   (0.090) 0.088 0.086 0.090 0.090 0.087 0.086 0.090 0.085 
 140   (0.098) 0.098 0.094 0.094 0.098 0.100 0.095 0.098 0.098 
 132   (0.137) 0.140 0.142 0.140 0.137 0.140 0.140 0.137 0.142 
 142   (0.023) 0.020 0.020 0.020 0.023 0.019 0.019 0.023 0.019 
 144   (0.013) 0.009 0.010 0.010 0.012 0.010 0.009 0.012 0.010 
 120   (0.013) 0.010 0.010 0.010 0.012 0.010 0.009 0.012 0.009 

Locus 12 : 
7 alleles
0.0% missing data
 175   (0.096) 0.093 0.097 0.091 0.096 0.096 0.093 0.096 0.095 
 177   (0.320) 0.331 0.326 0.319 0.320 0.325 0.333 0.320 0.328 
 173   (0.046) 0.042 0.043 0.043 0.046 0.044 0.040 0.046 0.041 
 183   (0.227) 0.234 0.226 0.233 0.228 0.229 0.235 0.227 0.225 
 185   (0.154) 0.153 0.160 0.160 0.154 0.155 0.155 0.154 0.160 
 179   (0.086) 0.082 0.083 0.088 0.086 0.086 0.082 0.086 0.086 
 181   (0.070) 0.065 0.064 0.065 0.070 0.067 0.063 0.070 0.064 

Values of parameters used in structure:
DATAFILE=/home/martin/bottleneck/structure_analysis/structure_4/data_job_T8_1,	OUTFILE=/home/martin/bottleneck/structure_analysis/structure_4/structure_results/galapagos_fur_seal/results_job_T8_1,	NUMINDS=90,	NUMLOCI=12,	MISSING=-9,	LABEL=1,	POPDATA=1,	POPFLAG=0,	PHENOTYPE=0,	EXTRACOLS=0,	MAXPOPS=8,	BURNIN=10000,	NUMREPS=100000,	USEPOPINFO=0,	INFERALPHA=1,	INFERLAMBDA=0,	POPSPECIFICLAMBDA=0,	POPALPHAS=0,	COMPUTEPROB=1,	NOADMIX=0,	ADMBURNIN=2500,	UPDATEFREQ=1,	PRINTLIKES=0,	INTERMEDSAVE=0,	PRINTKLD=0,	PRINTNET=0,	PRINTLAMBDA=0,	ANCESTDIST=0,	NUMBOXES=1000,	ANCESTPINT=0.90000,	GENSBACK=2,	MIGRPRIOR=0.05000,	PRINTQHAT=1,	PRINTQSUM=0,	ALPHA=1.0000,	FREQSCORR=1,	FPRIORMEAN=0.0100,	FPRIORSD=0.0500,	ONEFST=0,	LAMBDA=1.0000,	UNIFPRIORALPHA=1,	ALPHAMAX=10.0000,	ALPHAPRIORA=1.0000,	ALPHAPRIORB=2.0000,	ALPHAPROPSD=0.0250,	STARTATPOPINFO=0,	RANDOMIZE=1,	LINKAGE=0,	METROFREQ=10,	REPORTHITRATE=0,	MARKOVPHASE=-1,	PHASED=0,	PLOIDY=2,	PHASEINFO=0	LOCPRIOR=0, 	LOCPRIORINIT=1.000000, 	LOCDATA=0, 	LOCISPOP=0, 	LOCPRIORSTEP=0.100000, 	MAXLOCPRIOR=20.000000, 	SEED=1470415686,	
[STRAT parameters]:    NUMSIMSTATS=1000,	PHENOTYPECOL=-9,	POOLFREQ=10,	LOCUSxONLY=0,	EMERROR=0.00100,	MISSINGPHENO=-9,	