

----------------------------------------------------
STRUCTURE by Pritchard, Stephens and Donnelly (2000)
     and Falush, Stephens and Pritchard (2003)
       Code by Pritchard, Falush and Hubisz
             Version 2.3.4 (Jul 2012)
----------------------------------------------------



Command line arguments:   /usr/local/bin/structure -m parameter_job_T7_4 
Input File:    /home/martin/bottleneck/structure_analysis/structure_4/data_job_T7_4

Run parameters:
   90 individuals
   12 loci
   7 populations assumed
   10000 Burn-in period
   100000 Reps


--------------------------------------------
Proportion of membership of each pre-defined
 population in each of the 7 clusters

Given    Inferred Clusters                                   Number of
 Pop       1      2      3      4      5      6      7      Individuals

  1:     0.143  0.143  0.143  0.143  0.143  0.143  0.143       90
--------------------------------------------

Allele-freq. divergence among pops (Net nucleotide distance),
computed using point estimates of P.

      1       2       3       4       5       6       7      
 1      -    0.0001  0.0001  0.0003  0.0000  0.0000  0.0000  
 2   0.0001     -    0.0000  0.0004  0.0001  0.0001  0.0001  
 3   0.0001  0.0000     -    0.0004  0.0001  0.0001  0.0001  
 4   0.0003  0.0004  0.0004     -    0.0002  0.0002  0.0003  
 5   0.0000  0.0001  0.0001  0.0002     -    0.0000  0.0000  
 6   0.0000  0.0001  0.0001  0.0002  0.0000     -    0.0000  
 7   0.0000  0.0001  0.0001  0.0003  0.0000  0.0000     -    

Average distances (expected heterozygosity) between individuals in same cluster:
cluster  1  : 0.6741 
cluster  2  : 0.6817 
cluster  3  : 0.6815 
cluster  4  : 0.6656 
cluster  5  : 0.6740 
cluster  6  : 0.6720 
cluster  7  : 0.6737 

--------------------------------------------
Estimated Ln Prob of Data   = -3278.7
Mean value of ln likelihood = -3157.8
Variance of ln likelihood   = 241.8
Mean value of alpha         = 5.0040

Mean value of Fst_1         = 0.0415
Mean value of Fst_2         = 0.0117
Mean value of Fst_3         = 0.0136
Mean value of Fst_4         = 0.0745
Mean value of Fst_5         = 0.0399
Mean value of Fst_6         = 0.0464
Mean value of Fst_7         = 0.0415


Inferred ancestry of individuals:
        Label (%Miss) Pop:  Inferred clusters
  1        1    (0)    1 :  0.143 0.143 0.143 0.144 0.141 0.144 0.143 
  2        2    (0)    1 :  0.146 0.144 0.143 0.140 0.141 0.143 0.143 
  3        3    (0)    1 :  0.140 0.142 0.142 0.147 0.146 0.141 0.141 
  4        4    (0)    1 :  0.142 0.141 0.141 0.144 0.146 0.144 0.143 
  5        5    (0)    1 :  0.141 0.144 0.144 0.141 0.143 0.144 0.144 
  6        6    (0)    1 :  0.140 0.144 0.144 0.141 0.141 0.145 0.144 
  7        7    (0)    1 :  0.141 0.143 0.143 0.142 0.142 0.144 0.144 
  8        8    (0)    1 :  0.146 0.141 0.142 0.142 0.142 0.144 0.141 
  9        9    (0)    1 :  0.142 0.142 0.143 0.143 0.143 0.145 0.142 
 10       10    (8)    1 :  0.142 0.144 0.145 0.141 0.141 0.143 0.144 
 11       11    (8)    1 :  0.142 0.145 0.143 0.141 0.141 0.144 0.143 
 12       12    (0)    1 :  0.144 0.144 0.142 0.143 0.143 0.143 0.141 
 13       13    (0)    1 :  0.142 0.142 0.142 0.145 0.145 0.143 0.142 
 14       14    (0)    1 :  0.142 0.142 0.143 0.143 0.143 0.144 0.143 
 15       15    (0)    1 :  0.140 0.144 0.145 0.140 0.142 0.143 0.146 
 16       16    (0)    1 :  0.140 0.145 0.144 0.141 0.140 0.146 0.145 
 17       17    (0)    1 :  0.147 0.142 0.142 0.142 0.140 0.143 0.143 
 18       18    (0)    1 :  0.139 0.144 0.145 0.143 0.144 0.143 0.143 
 19       19    (0)    1 :  0.145 0.142 0.141 0.143 0.143 0.143 0.143 
 20       20    (0)    1 :  0.144 0.144 0.144 0.141 0.141 0.144 0.143 
 21       21    (0)    1 :  0.141 0.144 0.143 0.143 0.144 0.142 0.144 
 22       22    (0)    1 :  0.143 0.145 0.145 0.141 0.140 0.142 0.144 
 23       23    (0)    1 :  0.143 0.143 0.144 0.143 0.142 0.142 0.144 
 24       24    (0)    1 :  0.142 0.143 0.143 0.142 0.143 0.143 0.145 
 25       25    (0)    1 :  0.144 0.141 0.143 0.142 0.143 0.144 0.143 
 26       26    (0)    1 :  0.143 0.143 0.145 0.141 0.141 0.143 0.143 
 27       27    (0)    1 :  0.143 0.141 0.143 0.142 0.144 0.144 0.143 
 28       28    (0)    1 :  0.140 0.144 0.145 0.140 0.141 0.145 0.144 
 29       29    (0)    1 :  0.141 0.143 0.143 0.145 0.142 0.142 0.144 
 30       30    (0)    1 :  0.142 0.143 0.142 0.144 0.145 0.143 0.142 
 31       31    (0)    1 :  0.146 0.142 0.142 0.141 0.142 0.143 0.143 
 32       32    (0)    1 :  0.141 0.142 0.139 0.149 0.150 0.139 0.140 
 33       33    (0)    1 :  0.141 0.140 0.139 0.147 0.151 0.141 0.141 
 34       34    (0)    1 :  0.147 0.142 0.143 0.143 0.142 0.142 0.142 
 35       35    (0)    1 :  0.148 0.142 0.143 0.142 0.141 0.142 0.142 
 36       36    (0)    1 :  0.144 0.140 0.142 0.146 0.145 0.142 0.142 
 37       37    (0)    1 :  0.141 0.146 0.146 0.141 0.142 0.143 0.143 
 38       38    (0)    1 :  0.142 0.143 0.142 0.143 0.145 0.144 0.142 
 39       39    (0)    1 :  0.143 0.145 0.144 0.141 0.139 0.143 0.144 
 40       40    (0)    1 :  0.139 0.143 0.141 0.144 0.146 0.143 0.143 
 41       41    (0)    1 :  0.143 0.143 0.142 0.143 0.144 0.143 0.142 
 42       42    (0)    1 :  0.148 0.143 0.142 0.143 0.139 0.142 0.143 
 43       43    (0)    1 :  0.145 0.145 0.143 0.140 0.141 0.142 0.144 
 44       44    (0)    1 :  0.143 0.143 0.144 0.143 0.143 0.143 0.143 
 45       45    (0)    1 :  0.146 0.143 0.143 0.141 0.141 0.143 0.143 
 46       46    (0)    1 :  0.142 0.143 0.143 0.144 0.144 0.142 0.142 
 47       47    (8)    1 :  0.142 0.142 0.142 0.146 0.146 0.141 0.141 
 48       48    (8)    1 :  0.142 0.141 0.140 0.146 0.149 0.142 0.141 
 49       49    (0)    1 :  0.147 0.141 0.142 0.141 0.143 0.143 0.143 
 50       50    (0)    1 :  0.143 0.142 0.142 0.143 0.144 0.142 0.143 
 51       51    (0)    1 :  0.148 0.142 0.144 0.141 0.142 0.141 0.142 
 52       52    (0)    1 :  0.139 0.146 0.145 0.142 0.143 0.143 0.142 
 53       53    (0)    1 :  0.150 0.141 0.142 0.142 0.140 0.141 0.142 
 54       54   (25)    1 :  0.145 0.142 0.143 0.143 0.142 0.143 0.142 
 55       55    (0)    1 :  0.145 0.142 0.144 0.142 0.141 0.143 0.143 
 56       56    (0)    1 :  0.150 0.141 0.143 0.141 0.139 0.143 0.143 
 57       57    (8)    1 :  0.146 0.143 0.143 0.142 0.140 0.143 0.143 
 58       58    (0)    1 :  0.145 0.142 0.142 0.144 0.143 0.143 0.142 
 59       59    (0)    1 :  0.144 0.142 0.143 0.143 0.143 0.143 0.142 
 60       60   (16)    1 :  0.142 0.143 0.145 0.142 0.142 0.141 0.144 
 61       61    (0)    1 :  0.142 0.142 0.143 0.141 0.146 0.144 0.143 
 62       62    (0)    1 :  0.144 0.143 0.145 0.141 0.141 0.143 0.143 
 63       63    (0)    1 :  0.141 0.141 0.141 0.148 0.147 0.141 0.141 
 64       64    (0)    1 :  0.143 0.142 0.143 0.141 0.141 0.144 0.144 
 65       65    (0)    1 :  0.142 0.142 0.143 0.142 0.143 0.142 0.145 
 66       66    (0)    1 :  0.151 0.143 0.143 0.139 0.141 0.142 0.143 
 67       67    (0)    1 :  0.141 0.144 0.142 0.142 0.143 0.143 0.144 
 68       68    (0)    1 :  0.142 0.142 0.143 0.141 0.144 0.144 0.144 
 69       69    (0)    1 :  0.143 0.144 0.144 0.141 0.140 0.144 0.144 
 70       70    (0)    1 :  0.142 0.144 0.146 0.142 0.141 0.143 0.143 
 71       71    (0)    1 :  0.140 0.148 0.145 0.141 0.141 0.143 0.142 
 72       72    (0)    1 :  0.140 0.145 0.145 0.142 0.141 0.142 0.145 
 73       73    (0)    1 :  0.142 0.142 0.143 0.144 0.144 0.143 0.142 
 74       74    (0)    1 :  0.142 0.145 0.144 0.141 0.142 0.143 0.144 
 75       75    (0)    1 :  0.140 0.148 0.146 0.139 0.140 0.142 0.144 
 76       76    (0)    1 :  0.145 0.140 0.143 0.144 0.143 0.142 0.143 
 77       77    (0)    1 :  0.142 0.144 0.144 0.143 0.141 0.142 0.143 
 78       78   (25)    1 :  0.143 0.144 0.143 0.143 0.142 0.143 0.143 
 79       79    (0)    1 :  0.142 0.143 0.143 0.144 0.142 0.143 0.143 
 80       80    (0)    1 :  0.142 0.144 0.142 0.143 0.142 0.144 0.143 
 81       81    (0)    1 :  0.143 0.141 0.143 0.146 0.142 0.143 0.142 
 82       82    (0)    1 :  0.142 0.147 0.147 0.142 0.140 0.143 0.140 
 83       83    (0)    1 :  0.138 0.148 0.145 0.141 0.142 0.143 0.143 
 84       84    (0)    1 :  0.141 0.143 0.143 0.143 0.144 0.142 0.143 
 85       85    (0)    1 :  0.142 0.144 0.144 0.142 0.143 0.143 0.142 
 86       86    (0)    1 :  0.142 0.143 0.144 0.145 0.143 0.141 0.142 
 87       87    (0)    1 :  0.142 0.142 0.141 0.146 0.143 0.142 0.143 
 88       88    (0)    1 :  0.140 0.138 0.136 0.154 0.154 0.139 0.139 
 89       89    (0)    1 :  0.142 0.143 0.142 0.143 0.145 0.142 0.142 
 90       90    (0)    1 :  0.144 0.144 0.145 0.140 0.141 0.143 0.144 


Estimated Allele Frequencies in each cluster
First column gives estimated ancestral frequencies


Locus 1 : 
4 alleles
3.3% missing data
 191   (0.706) 0.720 0.710 0.711 0.733 0.717 0.718 0.718 
 195   (0.147) 0.141 0.145 0.145 0.137 0.143 0.141 0.142 
 189   (0.115) 0.112 0.114 0.114 0.105 0.113 0.114 0.113 
 193   (0.032) 0.027 0.031 0.030 0.025 0.027 0.027 0.027 

Locus 2 : 
17 alleles
1.1% missing data
 214   (0.098) 0.101 0.098 0.099 0.096 0.096 0.099 0.100 
 228   (0.095) 0.096 0.096 0.096 0.099 0.099 0.100 0.099 
 226   (0.094) 0.099 0.095 0.095 0.094 0.096 0.097 0.098 
 230   (0.061) 0.060 0.061 0.062 0.058 0.058 0.061 0.060 
 216   (0.117) 0.125 0.121 0.118 0.128 0.132 0.124 0.120 
 220   (0.079) 0.078 0.079 0.079 0.074 0.077 0.079 0.079 
 222   (0.088) 0.086 0.087 0.088 0.085 0.090 0.089 0.090 
 212   (0.165) 0.178 0.168 0.169 0.199 0.174 0.176 0.179 
 224   (0.037) 0.035 0.036 0.036 0.033 0.035 0.035 0.035 
 242   (0.027) 0.024 0.026 0.026 0.023 0.025 0.024 0.024 
 234   (0.018) 0.014 0.017 0.017 0.014 0.015 0.014 0.014 
 218   (0.034) 0.030 0.033 0.032 0.029 0.030 0.030 0.031 
 210   (0.034) 0.031 0.033 0.033 0.029 0.030 0.030 0.030 
 240   (0.012) 0.009 0.012 0.011 0.009 0.010 0.010 0.009 
 198   (0.018) 0.014 0.017 0.016 0.014 0.015 0.014 0.014 
 250   (0.012) 0.009 0.011 0.011 0.008 0.010 0.009 0.009 
 246   (0.012) 0.009 0.012 0.011 0.008 0.009 0.009 0.009 

Locus 3 : 
6 alleles
1.1% missing data
 197   (0.337) 0.342 0.338 0.338 0.364 0.343 0.345 0.341 
 201   (0.169) 0.170 0.170 0.169 0.165 0.170 0.167 0.169 
 203   (0.227) 0.229 0.227 0.227 0.222 0.230 0.229 0.232 
 199   (0.174) 0.173 0.173 0.174 0.168 0.172 0.174 0.173 
 207   (0.031) 0.027 0.030 0.030 0.026 0.027 0.026 0.026 
 191   (0.063) 0.059 0.062 0.062 0.055 0.059 0.058 0.059 

Locus 4 : 
9 alleles
1.1% missing data
 325   (0.423) 0.439 0.428 0.427 0.429 0.437 0.442 0.439 
 321   (0.104) 0.103 0.104 0.105 0.097 0.099 0.102 0.104 
 327   (0.177) 0.183 0.178 0.178 0.213 0.188 0.180 0.183 
 349   (0.036) 0.032 0.035 0.035 0.030 0.032 0.032 0.032 
 329   (0.083) 0.081 0.083 0.083 0.077 0.080 0.081 0.079 
 319   (0.072) 0.069 0.071 0.071 0.067 0.070 0.070 0.069 
 323   (0.079) 0.074 0.078 0.078 0.070 0.075 0.075 0.075 
 341   (0.013) 0.010 0.012 0.012 0.009 0.010 0.010 0.010 
 331   (0.013) 0.009 0.012 0.011 0.009 0.010 0.009 0.009 

Locus 5 : 
5 alleles
0.0% missing data
 178   (0.623) 0.625 0.628 0.626 0.649 0.638 0.639 0.635 
 184   (0.063) 0.059 0.062 0.062 0.057 0.058 0.058 0.058 
 186   (0.031) 0.026 0.029 0.029 0.024 0.026 0.026 0.026 
 180   (0.199) 0.210 0.198 0.199 0.194 0.197 0.198 0.200 
 182   (0.085) 0.080 0.083 0.084 0.076 0.081 0.078 0.081 

Locus 6 : 
5 alleles
0.0% missing data
 286   (0.703) 0.721 0.709 0.709 0.730 0.720 0.723 0.720 
 290   (0.042) 0.038 0.041 0.041 0.036 0.038 0.037 0.037 
 284   (0.102) 0.096 0.100 0.100 0.094 0.098 0.097 0.096 
 288   (0.140) 0.136 0.138 0.139 0.131 0.133 0.133 0.137 
 282   (0.013) 0.010 0.012 0.012 0.009 0.010 0.010 0.010 

Locus 7 : 
5 alleles
1.1% missing data
 140   (0.756) 0.774 0.761 0.762 0.781 0.771 0.775 0.774 
 155   (0.069) 0.064 0.067 0.067 0.064 0.065 0.065 0.065 
 151   (0.093) 0.087 0.091 0.091 0.084 0.089 0.087 0.087 
 157   (0.047) 0.043 0.045 0.045 0.041 0.043 0.041 0.042 
 142   (0.036) 0.032 0.035 0.035 0.030 0.032 0.031 0.032 

Locus 8 : 
6 alleles
1.1% missing data
 150   (0.614) 0.631 0.620 0.620 0.648 0.633 0.635 0.631 
 148   (0.031) 0.027 0.030 0.029 0.024 0.027 0.027 0.026 
 152   (0.187) 0.184 0.185 0.187 0.179 0.183 0.184 0.188 
 146   (0.054) 0.049 0.053 0.052 0.046 0.049 0.048 0.049 
 154   (0.095) 0.093 0.094 0.094 0.089 0.092 0.092 0.092 
 162   (0.019) 0.015 0.018 0.017 0.014 0.015 0.015 0.015 

Locus 9 : 
8 alleles
2.2% missing data
 221   (0.170) 0.170 0.170 0.170 0.185 0.176 0.170 0.173 
 223   (0.137) 0.136 0.138 0.137 0.132 0.137 0.135 0.139 
 225   (0.217) 0.220 0.220 0.220 0.232 0.220 0.227 0.221 
 229   (0.169) 0.178 0.169 0.169 0.165 0.170 0.170 0.168 
 227   (0.163) 0.164 0.163 0.163 0.159 0.165 0.167 0.163 
 217   (0.073) 0.069 0.072 0.072 0.066 0.069 0.068 0.071 
 219   (0.018) 0.015 0.018 0.017 0.014 0.015 0.015 0.015 
 231   (0.053) 0.049 0.052 0.052 0.047 0.048 0.049 0.049 

Locus 10 : 
7 alleles
0.0% missing data
 175   (0.311) 0.321 0.313 0.314 0.307 0.313 0.323 0.319 
 183   (0.190) 0.191 0.191 0.191 0.198 0.195 0.192 0.190 
 177   (0.205) 0.205 0.205 0.205 0.202 0.202 0.203 0.210 
 181   (0.177) 0.180 0.178 0.177 0.195 0.184 0.178 0.177 
 185   (0.053) 0.047 0.051 0.051 0.045 0.048 0.047 0.048 
 188   (0.052) 0.047 0.051 0.050 0.045 0.048 0.047 0.047 
 173   (0.013) 0.010 0.012 0.011 0.009 0.010 0.010 0.010 

Locus 11 : 
11 alleles
3.3% missing data
 136   (0.082) 0.080 0.081 0.082 0.080 0.082 0.080 0.081 
 138   (0.098) 0.096 0.098 0.098 0.093 0.095 0.100 0.099 
 126   (0.111) 0.120 0.114 0.114 0.109 0.113 0.114 0.114 
 130   (0.232) 0.239 0.236 0.234 0.271 0.245 0.245 0.241 
 134   (0.100) 0.099 0.099 0.100 0.094 0.099 0.099 0.101 
 128   (0.090) 0.088 0.089 0.089 0.084 0.088 0.086 0.087 
 140   (0.099) 0.101 0.098 0.099 0.095 0.096 0.097 0.098 
 132   (0.138) 0.141 0.138 0.139 0.138 0.141 0.138 0.140 
 142   (0.024) 0.020 0.023 0.023 0.019 0.021 0.020 0.021 
 144   (0.012) 0.009 0.012 0.011 0.008 0.010 0.010 0.009 
 120   (0.013) 0.009 0.012 0.011 0.009 0.010 0.010 0.009 

Locus 12 : 
7 alleles
0.0% missing data
 175   (0.101) 0.097 0.099 0.100 0.093 0.096 0.096 0.098 
 177   (0.319) 0.331 0.321 0.324 0.316 0.329 0.333 0.327 
 173   (0.046) 0.042 0.045 0.045 0.039 0.042 0.042 0.043 
 183   (0.228) 0.229 0.229 0.229 0.230 0.231 0.229 0.232 
 185   (0.150) 0.150 0.153 0.150 0.178 0.153 0.153 0.152 
 179   (0.088) 0.086 0.087 0.087 0.083 0.087 0.085 0.085 
 181   (0.066) 0.065 0.065 0.065 0.060 0.063 0.063 0.064 

Values of parameters used in structure:
DATAFILE=/home/martin/bottleneck/structure_analysis/structure_4/data_job_T7_4,	OUTFILE=/home/martin/bottleneck/structure_analysis/structure_4/structure_results/galapagos_fur_seal/results_job_T7_4,	NUMINDS=90,	NUMLOCI=12,	MISSING=-9,	LABEL=1,	POPDATA=1,	POPFLAG=0,	PHENOTYPE=0,	EXTRACOLS=0,	MAXPOPS=7,	BURNIN=10000,	NUMREPS=100000,	USEPOPINFO=0,	INFERALPHA=1,	INFERLAMBDA=0,	POPSPECIFICLAMBDA=0,	POPALPHAS=0,	COMPUTEPROB=1,	NOADMIX=0,	ADMBURNIN=2500,	UPDATEFREQ=1,	PRINTLIKES=0,	INTERMEDSAVE=0,	PRINTKLD=0,	PRINTNET=0,	PRINTLAMBDA=0,	ANCESTDIST=0,	NUMBOXES=1000,	ANCESTPINT=0.90000,	GENSBACK=2,	MIGRPRIOR=0.05000,	PRINTQHAT=1,	PRINTQSUM=0,	ALPHA=1.0000,	FREQSCORR=1,	FPRIORMEAN=0.0100,	FPRIORSD=0.0500,	ONEFST=0,	LAMBDA=1.0000,	UNIFPRIORALPHA=1,	ALPHAMAX=10.0000,	ALPHAPRIORA=1.0000,	ALPHAPRIORB=2.0000,	ALPHAPROPSD=0.0250,	STARTATPOPINFO=0,	RANDOMIZE=1,	LINKAGE=0,	METROFREQ=10,	REPORTHITRATE=0,	MARKOVPHASE=-1,	PHASED=0,	PLOIDY=2,	PHASEINFO=0	LOCPRIOR=0, 	LOCPRIORINIT=1.000000, 	LOCDATA=0, 	LOCISPOP=0, 	LOCPRIORSTEP=0.100000, 	MAXLOCPRIOR=20.000000, 	SEED=1470415270,	
[STRAT parameters]:    NUMSIMSTATS=1000,	PHENOTYPECOL=-9,	POOLFREQ=10,	LOCUSxONLY=0,	EMERROR=0.00100,	MISSINGPHENO=-9,	