

----------------------------------------------------
STRUCTURE by Pritchard, Stephens and Donnelly (2000)
     and Falush, Stephens and Pritchard (2003)
       Code by Pritchard, Falush and Hubisz
             Version 2.3.4 (Jul 2012)
----------------------------------------------------



Command line arguments:   /usr/local/bin/structure -m parameter_job_T3_3 
Input File:    /home/martin/bottleneck/structure_analysis/structure_4/data_job_T3_3

Run parameters:
   90 individuals
   12 loci
   3 populations assumed
   10000 Burn-in period
   100000 Reps


--------------------------------------------
Proportion of membership of each pre-defined
 population in each of the 3 clusters

Given    Inferred Clusters       Number of
 Pop       1      2      3      Individuals

  1:     0.334  0.332  0.334       90
--------------------------------------------

Allele-freq. divergence among pops (Net nucleotide distance),
computed using point estimates of P.

      1       2       3      
 1      -    0.0006  0.0000  
 2   0.0006     -    0.0006  
 3   0.0000  0.0006     -    

Average distances (expected heterozygosity) between individuals in same cluster:
cluster  1  : 0.6823 
cluster  2  : 0.6592 
cluster  3  : 0.6828 

--------------------------------------------
Estimated Ln Prob of Data   = -3281.0
Mean value of ln likelihood = -3155.4
Variance of ln likelihood   = 251.3
Mean value of alpha         = 2.6162

Mean value of Fst_1         = 0.0018
Mean value of Fst_2         = 0.0375
Mean value of Fst_3         = 0.0009


Inferred ancestry of individuals:
        Label (%Miss) Pop:  Inferred clusters
  1        1    (0)    1 :  0.331 0.339 0.330 
  2        2    (0)    1 :  0.329 0.346 0.325 
  3        3    (0)    1 :  0.331 0.332 0.337 
  4        4    (0)    1 :  0.306 0.393 0.301 
  5        5    (0)    1 :  0.346 0.301 0.352 
  6        6    (0)    1 :  0.349 0.293 0.358 
  7        7    (0)    1 :  0.339 0.325 0.336 
  8        8    (0)    1 :  0.318 0.364 0.318 
  9        9    (0)    1 :  0.327 0.340 0.333 
 10       10    (8)    1 :  0.344 0.320 0.337 
 11       11    (8)    1 :  0.342 0.322 0.336 
 12       12    (0)    1 :  0.330 0.341 0.329 
 13       13    (0)    1 :  0.348 0.314 0.338 
 14       14    (0)    1 :  0.324 0.354 0.322 
 15       15    (0)    1 :  0.345 0.308 0.348 
 16       16    (0)    1 :  0.356 0.285 0.359 
 17       17    (0)    1 :  0.322 0.356 0.323 
 18       18    (0)    1 :  0.347 0.304 0.350 
 19       19    (0)    1 :  0.334 0.336 0.330 
 20       20    (0)    1 :  0.347 0.308 0.345 
 21       21    (0)    1 :  0.338 0.331 0.331 
 22       22    (0)    1 :  0.352 0.294 0.354 
 23       23    (0)    1 :  0.340 0.316 0.344 
 24       24    (0)    1 :  0.343 0.324 0.334 
 25       25    (0)    1 :  0.317 0.370 0.313 
 26       26    (0)    1 :  0.342 0.314 0.344 
 27       27    (0)    1 :  0.328 0.346 0.326 
 28       28    (0)    1 :  0.356 0.280 0.363 
 29       29    (0)    1 :  0.342 0.318 0.340 
 30       30    (0)    1 :  0.329 0.347 0.324 
 31       31    (0)    1 :  0.313 0.373 0.314 
 32       32    (0)    1 :  0.311 0.377 0.312 
 33       33    (0)    1 :  0.306 0.394 0.299 
 34       34    (0)    1 :  0.322 0.354 0.324 
 35       35    (0)    1 :  0.333 0.337 0.330 
 36       36    (0)    1 :  0.304 0.393 0.303 
 37       37    (0)    1 :  0.354 0.288 0.358 
 38       38    (0)    1 :  0.319 0.365 0.316 
 39       39    (0)    1 :  0.354 0.292 0.355 
 40       40    (0)    1 :  0.329 0.341 0.330 
 41       41    (0)    1 :  0.313 0.371 0.316 
 42       42    (0)    1 :  0.325 0.348 0.327 
 43       43    (0)    1 :  0.336 0.327 0.337 
 44       44    (0)    1 :  0.337 0.320 0.343 
 45       45    (0)    1 :  0.333 0.344 0.322 
 46       46    (0)    1 :  0.331 0.339 0.330 
 47       47    (8)    1 :  0.321 0.363 0.315 
 48       48    (8)    1 :  0.311 0.381 0.308 
 49       49    (0)    1 :  0.323 0.358 0.318 
 50       50    (0)    1 :  0.322 0.360 0.318 
 51       51    (0)    1 :  0.322 0.351 0.327 
 52       52    (0)    1 :  0.355 0.290 0.355 
 53       53    (0)    1 :  0.319 0.359 0.321 
 54       54   (25)    1 :  0.321 0.359 0.320 
 55       55    (0)    1 :  0.328 0.346 0.326 
 56       56    (0)    1 :  0.325 0.354 0.321 
 57       57    (8)    1 :  0.338 0.323 0.340 
 58       58    (0)    1 :  0.317 0.366 0.316 
 59       59    (0)    1 :  0.318 0.366 0.316 
 60       60   (16)    1 :  0.348 0.302 0.350 
 61       61    (0)    1 :  0.325 0.344 0.331 
 62       62    (0)    1 :  0.357 0.288 0.355 
 63       63    (0)    1 :  0.324 0.359 0.317 
 64       64    (0)    1 :  0.334 0.331 0.334 
 65       65    (0)    1 :  0.332 0.343 0.325 
 66       66    (0)    1 :  0.334 0.327 0.339 
 67       67    (0)    1 :  0.349 0.305 0.346 
 68       68    (0)    1 :  0.335 0.328 0.337 
 69       69    (0)    1 :  0.338 0.314 0.348 
 70       70    (0)    1 :  0.354 0.281 0.365 
 71       71    (0)    1 :  0.353 0.284 0.363 
 72       72    (0)    1 :  0.354 0.286 0.360 
 73       73    (0)    1 :  0.316 0.362 0.322 
 74       74    (0)    1 :  0.355 0.290 0.355 
 75       75    (0)    1 :  0.359 0.264 0.376 
 76       76    (0)    1 :  0.313 0.378 0.310 
 77       77    (0)    1 :  0.333 0.330 0.337 
 78       78   (25)    1 :  0.339 0.324 0.337 
 79       79    (0)    1 :  0.341 0.317 0.342 
 80       80    (0)    1 :  0.336 0.331 0.333 
 81       81    (0)    1 :  0.331 0.340 0.329 
 82       82    (0)    1 :  0.350 0.294 0.355 
 83       83    (0)    1 :  0.359 0.268 0.373 
 84       84    (0)    1 :  0.342 0.316 0.342 
 85       85    (0)    1 :  0.338 0.315 0.347 
 86       86    (0)    1 :  0.329 0.343 0.328 
 87       87    (0)    1 :  0.328 0.344 0.329 
 88       88    (0)    1 :  0.309 0.383 0.308 
 89       89    (0)    1 :  0.334 0.330 0.336 
 90       90    (0)    1 :  0.348 0.311 0.341 


Estimated Allele Frequencies in each cluster
First column gives estimated ancestral frequencies


Locus 1 : 
4 alleles
3.3% missing data
 191   (0.713) 0.713 0.733 0.713 
 195   (0.143) 0.142 0.139 0.143 
 189   (0.114) 0.114 0.108 0.114 
 193   (0.031) 0.030 0.021 0.031 

Locus 2 : 
17 alleles
1.1% missing data
 214   (0.101) 0.102 0.092 0.102 
 228   (0.091) 0.091 0.107 0.091 
 226   (0.095) 0.094 0.100 0.095 
 230   (0.065) 0.065 0.057 0.064 
 216   (0.115) 0.116 0.141 0.115 
 220   (0.076) 0.076 0.078 0.075 
 222   (0.089) 0.089 0.086 0.089 
 212   (0.167) 0.168 0.191 0.167 
 224   (0.037) 0.037 0.032 0.037 
 242   (0.027) 0.027 0.021 0.027 
 234   (0.016) 0.016 0.011 0.016 
 218   (0.033) 0.033 0.026 0.033 
 210   (0.034) 0.034 0.025 0.034 
 240   (0.012) 0.012 0.007 0.012 
 198   (0.018) 0.017 0.011 0.017 
 250   (0.012) 0.012 0.007 0.012 
 246   (0.012) 0.011 0.007 0.012 

Locus 3 : 
6 alleles
1.1% missing data
 197   (0.335) 0.335 0.359 0.335 
 201   (0.167) 0.168 0.175 0.167 
 203   (0.229) 0.229 0.231 0.229 
 199   (0.178) 0.179 0.164 0.178 
 207   (0.028) 0.028 0.021 0.028 
 191   (0.062) 0.062 0.050 0.062 

Locus 4 : 
9 alleles
1.1% missing data
 325   (0.422) 0.423 0.457 0.423 
 321   (0.100) 0.099 0.099 0.099 
 327   (0.184) 0.185 0.198 0.183 
 349   (0.035) 0.035 0.025 0.035 
 329   (0.084) 0.083 0.075 0.084 
 319   (0.073) 0.072 0.064 0.073 
 323   (0.079) 0.078 0.067 0.079 
 341   (0.012) 0.012 0.007 0.012 
 331   (0.012) 0.012 0.007 0.012 

Locus 5 : 
5 alleles
0.0% missing data
 178   (0.619) 0.621 0.652 0.621 
 184   (0.064) 0.063 0.055 0.063 
 186   (0.029) 0.029 0.021 0.029 
 180   (0.202) 0.201 0.202 0.201 
 182   (0.087) 0.086 0.071 0.086 

Locus 6 : 
5 alleles
0.0% missing data
 286   (0.708) 0.710 0.743 0.709 
 290   (0.039) 0.039 0.035 0.039 
 284   (0.101) 0.101 0.092 0.101 
 288   (0.139) 0.138 0.123 0.138 
 282   (0.013) 0.013 0.007 0.013 

Locus 7 : 
5 alleles
1.1% missing data
 140   (0.759) 0.761 0.789 0.761 
 155   (0.069) 0.069 0.060 0.069 
 151   (0.092) 0.092 0.080 0.092 
 157   (0.046) 0.045 0.041 0.045 
 142   (0.034) 0.034 0.030 0.033 

Locus 8 : 
6 alleles
1.1% missing data
 150   (0.618) 0.620 0.652 0.619 
 148   (0.029) 0.029 0.023 0.029 
 152   (0.186) 0.186 0.182 0.186 
 146   (0.053) 0.052 0.040 0.053 
 154   (0.094) 0.094 0.091 0.094 
 162   (0.019) 0.019 0.012 0.019 

Locus 9 : 
8 alleles
2.2% missing data
 221   (0.169) 0.171 0.183 0.170 
 223   (0.138) 0.137 0.132 0.138 
 225   (0.219) 0.220 0.228 0.220 
 229   (0.166) 0.166 0.170 0.166 
 227   (0.161) 0.160 0.170 0.161 
 217   (0.076) 0.075 0.062 0.076 
 219   (0.018) 0.018 0.012 0.018 
 231   (0.052) 0.052 0.043 0.052 

Locus 10 : 
7 alleles
0.0% missing data
 175   (0.311) 0.313 0.328 0.311 
 183   (0.187) 0.187 0.199 0.188 
 177   (0.206) 0.205 0.193 0.206 
 181   (0.180) 0.181 0.189 0.180 
 185   (0.051) 0.051 0.040 0.051 
 188   (0.053) 0.052 0.045 0.052 
 173   (0.013) 0.012 0.007 0.012 

Locus 11 : 
11 alleles
3.3% missing data
 136   (0.081) 0.082 0.077 0.081 
 138   (0.101) 0.101 0.089 0.101 
 126   (0.107) 0.107 0.118 0.108 
 130   (0.234) 0.235 0.263 0.234 
 134   (0.097) 0.097 0.100 0.097 
 128   (0.089) 0.088 0.088 0.088 
 140   (0.100) 0.099 0.091 0.100 
 132   (0.141) 0.142 0.143 0.141 
 142   (0.025) 0.025 0.016 0.025 
 144   (0.012) 0.012 0.007 0.012 
 120   (0.013) 0.012 0.007 0.012 

Locus 12 : 
7 alleles
0.0% missing data
 175   (0.101) 0.101 0.089 0.102 
 177   (0.320) 0.320 0.331 0.320 
 173   (0.046) 0.046 0.038 0.046 
 183   (0.228) 0.229 0.231 0.228 
 185   (0.151) 0.152 0.166 0.152 
 179   (0.086) 0.087 0.085 0.086 
 181   (0.066) 0.066 0.060 0.066 

Values of parameters used in structure:
DATAFILE=/home/martin/bottleneck/structure_analysis/structure_4/data_job_T3_3,	OUTFILE=/home/martin/bottleneck/structure_analysis/structure_4/structure_results/galapagos_fur_seal/results_job_T3_3,	NUMINDS=90,	NUMLOCI=12,	MISSING=-9,	LABEL=1,	POPDATA=1,	POPFLAG=0,	PHENOTYPE=0,	EXTRACOLS=0,	MAXPOPS=3,	BURNIN=10000,	NUMREPS=100000,	USEPOPINFO=0,	INFERALPHA=1,	INFERLAMBDA=0,	POPSPECIFICLAMBDA=0,	POPALPHAS=0,	COMPUTEPROB=1,	NOADMIX=0,	ADMBURNIN=2500,	UPDATEFREQ=1,	PRINTLIKES=0,	INTERMEDSAVE=0,	PRINTKLD=0,	PRINTNET=0,	PRINTLAMBDA=0,	ANCESTDIST=0,	NUMBOXES=1000,	ANCESTPINT=0.90000,	GENSBACK=2,	MIGRPRIOR=0.05000,	PRINTQHAT=1,	PRINTQSUM=0,	ALPHA=1.0000,	FREQSCORR=1,	FPRIORMEAN=0.0100,	FPRIORSD=0.0500,	ONEFST=0,	LAMBDA=1.0000,	UNIFPRIORALPHA=1,	ALPHAMAX=10.0000,	ALPHAPRIORA=1.0000,	ALPHAPRIORB=2.0000,	ALPHAPROPSD=0.0250,	STARTATPOPINFO=0,	RANDOMIZE=1,	LINKAGE=0,	METROFREQ=10,	REPORTHITRATE=0,	MARKOVPHASE=-1,	PHASED=0,	PLOIDY=2,	PHASEINFO=0	LOCPRIOR=0, 	LOCPRIORINIT=1.000000, 	LOCDATA=0, 	LOCISPOP=0, 	LOCPRIORSTEP=0.100000, 	MAXLOCPRIOR=20.000000, 	SEED=1470413907,	
[STRAT parameters]:    NUMSIMSTATS=1000,	PHENOTYPECOL=-9,	POOLFREQ=10,	LOCUSxONLY=0,	EMERROR=0.00100,	MISSINGPHENO=-9,	