

----------------------------------------------------
STRUCTURE by Pritchard, Stephens and Donnelly (2000)
     and Falush, Stephens and Pritchard (2003)
       Code by Pritchard, Falush and Hubisz
             Version 2.3.4 (Jul 2012)
----------------------------------------------------



Command line arguments:   /usr/local/bin/structure -m parameter_job_T10_1 
Input File:    /home/martin/bottleneck/structure_analysis/structure_4/data_job_T10_1

Run parameters:
   347 individuals
   13 loci
   10 populations assumed
   10000 Burn-in period
   100000 Reps


--------------------------------------------
Proportion of membership of each pre-defined
 population in each of the 10 clusters

Given    Inferred Clusters                                                        Number of
 Pop       1      2      3      4      5      6      7      8      9     10      Individuals

  1:     0.100  0.100  0.100  0.100  0.101  0.100  0.100  0.100  0.100  0.100      347
--------------------------------------------

Allele-freq. divergence among pops (Net nucleotide distance),
computed using point estimates of P.

      1       2       3       4       5       6       7       8       9      10      
 1      -    0.0005  0.0007  0.0009  0.0013  0.0003  0.0006  0.0004  0.0006  0.0007  
 2   0.0005     -    0.0007  0.0008  0.0004  0.0005  0.0007  0.0011  0.0011  0.0007  
 3   0.0007  0.0007     -    0.0002  0.0016  0.0010  0.0002  0.0005  0.0003  0.0005  
 4   0.0009  0.0008  0.0002     -    0.0014  0.0008  0.0004  0.0005  0.0004  0.0003  
 5   0.0013  0.0004  0.0016  0.0014     -    0.0009  0.0017  0.0021  0.0022  0.0011  
 6   0.0003  0.0005  0.0010  0.0008  0.0009     -    0.0010  0.0007  0.0010  0.0007  
 7   0.0006  0.0007  0.0002  0.0004  0.0017  0.0010     -    0.0003  0.0002  0.0003  
 8   0.0004  0.0011  0.0005  0.0005  0.0021  0.0007  0.0003     -    0.0002  0.0004  
 9   0.0006  0.0011  0.0003  0.0004  0.0022  0.0010  0.0002  0.0002     -    0.0005  
10   0.0007  0.0007  0.0005  0.0003  0.0011  0.0007  0.0003  0.0004  0.0005     -    

Average distances (expected heterozygosity) between individuals in same cluster:
cluster  1  : 0.7517 
cluster  2  : 0.7481 
cluster  3  : 0.7483 
cluster  4  : 0.7394 
cluster  5  : 0.7429 
cluster  6  : 0.7434 
cluster  7  : 0.7480 
cluster  8  : 0.7455 
cluster  9  : 0.7466 
cluster 10  : 0.7399 

--------------------------------------------
Estimated Ln Prob of Data   = -16533.2
Mean value of ln likelihood = -13940.2
Variance of ln likelihood   = 5185.9
Mean value of alpha         = 0.4005

Mean value of Fst_1         = 0.0615
Mean value of Fst_2         = 0.1097
Mean value of Fst_3         = 0.0919
Mean value of Fst_4         = 0.1365
Mean value of Fst_5         = 0.1456
Mean value of Fst_6         = 0.1039
Mean value of Fst_7         = 0.0883
Mean value of Fst_8         = 0.0743
Mean value of Fst_9         = 0.0711
Mean value of Fst_10         = 0.1284


Inferred ancestry of individuals:
        Label (%Miss) Pop:  Inferred clusters
  1        1    (0)    1 :  0.099 0.108 0.092 0.098 0.114 0.104 0.090 0.096 0.096 0.103 
  2        2    (0)    1 :  0.109 0.102 0.098 0.098 0.097 0.105 0.099 0.102 0.096 0.096 
  3        3    (0)    1 :  0.103 0.103 0.101 0.096 0.090 0.104 0.102 0.107 0.097 0.097 
  4        4    (0)    1 :  0.098 0.094 0.109 0.103 0.095 0.094 0.102 0.094 0.108 0.103 
  5        5    (0)    1 :  0.107 0.096 0.093 0.094 0.088 0.106 0.097 0.107 0.101 0.111 
  6        6    (0)    1 :  0.095 0.102 0.106 0.108 0.099 0.094 0.104 0.092 0.101 0.099 
  7        7    (0)    1 :  0.101 0.093 0.093 0.101 0.103 0.099 0.096 0.096 0.109 0.109 
  8        8    (0)    1 :  0.091 0.101 0.100 0.099 0.101 0.092 0.096 0.095 0.119 0.106 
  9        9    (0)    1 :  0.094 0.103 0.098 0.096 0.113 0.102 0.093 0.098 0.103 0.099 
 10       10    (0)    1 :  0.101 0.101 0.094 0.101 0.104 0.098 0.094 0.102 0.107 0.097 
 11       11    (0)    1 :  0.109 0.100 0.097 0.095 0.093 0.102 0.093 0.107 0.107 0.097 
 12       12    (0)    1 :  0.101 0.093 0.096 0.097 0.099 0.104 0.101 0.107 0.095 0.109 
 13       13    (0)    1 :  0.097 0.089 0.098 0.104 0.092 0.091 0.101 0.102 0.110 0.116 
 14       14    (0)    1 :  0.097 0.097 0.103 0.102 0.098 0.097 0.105 0.096 0.101 0.103 
 15       15    (0)    1 :  0.098 0.105 0.092 0.101 0.103 0.106 0.090 0.107 0.095 0.104 
 16       16    (0)    1 :  0.092 0.106 0.098 0.096 0.110 0.102 0.093 0.097 0.104 0.102 
 17       17    (0)    1 :  0.112 0.105 0.103 0.101 0.084 0.093 0.111 0.098 0.105 0.090 
 18       18    (0)    1 :  0.105 0.094 0.097 0.099 0.095 0.103 0.097 0.100 0.105 0.104 
 19       19    (0)    1 :  0.102 0.103 0.099 0.092 0.103 0.105 0.096 0.102 0.101 0.096 
 20       20    (0)    1 :  0.110 0.103 0.096 0.091 0.108 0.113 0.090 0.108 0.088 0.093 
 21       21    (0)    1 :  0.111 0.110 0.087 0.093 0.114 0.112 0.088 0.093 0.089 0.101 
 22       22    (0)    1 :  0.097 0.111 0.093 0.104 0.123 0.109 0.086 0.093 0.088 0.096 
 23       23    (0)    1 :  0.107 0.104 0.097 0.102 0.092 0.102 0.104 0.103 0.091 0.097 
 24       24    (0)    1 :  0.104 0.094 0.099 0.102 0.094 0.100 0.105 0.106 0.100 0.096 
 25       25    (0)    1 :  0.099 0.106 0.105 0.101 0.109 0.097 0.097 0.098 0.095 0.094 
 26       26    (0)    1 :  0.112 0.091 0.099 0.096 0.085 0.106 0.099 0.109 0.106 0.095 
 27       27    (0)    1 :  0.096 0.091 0.094 0.102 0.093 0.102 0.101 0.102 0.111 0.109 
 28       28    (0)    1 :  0.099 0.109 0.098 0.097 0.111 0.102 0.094 0.094 0.096 0.100 
 29       29    (0)    1 :  0.109 0.093 0.103 0.092 0.086 0.111 0.104 0.113 0.096 0.094 
 30       30    (0)    1 :  0.100 0.099 0.096 0.099 0.106 0.102 0.097 0.099 0.108 0.096 
 31       31   (15)    1 :  0.101 0.097 0.101 0.098 0.093 0.095 0.112 0.102 0.103 0.097 
 32       32    (0)    1 :  0.105 0.104 0.098 0.097 0.099 0.102 0.094 0.103 0.098 0.099 
 33       33   (23)    1 :  0.108 0.099 0.092 0.102 0.109 0.105 0.089 0.095 0.095 0.106 
 34       34    (0)    1 :  0.110 0.101 0.097 0.096 0.091 0.103 0.094 0.103 0.105 0.098 
 35       35    (0)    1 :  0.098 0.106 0.097 0.105 0.099 0.104 0.097 0.098 0.100 0.097 
 36       36    (7)    1 :  0.096 0.099 0.099 0.100 0.103 0.100 0.095 0.100 0.106 0.103 
 37       37    (0)    1 :  0.115 0.090 0.098 0.090 0.074 0.112 0.106 0.118 0.105 0.092 
 38       38    (0)    1 :  0.106 0.088 0.109 0.090 0.085 0.100 0.097 0.117 0.115 0.091 
 39       39    (0)    1 :  0.105 0.113 0.090 0.097 0.130 0.107 0.077 0.088 0.092 0.102 
 40       40    (0)    1 :  0.105 0.120 0.084 0.098 0.145 0.110 0.069 0.082 0.085 0.101 
 41       41    (0)    1 :  0.104 0.102 0.095 0.095 0.104 0.110 0.087 0.101 0.099 0.103 
 42       42    (0)    1 :  0.096 0.085 0.097 0.108 0.093 0.096 0.103 0.107 0.099 0.116 
 43       43    (0)    1 :  0.105 0.099 0.103 0.098 0.097 0.109 0.095 0.103 0.102 0.089 
 44       44    (0)    1 :  0.098 0.089 0.102 0.111 0.097 0.098 0.096 0.104 0.107 0.099 
 45       45    (0)    1 :  0.110 0.102 0.098 0.095 0.098 0.103 0.104 0.100 0.094 0.096 
 46       46    (0)    1 :  0.097 0.090 0.103 0.110 0.105 0.101 0.090 0.096 0.100 0.108 
 47       47    (0)    1 :  0.098 0.090 0.098 0.106 0.104 0.097 0.091 0.098 0.106 0.113 
 48       48    (7)    1 :  0.094 0.094 0.107 0.110 0.095 0.095 0.099 0.104 0.105 0.098 
 49       49    (0)    1 :  0.120 0.095 0.101 0.091 0.075 0.107 0.104 0.115 0.105 0.086 
 50       50    (0)    1 :  0.103 0.096 0.109 0.090 0.092 0.102 0.096 0.111 0.107 0.095 
 51       51    (0)    1 :  0.105 0.091 0.102 0.086 0.087 0.106 0.099 0.117 0.112 0.095 
 52       52    (0)    1 :  0.095 0.094 0.103 0.096 0.103 0.092 0.101 0.094 0.115 0.107 
 53       53    (0)    1 :  0.109 0.110 0.091 0.096 0.105 0.107 0.092 0.100 0.095 0.096 
 54       54    (7)    1 :  0.096 0.099 0.099 0.103 0.100 0.102 0.097 0.100 0.099 0.105 
 55       55    (7)    1 :  0.098 0.102 0.101 0.108 0.110 0.101 0.091 0.091 0.095 0.103 
 56       56   (15)    1 :  0.103 0.095 0.099 0.101 0.094 0.100 0.102 0.096 0.108 0.103 
 57       57    (0)    1 :  0.103 0.114 0.094 0.095 0.125 0.108 0.080 0.093 0.092 0.096 
 58       58    (0)    1 :  0.102 0.101 0.098 0.097 0.092 0.102 0.101 0.101 0.108 0.098 
 59       59    (0)    1 :  0.102 0.092 0.110 0.099 0.091 0.106 0.101 0.108 0.099 0.092 
 60       60    (0)    1 :  0.101 0.123 0.089 0.100 0.138 0.116 0.074 0.088 0.078 0.092 
 61       61    (0)    1 :  0.111 0.115 0.087 0.099 0.108 0.106 0.091 0.095 0.092 0.096 
 62       62    (0)    1 :  0.096 0.089 0.100 0.109 0.103 0.094 0.100 0.098 0.104 0.107 
 63       63    (0)    1 :  0.101 0.093 0.105 0.096 0.103 0.092 0.098 0.100 0.111 0.102 
 64       64    (0)    1 :  0.104 0.113 0.091 0.099 0.116 0.109 0.086 0.095 0.092 0.095 
 65       65   (15)    1 :  0.106 0.102 0.093 0.101 0.102 0.104 0.094 0.098 0.097 0.103 
 66       66    (0)    1 :  0.097 0.101 0.095 0.100 0.110 0.100 0.099 0.095 0.100 0.106 
 67       67    (7)    1 :  0.082 0.090 0.099 0.102 0.112 0.086 0.100 0.090 0.127 0.112 
 68       68    (0)    1 :  0.094 0.091 0.101 0.111 0.103 0.094 0.097 0.099 0.105 0.104 
 69       69    (0)    1 :  0.111 0.098 0.097 0.099 0.104 0.097 0.094 0.098 0.098 0.104 
 70       70    (7)    1 :  0.097 0.102 0.099 0.102 0.105 0.101 0.099 0.098 0.097 0.100 
 71       71    (0)    1 :  0.105 0.112 0.098 0.098 0.110 0.101 0.092 0.096 0.093 0.096 
 72       72    (7)    1 :  0.106 0.094 0.093 0.098 0.095 0.098 0.108 0.103 0.104 0.102 
 73       73    (0)    1 :  0.107 0.103 0.093 0.095 0.083 0.113 0.100 0.113 0.102 0.091 
 74       74    (0)    1 :  0.104 0.106 0.085 0.093 0.113 0.113 0.093 0.099 0.089 0.105 
 75       75    (0)    1 :  0.105 0.104 0.096 0.094 0.093 0.103 0.103 0.103 0.099 0.101 
 76       76    (0)    1 :  0.105 0.111 0.087 0.104 0.118 0.108 0.084 0.092 0.092 0.100 
 77       77    (7)    1 :  0.096 0.098 0.097 0.099 0.100 0.099 0.100 0.107 0.106 0.098 
 78       78    (0)    1 :  0.098 0.090 0.099 0.107 0.099 0.094 0.098 0.105 0.105 0.106 
 79       79    (0)    1 :  0.100 0.116 0.086 0.104 0.144 0.109 0.075 0.082 0.086 0.097 
 80       80    (7)    1 :  0.099 0.100 0.097 0.099 0.096 0.098 0.105 0.097 0.104 0.104 
 81       81    (0)    1 :  0.111 0.102 0.093 0.094 0.096 0.106 0.099 0.105 0.096 0.099 
 82       82    (0)    1 :  0.108 0.102 0.093 0.096 0.091 0.108 0.099 0.103 0.100 0.100 
 83       83    (0)    1 :  0.104 0.100 0.097 0.100 0.102 0.102 0.096 0.100 0.101 0.098 
 84       84    (0)    1 :  0.088 0.095 0.102 0.098 0.110 0.093 0.106 0.095 0.111 0.103 
 85       85    (0)    1 :  0.112 0.102 0.091 0.094 0.090 0.113 0.099 0.108 0.094 0.097 
 86       86    (7)    1 :  0.096 0.101 0.105 0.095 0.106 0.098 0.104 0.098 0.100 0.097 
 87       87    (0)    1 :  0.104 0.104 0.108 0.089 0.088 0.098 0.102 0.115 0.102 0.091 
 88       88    (7)    1 :  0.094 0.096 0.109 0.116 0.117 0.099 0.083 0.090 0.095 0.101 
 89       89    (0)    1 :  0.102 0.096 0.103 0.090 0.101 0.099 0.095 0.101 0.113 0.100 
 90       90    (0)    1 :  0.092 0.105 0.098 0.104 0.106 0.101 0.095 0.096 0.101 0.102 
 91       91    (0)    1 :  0.101 0.092 0.099 0.101 0.100 0.097 0.095 0.102 0.112 0.101 
 92       92    (7)    1 :  0.103 0.110 0.096 0.096 0.109 0.106 0.091 0.100 0.101 0.089 
 93       93    (7)    1 :  0.097 0.097 0.103 0.101 0.103 0.097 0.097 0.101 0.104 0.100 
 94       94    (7)    1 :  0.099 0.103 0.097 0.098 0.110 0.102 0.083 0.098 0.103 0.107 
 95       95    (7)    1 :  0.100 0.089 0.097 0.100 0.095 0.099 0.105 0.106 0.099 0.111 
 96       96    (7)    1 :  0.104 0.094 0.096 0.096 0.091 0.106 0.098 0.108 0.102 0.105 
 97       97    (0)    1 :  0.100 0.096 0.106 0.100 0.101 0.095 0.101 0.097 0.100 0.104 
 98       98    (0)    1 :  0.103 0.098 0.095 0.095 0.095 0.102 0.100 0.104 0.105 0.104 
 99       99    (0)    1 :  0.100 0.095 0.099 0.098 0.094 0.100 0.105 0.103 0.105 0.102 
100      100    (0)    1 :  0.092 0.093 0.105 0.104 0.106 0.094 0.097 0.098 0.099 0.112 
101      101    (0)    1 :  0.093 0.090 0.097 0.105 0.093 0.091 0.109 0.104 0.101 0.116 
102      102    (0)    1 :  0.096 0.104 0.107 0.104 0.101 0.095 0.108 0.098 0.096 0.092 
103      103    (0)    1 :  0.090 0.088 0.107 0.113 0.102 0.091 0.099 0.103 0.102 0.105 
104      104    (0)    1 :  0.097 0.101 0.108 0.105 0.106 0.100 0.092 0.098 0.097 0.096 
105      105    (0)    1 :  0.108 0.090 0.095 0.096 0.084 0.107 0.100 0.115 0.105 0.101 
106      106    (0)    1 :  0.097 0.088 0.099 0.103 0.090 0.099 0.099 0.113 0.107 0.104 
107      107    (0)    1 :  0.094 0.092 0.103 0.103 0.099 0.097 0.100 0.104 0.100 0.108 
108      108    (0)    1 :  0.098 0.098 0.101 0.108 0.102 0.098 0.099 0.093 0.099 0.104 
109      109    (0)    1 :  0.103 0.099 0.095 0.103 0.093 0.101 0.100 0.101 0.104 0.101 
110      110    (0)    1 :  0.112 0.106 0.092 0.096 0.099 0.101 0.097 0.099 0.097 0.102 
111      111    (0)    1 :  0.104 0.091 0.109 0.104 0.093 0.094 0.103 0.103 0.105 0.094 
112      112    (0)    1 :  0.114 0.107 0.093 0.097 0.094 0.106 0.097 0.102 0.094 0.095 
113      113    (0)    1 :  0.107 0.113 0.087 0.097 0.113 0.113 0.089 0.096 0.084 0.102 
114      114    (0)    1 :  0.105 0.098 0.091 0.103 0.098 0.102 0.098 0.098 0.102 0.105 
115      115    (0)    1 :  0.101 0.093 0.105 0.110 0.099 0.094 0.099 0.098 0.101 0.101 
116      116    (0)    1 :  0.096 0.103 0.105 0.103 0.099 0.098 0.100 0.093 0.102 0.100 
117      117    (0)    1 :  0.100 0.099 0.097 0.101 0.101 0.102 0.100 0.099 0.100 0.101 
118      118    (7)    1 :  0.093 0.088 0.105 0.098 0.093 0.101 0.098 0.110 0.113 0.100 
119      119    (0)    1 :  0.100 0.092 0.103 0.097 0.088 0.104 0.102 0.107 0.100 0.105 
120      120    (0)    1 :  0.101 0.089 0.102 0.108 0.089 0.099 0.104 0.109 0.103 0.095 
121      121    (0)    1 :  0.105 0.093 0.096 0.099 0.091 0.101 0.098 0.107 0.106 0.105 
122      122    (0)    1 :  0.097 0.110 0.092 0.097 0.116 0.106 0.086 0.096 0.094 0.107 
123      123    (0)    1 :  0.107 0.107 0.094 0.093 0.108 0.115 0.087 0.105 0.091 0.092 
124      124    (0)    1 :  0.100 0.119 0.095 0.103 0.130 0.106 0.082 0.089 0.083 0.094 
125      125    (0)    1 :  0.104 0.101 0.103 0.098 0.100 0.106 0.097 0.104 0.094 0.093 
126      126    (0)    1 :  0.107 0.105 0.086 0.105 0.125 0.103 0.084 0.088 0.095 0.101 
127      127    (0)    1 :  0.084 0.098 0.103 0.098 0.107 0.092 0.102 0.097 0.114 0.105 
128      128    (0)    1 :  0.118 0.100 0.094 0.093 0.088 0.109 0.100 0.107 0.095 0.096 
129      129    (0)    1 :  0.104 0.099 0.099 0.099 0.101 0.111 0.093 0.105 0.094 0.095 
130      130    (0)    1 :  0.104 0.100 0.100 0.105 0.100 0.096 0.099 0.100 0.096 0.100 
131      131    (7)    1 :  0.081 0.113 0.109 0.113 0.103 0.086 0.119 0.085 0.096 0.095 
132      132    (0)    1 :  0.105 0.093 0.101 0.102 0.092 0.102 0.103 0.105 0.101 0.096 
133      133    (0)    1 :  0.096 0.106 0.100 0.105 0.118 0.100 0.083 0.092 0.100 0.100 
134      134    (0)    1 :  0.109 0.105 0.092 0.100 0.109 0.106 0.096 0.096 0.088 0.099 
135      135    (0)    1 :  0.119 0.084 0.103 0.092 0.076 0.112 0.103 0.122 0.104 0.085 
136      136   (15)    1 :  0.083 0.095 0.106 0.114 0.112 0.093 0.101 0.090 0.098 0.107 
137      137    (0)    1 :  0.087 0.095 0.101 0.104 0.109 0.094 0.097 0.096 0.111 0.106 
138      138    (0)    1 :  0.090 0.100 0.108 0.105 0.099 0.092 0.106 0.097 0.105 0.099 
139      139    (0)    1 :  0.101 0.100 0.097 0.095 0.097 0.108 0.093 0.107 0.104 0.097 
140      140    (0)    1 :  0.095 0.099 0.099 0.106 0.112 0.104 0.088 0.090 0.101 0.105 
141      141    (0)    1 :  0.091 0.084 0.101 0.110 0.094 0.089 0.106 0.103 0.109 0.113 
142      142    (0)    1 :  0.097 0.095 0.105 0.100 0.099 0.100 0.107 0.102 0.096 0.099 
143      143    (0)    1 :  0.106 0.089 0.106 0.095 0.088 0.104 0.099 0.115 0.105 0.093 
144      144    (0)    1 :  0.107 0.101 0.104 0.092 0.093 0.101 0.101 0.107 0.099 0.094 
145      145    (0)    1 :  0.098 0.089 0.101 0.107 0.103 0.102 0.093 0.101 0.102 0.105 
146      146    (0)    1 :  0.104 0.108 0.092 0.100 0.113 0.108 0.089 0.093 0.091 0.102 
147      147    (7)    1 :  0.096 0.100 0.100 0.103 0.092 0.108 0.097 0.103 0.101 0.101 
148      148    (0)    1 :  0.118 0.094 0.097 0.088 0.080 0.106 0.105 0.113 0.103 0.097 
149      149    (0)    1 :  0.106 0.100 0.093 0.093 0.096 0.097 0.103 0.101 0.101 0.110 
150      150    (0)    1 :  0.104 0.101 0.103 0.094 0.092 0.101 0.100 0.102 0.106 0.098 
151      151    (0)    1 :  0.110 0.094 0.097 0.091 0.078 0.114 0.105 0.116 0.104 0.092 
152      152    (0)    1 :  0.105 0.102 0.101 0.102 0.093 0.107 0.098 0.101 0.095 0.096 
153      153    (7)    1 :  0.105 0.096 0.102 0.093 0.084 0.105 0.104 0.114 0.103 0.096 
154      154    (7)    1 :  0.113 0.095 0.104 0.094 0.084 0.110 0.101 0.111 0.098 0.091 
155      155    (0)    1 :  0.097 0.103 0.103 0.101 0.104 0.097 0.099 0.096 0.101 0.099 
156      156    (0)    1 :  0.097 0.090 0.099 0.109 0.106 0.099 0.089 0.100 0.107 0.106 
157      157    (0)    1 :  0.101 0.101 0.092 0.102 0.117 0.099 0.093 0.089 0.101 0.105 
158      158    (0)    1 :  0.099 0.103 0.097 0.100 0.108 0.106 0.096 0.097 0.091 0.103 
159      159    (0)    1 :  0.088 0.077 0.100 0.109 0.097 0.090 0.105 0.109 0.103 0.123 
160      160   (15)    1 :  0.101 0.105 0.101 0.101 0.105 0.111 0.090 0.102 0.092 0.092 
161      161    (7)    1 :  0.111 0.103 0.089 0.094 0.099 0.108 0.094 0.103 0.096 0.103 
162      162    (0)    1 :  0.109 0.097 0.100 0.085 0.087 0.111 0.100 0.117 0.099 0.094 
163      163    (0)    1 :  0.103 0.108 0.097 0.100 0.102 0.109 0.090 0.099 0.097 0.094 
164      164    (0)    1 :  0.114 0.097 0.094 0.094 0.090 0.106 0.100 0.105 0.102 0.098 
165      165    (0)    1 :  0.112 0.105 0.097 0.093 0.097 0.102 0.098 0.103 0.098 0.096 
166      166    (0)    1 :  0.099 0.098 0.095 0.103 0.101 0.103 0.093 0.100 0.096 0.112 
167      167    (0)    1 :  0.093 0.090 0.099 0.106 0.101 0.100 0.095 0.095 0.113 0.107 
168      168    (0)    1 :  0.104 0.112 0.094 0.097 0.120 0.108 0.085 0.096 0.090 0.094 
169      169    (0)    1 :  0.100 0.093 0.106 0.101 0.091 0.102 0.096 0.106 0.107 0.098 
170      170    (0)    1 :  0.094 0.095 0.096 0.100 0.100 0.103 0.098 0.100 0.102 0.112 
171      171    (0)    1 :  0.103 0.098 0.100 0.101 0.098 0.102 0.099 0.101 0.099 0.101 
172      172    (0)    1 :  0.103 0.123 0.086 0.099 0.142 0.116 0.074 0.088 0.073 0.096 
173      173    (0)    1 :  0.099 0.096 0.105 0.103 0.102 0.098 0.101 0.097 0.099 0.099 
174      174    (0)    1 :  0.096 0.101 0.105 0.105 0.105 0.097 0.102 0.096 0.096 0.098 
175      175    (0)    1 :  0.094 0.103 0.098 0.101 0.104 0.103 0.096 0.099 0.102 0.100 
176      176    (0)    1 :  0.102 0.097 0.093 0.100 0.098 0.103 0.099 0.104 0.100 0.105 
177      177    (0)    1 :  0.104 0.100 0.106 0.099 0.088 0.095 0.115 0.104 0.100 0.090 
178      178    (7)    1 :  0.090 0.087 0.098 0.110 0.098 0.089 0.109 0.103 0.099 0.118 
179      179    (0)    1 :  0.098 0.097 0.098 0.103 0.095 0.109 0.094 0.103 0.101 0.102 
180      180    (0)    1 :  0.095 0.099 0.102 0.111 0.087 0.095 0.113 0.103 0.099 0.096 
181      181    (0)    1 :  0.099 0.086 0.099 0.100 0.087 0.095 0.107 0.106 0.110 0.112 
182      182    (0)    1 :  0.100 0.104 0.097 0.093 0.104 0.111 0.097 0.101 0.095 0.099 
183      183    (0)    1 :  0.094 0.095 0.103 0.098 0.102 0.100 0.104 0.099 0.104 0.102 
184      184    (0)    1 :  0.100 0.097 0.097 0.098 0.114 0.100 0.092 0.092 0.100 0.112 
185      185    (0)    1 :  0.116 0.103 0.099 0.098 0.090 0.097 0.097 0.102 0.100 0.098 
186      186    (0)    1 :  0.090 0.100 0.098 0.099 0.109 0.095 0.097 0.097 0.112 0.103 
187      187    (0)    1 :  0.095 0.100 0.099 0.101 0.096 0.100 0.103 0.103 0.099 0.104 
188      188    (0)    1 :  0.108 0.097 0.100 0.095 0.094 0.106 0.102 0.103 0.101 0.095 
189      189    (7)    1 :  0.103 0.087 0.104 0.097 0.093 0.107 0.100 0.114 0.101 0.094 
190      190   (15)    1 :  0.096 0.089 0.102 0.107 0.099 0.092 0.103 0.101 0.098 0.113 
191      191    (0)    1 :  0.096 0.095 0.098 0.104 0.093 0.099 0.106 0.101 0.110 0.099 
192      192    (0)    1 :  0.095 0.104 0.099 0.102 0.100 0.094 0.109 0.093 0.102 0.102 
193      193    (7)    1 :  0.097 0.099 0.100 0.102 0.103 0.102 0.091 0.102 0.098 0.106 
194      194    (0)    1 :  0.102 0.095 0.098 0.101 0.094 0.099 0.102 0.103 0.102 0.105 
195      195    (0)    1 :  0.078 0.110 0.110 0.103 0.108 0.079 0.122 0.085 0.096 0.110 
196      196    (0)    1 :  0.104 0.095 0.103 0.101 0.095 0.102 0.099 0.102 0.102 0.096 
197      197    (0)    1 :  0.104 0.094 0.103 0.097 0.091 0.102 0.101 0.109 0.102 0.097 
198      198    (0)    1 :  0.117 0.100 0.098 0.092 0.085 0.111 0.103 0.105 0.096 0.094 
199      199    (0)    1 :  0.087 0.107 0.112 0.121 0.102 0.082 0.114 0.085 0.097 0.093 
200      200    (0)    1 :  0.106 0.108 0.096 0.093 0.104 0.105 0.096 0.099 0.096 0.096 
201      201    (0)    1 :  0.099 0.112 0.092 0.100 0.124 0.111 0.084 0.090 0.087 0.101 
202      202    (0)    1 :  0.102 0.105 0.105 0.112 0.098 0.091 0.110 0.093 0.096 0.088 
203      203    (0)    1 :  0.115 0.100 0.095 0.092 0.091 0.109 0.100 0.106 0.097 0.095 
204      204    (0)    1 :  0.098 0.111 0.096 0.102 0.118 0.103 0.092 0.093 0.091 0.097 
205      205    (0)    1 :  0.100 0.091 0.102 0.100 0.095 0.098 0.102 0.107 0.097 0.108 
206      206    (0)    1 :  0.103 0.101 0.097 0.099 0.108 0.102 0.096 0.102 0.094 0.097 
207      207    (0)    1 :  0.089 0.093 0.095 0.105 0.104 0.099 0.097 0.098 0.115 0.105 
208      208    (7)    1 :  0.100 0.094 0.095 0.106 0.099 0.101 0.099 0.101 0.093 0.111 
209      209    (0)    1 :  0.091 0.094 0.101 0.104 0.099 0.097 0.093 0.108 0.110 0.104 
210      210    (0)    1 :  0.110 0.106 0.092 0.095 0.099 0.107 0.099 0.096 0.094 0.103 
211      211    (0)    1 :  0.113 0.100 0.102 0.097 0.093 0.106 0.097 0.105 0.095 0.092 
212      212    (0)    1 :  0.107 0.105 0.091 0.098 0.109 0.111 0.087 0.098 0.093 0.101 
213      213    (0)    1 :  0.096 0.101 0.097 0.100 0.119 0.103 0.089 0.092 0.098 0.105 
214      214    (0)    1 :  0.092 0.099 0.103 0.111 0.109 0.107 0.090 0.093 0.099 0.098 
215      215    (0)    1 :  0.097 0.087 0.095 0.098 0.098 0.101 0.098 0.108 0.103 0.114 
216      216    (0)    1 :  0.104 0.097 0.097 0.098 0.094 0.103 0.100 0.102 0.107 0.098 
217      217    (0)    1 :  0.102 0.091 0.096 0.101 0.085 0.096 0.106 0.105 0.111 0.107 
218      218    (0)    1 :  0.099 0.089 0.097 0.098 0.099 0.099 0.100 0.109 0.100 0.110 
219      219    (0)    1 :  0.104 0.107 0.099 0.097 0.096 0.093 0.116 0.094 0.103 0.091 
220      220    (0)    1 :  0.115 0.107 0.091 0.092 0.106 0.108 0.092 0.100 0.090 0.100 
221      221    (0)    1 :  0.104 0.093 0.099 0.103 0.101 0.106 0.092 0.103 0.101 0.098 
222      222    (0)    1 :  0.095 0.090 0.097 0.103 0.099 0.089 0.103 0.103 0.114 0.106 
223      223    (0)    1 :  0.095 0.094 0.100 0.098 0.104 0.097 0.098 0.102 0.103 0.109 
224      224    (0)    1 :  0.108 0.100 0.097 0.090 0.086 0.110 0.101 0.117 0.097 0.095 
225      225    (0)    1 :  0.087 0.089 0.102 0.110 0.114 0.091 0.093 0.096 0.115 0.104 
226      226    (0)    1 :  0.097 0.096 0.096 0.101 0.093 0.103 0.101 0.099 0.105 0.109 
227      227    (0)    1 :  0.108 0.098 0.095 0.099 0.095 0.108 0.096 0.105 0.095 0.101 
228      228    (0)    1 :  0.103 0.109 0.098 0.099 0.107 0.106 0.089 0.100 0.092 0.097 
229      229    (0)    1 :  0.102 0.094 0.102 0.102 0.091 0.104 0.098 0.106 0.100 0.101 
230      230    (0)    1 :  0.102 0.095 0.097 0.097 0.095 0.102 0.101 0.107 0.101 0.102 
231      231    (0)    1 :  0.101 0.104 0.099 0.098 0.095 0.100 0.105 0.099 0.100 0.099 
232      232    (0)    1 :  0.105 0.100 0.099 0.094 0.089 0.107 0.101 0.107 0.103 0.095 
233      233    (0)    1 :  0.103 0.119 0.088 0.097 0.126 0.109 0.084 0.090 0.083 0.102 
234      234    (0)    1 :  0.099 0.098 0.095 0.103 0.109 0.109 0.092 0.098 0.096 0.101 
235      235    (0)    1 :  0.092 0.094 0.104 0.106 0.106 0.097 0.103 0.099 0.099 0.101 
236      236    (0)    1 :  0.099 0.097 0.110 0.097 0.091 0.102 0.100 0.111 0.099 0.094 
237      237    (0)    1 :  0.098 0.110 0.099 0.101 0.125 0.106 0.084 0.091 0.088 0.097 
238      238    (0)    1 :  0.096 0.087 0.100 0.105 0.099 0.100 0.095 0.104 0.101 0.113 
239      239    (0)    1 :  0.099 0.096 0.099 0.100 0.101 0.102 0.097 0.102 0.100 0.104 
240      240    (0)    1 :  0.085 0.111 0.105 0.102 0.107 0.090 0.107 0.090 0.098 0.106 
241      241    (0)    1 :  0.098 0.105 0.091 0.097 0.113 0.109 0.095 0.100 0.096 0.096 
242      242    (0)    1 :  0.103 0.089 0.101 0.104 0.085 0.102 0.100 0.109 0.099 0.109 
243      243    (7)    1 :  0.104 0.099 0.097 0.095 0.100 0.116 0.090 0.110 0.095 0.092 
244      244    (0)    1 :  0.099 0.097 0.098 0.105 0.101 0.096 0.099 0.097 0.105 0.102 
245      245    (0)    1 :  0.103 0.100 0.098 0.100 0.100 0.106 0.095 0.100 0.097 0.101 
246      246    (0)    1 :  0.109 0.102 0.096 0.099 0.091 0.104 0.098 0.107 0.096 0.096 
247      247    (0)    1 :  0.091 0.085 0.110 0.121 0.111 0.092 0.095 0.095 0.099 0.099 
248      248    (0)    1 :  0.101 0.092 0.100 0.103 0.095 0.102 0.099 0.108 0.104 0.097 
249      249    (7)    1 :  0.085 0.084 0.099 0.108 0.106 0.086 0.099 0.102 0.110 0.121 
250      250    (0)    1 :  0.089 0.093 0.095 0.104 0.103 0.092 0.099 0.101 0.110 0.114 
251      251   (23)    1 :  0.095 0.092 0.107 0.101 0.093 0.091 0.107 0.109 0.099 0.107 
252      252    (0)    1 :  0.098 0.096 0.101 0.100 0.095 0.092 0.109 0.101 0.103 0.105 
253      253    (0)    1 :  0.099 0.100 0.101 0.099 0.093 0.098 0.107 0.101 0.101 0.103 
254      254    (0)    1 :  0.102 0.094 0.106 0.093 0.088 0.097 0.110 0.108 0.107 0.095 
255      255    (0)    1 :  0.091 0.105 0.114 0.101 0.089 0.087 0.122 0.100 0.098 0.093 
256      256    (0)    1 :  0.072 0.108 0.109 0.099 0.121 0.075 0.131 0.073 0.102 0.108 
257      257    (0)    1 :  0.074 0.112 0.112 0.104 0.113 0.073 0.132 0.075 0.099 0.106 
258      258    (0)    1 :  0.092 0.102 0.109 0.104 0.094 0.093 0.111 0.099 0.096 0.100 
259      259    (0)    1 :  0.101 0.100 0.099 0.103 0.101 0.103 0.098 0.101 0.094 0.100 
260      260    (0)    1 :  0.107 0.094 0.103 0.095 0.084 0.112 0.097 0.111 0.106 0.092 
261      261    (0)    1 :  0.058 0.138 0.123 0.119 0.126 0.055 0.137 0.059 0.084 0.101 
262      262    (0)    1 :  0.107 0.103 0.106 0.105 0.103 0.096 0.097 0.097 0.093 0.093 
263      263    (0)    1 :  0.095 0.091 0.097 0.099 0.106 0.098 0.096 0.100 0.111 0.106 
264      264    (0)    1 :  0.090 0.108 0.110 0.104 0.106 0.093 0.109 0.090 0.095 0.094 
265      265    (0)    1 :  0.079 0.112 0.118 0.117 0.111 0.068 0.123 0.081 0.093 0.097 
266      266    (0)    1 :  0.108 0.101 0.099 0.099 0.091 0.104 0.103 0.105 0.093 0.097 
267      267    (0)    1 :  0.117 0.104 0.093 0.096 0.089 0.098 0.101 0.103 0.103 0.096 
268      268    (0)    1 :  0.099 0.100 0.102 0.103 0.096 0.102 0.103 0.100 0.097 0.098 
269      269    (0)    1 :  0.093 0.111 0.105 0.108 0.105 0.091 0.107 0.088 0.093 0.099 
270      270    (0)    1 :  0.091 0.110 0.106 0.102 0.098 0.086 0.113 0.090 0.100 0.103 
271      271    (0)    1 :  0.095 0.106 0.108 0.098 0.098 0.090 0.124 0.094 0.094 0.093 
272      272    (0)    1 :  0.090 0.106 0.105 0.109 0.104 0.090 0.113 0.093 0.090 0.099 
273      273    (0)    1 :  0.094 0.093 0.108 0.107 0.111 0.094 0.093 0.100 0.100 0.101 
274      274    (0)    1 :  0.086 0.111 0.109 0.106 0.101 0.091 0.119 0.089 0.095 0.093 
275      275    (0)    1 :  0.091 0.125 0.102 0.105 0.113 0.090 0.108 0.082 0.087 0.096 
276      276    (0)    1 :  0.092 0.099 0.110 0.103 0.106 0.084 0.103 0.087 0.104 0.111 
277      277    (0)    1 :  0.116 0.110 0.092 0.090 0.092 0.096 0.104 0.098 0.094 0.106 
278      278    (0)    1 :  0.077 0.096 0.106 0.099 0.117 0.074 0.123 0.082 0.112 0.113 
279      279    (0)    1 :  0.079 0.119 0.115 0.107 0.117 0.081 0.122 0.076 0.088 0.097 
280      280    (0)    1 :  0.105 0.100 0.104 0.090 0.095 0.111 0.098 0.108 0.093 0.098 
281      281    (0)    1 :  0.110 0.108 0.091 0.098 0.105 0.105 0.095 0.099 0.085 0.104 
282      282    (0)    1 :  0.094 0.097 0.108 0.104 0.100 0.089 0.103 0.099 0.107 0.099 
283      283    (0)    1 :  0.089 0.120 0.109 0.098 0.121 0.084 0.111 0.085 0.089 0.094 
284      284    (0)    1 :  0.096 0.095 0.105 0.100 0.101 0.100 0.100 0.103 0.101 0.099 
285      285    (0)    1 :  0.095 0.099 0.106 0.104 0.096 0.092 0.107 0.100 0.102 0.098 
286      286    (0)    1 :  0.084 0.107 0.108 0.106 0.105 0.085 0.125 0.086 0.092 0.103 
287      287    (0)    1 :  0.101 0.096 0.106 0.094 0.093 0.095 0.108 0.102 0.102 0.103 
288      288    (0)    1 :  0.102 0.105 0.105 0.102 0.104 0.103 0.097 0.096 0.092 0.093 
289      289    (0)    1 :  0.095 0.100 0.108 0.104 0.094 0.096 0.107 0.102 0.100 0.096 
290      290    (0)    1 :  0.108 0.093 0.102 0.085 0.085 0.112 0.105 0.121 0.102 0.086 
291      291    (0)    1 :  0.076 0.126 0.111 0.107 0.110 0.075 0.129 0.077 0.091 0.098 
292      292    (0)    1 :  0.098 0.102 0.106 0.119 0.100 0.096 0.100 0.092 0.096 0.090 
293      293    (0)    1 :  0.070 0.125 0.118 0.116 0.116 0.065 0.138 0.068 0.086 0.098 
294      294    (0)    1 :  0.099 0.110 0.108 0.097 0.095 0.085 0.120 0.094 0.099 0.093 
295      295    (0)    1 :  0.077 0.119 0.114 0.110 0.108 0.077 0.127 0.079 0.091 0.098 
296      296    (0)    1 :  0.105 0.099 0.099 0.098 0.095 0.106 0.096 0.103 0.102 0.097 
297      297    (0)    1 :  0.072 0.123 0.122 0.117 0.112 0.069 0.126 0.072 0.090 0.096 
298      298    (0)    1 :  0.095 0.094 0.103 0.101 0.100 0.099 0.095 0.103 0.105 0.106 
299      299    (0)    1 :  0.109 0.103 0.093 0.095 0.096 0.105 0.100 0.105 0.095 0.099 
300      300    (0)    1 :  0.082 0.114 0.111 0.108 0.108 0.078 0.130 0.082 0.093 0.093 
301      301    (0)    1 :  0.093 0.105 0.118 0.113 0.095 0.078 0.122 0.090 0.095 0.092 
302      302    (0)    1 :  0.094 0.109 0.094 0.095 0.116 0.110 0.095 0.098 0.090 0.100 
303      303    (0)    1 :  0.075 0.130 0.117 0.108 0.124 0.071 0.124 0.069 0.086 0.098 
304      304    (0)    1 :  0.093 0.109 0.094 0.101 0.111 0.102 0.102 0.091 0.096 0.102 
305      305    (0)    1 :  0.116 0.106 0.091 0.093 0.091 0.099 0.106 0.104 0.096 0.097 
306      306    (0)    1 :  0.105 0.097 0.096 0.103 0.089 0.102 0.102 0.109 0.098 0.099 
307      307    (0)    1 :  0.097 0.106 0.101 0.100 0.099 0.096 0.107 0.099 0.097 0.098 
308      308    (0)    1 :  0.119 0.107 0.095 0.088 0.089 0.097 0.108 0.103 0.099 0.096 
309      309    (0)    1 :  0.104 0.106 0.090 0.102 0.121 0.102 0.082 0.087 0.094 0.110 
310      310    (0)    1 :  0.091 0.087 0.105 0.111 0.110 0.097 0.091 0.098 0.110 0.100 
311      311    (0)    1 :  0.106 0.090 0.101 0.094 0.083 0.111 0.105 0.112 0.104 0.093 
312      312    (0)    1 :  0.111 0.093 0.095 0.099 0.081 0.105 0.104 0.110 0.103 0.099 
313      313    (0)    1 :  0.113 0.099 0.100 0.089 0.092 0.107 0.095 0.106 0.107 0.092 
314      314    (0)    1 :  0.103 0.107 0.104 0.104 0.100 0.097 0.098 0.098 0.099 0.090 
315      315    (0)    1 :  0.086 0.104 0.104 0.103 0.104 0.091 0.100 0.095 0.113 0.099 
316      316    (0)    1 :  0.092 0.101 0.098 0.097 0.103 0.103 0.095 0.103 0.111 0.097 
317      317    (0)    1 :  0.105 0.097 0.097 0.094 0.096 0.104 0.096 0.101 0.103 0.106 
318      318   (15)    1 :  0.094 0.099 0.099 0.102 0.096 0.101 0.101 0.100 0.102 0.107 
319      319    (0)    1 :  0.107 0.103 0.099 0.091 0.093 0.104 0.105 0.103 0.105 0.091 
320      320    (0)    1 :  0.099 0.095 0.102 0.100 0.098 0.100 0.101 0.103 0.106 0.097 
321      321    (0)    1 :  0.091 0.100 0.098 0.100 0.111 0.100 0.091 0.097 0.107 0.105 
322      322    (0)    1 :  0.115 0.086 0.101 0.086 0.075 0.112 0.105 0.124 0.104 0.092 
323      323    (0)    1 :  0.104 0.101 0.098 0.099 0.112 0.103 0.092 0.096 0.098 0.096 
324      324    (0)    1 :  0.096 0.090 0.097 0.096 0.111 0.091 0.097 0.099 0.123 0.099 
325      325    (0)    1 :  0.109 0.093 0.105 0.091 0.089 0.110 0.097 0.118 0.099 0.089 
326      326    (0)    1 :  0.088 0.090 0.108 0.110 0.113 0.088 0.088 0.094 0.112 0.108 
327      327    (0)    1 :  0.100 0.098 0.105 0.110 0.090 0.101 0.102 0.101 0.098 0.095 
328      328    (0)    1 :  0.099 0.106 0.100 0.100 0.094 0.093 0.107 0.100 0.102 0.098 
329      329    (0)    1 :  0.105 0.095 0.102 0.095 0.091 0.108 0.097 0.107 0.103 0.097 
330      330    (0)    1 :  0.100 0.094 0.102 0.100 0.097 0.097 0.095 0.097 0.111 0.108 
331      331    (0)    1 :  0.099 0.095 0.101 0.101 0.096 0.103 0.097 0.100 0.102 0.105 
332      332    (0)    1 :  0.098 0.095 0.102 0.105 0.102 0.096 0.095 0.102 0.103 0.102 
333      333    (0)    1 :  0.105 0.094 0.102 0.096 0.086 0.105 0.106 0.111 0.104 0.090 
334      334    (0)    1 :  0.107 0.090 0.100 0.094 0.085 0.103 0.103 0.113 0.103 0.101 
335      335    (0)    1 :  0.110 0.095 0.101 0.095 0.088 0.106 0.098 0.108 0.105 0.093 
336      336    (0)    1 :  0.112 0.096 0.099 0.097 0.090 0.106 0.102 0.102 0.098 0.100 
337      337    (0)    1 :  0.098 0.089 0.095 0.103 0.091 0.101 0.100 0.105 0.099 0.119 
338      338    (0)    1 :  0.099 0.099 0.099 0.096 0.099 0.100 0.098 0.103 0.104 0.103 
339      339    (0)    1 :  0.108 0.102 0.099 0.097 0.106 0.103 0.094 0.099 0.101 0.091 
340      340    (0)    1 :  0.098 0.096 0.106 0.110 0.100 0.105 0.092 0.098 0.099 0.097 
341      341    (0)    1 :  0.108 0.097 0.099 0.094 0.094 0.106 0.100 0.110 0.100 0.092 
342      342    (7)    1 :  0.113 0.095 0.101 0.089 0.086 0.115 0.099 0.115 0.096 0.093 
343      343    (0)    1 :  0.094 0.103 0.102 0.101 0.107 0.094 0.102 0.091 0.103 0.102 
344      344    (0)    1 :  0.094 0.093 0.111 0.121 0.097 0.093 0.103 0.096 0.101 0.092 
345      345    (7)    1 :  0.099 0.095 0.104 0.098 0.102 0.097 0.097 0.099 0.105 0.104 
346      346    (7)    1 :  0.100 0.101 0.097 0.101 0.100 0.103 0.096 0.099 0.098 0.105 
347      347    (0)    1 :  0.102 0.104 0.097 0.097 0.107 0.105 0.093 0.102 0.093 0.100 


Estimated Allele Frequencies in each cluster
First column gives estimated ancestral frequencies


Locus 1 : 
7 alleles
0.0% missing data
 178   (0.174) 0.168 0.183 0.165 0.160 0.178 0.181 0.154 0.167 0.166 0.162 
 184   (0.249) 0.250 0.228 0.225 0.244 0.225 0.251 0.238 0.244 0.252 0.234 
 182   (0.315) 0.320 0.298 0.317 0.316 0.293 0.326 0.300 0.310 0.311 0.288 
 188   (0.069) 0.070 0.054 0.072 0.080 0.065 0.065 0.082 0.100 0.077 0.100 
 186   (0.112) 0.118 0.110 0.097 0.096 0.113 0.114 0.102 0.107 0.100 0.107 
 180   (0.044) 0.040 0.065 0.066 0.056 0.063 0.033 0.060 0.039 0.051 0.057 
 176   (0.036) 0.034 0.061 0.059 0.050 0.064 0.031 0.062 0.033 0.043 0.053 

Locus 2 : 
9 alleles
0.9% missing data
 138   (0.139) 0.140 0.133 0.125 0.122 0.127 0.131 0.126 0.129 0.133 0.126 
 152   (0.298) 0.316 0.309 0.282 0.287 0.306 0.316 0.298 0.298 0.281 0.296 
 150   (0.181) 0.179 0.189 0.189 0.199 0.193 0.193 0.182 0.199 0.199 0.192 
 142   (0.146) 0.144 0.154 0.173 0.164 0.161 0.135 0.171 0.154 0.161 0.166 
 148   (0.043) 0.039 0.035 0.031 0.029 0.027 0.035 0.034 0.035 0.033 0.029 
 144   (0.105) 0.107 0.112 0.121 0.129 0.118 0.120 0.107 0.108 0.109 0.110 
 140   (0.049) 0.045 0.045 0.053 0.050 0.049 0.044 0.054 0.047 0.054 0.059 
 154   (0.020) 0.015 0.012 0.014 0.011 0.010 0.013 0.014 0.014 0.015 0.012 
 146   (0.020) 0.015 0.011 0.013 0.010 0.009 0.013 0.014 0.016 0.014 0.011 

Locus 3 : 
10 alleles
0.9% missing data
 170   (0.373) 0.380 0.395 0.425 0.444 0.398 0.405 0.407 0.413 0.418 0.428 
 172   (0.146) 0.163 0.173 0.138 0.148 0.203 0.179 0.143 0.143 0.135 0.155 
 160   (0.020) 0.016 0.012 0.014 0.011 0.010 0.013 0.014 0.014 0.014 0.011 
 166   (0.151) 0.144 0.130 0.137 0.129 0.117 0.128 0.142 0.144 0.141 0.136 
 176   (0.041) 0.040 0.040 0.035 0.035 0.045 0.044 0.032 0.037 0.033 0.034 
 180   (0.191) 0.184 0.188 0.186 0.177 0.177 0.171 0.195 0.183 0.192 0.182 
 178   (0.016) 0.012 0.011 0.013 0.010 0.010 0.010 0.014 0.011 0.013 0.009 
 168   (0.049) 0.053 0.047 0.048 0.044 0.038 0.043 0.048 0.046 0.048 0.042 
 182   (0.006) 0.003 0.002 0.003 0.002 0.001 0.003 0.003 0.004 0.003 0.002 
 174   (0.006) 0.003 0.002 0.003 0.002 0.001 0.003 0.003 0.003 0.003 0.002 

Locus 4 : 
9 alleles
0.0% missing data
 155   (0.474) 0.489 0.487 0.487 0.508 0.499 0.498 0.506 0.508 0.505 0.528 
 159   (0.121) 0.116 0.118 0.120 0.121 0.117 0.126 0.113 0.124 0.125 0.115 
 157   (0.252) 0.260 0.262 0.247 0.243 0.265 0.259 0.240 0.238 0.235 0.237 
 161   (0.100) 0.094 0.093 0.100 0.091 0.086 0.084 0.096 0.092 0.095 0.087 
 151   (0.028) 0.025 0.031 0.033 0.029 0.026 0.019 0.033 0.022 0.026 0.025 
 153   (0.009) 0.005 0.003 0.004 0.003 0.002 0.004 0.004 0.005 0.005 0.003 
 137   (0.006) 0.003 0.002 0.003 0.002 0.001 0.003 0.003 0.004 0.003 0.002 
 169   (0.006) 0.003 0.002 0.003 0.002 0.001 0.003 0.003 0.004 0.003 0.002 
 141   (0.006) 0.003 0.002 0.003 0.002 0.001 0.003 0.003 0.003 0.003 0.002 

Locus 5 : 
11 alleles
1.2% missing data
 126   (0.122) 0.123 0.146 0.141 0.132 0.146 0.119 0.141 0.115 0.125 0.132 
 130   (0.093) 0.088 0.097 0.102 0.100 0.087 0.091 0.093 0.087 0.092 0.086 
 138   (0.029) 0.028 0.025 0.029 0.027 0.027 0.027 0.024 0.026 0.031 0.030 
 128   (0.442) 0.450 0.429 0.453 0.475 0.436 0.456 0.463 0.489 0.472 0.477 
 142   (0.038) 0.043 0.034 0.029 0.026 0.027 0.033 0.034 0.035 0.032 0.035 
 140   (0.114) 0.105 0.109 0.104 0.102 0.095 0.108 0.109 0.106 0.108 0.102 
 136   (0.089) 0.095 0.102 0.084 0.090 0.125 0.104 0.084 0.084 0.081 0.089 
 124   (0.016) 0.013 0.011 0.013 0.009 0.010 0.010 0.011 0.012 0.014 0.010 
 132   (0.037) 0.039 0.036 0.034 0.031 0.039 0.039 0.029 0.033 0.033 0.032 
 134   (0.012) 0.009 0.007 0.007 0.006 0.006 0.008 0.007 0.008 0.008 0.005 
 144   (0.008) 0.005 0.003 0.005 0.003 0.002 0.004 0.004 0.005 0.005 0.003 

Locus 6 : 
9 alleles
0.6% missing data
 239   (0.129) 0.148 0.133 0.128 0.144 0.139 0.139 0.128 0.135 0.131 0.145 
 241   (0.257) 0.254 0.284 0.299 0.299 0.289 0.257 0.299 0.266 0.297 0.300 
 233   (0.015) 0.011 0.008 0.009 0.007 0.005 0.009 0.009 0.010 0.009 0.007 
 229   (0.313) 0.306 0.310 0.289 0.293 0.309 0.323 0.291 0.306 0.295 0.299 
 243   (0.160) 0.170 0.159 0.171 0.161 0.160 0.167 0.167 0.176 0.160 0.159 
 235   (0.038) 0.032 0.034 0.035 0.030 0.029 0.028 0.036 0.031 0.034 0.027 
 245   (0.038) 0.034 0.028 0.030 0.030 0.024 0.031 0.032 0.034 0.031 0.027 
 237   (0.037) 0.035 0.037 0.030 0.029 0.039 0.036 0.029 0.033 0.032 0.029 
 231   (0.014) 0.010 0.007 0.009 0.007 0.006 0.009 0.009 0.010 0.010 0.007 

Locus 7 : 
21 alleles
0.3% missing data
 132   (0.243) 0.255 0.266 0.278 0.299 0.265 0.272 0.283 0.283 0.281 0.288 
 134   (0.061) 0.058 0.055 0.061 0.058 0.052 0.053 0.064 0.057 0.068 0.061 
 136   (0.273) 0.296 0.324 0.312 0.315 0.337 0.306 0.298 0.291 0.279 0.316 
 152   (0.142) 0.166 0.168 0.151 0.162 0.193 0.179 0.151 0.158 0.156 0.166 
 154   (0.029) 0.025 0.025 0.027 0.023 0.027 0.022 0.028 0.024 0.030 0.026 
 130   (0.053) 0.052 0.048 0.041 0.039 0.036 0.041 0.048 0.045 0.044 0.039 
 164   (0.024) 0.019 0.014 0.018 0.014 0.012 0.017 0.018 0.020 0.017 0.016 
 156   (0.030) 0.024 0.021 0.021 0.020 0.016 0.021 0.022 0.023 0.024 0.019 
 178   (0.006) 0.003 0.002 0.003 0.002 0.001 0.003 0.003 0.003 0.003 0.002 
 148   (0.008) 0.005 0.003 0.004 0.003 0.002 0.004 0.004 0.005 0.004 0.003 
 176   (0.006) 0.003 0.002 0.003 0.002 0.001 0.003 0.003 0.004 0.003 0.002 
 140   (0.010) 0.007 0.005 0.006 0.004 0.003 0.006 0.005 0.006 0.006 0.004 
 138   (0.015) 0.012 0.009 0.010 0.008 0.007 0.010 0.010 0.011 0.011 0.008 
 162   (0.027) 0.022 0.021 0.022 0.021 0.019 0.020 0.021 0.021 0.025 0.021 
 160   (0.015) 0.012 0.009 0.010 0.007 0.007 0.010 0.010 0.011 0.012 0.008 
 150   (0.006) 0.003 0.002 0.003 0.002 0.001 0.003 0.002 0.003 0.003 0.002 
 158   (0.008) 0.005 0.004 0.005 0.003 0.002 0.004 0.005 0.005 0.005 0.003 
 166   (0.021) 0.017 0.013 0.014 0.012 0.010 0.015 0.014 0.016 0.016 0.012 
 170   (0.009) 0.005 0.004 0.005 0.003 0.002 0.004 0.004 0.005 0.005 0.003 
 168   (0.005) 0.003 0.002 0.003 0.001 0.001 0.003 0.002 0.003 0.003 0.001 
 142   (0.009) 0.006 0.003 0.005 0.003 0.002 0.004 0.004 0.005 0.005 0.003 

Locus 8 : 
8 alleles
0.3% missing data
 195   (0.114) 0.129 0.139 0.110 0.111 0.168 0.146 0.106 0.115 0.105 0.125 
 197   (0.299) 0.283 0.290 0.289 0.279 0.267 0.283 0.291 0.290 0.290 0.283 
 193   (0.288) 0.284 0.270 0.287 0.286 0.263 0.271 0.296 0.295 0.309 0.298 
 201   (0.204) 0.222 0.236 0.243 0.258 0.246 0.229 0.234 0.220 0.221 0.229 
 199   (0.072) 0.067 0.057 0.060 0.059 0.050 0.058 0.063 0.066 0.063 0.057 
 203   (0.010) 0.007 0.004 0.006 0.004 0.003 0.006 0.006 0.007 0.006 0.004 
 189   (0.006) 0.004 0.002 0.003 0.002 0.001 0.003 0.003 0.004 0.003 0.002 
 167   (0.006) 0.003 0.002 0.003 0.002 0.001 0.003 0.003 0.004 0.003 0.002 

Locus 9 : 
5 alleles
0.3% missing data
 176   (0.503) 0.492 0.482 0.498 0.492 0.463 0.493 0.490 0.505 0.508 0.488 
 178   (0.213) 0.231 0.246 0.219 0.234 0.276 0.255 0.217 0.218 0.213 0.240 
 180   (0.118) 0.119 0.110 0.114 0.110 0.105 0.114 0.111 0.114 0.112 0.101 
 182   (0.143) 0.137 0.116 0.124 0.126 0.110 0.123 0.140 0.144 0.136 0.134 
 184   (0.022) 0.021 0.046 0.045 0.038 0.046 0.015 0.042 0.020 0.030 0.037 

Locus 10 : 
10 alleles
2.6% missing data
 207   (0.393) 0.405 0.407 0.374 0.385 0.411 0.426 0.388 0.405 0.385 0.415 
 211   (0.081) 0.080 0.073 0.076 0.066 0.065 0.070 0.073 0.075 0.073 0.065 
 209   (0.175) 0.187 0.204 0.223 0.227 0.228 0.187 0.209 0.193 0.211 0.216 
 201   (0.136) 0.140 0.141 0.147 0.153 0.139 0.147 0.134 0.136 0.138 0.129 
 199   (0.030) 0.024 0.023 0.027 0.021 0.023 0.022 0.025 0.027 0.032 0.023 
 205   (0.083) 0.081 0.074 0.076 0.079 0.069 0.074 0.088 0.084 0.078 0.081 
 203   (0.050) 0.043 0.039 0.039 0.033 0.033 0.037 0.041 0.039 0.041 0.034 
 197   (0.032) 0.028 0.031 0.029 0.029 0.028 0.026 0.031 0.028 0.031 0.030 
 215   (0.009) 0.005 0.003 0.005 0.003 0.002 0.005 0.004 0.005 0.005 0.003 
 213   (0.011) 0.007 0.005 0.006 0.004 0.003 0.006 0.006 0.007 0.006 0.004 

Locus 11 : 
9 alleles
1.2% missing data
 158   (0.175) 0.192 0.215 0.177 0.182 0.245 0.211 0.171 0.171 0.166 0.189 
 156   (0.281) 0.274 0.275 0.288 0.279 0.276 0.269 0.294 0.288 0.285 0.292 
 168   (0.452) 0.461 0.451 0.468 0.483 0.432 0.461 0.468 0.473 0.480 0.465 
 162   (0.026) 0.021 0.016 0.017 0.014 0.013 0.018 0.018 0.019 0.018 0.015 
 166   (0.040) 0.034 0.032 0.035 0.033 0.028 0.027 0.036 0.032 0.035 0.029 
 144   (0.006) 0.003 0.002 0.003 0.002 0.001 0.003 0.003 0.003 0.003 0.002 
 160   (0.006) 0.003 0.002 0.003 0.002 0.001 0.003 0.003 0.004 0.003 0.002 
 152   (0.010) 0.007 0.004 0.006 0.004 0.003 0.006 0.005 0.007 0.006 0.004 
 170   (0.006) 0.003 0.002 0.003 0.002 0.001 0.003 0.003 0.004 0.003 0.002 

Locus 12 : 
6 alleles
1.2% missing data
 189   (0.391) 0.400 0.404 0.420 0.433 0.403 0.412 0.407 0.414 0.423 0.426 
 191   (0.363) 0.372 0.382 0.371 0.366 0.395 0.368 0.377 0.362 0.360 0.370 
 193   (0.056) 0.054 0.054 0.044 0.041 0.052 0.056 0.047 0.049 0.044 0.048 
 195   (0.082) 0.077 0.069 0.079 0.080 0.072 0.073 0.083 0.086 0.084 0.083 
 179   (0.085) 0.079 0.079 0.072 0.069 0.068 0.075 0.072 0.073 0.072 0.061 
 197   (0.023) 0.018 0.013 0.014 0.012 0.010 0.015 0.015 0.017 0.017 0.012 

Locus 13 : 
12 alleles
5.5% missing data
 180   (0.114) 0.112 0.100 0.113 0.115 0.101 0.110 0.112 0.133 0.122 0.114 
 188   (0.287) 0.317 0.356 0.303 0.319 0.387 0.330 0.307 0.290 0.291 0.328 
 184   (0.093) 0.096 0.100 0.113 0.112 0.098 0.106 0.093 0.095 0.100 0.100 
 186   (0.171) 0.163 0.157 0.169 0.178 0.144 0.176 0.169 0.175 0.172 0.158 
 192   (0.041) 0.035 0.039 0.042 0.036 0.037 0.030 0.040 0.036 0.041 0.042 
 194   (0.051) 0.055 0.047 0.042 0.038 0.038 0.045 0.050 0.049 0.047 0.050 
 178   (0.017) 0.013 0.010 0.011 0.008 0.008 0.011 0.010 0.012 0.012 0.009 
 190   (0.147) 0.143 0.134 0.148 0.143 0.138 0.136 0.155 0.148 0.154 0.145 
 174   (0.051) 0.047 0.046 0.042 0.040 0.039 0.041 0.046 0.045 0.045 0.044 
 170   (0.006) 0.004 0.002 0.003 0.002 0.001 0.003 0.003 0.004 0.003 0.002 
 172   (0.009) 0.006 0.004 0.005 0.003 0.003 0.005 0.005 0.006 0.005 0.003 
 182   (0.013) 0.009 0.006 0.008 0.006 0.005 0.007 0.008 0.009 0.008 0.005 

Values of parameters used in structure:
DATAFILE=/home/martin/bottleneck/structure_analysis/structure_4/data_job_T10_1,	OUTFILE=/home/martin/bottleneck/structure_analysis/structure_4/structure_results/california_sea_lion/results_job_T10_1,	NUMINDS=347,	NUMLOCI=13,	MISSING=-9,	LABEL=1,	POPDATA=1,	POPFLAG=0,	PHENOTYPE=0,	EXTRACOLS=0,	MAXPOPS=10,	BURNIN=10000,	NUMREPS=100000,	USEPOPINFO=0,	INFERALPHA=1,	INFERLAMBDA=0,	POPSPECIFICLAMBDA=0,	POPALPHAS=0,	COMPUTEPROB=1,	NOADMIX=0,	ADMBURNIN=2500,	UPDATEFREQ=1,	PRINTLIKES=0,	INTERMEDSAVE=0,	PRINTKLD=0,	PRINTNET=0,	PRINTLAMBDA=0,	ANCESTDIST=0,	NUMBOXES=1000,	ANCESTPINT=0.90000,	GENSBACK=2,	MIGRPRIOR=0.05000,	PRINTQHAT=1,	PRINTQSUM=0,	ALPHA=1.0000,	FREQSCORR=1,	FPRIORMEAN=0.0100,	FPRIORSD=0.0500,	ONEFST=0,	LAMBDA=1.0000,	UNIFPRIORALPHA=1,	ALPHAMAX=10.0000,	ALPHAPRIORA=1.0000,	ALPHAPRIORB=2.0000,	ALPHAPROPSD=0.0250,	STARTATPOPINFO=0,	RANDOMIZE=1,	LINKAGE=0,	METROFREQ=10,	REPORTHITRATE=0,	MARKOVPHASE=-1,	PHASED=0,	PLOIDY=2,	PHASEINFO=0	LOCPRIOR=0, 	LOCPRIORINIT=1.000000, 	LOCDATA=0, 	LOCISPOP=0, 	LOCPRIORSTEP=0.100000, 	MAXLOCPRIOR=20.000000, 	SEED=1470629705,	
[STRAT parameters]:    NUMSIMSTATS=1000,	PHENOTYPECOL=-9,	POOLFREQ=10,	LOCUSxONLY=0,	EMERROR=0.00100,	MISSINGPHENO=-9,	