

----------------------------------------------------
STRUCTURE by Pritchard, Stephens and Donnelly (2000)
     and Falush, Stephens and Pritchard (2003)
       Code by Pritchard, Falush and Hubisz
             Version 2.3.4 (Jul 2012)
----------------------------------------------------



Command line arguments:   /usr/local/bin/structure -m parameter_job_T10_3 
Input File:    /home/martin/bottleneck/structure_analysis/structure_4/data_job_T10_3

Run parameters:
   347 individuals
   13 loci
   10 populations assumed
   10000 Burn-in period
   100000 Reps


--------------------------------------------
Proportion of membership of each pre-defined
 population in each of the 10 clusters

Given    Inferred Clusters                                                        Number of
 Pop       1      2      3      4      5      6      7      8      9     10      Individuals

  1:     0.100  0.100  0.100  0.100  0.101  0.100  0.100  0.100  0.100  0.100      347
--------------------------------------------

Allele-freq. divergence among pops (Net nucleotide distance),
computed using point estimates of P.

      1       2       3       4       5       6       7       8       9      10      
 1      -    0.0008  0.0003  0.0009  0.0013  0.0006  0.0005  0.0022  0.0005  0.0013  
 2   0.0008     -    0.0009  0.0010  0.0010  0.0016  0.0011  0.0018  0.0002  0.0006  
 3   0.0003  0.0009     -    0.0004  0.0013  0.0008  0.0008  0.0023  0.0005  0.0016  
 4   0.0009  0.0010  0.0004     -    0.0014  0.0017  0.0016  0.0021  0.0006  0.0016  
 5   0.0013  0.0010  0.0013  0.0014     -    0.0026  0.0006  0.0003  0.0009  0.0003  
 6   0.0006  0.0016  0.0008  0.0017  0.0026     -    0.0012  0.0039  0.0015  0.0023  
 7   0.0005  0.0011  0.0008  0.0016  0.0006  0.0012     -    0.0013  0.0008  0.0008  
 8   0.0022  0.0018  0.0023  0.0021  0.0003  0.0039  0.0013     -    0.0016  0.0007  
 9   0.0005  0.0002  0.0005  0.0006  0.0009  0.0015  0.0008  0.0016     -    0.0008  
10   0.0013  0.0006  0.0016  0.0016  0.0003  0.0023  0.0008  0.0007  0.0008     -    

Average distances (expected heterozygosity) between individuals in same cluster:
cluster  1  : 0.7433 
cluster  2  : 0.7387 
cluster  3  : 0.7481 
cluster  4  : 0.7566 
cluster  5  : 0.7434 
cluster  6  : 0.7468 
cluster  7  : 0.7434 
cluster  8  : 0.7454 
cluster  9  : 0.7431 
cluster 10  : 0.7408 

--------------------------------------------
Estimated Ln Prob of Data   = -16895.7
Mean value of ln likelihood = -13938.6
Variance of ln likelihood   = 5914.2
Mean value of alpha         = 0.4649

Mean value of Fst_1         = 0.1197
Mean value of Fst_2         = 0.1372
Mean value of Fst_3         = 0.0836
Mean value of Fst_4         = 0.0260
Mean value of Fst_5         = 0.1314
Mean value of Fst_6         = 0.1060
Mean value of Fst_7         = 0.1439
Mean value of Fst_8         = 0.1273
Mean value of Fst_9         = 0.1132
Mean value of Fst_10         = 0.1511


Inferred ancestry of individuals:
        Label (%Miss) Pop:  Inferred clusters
  1        1    (0)    1 :  0.096 0.099 0.092 0.088 0.110 0.087 0.102 0.114 0.096 0.116 
  2        2    (0)    1 :  0.095 0.105 0.096 0.104 0.104 0.096 0.094 0.098 0.101 0.106 
  3        3    (0)    1 :  0.100 0.101 0.102 0.115 0.099 0.101 0.096 0.094 0.098 0.096 
  4        4    (0)    1 :  0.106 0.101 0.098 0.094 0.093 0.122 0.109 0.086 0.093 0.097 
  5        5    (0)    1 :  0.096 0.108 0.109 0.107 0.091 0.100 0.091 0.093 0.109 0.096 
  6        6    (0)    1 :  0.103 0.098 0.103 0.098 0.100 0.108 0.102 0.091 0.098 0.099 
  7        7    (0)    1 :  0.096 0.104 0.096 0.090 0.104 0.089 0.098 0.109 0.104 0.110 
  8        8    (0)    1 :  0.101 0.097 0.108 0.099 0.095 0.100 0.106 0.097 0.100 0.097 
  9        9    (0)    1 :  0.099 0.092 0.097 0.095 0.108 0.086 0.105 0.115 0.098 0.105 
 10       10    (0)    1 :  0.101 0.103 0.102 0.100 0.097 0.101 0.095 0.103 0.094 0.107 
 11       11    (0)    1 :  0.101 0.098 0.104 0.113 0.102 0.092 0.093 0.100 0.104 0.093 
 12       12    (0)    1 :  0.100 0.101 0.100 0.099 0.106 0.084 0.098 0.105 0.105 0.102 
 13       13    (0)    1 :  0.101 0.098 0.107 0.100 0.099 0.089 0.102 0.105 0.113 0.087 
 14       14    (0)    1 :  0.105 0.101 0.101 0.095 0.098 0.107 0.104 0.094 0.098 0.098 
 15       15    (0)    1 :  0.101 0.098 0.102 0.097 0.108 0.085 0.105 0.104 0.101 0.098 
 16       16    (0)    1 :  0.099 0.093 0.099 0.095 0.108 0.088 0.110 0.108 0.103 0.097 
 17       17    (0)    1 :  0.106 0.090 0.106 0.113 0.097 0.108 0.094 0.093 0.097 0.096 
 18       18    (0)    1 :  0.094 0.102 0.100 0.104 0.102 0.096 0.096 0.101 0.101 0.103 
 19       19    (0)    1 :  0.095 0.100 0.101 0.100 0.109 0.089 0.097 0.110 0.097 0.102 
 20       20    (0)    1 :  0.096 0.094 0.090 0.107 0.108 0.082 0.097 0.119 0.097 0.111 
 21       21    (0)    1 :  0.086 0.104 0.090 0.089 0.115 0.074 0.097 0.128 0.099 0.118 
 22       22    (0)    1 :  0.092 0.102 0.084 0.089 0.115 0.085 0.103 0.118 0.097 0.115 
 23       23    (0)    1 :  0.099 0.107 0.099 0.099 0.100 0.099 0.093 0.096 0.098 0.109 
 24       24    (0)    1 :  0.106 0.103 0.103 0.106 0.099 0.105 0.095 0.092 0.099 0.092 
 25       25    (0)    1 :  0.102 0.094 0.099 0.094 0.107 0.101 0.102 0.103 0.098 0.101 
 26       26    (0)    1 :  0.100 0.100 0.106 0.118 0.098 0.093 0.096 0.096 0.103 0.090 
 27       27    (0)    1 :  0.105 0.094 0.107 0.098 0.097 0.093 0.099 0.105 0.104 0.098 
 28       28    (0)    1 :  0.096 0.096 0.094 0.090 0.110 0.089 0.104 0.110 0.100 0.111 
 29       29    (0)    1 :  0.103 0.096 0.104 0.131 0.096 0.099 0.088 0.093 0.100 0.090 
 30       30    (0)    1 :  0.097 0.098 0.102 0.100 0.105 0.092 0.097 0.108 0.102 0.099 
 31       31   (15)    1 :  0.097 0.104 0.108 0.105 0.101 0.101 0.095 0.094 0.104 0.092 
 32       32    (0)    1 :  0.097 0.107 0.100 0.097 0.104 0.093 0.096 0.105 0.099 0.102 
 33       33   (23)    1 :  0.092 0.099 0.093 0.091 0.111 0.085 0.099 0.110 0.105 0.116 
 34       34    (0)    1 :  0.098 0.097 0.103 0.103 0.104 0.088 0.097 0.105 0.100 0.104 
 35       35    (0)    1 :  0.101 0.098 0.100 0.099 0.107 0.093 0.098 0.101 0.104 0.100 
 36       36    (7)    1 :  0.102 0.101 0.103 0.098 0.100 0.093 0.104 0.096 0.102 0.101 
 37       37    (0)    1 :  0.100 0.100 0.112 0.134 0.093 0.098 0.085 0.091 0.102 0.085 
 38       38    (0)    1 :  0.106 0.096 0.105 0.136 0.088 0.100 0.093 0.094 0.100 0.083 
 39       39    (0)    1 :  0.088 0.091 0.075 0.074 0.119 0.070 0.110 0.139 0.099 0.134 
 40       40    (0)    1 :  0.088 0.087 0.067 0.065 0.128 0.060 0.115 0.148 0.096 0.145 
 41       41    (0)    1 :  0.096 0.098 0.095 0.101 0.106 0.083 0.099 0.118 0.096 0.108 
 42       42    (0)    1 :  0.100 0.102 0.110 0.095 0.096 0.094 0.096 0.096 0.114 0.098 
 43       43    (0)    1 :  0.098 0.112 0.096 0.111 0.096 0.098 0.088 0.099 0.100 0.102 
 44       44    (0)    1 :  0.107 0.104 0.103 0.099 0.088 0.110 0.098 0.091 0.100 0.099 
 45       45    (0)    1 :  0.096 0.101 0.108 0.102 0.104 0.096 0.088 0.093 0.103 0.107 
 46       46    (0)    1 :  0.093 0.118 0.091 0.094 0.093 0.098 0.100 0.093 0.113 0.106 
 47       47    (0)    1 :  0.094 0.112 0.098 0.089 0.097 0.091 0.099 0.099 0.110 0.109 
 48       48    (7)    1 :  0.110 0.098 0.102 0.102 0.087 0.109 0.106 0.095 0.093 0.098 
 49       49    (0)    1 :  0.105 0.093 0.109 0.138 0.091 0.100 0.088 0.097 0.097 0.082 
 50       50    (0)    1 :  0.104 0.093 0.106 0.126 0.092 0.099 0.096 0.100 0.098 0.085 
 51       51    (0)    1 :  0.100 0.091 0.109 0.129 0.092 0.101 0.090 0.103 0.099 0.087 
 52       52    (0)    1 :  0.103 0.088 0.109 0.101 0.100 0.097 0.107 0.103 0.102 0.089 
 53       53    (0)    1 :  0.091 0.099 0.099 0.099 0.106 0.087 0.097 0.110 0.098 0.114 
 54       54    (7)    1 :  0.099 0.106 0.099 0.097 0.097 0.096 0.096 0.094 0.107 0.109 
 55       55    (7)    1 :  0.092 0.119 0.092 0.092 0.101 0.095 0.097 0.096 0.109 0.107 
 56       56   (15)    1 :  0.099 0.096 0.108 0.100 0.104 0.091 0.101 0.102 0.100 0.099 
 57       57    (0)    1 :  0.091 0.097 0.079 0.086 0.116 0.074 0.107 0.135 0.094 0.121 
 58       58    (0)    1 :  0.099 0.100 0.104 0.108 0.100 0.106 0.096 0.097 0.096 0.094 
 59       59    (0)    1 :  0.099 0.108 0.097 0.115 0.095 0.104 0.093 0.091 0.104 0.095 
 60       60    (0)    1 :  0.086 0.086 0.074 0.075 0.126 0.066 0.115 0.138 0.098 0.136 
 61       61    (0)    1 :  0.089 0.099 0.098 0.094 0.113 0.082 0.098 0.112 0.102 0.113 
 62       62    (0)    1 :  0.100 0.107 0.097 0.086 0.094 0.109 0.104 0.097 0.100 0.105 
 63       63    (0)    1 :  0.102 0.096 0.106 0.104 0.095 0.092 0.107 0.104 0.105 0.089 
 64       64    (0)    1 :  0.089 0.103 0.084 0.092 0.117 0.080 0.102 0.115 0.098 0.121 
 65       65   (15)    1 :  0.090 0.111 0.099 0.095 0.102 0.096 0.096 0.097 0.101 0.114 
 66       66    (0)    1 :  0.094 0.094 0.100 0.101 0.105 0.086 0.102 0.115 0.104 0.099 
 67       67    (7)    1 :  0.105 0.087 0.113 0.094 0.100 0.093 0.113 0.106 0.099 0.091 
 68       68    (0)    1 :  0.103 0.107 0.093 0.090 0.092 0.116 0.107 0.089 0.099 0.104 
 69       69    (0)    1 :  0.092 0.116 0.099 0.092 0.095 0.099 0.087 0.095 0.105 0.119 
 70       70    (7)    1 :  0.099 0.097 0.099 0.101 0.097 0.101 0.103 0.104 0.101 0.100 
 71       71    (0)    1 :  0.100 0.095 0.093 0.095 0.109 0.089 0.102 0.106 0.095 0.115 
 72       72    (7)    1 :  0.101 0.096 0.110 0.109 0.097 0.099 0.092 0.098 0.104 0.093 
 73       73    (0)    1 :  0.098 0.098 0.105 0.125 0.104 0.090 0.092 0.100 0.101 0.089 
 74       74    (0)    1 :  0.092 0.099 0.094 0.091 0.107 0.077 0.100 0.125 0.100 0.113 
 75       75    (0)    1 :  0.099 0.099 0.108 0.108 0.102 0.097 0.095 0.099 0.099 0.094 
 76       76    (0)    1 :  0.087 0.100 0.091 0.088 0.113 0.079 0.098 0.120 0.098 0.125 
 77       77    (7)    1 :  0.100 0.102 0.100 0.099 0.103 0.102 0.096 0.100 0.097 0.102 
 78       78    (0)    1 :  0.104 0.103 0.105 0.098 0.095 0.104 0.100 0.094 0.102 0.095 
 79       79    (0)    1 :  0.086 0.097 0.076 0.073 0.120 0.072 0.109 0.143 0.096 0.129 
 80       80    (7)    1 :  0.104 0.100 0.104 0.102 0.103 0.103 0.099 0.095 0.096 0.095 
 81       81    (0)    1 :  0.097 0.110 0.101 0.106 0.096 0.097 0.090 0.101 0.098 0.103 
 82       82    (0)    1 :  0.097 0.101 0.101 0.112 0.104 0.090 0.095 0.104 0.103 0.093 
 83       83    (0)    1 :  0.099 0.103 0.095 0.102 0.101 0.094 0.095 0.107 0.097 0.107 
 84       84    (0)    1 :  0.101 0.088 0.108 0.095 0.103 0.101 0.108 0.104 0.098 0.094 
 85       85    (0)    1 :  0.096 0.101 0.104 0.111 0.104 0.091 0.094 0.103 0.099 0.097 
 86       86    (7)    1 :  0.102 0.092 0.099 0.100 0.098 0.111 0.106 0.105 0.090 0.098 
 87       87    (0)    1 :  0.102 0.091 0.102 0.126 0.091 0.108 0.097 0.096 0.093 0.096 
 88       88    (7)    1 :  0.090 0.126 0.083 0.078 0.101 0.098 0.099 0.091 0.109 0.126 
 89       89    (0)    1 :  0.098 0.091 0.108 0.112 0.098 0.096 0.104 0.103 0.097 0.092 
 90       90    (0)    1 :  0.104 0.107 0.097 0.094 0.098 0.106 0.099 0.095 0.095 0.104 
 91       91    (0)    1 :  0.100 0.106 0.103 0.102 0.093 0.100 0.099 0.094 0.102 0.100 
 92       92    (7)    1 :  0.096 0.096 0.089 0.103 0.109 0.085 0.098 0.117 0.093 0.113 
 93       93    (7)    1 :  0.099 0.104 0.098 0.097 0.100 0.095 0.098 0.099 0.104 0.105 
 94       94    (7)    1 :  0.099 0.103 0.087 0.084 0.107 0.090 0.105 0.111 0.096 0.119 
 95       95    (7)    1 :  0.099 0.109 0.104 0.093 0.096 0.092 0.096 0.098 0.113 0.100 
 96       96    (7)    1 :  0.102 0.101 0.104 0.105 0.093 0.095 0.096 0.099 0.107 0.099 
 97       97    (0)    1 :  0.103 0.094 0.099 0.099 0.094 0.114 0.106 0.099 0.093 0.099 
 98       98    (0)    1 :  0.099 0.107 0.106 0.104 0.098 0.098 0.095 0.095 0.099 0.101 
 99       99    (0)    1 :  0.101 0.096 0.104 0.104 0.104 0.090 0.104 0.100 0.104 0.093 
100      100    (0)    1 :  0.099 0.104 0.098 0.090 0.097 0.101 0.107 0.094 0.110 0.099 
101      101    (0)    1 :  0.106 0.103 0.109 0.091 0.092 0.103 0.106 0.091 0.107 0.093 
102      102    (0)    1 :  0.102 0.099 0.098 0.098 0.102 0.113 0.101 0.095 0.095 0.097 
103      103    (0)    1 :  0.110 0.106 0.099 0.091 0.092 0.104 0.104 0.093 0.105 0.096 
104      104    (0)    1 :  0.099 0.113 0.094 0.092 0.100 0.099 0.100 0.093 0.101 0.110 
105      105    (0)    1 :  0.101 0.102 0.107 0.114 0.099 0.095 0.091 0.098 0.103 0.091 
106      106    (0)    1 :  0.111 0.095 0.105 0.107 0.098 0.095 0.097 0.096 0.105 0.091 
107      107    (0)    1 :  0.103 0.101 0.101 0.100 0.100 0.100 0.102 0.091 0.106 0.096 
108      108    (0)    1 :  0.097 0.108 0.096 0.092 0.098 0.108 0.099 0.094 0.104 0.104 
109      109    (0)    1 :  0.105 0.099 0.103 0.102 0.104 0.093 0.096 0.100 0.101 0.097 
110      110    (0)    1 :  0.088 0.115 0.104 0.090 0.105 0.095 0.088 0.097 0.101 0.118 
111      111    (0)    1 :  0.104 0.104 0.102 0.112 0.096 0.106 0.096 0.092 0.101 0.087 
112      112    (0)    1 :  0.093 0.096 0.103 0.109 0.105 0.092 0.095 0.105 0.100 0.102 
113      113    (0)    1 :  0.091 0.101 0.092 0.089 0.117 0.077 0.102 0.123 0.101 0.108 
114      114    (0)    1 :  0.093 0.108 0.102 0.094 0.101 0.096 0.094 0.099 0.101 0.112 
115      115    (0)    1 :  0.096 0.121 0.098 0.087 0.098 0.104 0.094 0.087 0.102 0.112 
116      116    (0)    1 :  0.100 0.108 0.093 0.096 0.101 0.108 0.099 0.092 0.101 0.101 
117      117    (0)    1 :  0.103 0.099 0.102 0.098 0.099 0.098 0.099 0.106 0.096 0.099 
118      118    (7)    1 :  0.106 0.097 0.105 0.110 0.097 0.100 0.099 0.094 0.100 0.094 
119      119    (0)    1 :  0.104 0.106 0.106 0.110 0.094 0.102 0.093 0.089 0.106 0.090 
120      120    (0)    1 :  0.107 0.101 0.106 0.109 0.092 0.112 0.095 0.094 0.097 0.088 
121      121    (0)    1 :  0.101 0.098 0.105 0.105 0.104 0.091 0.095 0.103 0.102 0.095 
122      122    (0)    1 :  0.099 0.097 0.093 0.087 0.113 0.080 0.104 0.112 0.101 0.114 
123      123    (0)    1 :  0.091 0.098 0.089 0.104 0.106 0.086 0.099 0.116 0.101 0.112 
124      124    (0)    1 :  0.091 0.097 0.082 0.080 0.121 0.076 0.106 0.126 0.100 0.120 
125      125    (0)    1 :  0.098 0.105 0.094 0.102 0.106 0.088 0.098 0.106 0.100 0.104 
126      126    (0)    1 :  0.088 0.097 0.085 0.079 0.118 0.078 0.104 0.129 0.096 0.126 
127      127    (0)    1 :  0.102 0.095 0.107 0.097 0.099 0.097 0.106 0.103 0.100 0.094 
128      128    (0)    1 :  0.092 0.102 0.105 0.120 0.102 0.097 0.089 0.100 0.101 0.093 
129      129    (0)    1 :  0.096 0.099 0.095 0.104 0.109 0.089 0.097 0.108 0.099 0.103 
130      130    (0)    1 :  0.092 0.103 0.102 0.094 0.107 0.093 0.098 0.102 0.103 0.106 
131      131    (7)    1 :  0.107 0.095 0.096 0.088 0.095 0.130 0.109 0.091 0.094 0.096 
132      132    (0)    1 :  0.099 0.103 0.105 0.115 0.094 0.100 0.096 0.097 0.099 0.093 
133      133    (0)    1 :  0.085 0.116 0.085 0.086 0.110 0.086 0.099 0.115 0.106 0.113 
134      134    (0)    1 :  0.094 0.102 0.094 0.095 0.112 0.081 0.096 0.115 0.100 0.111 
135      135    (0)    1 :  0.105 0.094 0.111 0.142 0.085 0.093 0.088 0.104 0.099 0.077 
136      136   (15)    1 :  0.102 0.105 0.096 0.084 0.097 0.112 0.114 0.093 0.093 0.104 
137      137    (0)    1 :  0.103 0.099 0.103 0.089 0.097 0.104 0.108 0.096 0.102 0.099 
138      138    (0)    1 :  0.107 0.097 0.101 0.095 0.096 0.116 0.104 0.093 0.096 0.095 
139      139    (0)    1 :  0.105 0.099 0.104 0.110 0.105 0.096 0.096 0.098 0.093 0.094 
140      140    (0)    1 :  0.092 0.107 0.087 0.083 0.107 0.088 0.107 0.112 0.101 0.115 
141      141    (0)    1 :  0.102 0.098 0.105 0.095 0.092 0.100 0.108 0.097 0.113 0.090 
142      142    (0)    1 :  0.108 0.095 0.102 0.106 0.094 0.114 0.101 0.099 0.093 0.090 
143      143    (0)    1 :  0.103 0.098 0.107 0.122 0.092 0.091 0.096 0.097 0.106 0.088 
144      144    (0)    1 :  0.104 0.094 0.106 0.117 0.093 0.109 0.096 0.094 0.098 0.090 
145      145    (0)    1 :  0.101 0.117 0.093 0.089 0.097 0.094 0.098 0.097 0.105 0.110 
146      146    (0)    1 :  0.093 0.091 0.090 0.089 0.115 0.077 0.104 0.119 0.104 0.117 
147      147    (7)    1 :  0.103 0.100 0.103 0.107 0.103 0.096 0.095 0.097 0.102 0.093 
148      148    (0)    1 :  0.092 0.103 0.115 0.128 0.096 0.094 0.081 0.090 0.104 0.097 
149      149    (0)    1 :  0.093 0.113 0.113 0.100 0.093 0.103 0.085 0.088 0.105 0.106 
150      150    (0)    1 :  0.101 0.090 0.108 0.114 0.101 0.099 0.097 0.100 0.097 0.093 
151      151    (0)    1 :  0.100 0.097 0.107 0.130 0.092 0.102 0.089 0.094 0.099 0.090 
152      152    (0)    1 :  0.098 0.101 0.099 0.108 0.099 0.102 0.098 0.098 0.099 0.098 
153      153    (7)    1 :  0.106 0.096 0.105 0.125 0.093 0.102 0.093 0.091 0.100 0.089 
154      154    (7)    1 :  0.098 0.102 0.102 0.114 0.101 0.097 0.092 0.096 0.100 0.098 
155      155    (0)    1 :  0.104 0.096 0.097 0.098 0.105 0.099 0.105 0.100 0.096 0.100 
156      156    (0)    1 :  0.102 0.116 0.092 0.086 0.093 0.104 0.100 0.095 0.100 0.113 
157      157    (0)    1 :  0.095 0.097 0.091 0.080 0.114 0.086 0.107 0.119 0.096 0.116 
158      158    (0)    1 :  0.096 0.099 0.096 0.099 0.105 0.096 0.102 0.106 0.099 0.102 
159      159    (0)    1 :  0.107 0.102 0.106 0.090 0.091 0.095 0.108 0.093 0.119 0.089 
160      160   (15)    1 :  0.092 0.103 0.093 0.103 0.107 0.088 0.097 0.106 0.102 0.108 
161      161    (7)    1 :  0.095 0.107 0.100 0.106 0.100 0.090 0.092 0.106 0.098 0.107 
162      162    (0)    1 :  0.104 0.094 0.102 0.128 0.094 0.097 0.094 0.097 0.096 0.093 
163      163    (0)    1 :  0.097 0.092 0.096 0.099 0.110 0.086 0.103 0.110 0.099 0.107 
164      164    (0)    1 :  0.093 0.101 0.106 0.112 0.098 0.095 0.090 0.102 0.105 0.096 
165      165    (0)    1 :  0.096 0.098 0.100 0.108 0.099 0.096 0.097 0.109 0.095 0.102 
166      166    (0)    1 :  0.095 0.108 0.098 0.093 0.102 0.087 0.098 0.102 0.108 0.109 
167      167    (0)    1 :  0.105 0.105 0.097 0.096 0.093 0.110 0.104 0.095 0.096 0.100 
168      168    (0)    1 :  0.098 0.096 0.088 0.084 0.115 0.079 0.103 0.119 0.099 0.120 
169      169    (0)    1 :  0.103 0.108 0.103 0.112 0.094 0.098 0.094 0.094 0.102 0.091 
170      170    (0)    1 :  0.102 0.099 0.101 0.095 0.102 0.089 0.103 0.106 0.104 0.100 
171      171    (0)    1 :  0.096 0.109 0.101 0.100 0.104 0.094 0.093 0.096 0.104 0.101 
172      172    (0)    1 :  0.084 0.087 0.071 0.068 0.131 0.057 0.114 0.146 0.099 0.143 
173      173    (0)    1 :  0.105 0.101 0.100 0.093 0.099 0.109 0.101 0.095 0.096 0.102 
174      174    (0)    1 :  0.103 0.100 0.098 0.094 0.099 0.111 0.103 0.093 0.098 0.100 
175      175    (0)    1 :  0.100 0.099 0.099 0.101 0.101 0.096 0.098 0.104 0.096 0.105 
176      176    (0)    1 :  0.099 0.097 0.098 0.101 0.107 0.085 0.099 0.109 0.107 0.098 
177      177    (0)    1 :  0.103 0.091 0.107 0.121 0.090 0.116 0.095 0.092 0.094 0.090 
178      178    (7)    1 :  0.101 0.100 0.107 0.091 0.099 0.085 0.108 0.101 0.117 0.090 
179      179    (0)    1 :  0.101 0.108 0.099 0.100 0.101 0.096 0.096 0.095 0.103 0.100 
180      180    (0)    1 :  0.108 0.094 0.101 0.101 0.092 0.114 0.104 0.093 0.100 0.093 
181      181    (0)    1 :  0.104 0.097 0.112 0.113 0.096 0.095 0.095 0.102 0.105 0.080 
182      182    (0)    1 :  0.097 0.102 0.095 0.097 0.107 0.093 0.099 0.108 0.097 0.107 
183      183    (0)    1 :  0.105 0.097 0.101 0.096 0.098 0.101 0.104 0.101 0.101 0.096 
184      184    (0)    1 :  0.099 0.102 0.091 0.089 0.098 0.099 0.109 0.107 0.093 0.111 
185      185    (0)    1 :  0.084 0.129 0.105 0.093 0.098 0.097 0.081 0.079 0.111 0.123 
186      186    (0)    1 :  0.103 0.102 0.099 0.098 0.099 0.105 0.103 0.096 0.095 0.099 
187      187    (0)    1 :  0.097 0.104 0.099 0.100 0.097 0.105 0.101 0.096 0.100 0.102 
188      188    (0)    1 :  0.101 0.102 0.103 0.111 0.100 0.097 0.093 0.101 0.096 0.096 
189      189    (7)    1 :  0.103 0.102 0.102 0.114 0.093 0.098 0.097 0.099 0.097 0.095 
190      190   (15)    1 :  0.100 0.105 0.106 0.093 0.098 0.094 0.101 0.093 0.113 0.095 
191      191    (0)    1 :  0.103 0.092 0.106 0.110 0.100 0.102 0.099 0.101 0.095 0.093 
192      192    (0)    1 :  0.101 0.095 0.100 0.098 0.099 0.107 0.106 0.098 0.099 0.098 
193      193    (7)    1 :  0.102 0.102 0.100 0.092 0.105 0.094 0.101 0.094 0.102 0.108 
194      194    (0)    1 :  0.098 0.106 0.103 0.100 0.106 0.088 0.096 0.099 0.106 0.098 
195      195    (0)    1 :  0.108 0.088 0.099 0.080 0.095 0.131 0.121 0.092 0.097 0.089 
196      196    (0)    1 :  0.103 0.107 0.103 0.107 0.101 0.096 0.095 0.095 0.101 0.094 
197      197    (0)    1 :  0.103 0.104 0.106 0.111 0.095 0.101 0.093 0.091 0.104 0.092 
198      198    (0)    1 :  0.094 0.101 0.105 0.113 0.104 0.093 0.088 0.098 0.107 0.097 
199      199    (0)    1 :  0.110 0.094 0.097 0.084 0.094 0.135 0.106 0.088 0.091 0.101 
200      200    (0)    1 :  0.097 0.093 0.100 0.103 0.103 0.095 0.095 0.109 0.096 0.108 
201      201    (0)    1 :  0.090 0.104 0.083 0.082 0.117 0.075 0.106 0.128 0.099 0.115 
202      202    (0)    1 :  0.105 0.096 0.101 0.099 0.095 0.116 0.101 0.093 0.093 0.100 
203      203    (0)    1 :  0.095 0.100 0.100 0.112 0.102 0.095 0.094 0.101 0.099 0.101 
204      204    (0)    1 :  0.089 0.102 0.090 0.089 0.112 0.086 0.104 0.117 0.099 0.113 
205      205    (0)    1 :  0.102 0.095 0.109 0.105 0.095 0.098 0.101 0.099 0.107 0.090 
206      206    (0)    1 :  0.100 0.100 0.095 0.095 0.106 0.093 0.101 0.105 0.097 0.109 
207      207    (0)    1 :  0.103 0.102 0.104 0.094 0.096 0.098 0.104 0.098 0.101 0.099 
208      208    (7)    1 :  0.096 0.099 0.102 0.096 0.105 0.085 0.103 0.101 0.114 0.098 
209      209    (0)    1 :  0.107 0.110 0.102 0.093 0.100 0.095 0.099 0.094 0.098 0.102 
210      210    (0)    1 :  0.095 0.104 0.105 0.099 0.106 0.093 0.093 0.099 0.100 0.106 
211      211    (0)    1 :  0.092 0.103 0.103 0.115 0.097 0.101 0.087 0.095 0.104 0.103 
212      212    (0)    1 :  0.095 0.103 0.089 0.092 0.111 0.086 0.101 0.112 0.097 0.115 
213      213    (0)    1 :  0.094 0.096 0.092 0.083 0.111 0.082 0.107 0.121 0.106 0.108 
214      214    (0)    1 :  0.095 0.116 0.087 0.094 0.102 0.099 0.102 0.091 0.105 0.108 
215      215    (0)    1 :  0.104 0.099 0.102 0.099 0.096 0.088 0.102 0.099 0.110 0.098 
216      216    (0)    1 :  0.101 0.099 0.105 0.106 0.101 0.094 0.096 0.101 0.098 0.100 
217      217    (0)    1 :  0.106 0.096 0.111 0.105 0.099 0.096 0.096 0.095 0.102 0.093 
218      218    (0)    1 :  0.106 0.104 0.102 0.097 0.099 0.088 0.097 0.098 0.113 0.097 
219      219    (0)    1 :  0.098 0.092 0.106 0.112 0.103 0.107 0.095 0.099 0.100 0.088 
220      220    (0)    1 :  0.095 0.104 0.095 0.099 0.108 0.084 0.091 0.114 0.101 0.110 
221      221    (0)    1 :  0.099 0.111 0.093 0.102 0.094 0.097 0.099 0.099 0.105 0.101 
222      222    (0)    1 :  0.104 0.096 0.112 0.101 0.096 0.099 0.102 0.098 0.103 0.088 
223      223    (0)    1 :  0.100 0.101 0.108 0.098 0.100 0.089 0.102 0.103 0.107 0.092 
224      224    (0)    1 :  0.096 0.096 0.105 0.119 0.100 0.090 0.095 0.106 0.102 0.091 
225      225    (0)    1 :  0.104 0.106 0.100 0.085 0.095 0.105 0.108 0.098 0.099 0.101 
226      226    (0)    1 :  0.099 0.103 0.102 0.098 0.100 0.098 0.100 0.099 0.099 0.101 
227      227    (0)    1 :  0.093 0.103 0.099 0.100 0.106 0.083 0.099 0.106 0.101 0.110 
228      228    (0)    1 :  0.096 0.096 0.093 0.095 0.110 0.085 0.102 0.110 0.102 0.112 
229      229    (0)    1 :  0.098 0.109 0.098 0.106 0.101 0.095 0.092 0.094 0.106 0.100 
230      230    (0)    1 :  0.102 0.098 0.103 0.106 0.104 0.095 0.095 0.103 0.101 0.094 
231      231    (0)    1 :  0.106 0.096 0.101 0.102 0.099 0.111 0.102 0.096 0.091 0.095 
232      232    (0)    1 :  0.106 0.096 0.104 0.116 0.099 0.093 0.091 0.100 0.102 0.093 
233      233    (0)    1 :  0.086 0.092 0.082 0.081 0.117 0.072 0.111 0.136 0.098 0.125 
234      234    (0)    1 :  0.096 0.104 0.094 0.093 0.106 0.091 0.102 0.112 0.100 0.102 
235      235    (0)    1 :  0.102 0.102 0.102 0.096 0.101 0.103 0.105 0.095 0.096 0.099 
236      236    (0)    1 :  0.105 0.095 0.100 0.120 0.093 0.114 0.098 0.088 0.095 0.091 
237      237    (0)    1 :  0.095 0.090 0.085 0.083 0.114 0.086 0.112 0.121 0.098 0.117 
238      238    (0)    1 :  0.098 0.103 0.101 0.094 0.099 0.090 0.102 0.100 0.116 0.100 
239      239    (0)    1 :  0.097 0.101 0.101 0.095 0.100 0.096 0.101 0.103 0.102 0.104 
240      240    (0)    1 :  0.104 0.095 0.098 0.087 0.099 0.120 0.118 0.095 0.093 0.094 
241      241    (0)    1 :  0.096 0.095 0.097 0.097 0.114 0.087 0.099 0.117 0.097 0.100 
242      242    (0)    1 :  0.103 0.104 0.106 0.108 0.094 0.095 0.098 0.093 0.107 0.092 
243      243    (7)    1 :  0.098 0.096 0.094 0.112 0.106 0.088 0.097 0.110 0.097 0.102 
244      244    (0)    1 :  0.101 0.100 0.097 0.093 0.098 0.104 0.105 0.102 0.098 0.101 
245      245    (0)    1 :  0.095 0.114 0.097 0.094 0.104 0.086 0.097 0.099 0.109 0.105 
246      246    (0)    1 :  0.091 0.110 0.101 0.105 0.102 0.091 0.089 0.095 0.107 0.110 
247      247    (0)    1 :  0.100 0.122 0.093 0.082 0.096 0.112 0.103 0.085 0.100 0.108 
248      248    (0)    1 :  0.103 0.105 0.101 0.110 0.091 0.107 0.095 0.093 0.099 0.096 
249      249    (7)    1 :  0.102 0.104 0.100 0.082 0.091 0.092 0.115 0.102 0.117 0.095 
250      250    (0)    1 :  0.101 0.099 0.103 0.089 0.093 0.094 0.108 0.102 0.113 0.097 
251      251   (23)    1 :  0.108 0.093 0.104 0.109 0.092 0.105 0.103 0.094 0.107 0.087 
252      252    (0)    1 :  0.106 0.098 0.106 0.096 0.095 0.111 0.105 0.094 0.099 0.091 
253      253    (0)    1 :  0.103 0.097 0.105 0.103 0.097 0.102 0.104 0.099 0.100 0.092 
254      254    (0)    1 :  0.107 0.090 0.111 0.118 0.090 0.109 0.099 0.098 0.098 0.081 
255      255    (0)    1 :  0.116 0.080 0.104 0.109 0.084 0.141 0.107 0.087 0.092 0.079 
256      256    (0)    1 :  0.102 0.082 0.105 0.080 0.102 0.128 0.120 0.103 0.093 0.084 
257      257    (0)    1 :  0.107 0.088 0.099 0.070 0.103 0.138 0.124 0.092 0.088 0.089 
258      258    (0)    1 :  0.108 0.088 0.103 0.104 0.092 0.122 0.111 0.087 0.095 0.089 
259      259    (0)    1 :  0.099 0.106 0.096 0.096 0.104 0.100 0.100 0.099 0.099 0.101 
260      260    (0)    1 :  0.105 0.099 0.104 0.119 0.092 0.103 0.096 0.093 0.097 0.091 
261      261    (0)    1 :  0.121 0.069 0.094 0.053 0.092 0.181 0.137 0.081 0.080 0.094 
262      262    (0)    1 :  0.093 0.118 0.094 0.087 0.106 0.098 0.093 0.090 0.101 0.120 
263      263    (0)    1 :  0.101 0.101 0.099 0.093 0.097 0.103 0.106 0.101 0.096 0.103 
264      264    (0)    1 :  0.102 0.092 0.100 0.091 0.100 0.123 0.108 0.098 0.093 0.094 
265      265    (0)    1 :  0.115 0.081 0.103 0.079 0.091 0.149 0.121 0.085 0.087 0.089 
266      266    (0)    1 :  0.099 0.104 0.106 0.108 0.098 0.097 0.095 0.096 0.098 0.100 
267      267    (0)    1 :  0.092 0.110 0.112 0.104 0.095 0.103 0.087 0.093 0.101 0.104 
268      268    (0)    1 :  0.102 0.105 0.101 0.101 0.101 0.097 0.098 0.092 0.104 0.099 
269      269    (0)    1 :  0.098 0.095 0.098 0.087 0.100 0.123 0.111 0.095 0.094 0.101 
270      270    (0)    1 :  0.108 0.089 0.102 0.098 0.095 0.124 0.108 0.093 0.094 0.090 
271      271    (0)    1 :  0.100 0.101 0.106 0.098 0.106 0.111 0.098 0.092 0.093 0.095 
272      272    (0)    1 :  0.102 0.093 0.098 0.088 0.099 0.115 0.114 0.098 0.098 0.095 
273      273    (0)    1 :  0.098 0.117 0.097 0.087 0.101 0.101 0.097 0.090 0.103 0.110 
274      274    (0)    1 :  0.103 0.093 0.100 0.096 0.096 0.126 0.104 0.093 0.098 0.092 
275      275    (0)    1 :  0.104 0.089 0.093 0.086 0.104 0.125 0.113 0.097 0.090 0.099 
276      276    (0)    1 :  0.107 0.100 0.095 0.081 0.094 0.127 0.113 0.088 0.090 0.104 
277      277    (0)    1 :  0.092 0.110 0.112 0.100 0.095 0.108 0.088 0.090 0.101 0.105 
278      278    (0)    1 :  0.101 0.084 0.114 0.086 0.106 0.099 0.116 0.114 0.101 0.079 
279      279    (0)    1 :  0.104 0.090 0.091 0.071 0.104 0.133 0.120 0.096 0.089 0.102 
280      280    (0)    1 :  0.102 0.089 0.104 0.115 0.096 0.096 0.098 0.110 0.093 0.096 
281      281    (0)    1 :  0.089 0.102 0.100 0.094 0.114 0.086 0.099 0.106 0.105 0.105 
282      282    (0)    1 :  0.108 0.101 0.106 0.099 0.093 0.110 0.105 0.088 0.098 0.091 
283      283    (0)    1 :  0.101 0.081 0.094 0.087 0.101 0.123 0.117 0.106 0.090 0.100 
284      284    (0)    1 :  0.105 0.104 0.102 0.102 0.099 0.097 0.093 0.093 0.102 0.103 
285      285    (0)    1 :  0.107 0.093 0.100 0.107 0.092 0.114 0.105 0.089 0.095 0.097 
286      286    (0)    1 :  0.101 0.095 0.104 0.081 0.102 0.117 0.113 0.093 0.101 0.092 
287      287    (0)    1 :  0.105 0.088 0.099 0.107 0.093 0.120 0.109 0.092 0.095 0.092 
288      288    (0)    1 :  0.098 0.095 0.094 0.099 0.103 0.104 0.104 0.106 0.097 0.100 
289      289    (0)    1 :  0.103 0.100 0.101 0.097 0.100 0.113 0.100 0.091 0.096 0.100 
290      290    (0)    1 :  0.103 0.087 0.102 0.146 0.092 0.100 0.094 0.096 0.096 0.085 
291      291    (0)    1 :  0.111 0.080 0.098 0.073 0.094 0.154 0.125 0.084 0.091 0.090 
292      292    (0)    1 :  0.099 0.115 0.097 0.088 0.096 0.112 0.096 0.085 0.099 0.114 
293      293    (0)    1 :  0.114 0.079 0.096 0.065 0.093 0.166 0.126 0.084 0.084 0.092 
294      294    (0)    1 :  0.111 0.088 0.106 0.104 0.095 0.128 0.103 0.089 0.092 0.084 
295      295    (0)    1 :  0.108 0.086 0.099 0.078 0.097 0.144 0.120 0.087 0.089 0.092 
296      296    (0)    1 :  0.094 0.105 0.098 0.106 0.102 0.097 0.097 0.098 0.100 0.102 
297      297    (0)    1 :  0.110 0.088 0.096 0.072 0.093 0.156 0.122 0.084 0.087 0.093 
298      298    (0)    1 :  0.101 0.111 0.100 0.099 0.097 0.098 0.100 0.091 0.106 0.097 
299      299    (0)    1 :  0.094 0.102 0.104 0.105 0.102 0.096 0.094 0.101 0.101 0.102 
300      300    (0)    1 :  0.103 0.090 0.102 0.085 0.098 0.138 0.111 0.090 0.092 0.091 
301      301    (0)    1 :  0.117 0.083 0.102 0.101 0.084 0.142 0.109 0.088 0.088 0.086 
302      302    (0)    1 :  0.095 0.099 0.091 0.095 0.107 0.092 0.103 0.115 0.099 0.105 
303      303    (0)    1 :  0.107 0.078 0.092 0.067 0.098 0.153 0.126 0.095 0.084 0.098 
304      304    (0)    1 :  0.096 0.094 0.098 0.090 0.109 0.098 0.107 0.108 0.098 0.101 
305      305    (0)    1 :  0.088 0.107 0.110 0.102 0.100 0.101 0.091 0.092 0.106 0.104 
306      306    (0)    1 :  0.104 0.094 0.101 0.109 0.101 0.102 0.099 0.094 0.105 0.091 
307      307    (0)    1 :  0.102 0.097 0.102 0.093 0.102 0.110 0.102 0.092 0.096 0.104 
308      308    (0)    1 :  0.093 0.105 0.115 0.114 0.099 0.105 0.081 0.090 0.099 0.099 
309      309    (0)    1 :  0.090 0.101 0.087 0.080 0.109 0.088 0.104 0.117 0.096 0.127 
310      310    (0)    1 :  0.096 0.112 0.094 0.087 0.090 0.106 0.105 0.096 0.104 0.110 
311      311    (0)    1 :  0.107 0.095 0.107 0.129 0.095 0.099 0.090 0.096 0.101 0.081 
312      312    (0)    1 :  0.097 0.097 0.107 0.125 0.096 0.096 0.091 0.096 0.104 0.090 
313      313    (0)    1 :  0.098 0.097 0.100 0.119 0.103 0.090 0.095 0.104 0.096 0.099 
314      314    (0)    1 :  0.099 0.099 0.098 0.103 0.098 0.100 0.096 0.097 0.099 0.112 
315      315    (0)    1 :  0.103 0.092 0.104 0.093 0.097 0.108 0.111 0.102 0.095 0.097 
316      316    (0)    1 :  0.102 0.100 0.099 0.103 0.109 0.092 0.096 0.103 0.097 0.100 
317      317    (0)    1 :  0.101 0.096 0.100 0.108 0.097 0.103 0.102 0.098 0.097 0.097 
318      318   (15)    1 :  0.101 0.108 0.100 0.099 0.096 0.105 0.094 0.095 0.101 0.102 
319      319    (0)    1 :  0.099 0.088 0.111 0.121 0.099 0.094 0.095 0.108 0.098 0.087 
320      320    (0)    1 :  0.097 0.101 0.103 0.104 0.101 0.100 0.097 0.101 0.095 0.100 
321      321    (0)    1 :  0.101 0.101 0.092 0.092 0.107 0.095 0.100 0.105 0.097 0.111 
322      322    (0)    1 :  0.109 0.092 0.112 0.141 0.090 0.099 0.084 0.095 0.102 0.076 
323      323    (0)    1 :  0.094 0.097 0.092 0.098 0.109 0.089 0.099 0.115 0.094 0.113 
324      324    (0)    1 :  0.102 0.093 0.108 0.101 0.097 0.095 0.109 0.102 0.097 0.095 
325      325    (0)    1 :  0.106 0.099 0.105 0.132 0.095 0.097 0.090 0.094 0.097 0.085 
326      326    (0)    1 :  0.106 0.105 0.093 0.086 0.095 0.110 0.113 0.095 0.094 0.104 
327      327    (0)    1 :  0.101 0.109 0.098 0.096 0.100 0.105 0.098 0.092 0.097 0.103 
328      328    (0)    1 :  0.104 0.103 0.102 0.104 0.097 0.107 0.100 0.091 0.095 0.096 
329      329    (0)    1 :  0.105 0.094 0.102 0.118 0.098 0.098 0.096 0.099 0.096 0.093 
330      330    (0)    1 :  0.106 0.103 0.094 0.098 0.099 0.107 0.105 0.094 0.094 0.099 
331      331    (0)    1 :  0.103 0.107 0.096 0.100 0.098 0.102 0.101 0.097 0.098 0.099 
332      332    (0)    1 :  0.101 0.104 0.095 0.097 0.102 0.097 0.101 0.097 0.101 0.104 
333      333    (0)    1 :  0.106 0.096 0.110 0.126 0.095 0.102 0.093 0.092 0.095 0.084 
334      334    (0)    1 :  0.099 0.104 0.109 0.112 0.099 0.090 0.091 0.090 0.108 0.098 
335      335    (0)    1 :  0.101 0.103 0.102 0.119 0.094 0.106 0.092 0.090 0.101 0.091 
336      336    (0)    1 :  0.098 0.099 0.105 0.115 0.108 0.090 0.091 0.100 0.104 0.090 
337      337    (0)    1 :  0.100 0.100 0.103 0.102 0.098 0.086 0.099 0.103 0.120 0.088 
338      338    (0)    1 :  0.099 0.097 0.094 0.101 0.100 0.105 0.104 0.101 0.095 0.105 
339      339    (0)    1 :  0.095 0.103 0.094 0.101 0.103 0.095 0.097 0.105 0.097 0.111 
340      340    (0)    1 :  0.099 0.117 0.096 0.094 0.103 0.096 0.098 0.089 0.102 0.105 
341      341    (0)    1 :  0.102 0.098 0.103 0.117 0.101 0.094 0.093 0.099 0.100 0.092 
342      342    (7)    1 :  0.098 0.099 0.101 0.133 0.099 0.096 0.087 0.098 0.098 0.091 
343      343    (0)    1 :  0.101 0.095 0.097 0.092 0.103 0.111 0.105 0.099 0.097 0.100 
344      344    (0)    1 :  0.105 0.107 0.097 0.097 0.093 0.123 0.097 0.090 0.094 0.096 
345      345    (7)    1 :  0.101 0.101 0.099 0.096 0.101 0.097 0.101 0.098 0.104 0.103 
346      346    (7)    1 :  0.097 0.106 0.099 0.099 0.103 0.090 0.097 0.100 0.103 0.107 
347      347    (0)    1 :  0.097 0.091 0.099 0.098 0.107 0.086 0.103 0.107 0.110 0.103 


Estimated Allele Frequencies in each cluster
First column gives estimated ancestral frequencies


Locus 1 : 
7 alleles
0.0% missing data
 178   (0.176) 0.165 0.158 0.166 0.177 0.187 0.148 0.167 0.183 0.168 0.168 
 184   (0.248) 0.231 0.238 0.241 0.251 0.243 0.229 0.221 0.256 0.230 0.249 
 182   (0.313) 0.301 0.351 0.293 0.316 0.302 0.305 0.284 0.287 0.318 0.319 
 188   (0.069) 0.088 0.082 0.083 0.072 0.061 0.061 0.082 0.069 0.102 0.067 
 186   (0.115) 0.100 0.106 0.104 0.111 0.111 0.094 0.099 0.122 0.104 0.113 
 180   (0.044) 0.062 0.033 0.056 0.039 0.047 0.085 0.077 0.042 0.041 0.047 
 176   (0.035) 0.054 0.033 0.056 0.033 0.048 0.078 0.070 0.041 0.038 0.038 

Locus 2 : 
9 alleles
0.9% missing data
 138   (0.136) 0.118 0.122 0.131 0.132 0.135 0.122 0.126 0.139 0.127 0.136 
 152   (0.293) 0.276 0.321 0.286 0.293 0.318 0.269 0.285 0.311 0.305 0.324 
 150   (0.183) 0.213 0.182 0.195 0.188 0.189 0.188 0.191 0.191 0.191 0.191 
 142   (0.146) 0.169 0.148 0.165 0.143 0.143 0.198 0.180 0.141 0.146 0.150 
 148   (0.045) 0.030 0.031 0.037 0.042 0.033 0.033 0.028 0.031 0.034 0.029 
 144   (0.106) 0.112 0.127 0.101 0.111 0.110 0.119 0.116 0.108 0.120 0.115 
 140   (0.052) 0.053 0.047 0.057 0.054 0.050 0.046 0.052 0.054 0.052 0.037 
 154   (0.020) 0.014 0.011 0.014 0.018 0.011 0.014 0.011 0.012 0.012 0.009 
 146   (0.020) 0.014 0.011 0.014 0.019 0.011 0.012 0.011 0.012 0.013 0.009 

Locus 3 : 
10 alleles
0.9% missing data
 170   (0.363) 0.430 0.436 0.399 0.380 0.392 0.440 0.419 0.375 0.424 0.412 
 172   (0.149) 0.139 0.156 0.136 0.144 0.185 0.118 0.161 0.216 0.144 0.184 
 160   (0.020) 0.012 0.011 0.014 0.018 0.012 0.014 0.011 0.011 0.013 0.011 
 166   (0.154) 0.140 0.132 0.148 0.153 0.129 0.136 0.134 0.120 0.140 0.120 
 176   (0.039) 0.035 0.033 0.033 0.037 0.043 0.028 0.039 0.047 0.037 0.040 
 180   (0.199) 0.188 0.168 0.203 0.196 0.185 0.193 0.184 0.177 0.181 0.168 
 178   (0.017) 0.012 0.009 0.013 0.016 0.011 0.013 0.010 0.011 0.011 0.008 
 168   (0.047) 0.039 0.052 0.048 0.046 0.041 0.053 0.039 0.037 0.045 0.054 
 182   (0.006) 0.003 0.002 0.003 0.005 0.002 0.003 0.002 0.002 0.002 0.001 
 174   (0.006) 0.003 0.002 0.003 0.005 0.002 0.003 0.002 0.002 0.002 0.001 

Locus 4 : 
9 alleles
0.0% missing data
 155   (0.468) 0.501 0.502 0.509 0.481 0.502 0.488 0.511 0.505 0.514 0.498 
 159   (0.124) 0.128 0.124 0.120 0.124 0.117 0.122 0.108 0.117 0.116 0.124 
 157   (0.254) 0.234 0.254 0.233 0.250 0.266 0.235 0.250 0.265 0.247 0.256 
 161   (0.100) 0.093 0.092 0.095 0.095 0.088 0.105 0.092 0.080 0.088 0.090 
 151   (0.030) 0.032 0.019 0.030 0.027 0.020 0.038 0.031 0.023 0.024 0.026 
 153   (0.008) 0.004 0.003 0.005 0.007 0.003 0.004 0.003 0.004 0.004 0.002 
 137   (0.006) 0.003 0.002 0.003 0.005 0.002 0.003 0.002 0.002 0.002 0.001 
 169   (0.006) 0.003 0.002 0.003 0.005 0.002 0.003 0.002 0.002 0.002 0.001 
 141   (0.006) 0.003 0.002 0.003 0.005 0.002 0.003 0.002 0.002 0.002 0.001 

Locus 5 : 
11 alleles
1.2% missing data
 126   (0.125) 0.135 0.117 0.135 0.123 0.136 0.158 0.151 0.123 0.121 0.127 
 130   (0.094) 0.088 0.102 0.089 0.092 0.085 0.110 0.087 0.077 0.098 0.093 
 138   (0.028) 0.029 0.030 0.024 0.026 0.026 0.029 0.030 0.027 0.023 0.030 
 128   (0.439) 0.483 0.469 0.473 0.457 0.445 0.444 0.458 0.447 0.478 0.445 
 142   (0.039) 0.025 0.039 0.036 0.038 0.030 0.034 0.022 0.029 0.035 0.039 
 140   (0.115) 0.104 0.105 0.109 0.112 0.109 0.105 0.099 0.106 0.100 0.103 
 136   (0.085) 0.081 0.090 0.079 0.082 0.108 0.072 0.098 0.127 0.088 0.109 
 124   (0.017) 0.011 0.009 0.013 0.016 0.009 0.011 0.011 0.012 0.011 0.008 
 132   (0.037) 0.032 0.029 0.031 0.035 0.041 0.025 0.036 0.042 0.035 0.039 
 134   (0.013) 0.007 0.006 0.008 0.011 0.006 0.007 0.006 0.007 0.007 0.006 
 144   (0.009) 0.005 0.003 0.005 0.008 0.003 0.004 0.003 0.004 0.004 0.002 

Locus 6 : 
9 alleles
0.6% missing data
 239   (0.127) 0.120 0.147 0.130 0.131 0.133 0.141 0.120 0.137 0.148 0.164 
 241   (0.250) 0.306 0.268 0.292 0.259 0.279 0.327 0.317 0.264 0.261 0.267 
 233   (0.015) 0.009 0.007 0.009 0.014 0.007 0.008 0.007 0.008 0.008 0.006 
 229   (0.316) 0.295 0.300 0.296 0.312 0.314 0.271 0.297 0.328 0.313 0.296 
 243   (0.161) 0.169 0.186 0.167 0.162 0.169 0.148 0.160 0.154 0.172 0.170 
 235   (0.040) 0.033 0.028 0.035 0.037 0.027 0.040 0.030 0.029 0.029 0.028 
 245   (0.040) 0.029 0.028 0.033 0.037 0.028 0.031 0.029 0.030 0.031 0.027 
 237   (0.036) 0.031 0.029 0.028 0.035 0.037 0.026 0.033 0.043 0.029 0.037 
 231   (0.014) 0.009 0.007 0.010 0.013 0.007 0.009 0.007 0.008 0.009 0.006 

Locus 7 : 
21 alleles
0.3% missing data
 132   (0.241) 0.298 0.290 0.279 0.255 0.258 0.311 0.282 0.261 0.275 0.273 
 134   (0.062) 0.060 0.052 0.069 0.063 0.060 0.058 0.057 0.057 0.058 0.052 
 136   (0.258) 0.296 0.312 0.289 0.264 0.330 0.296 0.328 0.304 0.307 0.338 
 152   (0.150) 0.151 0.177 0.145 0.151 0.182 0.137 0.166 0.197 0.172 0.184 
 154   (0.029) 0.027 0.020 0.031 0.029 0.026 0.027 0.025 0.025 0.024 0.020 
 130   (0.055) 0.040 0.041 0.049 0.053 0.042 0.046 0.038 0.040 0.043 0.041 
 164   (0.024) 0.016 0.015 0.019 0.022 0.015 0.017 0.014 0.015 0.018 0.013 
 156   (0.030) 0.022 0.018 0.022 0.028 0.021 0.020 0.019 0.021 0.021 0.018 
 178   (0.006) 0.003 0.002 0.003 0.005 0.002 0.002 0.002 0.002 0.002 0.001 
 148   (0.008) 0.004 0.003 0.004 0.007 0.003 0.004 0.003 0.004 0.004 0.002 
 176   (0.006) 0.003 0.002 0.003 0.005 0.002 0.002 0.002 0.002 0.002 0.001 
 140   (0.011) 0.006 0.004 0.006 0.009 0.004 0.005 0.004 0.005 0.005 0.004 
 138   (0.017) 0.010 0.008 0.011 0.016 0.008 0.010 0.008 0.010 0.009 0.007 
 162   (0.026) 0.023 0.021 0.022 0.026 0.017 0.023 0.021 0.019 0.020 0.019 
 160   (0.016) 0.009 0.009 0.011 0.014 0.008 0.009 0.007 0.009 0.009 0.008 
 150   (0.006) 0.003 0.002 0.003 0.006 0.002 0.003 0.002 0.002 0.002 0.001 
 158   (0.008) 0.005 0.003 0.005 0.007 0.003 0.005 0.003 0.004 0.004 0.002 
 166   (0.023) 0.014 0.013 0.016 0.021 0.012 0.014 0.012 0.014 0.015 0.010 
 170   (0.008) 0.004 0.003 0.005 0.007 0.003 0.004 0.003 0.004 0.004 0.002 
 168   (0.006) 0.003 0.002 0.003 0.005 0.001 0.003 0.002 0.002 0.002 0.001 
 142   (0.008) 0.004 0.003 0.004 0.007 0.003 0.004 0.003 0.003 0.003 0.002 

Locus 8 : 
8 alleles
0.3% missing data
 195   (0.108) 0.111 0.125 0.096 0.106 0.145 0.088 0.129 0.179 0.114 0.154 
 197   (0.299) 0.296 0.282 0.296 0.302 0.281 0.297 0.279 0.261 0.281 0.268 
 193   (0.293) 0.290 0.286 0.308 0.297 0.276 0.285 0.286 0.273 0.302 0.264 
 201   (0.202) 0.235 0.241 0.222 0.201 0.234 0.256 0.245 0.222 0.226 0.255 
 199   (0.074) 0.056 0.058 0.066 0.073 0.056 0.062 0.053 0.056 0.066 0.053 
 203   (0.011) 0.006 0.004 0.006 0.010 0.004 0.005 0.004 0.005 0.005 0.003 
 189   (0.006) 0.003 0.002 0.003 0.005 0.002 0.003 0.002 0.002 0.002 0.001 
 167   (0.006) 0.003 0.002 0.003 0.005 0.002 0.003 0.002 0.002 0.003 0.001 

Locus 9 : 
5 alleles
0.3% missing data
 176   (0.497) 0.507 0.487 0.505 0.500 0.475 0.515 0.479 0.467 0.487 0.485 
 178   (0.216) 0.213 0.245 0.207 0.219 0.259 0.193 0.243 0.281 0.242 0.251 
 180   (0.118) 0.112 0.120 0.110 0.120 0.110 0.110 0.100 0.102 0.110 0.114 
 182   (0.145) 0.126 0.130 0.142 0.141 0.127 0.118 0.124 0.124 0.136 0.120 
 184   (0.023) 0.042 0.018 0.036 0.020 0.029 0.064 0.054 0.026 0.025 0.029 

Locus 10 : 
10 alleles
2.6% missing data
 207   (0.385) 0.400 0.400 0.390 0.387 0.418 0.364 0.396 0.425 0.396 0.421 
 211   (0.081) 0.069 0.074 0.073 0.079 0.070 0.073 0.064 0.066 0.072 0.074 
 209   (0.172) 0.218 0.211 0.203 0.176 0.202 0.238 0.231 0.204 0.191 0.210 
 201   (0.141) 0.134 0.150 0.135 0.146 0.139 0.142 0.132 0.133 0.152 0.143 
 199   (0.031) 0.025 0.020 0.028 0.031 0.024 0.024 0.024 0.026 0.023 0.019 
 205   (0.086) 0.078 0.076 0.085 0.084 0.078 0.071 0.081 0.075 0.091 0.068 
 203   (0.052) 0.037 0.034 0.042 0.049 0.035 0.041 0.033 0.037 0.037 0.034 
 197   (0.034) 0.029 0.028 0.032 0.032 0.025 0.037 0.031 0.026 0.027 0.025 
 215   (0.009) 0.004 0.003 0.004 0.007 0.003 0.004 0.003 0.004 0.004 0.002 
 213   (0.011) 0.006 0.005 0.007 0.010 0.004 0.006 0.004 0.005 0.005 0.003 

Locus 11 : 
9 alleles
1.2% missing data
 158   (0.172) 0.178 0.179 0.164 0.166 0.226 0.159 0.206 0.242 0.176 0.221 
 156   (0.275) 0.285 0.273 0.296 0.281 0.282 0.287 0.288 0.275 0.282 0.264 
 168   (0.457) 0.471 0.496 0.471 0.466 0.440 0.483 0.451 0.428 0.481 0.465 
 162   (0.027) 0.016 0.016 0.020 0.025 0.015 0.018 0.013 0.015 0.018 0.014 
 166   (0.041) 0.036 0.026 0.035 0.037 0.027 0.040 0.032 0.027 0.030 0.028 
 144   (0.006) 0.003 0.002 0.003 0.005 0.002 0.003 0.002 0.002 0.002 0.001 
 160   (0.006) 0.003 0.002 0.003 0.005 0.002 0.003 0.002 0.002 0.002 0.001 
 152   (0.011) 0.006 0.004 0.006 0.009 0.004 0.005 0.004 0.005 0.005 0.003 
 170   (0.006) 0.003 0.002 0.003 0.005 0.002 0.003 0.002 0.002 0.002 0.001 

Locus 12 : 
6 alleles
1.2% missing data
 189   (0.387) 0.429 0.423 0.410 0.398 0.399 0.435 0.421 0.395 0.416 0.416 
 191   (0.364) 0.359 0.373 0.370 0.366 0.391 0.359 0.372 0.385 0.371 0.378 
 193   (0.057) 0.046 0.047 0.047 0.053 0.052 0.039 0.046 0.062 0.047 0.051 
 195   (0.082) 0.086 0.078 0.082 0.079 0.069 0.084 0.080 0.070 0.082 0.072 
 179   (0.086) 0.066 0.066 0.074 0.082 0.077 0.068 0.069 0.073 0.071 0.072 
 197   (0.024) 0.014 0.013 0.017 0.022 0.012 0.014 0.011 0.014 0.014 0.010 

Locus 13 : 
12 alleles
5.5% missing data
 180   (0.116) 0.130 0.114 0.125 0.118 0.103 0.110 0.112 0.101 0.120 0.103 
 188   (0.284) 0.305 0.302 0.295 0.282 0.366 0.281 0.350 0.382 0.311 0.356 
 184   (0.093) 0.092 0.125 0.089 0.099 0.097 0.105 0.096 0.085 0.114 0.107 
 186   (0.171) 0.180 0.174 0.167 0.171 0.158 0.188 0.155 0.154 0.161 0.161 
 192   (0.039) 0.041 0.033 0.038 0.036 0.032 0.053 0.047 0.031 0.031 0.034 
 194   (0.051) 0.038 0.053 0.051 0.052 0.041 0.049 0.034 0.039 0.050 0.055 
 178   (0.017) 0.010 0.008 0.012 0.015 0.008 0.011 0.009 0.010 0.010 0.008 
 190   (0.149) 0.148 0.140 0.161 0.152 0.143 0.141 0.145 0.144 0.146 0.123 
 174   (0.051) 0.039 0.040 0.047 0.051 0.041 0.045 0.041 0.043 0.043 0.044 
 170   (0.006) 0.003 0.002 0.003 0.005 0.002 0.003 0.002 0.002 0.003 0.001 
 172   (0.009) 0.005 0.003 0.005 0.007 0.003 0.005 0.003 0.004 0.004 0.003 
 182   (0.013) 0.008 0.006 0.008 0.012 0.006 0.009 0.006 0.007 0.007 0.005 

Values of parameters used in structure:
DATAFILE=/home/martin/bottleneck/structure_analysis/structure_4/data_job_T10_3,	OUTFILE=/home/martin/bottleneck/structure_analysis/structure_4/structure_results/california_sea_lion/results_job_T10_3,	NUMINDS=347,	NUMLOCI=13,	MISSING=-9,	LABEL=1,	POPDATA=1,	POPFLAG=0,	PHENOTYPE=0,	EXTRACOLS=0,	MAXPOPS=10,	BURNIN=10000,	NUMREPS=100000,	USEPOPINFO=0,	INFERALPHA=1,	INFERLAMBDA=0,	POPSPECIFICLAMBDA=0,	POPALPHAS=0,	COMPUTEPROB=1,	NOADMIX=0,	ADMBURNIN=2500,	UPDATEFREQ=1,	PRINTLIKES=0,	INTERMEDSAVE=0,	PRINTKLD=0,	PRINTNET=0,	PRINTLAMBDA=0,	ANCESTDIST=0,	NUMBOXES=1000,	ANCESTPINT=0.90000,	GENSBACK=2,	MIGRPRIOR=0.05000,	PRINTQHAT=1,	PRINTQSUM=0,	ALPHA=1.0000,	FREQSCORR=1,	FPRIORMEAN=0.0100,	FPRIORSD=0.0500,	ONEFST=0,	LAMBDA=1.0000,	UNIFPRIORALPHA=1,	ALPHAMAX=10.0000,	ALPHAPRIORA=1.0000,	ALPHAPRIORB=2.0000,	ALPHAPROPSD=0.0250,	STARTATPOPINFO=0,	RANDOMIZE=1,	LINKAGE=0,	METROFREQ=10,	REPORTHITRATE=0,	MARKOVPHASE=-1,	PHASED=0,	PLOIDY=2,	PHASEINFO=0	LOCPRIOR=0, 	LOCPRIORINIT=1.000000, 	LOCDATA=0, 	LOCISPOP=0, 	LOCPRIORSTEP=0.100000, 	MAXLOCPRIOR=20.000000, 	SEED=1470629891,	
[STRAT parameters]:    NUMSIMSTATS=1000,	PHENOTYPECOL=-9,	POOLFREQ=10,	LOCUSxONLY=0,	EMERROR=0.00100,	MISSINGPHENO=-9,	