           1  1 0.3415 0.3735 0.2850 
           2  1 0.2962 0.3795 0.3243 
           3  1 0.3406 0.3185 0.3409 
           4  1 0.3513 0.2796 0.3691 
           5  1 0.4004 0.2608 0.3388 
           6  1 0.3266 0.3287 0.3447 
           7  1 0.3631 0.3396 0.2972 
           8  1 0.4149 0.2689 0.3162 
           9  1 0.3195 0.3609 0.3196 
          10  1 0.3855 0.2935 0.3210 
          11  1 0.2864 0.3458 0.3678 
          12  1 0.3128 0.3522 0.3350 
          13  1 0.3281 0.2921 0.3798 
          14  1 0.3664 0.3337 0.3000 
          15  1 0.3515 0.3681 0.2804 
          16  1 0.3224 0.3793 0.2983 
          17  1 0.2523 0.2737 0.4739 
          18  1 0.3337 0.3508 0.3156 
          19  1 0.2924 0.3798 0.3279 
          20  1 0.2724 0.4092 0.3185 
          21  1 0.2960 0.4058 0.2982 
          22  1 0.2763 0.4261 0.2977 
          23  1 0.3069 0.3676 0.3254 
          24  1 0.3469 0.3102 0.3429 
          25  1 0.2942 0.3667 0.3391 
          26  1 0.3062 0.3366 0.3571 
          27  1 0.3576 0.3335 0.3089 
          28  1 0.2804 0.4418 0.2778 
          29  1 0.2828 0.3608 0.3564 
          30  1 0.3630 0.3354 0.3015 
          31  1 0.3652 0.3080 0.3268 
          32  1 0.3588 0.3383 0.3029 
          33  1 0.3064 0.3853 0.3083 
          34  1 0.2989 0.3388 0.3623 
          35  1 0.3193 0.3820 0.2987 
          36  1 0.3659 0.3537 0.2804 
          37  1 0.3334 0.2656 0.4010 
          38  1 0.3670 0.2635 0.3695 
          39  1 0.2725 0.4298 0.2977 
          40  1 0.2530 0.4552 0.2918 
          41  1 0.2670 0.3776 0.3553 
          42  1 0.3265 0.3330 0.3405 
          43  1 0.3004 0.3535 0.3460 
          44  1 0.4478 0.2385 0.3137 
          45  1 0.2561 0.4104 0.3335 
          46  1 0.3738 0.3312 0.2950 
          47  1 0.3663 0.3418 0.2919 
          48  1 0.4251 0.2523 0.3226 
          49  1 0.2517 0.3207 0.4276 
          50  1 0.3409 0.3188 0.3403 
          51  1 0.3457 0.2781 0.3763 
          52  1 0.3438 0.3121 0.3440 
          53  1 0.2467 0.4096 0.3437 
          54  1 0.3497 0.3667 0.2836 
          55  1 0.2997 0.4041 0.2962 
          56  1 0.3116 0.3518 0.3366 
          57  1 0.2648 0.3974 0.3378 
          58  1 0.3132 0.3139 0.3729 
          59  1 0.3279 0.3025 0.3696 
          60  1 0.2472 0.4438 0.3090 
          61  1 0.2646 0.4364 0.2990 
          62  1 0.4474 0.2743 0.2783 
          63  1 0.3842 0.2678 0.3480 
          64  1 0.2676 0.4368 0.2956 
          65  1 0.3382 0.3506 0.3112 
          66  1 0.3022 0.3743 0.3235 
          67  1 0.4170 0.2521 0.3309 
          68  1 0.4208 0.2726 0.3066 
          69  1 0.3528 0.3148 0.3324 
          70  1 0.3589 0.3181 0.3231 
          71  1 0.2764 0.3709 0.3527 
          72  1 0.3366 0.3001 0.3633 
          73  1 0.2465 0.3465 0.4070 
          74  1 0.2932 0.3703 0.3365 
          75  1 0.3450 0.3187 0.3362 
          76  1 0.3054 0.4147 0.2799 
          77  1 0.3996 0.2840 0.3164 
          78  1 0.4062 0.2870 0.3068 
          79  1 0.2627 0.4595 0.2778 
          80  1 0.3353 0.3416 0.3231 
          81  1 0.3471 0.3209 0.3321 
          82  1 0.2960 0.3786 0.3254 
          83  1 0.3353 0.3252 0.3395 
          84  1 0.3903 0.3207 0.2890 
          85  1 0.2795 0.3416 0.3789 
          86  1 0.3573 0.2899 0.3528 
          87  1 0.2885 0.2922 0.4193 
          88  1 0.3571 0.3798 0.2631 
          89  1 0.3354 0.2855 0.3791 
          90  1 0.3841 0.3311 0.2848 
          91  1 0.4156 0.2869 0.2975 
          92  1 0.3212 0.3304 0.3484 
          93  1 0.3806 0.3263 0.2931 
          94  1 0.3881 0.3184 0.2935 
          95  1 0.3849 0.3320 0.2830 
          96  1 0.3614 0.3304 0.3082 
          97  1 0.3566 0.3010 0.3424 
          98  1 0.3628 0.3166 0.3206 
          99  1 0.3518 0.3177 0.3305 
         100  1 0.3282 0.3748 0.2970 
         101  1 0.3947 0.2745 0.3308 
         102  1 0.3332 0.3223 0.3445 
         103  1 0.4184 0.2771 0.3046 
         104  1 0.3583 0.3558 0.2859 
         105  1 0.3651 0.3018 0.3331 
         106  1 0.4091 0.2460 0.3449 
         107  1 0.3519 0.3287 0.3194 
         108  1 0.3279 0.3680 0.3041 
         109  1 0.3640 0.3528 0.2833 
         110  1 0.3394 0.3430 0.3176 
         111  1 0.3317 0.2996 0.3687 
         112  1 0.2511 0.3721 0.3768 
         113  1 0.2816 0.4280 0.2904 
         114  1 0.3514 0.3407 0.3079 
         115  1 0.3436 0.3120 0.3444 
         116  1 0.3412 0.3292 0.3296 
         117  1 0.3321 0.3411 0.3268 
         118  1 0.4426 0.2493 0.3082 
         119  1 0.3241 0.3012 0.3747 
         120  1 0.4079 0.2398 0.3524 
         121  1 0.3484 0.3387 0.3129 
         122  1 0.3396 0.3905 0.2699 
         123  1 0.2674 0.4094 0.3232 
         124  1 0.2211 0.5123 0.2666 
         125  1 0.2953 0.3772 0.3275 
         126  1 0.3035 0.4237 0.2728 
         127  1 0.4135 0.2656 0.3209 
         128  1 0.2585 0.3356 0.4059 
         129  1 0.3224 0.3772 0.3004 
         130  1 0.3350 0.3817 0.2834 
         131  1 0.3517 0.3161 0.3321 
         132  1 0.3361 0.3250 0.3389 
         133  1 0.2960 0.4340 0.2701 
         134  1 0.2751 0.4155 0.3094 
         135  1 0.2872 0.3109 0.4020 
         136  1 0.4565 0.2895 0.2540 
         137  1 0.4585 0.2836 0.2579 
         138  1 0.4094 0.2763 0.3142 
         139  1 0.3813 0.2672 0.3515 
         140  1 0.3714 0.3788 0.2498 
         141  1 0.4120 0.2812 0.3068 
         142  1 0.4038 0.2976 0.2986 
         143  1 0.3221 0.3327 0.3452 
         144  1 0.2925 0.3136 0.3939 
         145  1 0.4128 0.3175 0.2697 
         146  1 0.2767 0.4342 0.2891 
         147  1 0.3612 0.3334 0.3053 
         148  1 0.2423 0.3283 0.4294 
         149  1 0.3549 0.2745 0.3706 
         150  1 0.3046 0.3378 0.3576 
         151  1 0.2788 0.3426 0.3785 
         152  1 0.3018 0.3539 0.3444 
         153  1 0.3013 0.3006 0.3981 
         154  1 0.3173 0.3337 0.3490 
         155  1 0.3478 0.3683 0.2838 
         156  1 0.4578 0.2773 0.2649 
         157  1 0.3543 0.3807 0.2650 
         158  1 0.2821 0.3995 0.3184 
         159  1 0.4191 0.2698 0.3110 
         160  1 0.2835 0.3999 0.3166 
         161  1 0.3361 0.3408 0.3231 
         162  1 0.2943 0.3277 0.3780 
         163  1 0.2862 0.3829 0.3308 
         164  1 0.3310 0.3157 0.3533 
         165  1 0.3119 0.3313 0.3568 
         166  1 0.3092 0.3505 0.3403 
         167  1 0.3992 0.2792 0.3216 
         168  1 0.2711 0.4491 0.2798 
         169  1 0.3380 0.3009 0.3611 
         170  1 0.3889 0.3216 0.2894 
         171  1 0.3103 0.3720 0.3177 
         172  1 0.2177 0.4805 0.3019 
         173  1 0.3674 0.3437 0.2889 
         174  1 0.3431 0.3521 0.3048 
         175  1 0.3628 0.3417 0.2955 
         176  1 0.3124 0.3839 0.3037 
         177  1 0.2759 0.2935 0.4306 
         178  1 0.2995 0.3769 0.3236 
         179  1 0.3594 0.3379 0.3028 
         180  1 0.3454 0.3000 0.3546 
         181  1 0.3358 0.2666 0.3977 
         182  1 0.3230 0.3675 0.3095 
         183  1 0.3916 0.3186 0.2898 
         184  1 0.3535 0.3351 0.3114 
         185  1 0.2797 0.2971 0.4232 
         186  1 0.4324 0.2544 0.3132 
         187  1 0.3940 0.2969 0.3091 
         188  1 0.3396 0.3057 0.3547 
         189  1 0.4043 0.2995 0.2962 
         190  1 0.3276 0.3502 0.3222 
         191  1 0.3776 0.2858 0.3366 
         192  1 0.3790 0.3209 0.3002 
         193  1 0.3761 0.3548 0.2691 
         194  1 0.3214 0.3505 0.3281 
         195  1 0.3424 0.3120 0.3456 
         196  1 0.3546 0.3326 0.3128 
         197  1 0.3093 0.3307 0.3600 
         198  1 0.2603 0.3709 0.3688 
         199  1 0.3315 0.3193 0.3492 
         200  1 0.2979 0.3267 0.3755 
         201  1 0.2915 0.4422 0.2663 
         202  1 0.2441 0.3399 0.4160 
         203  1 0.2829 0.3360 0.3811 
         204  1 0.2644 0.4269 0.3087 
         205  1 0.3349 0.3385 0.3266 
         206  1 0.3424 0.3623 0.2953 
         207  1 0.4668 0.2817 0.2515 
         208  1 0.3011 0.3976 0.3013 
         209  1 0.4705 0.2658 0.2637 
         210  1 0.2993 0.3704 0.3303 
         211  1 0.2497 0.3506 0.3998 
         212  1 0.3091 0.3966 0.2943 
         213  1 0.3439 0.3718 0.2843 
         214  1 0.3398 0.3714 0.2888 
         215  1 0.3537 0.3346 0.3116 
         216  1 0.3531 0.3404 0.3065 
         217  1 0.3206 0.3022 0.3773 
         218  1 0.3395 0.3426 0.3179 
         219  1 0.2945 0.3138 0.3917 
         220  1 0.2730 0.3874 0.3396 
         221  1 0.3943 0.3287 0.2770 
         222  1 0.3873 0.2572 0.3555 
         223  1 0.3792 0.3141 0.3067 
         224  1 0.2430 0.3639 0.3931 
         225  1 0.4959 0.2668 0.2373 
         226  1 0.4043 0.3153 0.2805 
         227  1 0.3103 0.3602 0.3295 
         228  1 0.2950 0.4048 0.3002 
         229  1 0.3389 0.3290 0.3321 
         230  1 0.3009 0.3834 0.3158 
         231  1 0.3515 0.3088 0.3397 
         232  1 0.2841 0.3351 0.3808 
         233  1 0.2400 0.4552 0.3048 
         234  1 0.3528 0.3700 0.2772 
         235  1 0.3982 0.3290 0.2728 
         236  1 0.3030 0.3338 0.3632 
         237  1 0.3015 0.3778 0.3206 
         238  1 0.3460 0.3383 0.3158 
         239  1 0.3780 0.3432 0.2788 
         240  1 0.3909 0.3157 0.2934 
         241  1 0.3044 0.3965 0.2991 
         242  1 0.3626 0.3186 0.3189 
         243  1 0.2772 0.3728 0.3501 
         244  1 0.3868 0.3277 0.2855 
         245  1 0.3061 0.3961 0.2978 
         246  1 0.2847 0.3715 0.3438 
         247  1 0.4210 0.2954 0.2836 
         248  1 0.4262 0.2507 0.3231 
         249  1 0.4418 0.2936 0.2646 
         250  1 0.4169 0.3163 0.2668 
         251  1 0.3628 0.3123 0.3249 
         252  1 0.4049 0.2707 0.3244 
         253  1 0.3190 0.3530 0.3280 
         254  1 0.3649 0.2500 0.3851 
         255  1 0.3294 0.2220 0.4486 
         256  1 0.3878 0.2503 0.3619 
         257  1 0.3831 0.2862 0.3306 
         258  1 0.3052 0.2801 0.4147 
         259  1 0.3633 0.3632 0.2735 
         260  1 0.3223 0.2939 0.3838 
         261  1 0.3094 0.2888 0.4018 
         262  1 0.2851 0.4024 0.3125 
         263  1 0.4437 0.2689 0.2874 
         264  1 0.3262 0.3139 0.3600 
         265  1 0.3128 0.2575 0.4296 
         266  1 0.3340 0.3181 0.3479 
         267  1 0.2905 0.2886 0.4209 
         268  1 0.3328 0.3682 0.2989 
         269  1 0.3126 0.3204 0.3669 
         270  1 0.2942 0.3006 0.4051 
         271  1 0.3069 0.3267 0.3665 
         272  1 0.2951 0.3829 0.3220 
         273  1 0.3823 0.3340 0.2837 
         274  1 0.3116 0.3321 0.3562 
         275  1 0.2695 0.3653 0.3652 
         276  1 0.3376 0.2743 0.3882 
         277  1 0.3218 0.2733 0.4048 
         278  1 0.3717 0.2714 0.3569 
         279  1 0.3330 0.3341 0.3329 
         280  1 0.2399 0.3614 0.3987 
         281  1 0.2350 0.4212 0.3438 
         282  1 0.3932 0.2425 0.3643 
         283  1 0.2449 0.3367 0.4184 
         284  1 0.3634 0.3238 0.3128 
         285  1 0.3273 0.2788 0.3939 
         286  1 0.3194 0.3695 0.3111 
         287  1 0.3195 0.3125 0.3679 
         288  1 0.2552 0.3809 0.3640 
         289  1 0.3711 0.2917 0.3372 
         290  1 0.2446 0.3863 0.3691 
         291  1 0.2755 0.3180 0.4064 
         292  1 0.3096 0.3280 0.3625 
         293  1 0.3265 0.2804 0.3931 
         294  1 0.2823 0.2649 0.4528 
         295  1 0.3493 0.2994 0.3513 
         296  1 0.3173 0.3560 0.3267 
         297  1 0.2927 0.2787 0.4285 
         298  1 0.3952 0.2915 0.3133 
         299  1 0.2981 0.3648 0.3371 
         300  1 0.3045 0.3144 0.3811 
         301  1 0.3128 0.2358 0.4514 
         302  1 0.2775 0.4054 0.3171 
         303  1 0.2524 0.3488 0.3988 
         304  1 0.2903 0.3799 0.3298 
         305  1 0.2788 0.3309 0.3902 
         306  1 0.2908 0.3396 0.3696 
         307  1 0.3306 0.3546 0.3148 
         308  1 0.2448 0.2805 0.4747 
         309  1 0.3710 0.3727 0.2563 
         310  1 0.4731 0.2691 0.2577 
         311  1 0.3480 0.2860 0.3660 
         312  1 0.3037 0.3054 0.3909 
         313  1 0.3153 0.3328 0.3519 
         314  1 0.2838 0.3278 0.3884 
         315  1 0.4081 0.2719 0.3201 
         316  1 0.3788 0.2980 0.3232 
         317  1 0.3191 0.3324 0.3485 
         318  1 0.4284 0.2750 0.2966 
         319  1 0.2553 0.3304 0.4143 
         320  1 0.3766 0.2909 0.3325 
         321  1 0.3940 0.3118 0.2942 
         322  1 0.3148 0.2569 0.4284 
         323  1 0.3184 0.3573 0.3243 
         324  1 0.3966 0.2794 0.3239 
         325  1 0.3271 0.3375 0.3354 
         326  1 0.4249 0.2713 0.3038 
         327  1 0.3762 0.3083 0.3155 
         328  1 0.3494 0.2751 0.3754 
         329  1 0.3582 0.3133 0.3286 
         330  1 0.3450 0.3102 0.3448 
         331  1 0.3571 0.3291 0.3138 
         332  1 0.4114 0.3031 0.2855 
         333  1 0.3298 0.3291 0.3412 
         334  1 0.3106 0.3377 0.3517 
         335  1 0.3255 0.2769 0.3975 
         336  1 0.2435 0.3874 0.3691 
         337  1 0.2630 0.3775 0.3595 
         338  1 0.2867 0.3457 0.3676 
         339  1 0.2922 0.3863 0.3215 
         340  1 0.3295 0.3657 0.3048 
         341  1 0.3023 0.3620 0.3358 
         342  1 0.2753 0.3490 0.3756 
         343  1 0.3579 0.3654 0.2767 
         344  1 0.3752 0.2938 0.3309 
         345  1 0.3784 0.3296 0.2920 
         346  1 0.3282 0.3945 0.2772 
         347  1 0.2855 0.3831 0.3314 
