

----------------------------------------------------
STRUCTURE by Pritchard, Stephens and Donnelly (2000)
     and Falush, Stephens and Pritchard (2003)
       Code by Pritchard, Falush and Hubisz
             Version 2.3.4 (Jul 2012)
----------------------------------------------------



Command line arguments:   /usr/local/bin/structure -m parameter_job_T3_1 
Input File:    /home/martin/bottleneck/structure_analysis/structure_4/data_job_T3_1

Run parameters:
   119 individuals
   13 loci
   3 populations assumed
   10000 Burn-in period
   100000 Reps


--------------------------------------------
Proportion of membership of each pre-defined
 population in each of the 3 clusters

Given    Inferred Clusters       Number of
 Pop       1      2      3      Individuals

  1:     0.495  0.253  0.252      119
--------------------------------------------

Allele-freq. divergence among pops (Net nucleotide distance),
computed using point estimates of P.

      1       2       3      
 1      -    0.0563  0.0577  
 2   0.0563     -    0.0000  
 3   0.0577  0.0000     -    

Average distances (expected heterozygosity) between individuals in same cluster:
cluster  1  : 0.6202 
cluster  2  : 0.6962 
cluster  3  : 0.6926 

--------------------------------------------
Estimated Ln Prob of Data   = -4469.0
Mean value of ln likelihood = -4255.7
Variance of ln likelihood   = 426.7
Mean value of alpha         = 0.0799

Mean value of Fst_1         = 0.1893
Mean value of Fst_2         = 0.0079
Mean value of Fst_3         = 0.0120


Inferred ancestry of individuals:
        Label (%Miss) Pop:  Inferred clusters
  1        1    (0)    1 :  0.017 0.504 0.479 
  2        2    (0)    1 :  0.024 0.491 0.486 
  3        3    (0)    1 :  0.147 0.412 0.441 
  4        4    (0)    1 :  0.014 0.478 0.508 
  5        5    (0)    1 :  0.035 0.488 0.477 
  6        6    (0)    1 :  0.014 0.501 0.485 
  7        7    (0)    1 :  0.014 0.506 0.480 
  8        8    (0)    1 :  0.013 0.465 0.523 
  9        9    (0)    1 :  0.018 0.502 0.480 
 10       10    (0)    1 :  0.030 0.486 0.484 
 11       11    (0)    1 :  0.024 0.496 0.480 
 12       12    (0)    1 :  0.016 0.471 0.513 
 13       13    (0)    1 :  0.016 0.472 0.512 
 14       14    (0)    1 :  0.020 0.493 0.486 
 15       15    (0)    1 :  0.031 0.516 0.453 
 16       16    (0)    1 :  0.029 0.480 0.491 
 17       17    (0)    1 :  0.025 0.482 0.492 
 18       18    (0)    1 :  0.026 0.450 0.525 
 19       19    (0)    1 :  0.025 0.516 0.458 
 20       20    (0)    1 :  0.068 0.468 0.464 
 21       21    (0)    1 :  0.014 0.450 0.536 
 22       22    (0)    1 :  0.032 0.457 0.511 
 23       23    (0)    1 :  0.051 0.463 0.486 
 24       24    (0)    1 :  0.139 0.440 0.421 
 25       25    (0)    1 :  0.114 0.475 0.411 
 26       26    (0)    1 :  0.426 0.277 0.297 
 27       27    (0)    1 :  0.973 0.013 0.014 
 28       28    (0)    1 :  0.775 0.112 0.113 
 29       29    (0)    1 :  0.557 0.213 0.229 
 30       30    (0)    1 :  0.931 0.035 0.034 
 31       31    (0)    1 :  0.966 0.017 0.017 
 32       32    (0)    1 :  0.925 0.037 0.039 
 33       33    (0)    1 :  0.430 0.286 0.284 
 34       34    (0)    1 :  0.651 0.170 0.179 
 35       35    (0)    1 :  0.536 0.234 0.230 
 36       36    (0)    1 :  0.980 0.010 0.010 
 37       37    (0)    1 :  0.925 0.036 0.039 
 38       38    (0)    1 :  0.561 0.234 0.205 
 39       39    (0)    1 :  0.801 0.094 0.105 
 40       40    (0)    1 :  0.615 0.196 0.190 
 41       41    (0)    1 :  0.181 0.413 0.407 
 42       42    (0)    1 :  0.871 0.065 0.064 
 43       43    (0)    1 :  0.773 0.120 0.107 
 44       44    (0)    1 :  0.782 0.107 0.111 
 45       45    (0)    1 :  0.973 0.014 0.013 
 46       46    (0)    1 :  0.948 0.026 0.025 
 47       47    (0)    1 :  0.976 0.012 0.012 
 48       48    (0)    1 :  0.981 0.009 0.010 
 49       49    (0)    1 :  0.964 0.017 0.019 
 50       50    (0)    1 :  0.918 0.041 0.041 
 51       51    (0)    1 :  0.963 0.020 0.017 
 52       52    (0)    1 :  0.945 0.027 0.028 
 53       53    (0)    1 :  0.871 0.066 0.063 
 54       54    (0)    1 :  0.960 0.021 0.020 
 55       55    (0)    1 :  0.855 0.077 0.068 
 56       56    (0)    1 :  0.939 0.030 0.030 
 57       57    (0)    1 :  0.886 0.057 0.057 
 58       58    (0)    1 :  0.814 0.095 0.091 
 59       59    (0)    1 :  0.981 0.009 0.010 
 60       60    (0)    1 :  0.945 0.027 0.028 
 61       61    (0)    1 :  0.820 0.092 0.088 
 62       62    (0)    1 :  0.901 0.050 0.049 
 63       63    (0)    1 :  0.767 0.119 0.113 
 64       64    (0)    1 :  0.668 0.177 0.156 
 65       65    (0)    1 :  0.925 0.038 0.037 
 66       66    (0)    1 :  0.918 0.042 0.040 
 67       67    (0)    1 :  0.812 0.093 0.095 
 68       68    (0)    1 :  0.913 0.045 0.042 
 69       69    (0)    1 :  0.867 0.067 0.066 
 70       70    (0)    1 :  0.568 0.220 0.212 
 71       71    (0)    1 :  0.982 0.009 0.009 
 72       72    (0)    1 :  0.933 0.034 0.033 
 73       73    (0)    1 :  0.948 0.025 0.027 
 74       74    (0)    1 :  0.035 0.533 0.432 
 75       75    (0)    1 :  0.010 0.450 0.540 
 76       76    (0)    1 :  0.011 0.522 0.467 
 77       77    (0)    1 :  0.012 0.475 0.513 
 78       78    (0)    1 :  0.009 0.519 0.472 
 79       79    (0)    1 :  0.052 0.493 0.455 
 80       80    (0)    1 :  0.027 0.492 0.482 
 81       81    (0)    1 :  0.012 0.475 0.513 
 82       82    (0)    1 :  0.042 0.476 0.482 
 83       83    (0)    1 :  0.010 0.529 0.461 
 84       84    (0)    1 :  0.071 0.491 0.438 
 85       85    (0)    1 :  0.011 0.457 0.532 
 86       86    (0)    1 :  0.055 0.491 0.454 
 87       87    (0)    1 :  0.022 0.476 0.502 
 88       88    (0)    1 :  0.017 0.505 0.478 
 89       89    (0)    1 :  0.010 0.518 0.471 
 90       90    (0)    1 :  0.023 0.557 0.420 
 91       91    (0)    1 :  0.024 0.468 0.508 
 92       92    (0)    1 :  0.197 0.401 0.402 
 93       93    (0)    1 :  0.023 0.474 0.503 
 94       94    (0)    1 :  0.030 0.485 0.485 
 95       95    (0)    1 :  0.019 0.449 0.532 
 96       96    (0)    1 :  0.051 0.454 0.495 
 97       97    (0)    1 :  0.015 0.466 0.519 
 98       98    (0)    1 :  0.013 0.508 0.479 
 99       99    (0)    1 :  0.019 0.482 0.499 
100      100    (0)    1 :  0.184 0.401 0.416 
101      101    (0)    1 :  0.017 0.514 0.469 
102      102    (0)    1 :  0.972 0.014 0.014 
103      103    (0)    1 :  0.976 0.012 0.012 
104      104    (0)    1 :  0.981 0.010 0.009 
105      105    (0)    1 :  0.979 0.010 0.011 
106      106    (0)    1 :  0.879 0.061 0.060 
107      107    (0)    1 :  0.978 0.011 0.011 
108      108    (0)    1 :  0.982 0.009 0.009 
109      109    (0)    1 :  0.833 0.089 0.078 
110      110    (0)    1 :  0.982 0.009 0.009 
111      111    (0)    1 :  0.961 0.019 0.019 
112      112    (0)    1 :  0.957 0.022 0.020 
113      113    (0)    1 :  0.976 0.012 0.012 
114      114    (0)    1 :  0.984 0.008 0.008 
115      115    (0)    1 :  0.981 0.010 0.009 
116      116    (0)    1 :  0.976 0.012 0.012 
117      117    (0)    1 :  0.971 0.014 0.015 
118      118    (0)    1 :  0.980 0.010 0.010 
119      119    (0)    1 :  0.983 0.008 0.008 


Estimated Allele Frequencies in each cluster
First column gives estimated ancestral frequencies


Locus 1 : 
5 alleles
0.0% missing data
 161   (0.160) 0.023 0.163 0.164 
 159   (0.536) 0.747 0.537 0.538 
 155   (0.134) 0.032 0.136 0.136 
 163   (0.035) 0.010 0.033 0.033 
 157   (0.136) 0.188 0.131 0.129 

Locus 2 : 
15 alleles
0.0% missing data
 119   (0.185) 0.315 0.194 0.197 
  99   (0.016) 0.001 0.014 0.013 
 111   (0.076) 0.372 0.074 0.072 
 115   (0.097) 0.008 0.098 0.104 
 117   (0.241) 0.045 0.251 0.255 
 113   (0.064) 0.027 0.062 0.061 
 123   (0.077) 0.064 0.074 0.074 
  95   (0.029) 0.001 0.028 0.026 
 121   (0.109) 0.159 0.109 0.109 
 105   (0.022) 0.001 0.021 0.020 
 101   (0.022) 0.001 0.021 0.020 
 109   (0.016) 0.004 0.013 0.012 
 127   (0.016) 0.001 0.014 0.012 
  97   (0.016) 0.001 0.014 0.013 
 103   (0.015) 0.001 0.013 0.012 

Locus 3 : 
23 alleles
0.0% missing data
 150   (0.076) 0.324 0.075 0.074 
 168   (0.028) 0.001 0.027 0.026 
 148   (0.142) 0.365 0.149 0.147 
 152   (0.050) 0.011 0.049 0.049 
 158   (0.110) 0.008 0.121 0.131 
 156   (0.092) 0.029 0.091 0.092 
 161   (0.027) 0.001 0.027 0.027 
 174   (0.015) 0.001 0.013 0.013 
 142   (0.015) 0.001 0.014 0.013 
 160   (0.044) 0.002 0.046 0.048 
 166   (0.026) 0.001 0.026 0.026 
 162   (0.059) 0.003 0.061 0.060 
 154   (0.076) 0.004 0.080 0.083 
 165   (0.016) 0.001 0.014 0.013 
 144   (0.026) 0.226 0.022 0.019 
 140   (0.026) 0.001 0.026 0.026 
 146   (0.049) 0.017 0.046 0.045 
 164   (0.041) 0.002 0.040 0.039 
 138   (0.016) 0.001 0.014 0.012 
 159   (0.015) 0.001 0.013 0.012 
 170   (0.016) 0.001 0.013 0.012 
 172   (0.022) 0.001 0.020 0.019 
 163   (0.015) 0.001 0.013 0.012 

Locus 4 : 
8 alleles
0.0% missing data
 103   (0.388) 0.133 0.408 0.411 
 107   (0.105) 0.414 0.104 0.103 
 109   (0.182) 0.120 0.178 0.182 
 105   (0.140) 0.255 0.135 0.135 
 113   (0.058) 0.006 0.055 0.054 
 111   (0.075) 0.056 0.071 0.070 
 101   (0.035) 0.001 0.035 0.034 
  97   (0.018) 0.016 0.013 0.012 

Locus 5 : 
6 alleles
0.0% missing data
 280   (0.559) 0.467 0.570 0.570 
 282   (0.363) 0.392 0.364 0.370 
 286   (0.028) 0.139 0.023 0.021 
 281   (0.017) 0.001 0.014 0.013 
 283   (0.017) 0.001 0.014 0.013 
 284   (0.017) 0.001 0.015 0.013 

Locus 6 : 
8 alleles
0.0% missing data
 158   (0.232) 0.013 0.244 0.250 
 160   (0.198) 0.285 0.197 0.195 
 164   (0.093) 0.006 0.093 0.094 
 166   (0.046) 0.002 0.045 0.044 
 156   (0.097) 0.109 0.094 0.093 
 152   (0.086) 0.045 0.082 0.081 
 162   (0.104) 0.006 0.108 0.110 
 154   (0.144) 0.533 0.137 0.134 

Locus 7 : 
11 alleles
0.0% missing data
 150   (0.220) 0.082 0.229 0.234 
 156   (0.093) 0.007 0.097 0.099 
 152   (0.270) 0.603 0.277 0.275 
 154   (0.105) 0.076 0.103 0.105 
 158   (0.071) 0.082 0.067 0.066 
 140   (0.074) 0.003 0.075 0.077 
 162   (0.036) 0.001 0.034 0.034 
 148   (0.035) 0.023 0.031 0.029 
 160   (0.043) 0.002 0.042 0.040 
 146   (0.035) 0.065 0.031 0.028 
 142   (0.018) 0.057 0.014 0.012 

Locus 8 : 
12 alleles
0.0% missing data
 152   (0.105) 0.042 0.106 0.108 
 154   (0.325) 0.185 0.334 0.338 
 164   (0.076) 0.010 0.078 0.078 
 150   (0.229) 0.406 0.235 0.239 
 158   (0.055) 0.154 0.050 0.047 
 166   (0.016) 0.001 0.014 0.013 
 160   (0.045) 0.007 0.046 0.045 
 162   (0.059) 0.033 0.056 0.056 
 156   (0.043) 0.149 0.039 0.037 
 170   (0.019) 0.011 0.015 0.014 
 168   (0.015) 0.002 0.013 0.012 
 148   (0.015) 0.001 0.013 0.012 

Locus 9 : 
8 alleles
0.0% missing data
 223   (0.283) 0.369 0.286 0.282 
 229   (0.150) 0.037 0.150 0.153 
 231   (0.035) 0.010 0.033 0.030 
 225   (0.398) 0.395 0.411 0.422 
 227   (0.070) 0.147 0.064 0.061 
 221   (0.019) 0.041 0.014 0.013 
 233   (0.029) 0.001 0.027 0.027 
 219   (0.016) 0.001 0.013 0.013 

Locus 10 : 
9 alleles
0.0% missing data
 192   (0.218) 0.366 0.217 0.216 
 196   (0.094) 0.261 0.089 0.085 
 186   (0.188) 0.025 0.197 0.204 
 194   (0.115) 0.202 0.112 0.111 
 190   (0.271) 0.141 0.280 0.280 
 182   (0.038) 0.001 0.035 0.035 
 198   (0.037) 0.002 0.036 0.036 
 202   (0.016) 0.001 0.014 0.013 
 188   (0.023) 0.001 0.021 0.020 

Locus 11 : 
3 alleles
0.0% missing data
 161   (0.481) 0.464 0.487 0.489 
 159   (0.497) 0.506 0.496 0.496 
 157   (0.022) 0.030 0.017 0.015 

Locus 12 : 
4 alleles
0.0% missing data
 128   (0.875) 0.824 0.882 0.886 
 130   (0.091) 0.175 0.088 0.086 
 122   (0.017) 0.001 0.015 0.014 
 124   (0.017) 0.001 0.015 0.014 

Locus 13 : 
7 alleles
0.0% missing data
 153   (0.607) 0.335 0.629 0.638 
 155   (0.180) 0.240 0.175 0.171 
 150   (0.023) 0.001 0.021 0.020 
 151   (0.050) 0.004 0.049 0.049 
 157   (0.099) 0.411 0.092 0.089 
 159   (0.024) 0.002 0.021 0.020 
 149   (0.017) 0.007 0.013 0.012 

Values of parameters used in structure:
DATAFILE=/home/martin/bottleneck/structure_analysis/structure_4/data_job_T3_1,	OUTFILE=/home/martin/bottleneck/structure_analysis/structure_4/structure_results/bearded_seal/results_job_T3_1,	NUMINDS=119,	NUMLOCI=13,	MISSING=-9,	LABEL=1,	POPDATA=1,	POPFLAG=0,	PHENOTYPE=0,	EXTRACOLS=0,	MAXPOPS=3,	BURNIN=10000,	NUMREPS=100000,	USEPOPINFO=0,	INFERALPHA=1,	INFERLAMBDA=0,	POPSPECIFICLAMBDA=0,	POPALPHAS=0,	COMPUTEPROB=1,	NOADMIX=0,	ADMBURNIN=2500,	UPDATEFREQ=1,	PRINTLIKES=0,	INTERMEDSAVE=0,	PRINTKLD=0,	PRINTNET=0,	PRINTLAMBDA=0,	ANCESTDIST=0,	NUMBOXES=1000,	ANCESTPINT=0.90000,	GENSBACK=2,	MIGRPRIOR=0.05000,	PRINTQHAT=1,	PRINTQSUM=0,	ALPHA=1.0000,	FREQSCORR=1,	FPRIORMEAN=0.0100,	FPRIORSD=0.0500,	ONEFST=0,	LAMBDA=1.0000,	UNIFPRIORALPHA=1,	ALPHAMAX=10.0000,	ALPHAPRIORA=1.0000,	ALPHAPRIORB=2.0000,	ALPHAPROPSD=0.0250,	STARTATPOPINFO=0,	RANDOMIZE=1,	LINKAGE=0,	METROFREQ=10,	REPORTHITRATE=0,	MARKOVPHASE=-1,	PHASED=0,	PLOIDY=2,	PHASEINFO=0	LOCPRIOR=0, 	LOCPRIORINIT=1.000000, 	LOCDATA=0, 	LOCISPOP=0, 	LOCPRIORSTEP=0.100000, 	MAXLOCPRIOR=20.000000, 	SEED=1470499219,	
[STRAT parameters]:    NUMSIMSTATS=1000,	PHENOTYPECOL=-9,	POOLFREQ=10,	LOCUSxONLY=0,	EMERROR=0.00100,	MISSINGPHENO=-9,	