           1  1 0.1751 0.2186 0.1821 0.0198 0.2061 0.1794 0.0087 0.0102 
           2  1 0.1793 0.2140 0.1871 0.0261 0.1990 0.1631 0.0104 0.0210 
           3  1 0.1812 0.1624 0.1388 0.0574 0.1440 0.1708 0.0225 0.1228 
           4  1 0.2205 0.1950 0.1773 0.0100 0.1600 0.2169 0.0071 0.0131 
           5  1 0.1802 0.1969 0.2002 0.0108 0.2075 0.1599 0.0159 0.0286 
           6  1 0.2102 0.1823 0.2081 0.0053 0.1587 0.2123 0.0091 0.0141 
           7  1 0.2111 0.1898 0.2168 0.0068 0.1570 0.1997 0.0093 0.0095 
           8  1 0.2428 0.2121 0.1276 0.0110 0.1430 0.2449 0.0075 0.0112 
           9  1 0.1829 0.1850 0.2006 0.0160 0.1966 0.1877 0.0070 0.0242 
          10  1 0.1735 0.2056 0.1892 0.0095 0.1589 0.2184 0.0156 0.0293 
          11  1 0.1766 0.1916 0.1976 0.0099 0.1767 0.2181 0.0109 0.0186 
          12  1 0.2478 0.1781 0.1364 0.0177 0.1419 0.2598 0.0076 0.0106 
          13  1 0.2139 0.1909 0.1884 0.0089 0.1657 0.2062 0.0111 0.0150 
          14  1 0.1868 0.1886 0.1971 0.0107 0.1737 0.2069 0.0095 0.0269 
          15  1 0.1726 0.1557 0.2334 0.0169 0.2342 0.1513 0.0172 0.0188 
          16  1 0.2065 0.1998 0.1699 0.0241 0.1639 0.2018 0.0116 0.0225 
          17  1 0.1711 0.1720 0.2265 0.0127 0.1863 0.1929 0.0125 0.0260 
          18  1 0.2070 0.1854 0.1461 0.0239 0.1596 0.2484 0.0115 0.0180 
          19  1 0.1820 0.1619 0.2204 0.0321 0.1859 0.1838 0.0084 0.0255 
          20  1 0.1892 0.1910 0.1992 0.0201 0.1696 0.1684 0.0227 0.0396 
          21  1 0.2378 0.1842 0.1269 0.0159 0.1258 0.2908 0.0067 0.0119 
          22  1 0.2368 0.1801 0.1153 0.0267 0.1338 0.2745 0.0145 0.0182 
          23  1 0.1751 0.1813 0.2055 0.0155 0.1738 0.1982 0.0264 0.0242 
          24  1 0.1641 0.1705 0.1572 0.0543 0.1734 0.1398 0.0208 0.1199 
          25  1 0.1691 0.1764 0.1836 0.0453 0.2100 0.1594 0.0344 0.0218 
          26  1 0.1314 0.1242 0.1006 0.1299 0.1117 0.1463 0.1036 0.1523 
          27  1 0.0136 0.0131 0.0149 0.2052 0.0142 0.0132 0.6800 0.0458 
          28  1 0.0324 0.0347 0.0379 0.7296 0.0393 0.0321 0.0667 0.0273 
          29  1 0.0633 0.0679 0.0643 0.4715 0.0696 0.0649 0.0242 0.1743 
          30  1 0.0142 0.0147 0.0141 0.8604 0.0144 0.0159 0.0535 0.0128 
          31  1 0.0099 0.0101 0.0101 0.7880 0.0104 0.0090 0.1533 0.0092 
          32  1 0.0086 0.0085 0.0089 0.9347 0.0086 0.0088 0.0101 0.0119 
          33  1 0.0353 0.0343 0.0364 0.7989 0.0324 0.0379 0.0073 0.0175 
          34  1 0.0604 0.0680 0.0685 0.4888 0.0710 0.0615 0.0456 0.1362 
          35  1 0.0870 0.0929 0.0900 0.4127 0.0914 0.0934 0.0438 0.0887 
          36  1 0.0078 0.0084 0.0084 0.0468 0.0085 0.0083 0.8620 0.0498 
          37  1 0.0280 0.0296 0.0303 0.6280 0.0276 0.0270 0.0815 0.1480 
          38  1 0.1036 0.0998 0.1163 0.2625 0.1230 0.0806 0.1771 0.0371 
          39  1 0.0492 0.0443 0.0454 0.5541 0.0466 0.0494 0.1273 0.0838 
          40  1 0.1016 0.1037 0.1120 0.1906 0.1111 0.1004 0.1641 0.1165 
          41  1 0.1411 0.1478 0.1689 0.1516 0.1608 0.1688 0.0429 0.0182 
          42  1 0.0538 0.0478 0.0456 0.0398 0.0459 0.0466 0.6337 0.0868 
          43  1 0.0713 0.0725 0.0689 0.0419 0.0682 0.0709 0.5661 0.0402 
          44  1 0.0818 0.0812 0.1025 0.1639 0.1071 0.0700 0.3008 0.0927 
          45  1 0.0110 0.0115 0.0127 0.0159 0.0128 0.0101 0.5266 0.3993 
          46  1 0.0275 0.0250 0.0263 0.0178 0.0259 0.0242 0.4595 0.3938 
          47  1 0.0104 0.0103 0.0105 0.0194 0.0111 0.0099 0.8793 0.0491 
          48  1 0.0066 0.0069 0.0068 0.0122 0.0068 0.0064 0.9165 0.0377 
          49  1 0.0087 0.0092 0.0081 0.0125 0.0091 0.0090 0.0662 0.8771 
          50  1 0.0293 0.0282 0.0286 0.0067 0.0287 0.0291 0.7602 0.0891 
          51  1 0.0115 0.0110 0.0127 0.0226 0.0132 0.0105 0.8755 0.0430 
          52  1 0.0166 0.0171 0.0166 0.0233 0.0170 0.0164 0.0920 0.8010 
          53  1 0.0417 0.0414 0.0449 0.1296 0.0459 0.0442 0.2086 0.4437 
          54  1 0.0223 0.0227 0.0253 0.4055 0.0221 0.0231 0.2158 0.2632 
          55  1 0.0436 0.0419 0.0499 0.5503 0.0529 0.0330 0.0821 0.1462 
          56  1 0.0309 0.0347 0.0368 0.0485 0.0336 0.0305 0.1490 0.6359 
          57  1 0.0119 0.0126 0.0134 0.0171 0.0123 0.0117 0.0182 0.9028 
          58  1 0.0717 0.0769 0.0767 0.0636 0.0822 0.0634 0.4268 0.1386 
          59  1 0.0065 0.0072 0.0071 0.0079 0.0074 0.0069 0.9092 0.0477 
          60  1 0.0207 0.0214 0.0217 0.0175 0.0204 0.0202 0.1986 0.6794 
          61  1 0.0376 0.0300 0.0381 0.1544 0.0355 0.0303 0.0476 0.6265 
          62  1 0.0326 0.0312 0.0381 0.0350 0.0344 0.0333 0.0798 0.7156 
          63  1 0.0749 0.0703 0.0904 0.2816 0.0849 0.0605 0.2422 0.0952 
          64  1 0.0741 0.0791 0.0887 0.1841 0.0923 0.0650 0.0294 0.3873 
          65  1 0.0196 0.0201 0.0200 0.4007 0.0229 0.0196 0.0274 0.4696 
          66  1 0.0296 0.0281 0.0298 0.0336 0.0328 0.0269 0.7673 0.0520 
          67  1 0.0594 0.0702 0.0731 0.0993 0.0751 0.0641 0.4682 0.0907 
          68  1 0.0471 0.0475 0.0610 0.0700 0.0624 0.0378 0.3988 0.2754 
          69  1 0.0547 0.0561 0.0596 0.5246 0.0580 0.0518 0.0448 0.1504 
          70  1 0.0576 0.0589 0.0708 0.0168 0.0597 0.0534 0.0395 0.6433 
          71  1 0.0062 0.0065 0.0063 0.0254 0.0067 0.0062 0.9326 0.0103 
          72  1 0.0339 0.0363 0.0345 0.3462 0.0374 0.0316 0.4206 0.0596 
          73  1 0.0214 0.0221 0.0210 0.0769 0.0216 0.0215 0.4612 0.3542 
          74  1 0.1604 0.1890 0.2172 0.0266 0.2408 0.1211 0.0148 0.0301 
          75  1 0.2362 0.1977 0.1234 0.0143 0.1411 0.2740 0.0053 0.0079 
          76  1 0.1857 0.1734 0.2239 0.0086 0.2021 0.1885 0.0058 0.0120 
          77  1 0.1975 0.2032 0.1889 0.0089 0.1475 0.2231 0.0057 0.0251 
          78  1 0.1754 0.1821 0.2425 0.0049 0.2385 0.1391 0.0048 0.0128 
          79  1 0.1757 0.1788 0.2227 0.0120 0.2245 0.1325 0.0303 0.0235 
          80  1 0.2232 0.1936 0.1827 0.0120 0.1980 0.1487 0.0122 0.0296 
          81  1 0.2055 0.1808 0.1849 0.0084 0.1471 0.2426 0.0063 0.0244 
          82  1 0.1829 0.2023 0.1669 0.0322 0.1929 0.1682 0.0089 0.0457 
          83  1 0.1933 0.2048 0.1936 0.0065 0.2210 0.1615 0.0067 0.0127 
          84  1 0.1358 0.1468 0.1751 0.1482 0.2016 0.1356 0.0134 0.0435 
          85  1 0.2293 0.2052 0.1442 0.0105 0.1698 0.2191 0.0055 0.0163 
          86  1 0.1811 0.1839 0.1800 0.0296 0.2002 0.1817 0.0278 0.0156 
          87  1 0.2014 0.1825 0.1834 0.0329 0.1994 0.1778 0.0098 0.0128 
          88  1 0.2177 0.1874 0.1943 0.0118 0.2058 0.1592 0.0077 0.0162 
          89  1 0.1737 0.1923 0.2157 0.0074 0.1784 0.2186 0.0060 0.0080 
          90  1 0.1777 0.1739 0.2408 0.0108 0.2447 0.1261 0.0123 0.0138 
          91  1 0.1886 0.1849 0.1731 0.0178 0.1629 0.2377 0.0104 0.0246 
          92  1 0.1632 0.1709 0.1469 0.1121 0.1438 0.1844 0.0521 0.0266 
          93  1 0.2135 0.1884 0.1809 0.0265 0.1730 0.1878 0.0085 0.0214 
          94  1 0.1813 0.1861 0.1725 0.0282 0.2002 0.1989 0.0126 0.0202 
          95  1 0.2325 0.2188 0.1352 0.0100 0.1456 0.2278 0.0081 0.0219 
          96  1 0.1774 0.1623 0.2073 0.0360 0.1567 0.2004 0.0168 0.0430 
          97  1 0.2351 0.1726 0.1603 0.0072 0.1727 0.2302 0.0111 0.0108 
          98  1 0.2070 0.2128 0.1816 0.0107 0.1978 0.1734 0.0077 0.0090 
          99  1 0.1934 0.1718 0.2078 0.0095 0.2195 0.1686 0.0118 0.0176 
         100  1 0.1533 0.1597 0.1818 0.0694 0.1432 0.2010 0.0609 0.0306 
         101  1 0.1892 0.2075 0.1948 0.0060 0.1925 0.1808 0.0127 0.0165 
         102  1 0.0109 0.0111 0.0107 0.7104 0.0107 0.0105 0.2004 0.0353 
         103  1 0.0104 0.0105 0.0101 0.0290 0.0112 0.0105 0.9018 0.0165 
         104  1 0.0071 0.0073 0.0078 0.0113 0.0073 0.0067 0.9317 0.0208 
         105  1 0.0068 0.0068 0.0069 0.1391 0.0070 0.0064 0.0715 0.7556 
         106  1 0.0429 0.0382 0.0390 0.0693 0.0399 0.0374 0.7145 0.0188 
         107  1 0.0121 0.0109 0.0122 0.0343 0.0124 0.0112 0.8614 0.0456 
         108  1 0.0064 0.0061 0.0066 0.0111 0.0066 0.0061 0.2459 0.7112 
         109  1 0.0379 0.0438 0.0493 0.0162 0.0528 0.0371 0.7282 0.0348 
         110  1 0.0061 0.0061 0.0065 0.0104 0.0063 0.0065 0.9354 0.0229 
         111  1 0.0222 0.0221 0.0235 0.1253 0.0238 0.0216 0.6277 0.1337 
         112  1 0.0200 0.0209 0.0218 0.3216 0.0222 0.0206 0.3108 0.2622 
         113  1 0.0151 0.0154 0.0154 0.0490 0.0152 0.0142 0.6362 0.2395 
         114  1 0.0059 0.0061 0.0057 0.0210 0.0059 0.0057 0.9231 0.0266 
         115  1 0.0069 0.0069 0.0071 0.0128 0.0072 0.0069 0.9192 0.0329 
         116  1 0.0098 0.0108 0.0114 0.0166 0.0117 0.0103 0.8769 0.0526 
         117  1 0.0139 0.0130 0.0158 0.3316 0.0153 0.0132 0.5460 0.0512 
         118  1 0.0111 0.0103 0.0113 0.1798 0.0113 0.0101 0.6013 0.1648 
         119  1 0.0058 0.0063 0.0063 0.0259 0.0064 0.0059 0.9302 0.0132 
