           1  1 0.4683 0.5137 0.0180 
           2  1 0.5612 0.4154 0.0234 
           3  1 0.5209 0.3334 0.1456 
           4  1 0.5182 0.4672 0.0146 
           5  1 0.3745 0.5894 0.0361 
           6  1 0.3823 0.6032 0.0146 
           7  1 0.3558 0.6302 0.0140 
           8  1 0.5402 0.4473 0.0125 
           9  1 0.4151 0.5670 0.0179 
          10  1 0.4079 0.5607 0.0314 
          11  1 0.5606 0.4163 0.0232 
          12  1 0.6497 0.3335 0.0168 
          13  1 0.5569 0.4252 0.0178 
          14  1 0.4939 0.4862 0.0199 
          15  1 0.3082 0.6576 0.0342 
          16  1 0.5644 0.4078 0.0278 
          17  1 0.4658 0.5080 0.0262 
          18  1 0.6645 0.3097 0.0258 
          19  1 0.4957 0.4771 0.0272 
          20  1 0.4095 0.5148 0.0758 
          21  1 0.7042 0.2819 0.0140 
          22  1 0.6423 0.3261 0.0315 
          23  1 0.5524 0.3942 0.0534 
          24  1 0.4062 0.4611 0.1327 
          25  1 0.3632 0.5280 0.1088 
          26  1 0.3755 0.2209 0.4036 
          27  1 0.0158 0.0142 0.9700 
          28  1 0.1246 0.1094 0.7661 
          29  1 0.2910 0.1850 0.5240 
          30  1 0.0429 0.0305 0.9266 
          31  1 0.0176 0.0175 0.9649 
          32  1 0.0465 0.0357 0.9178 
          33  1 0.2775 0.3075 0.4151 
          34  1 0.2108 0.1635 0.6257 
          35  1 0.2832 0.2137 0.5031 
          36  1 0.0101 0.0100 0.9800 
          37  1 0.0453 0.0375 0.9172 
          38  1 0.2018 0.2556 0.5426 
          39  1 0.1193 0.0929 0.7878 
          40  1 0.2012 0.1847 0.6142 
          41  1 0.4508 0.3704 0.1788 
          42  1 0.0763 0.0642 0.8595 
          43  1 0.1201 0.1177 0.7622 
          44  1 0.1087 0.1138 0.7774 
          45  1 0.0134 0.0153 0.9713 
          46  1 0.0257 0.0280 0.9463 
          47  1 0.0128 0.0126 0.9747 
          48  1 0.0098 0.0098 0.9804 
          49  1 0.0178 0.0171 0.9651 
          50  1 0.0415 0.0466 0.9119 
          51  1 0.0151 0.0218 0.9631 
          52  1 0.0275 0.0294 0.9431 
          53  1 0.0748 0.0683 0.8569 
          54  1 0.0211 0.0234 0.9555 
          55  1 0.0601 0.0937 0.8463 
          56  1 0.0305 0.0297 0.9397 
          57  1 0.0640 0.0548 0.8812 
          58  1 0.0801 0.1056 0.8143 
          59  1 0.0099 0.0102 0.9799 
          60  1 0.0270 0.0282 0.9447 
          61  1 0.0765 0.0999 0.8237 
          62  1 0.0511 0.0492 0.8997 
          63  1 0.1072 0.1370 0.7558 
          64  1 0.1534 0.1987 0.6479 
          65  1 0.0376 0.0386 0.9238 
          66  1 0.0397 0.0440 0.9163 
          67  1 0.1012 0.0984 0.8004 
          68  1 0.0416 0.0479 0.9105 
          69  1 0.0767 0.0686 0.8548 
          70  1 0.1892 0.2490 0.5619 
          71  1 0.0094 0.0097 0.9808 
          72  1 0.0352 0.0352 0.9296 
          73  1 0.0255 0.0252 0.9493 
          74  1 0.3997 0.5616 0.0387 
          75  1 0.6276 0.3614 0.0110 
          76  1 0.3005 0.6882 0.0113 
          77  1 0.5703 0.4174 0.0122 
          78  1 0.3017 0.6895 0.0087 
          79  1 0.3094 0.6356 0.0550 
          80  1 0.3721 0.6008 0.0270 
          81  1 0.5924 0.3949 0.0126 
          82  1 0.4556 0.5062 0.0381 
          83  1 0.3428 0.6467 0.0104 
          84  1 0.2978 0.6314 0.0708 
          85  1 0.5450 0.4429 0.0121 
          86  1 0.5224 0.4225 0.0550 
          87  1 0.4822 0.4938 0.0240 
          88  1 0.3483 0.6351 0.0165 
          89  1 0.4180 0.5715 0.0105 
          90  1 0.2705 0.7069 0.0226 
          91  1 0.6215 0.3543 0.0242 
          92  1 0.4864 0.3189 0.1947 
          93  1 0.4118 0.5659 0.0223 
          94  1 0.4755 0.4934 0.0311 
          95  1 0.6448 0.3361 0.0190 
          96  1 0.5813 0.3711 0.0477 
          97  1 0.4917 0.4927 0.0156 
          98  1 0.3804 0.6058 0.0138 
          99  1 0.4350 0.5455 0.0194 
         100  1 0.4903 0.3405 0.1691 
         101  1 0.3828 0.5991 0.0181 
         102  1 0.0159 0.0156 0.9686 
         103  1 0.0126 0.0122 0.9752 
         104  1 0.0090 0.0096 0.9814 
         105  1 0.0107 0.0104 0.9789 
         106  1 0.0641 0.0615 0.8744 
         107  1 0.0114 0.0118 0.9768 
         108  1 0.0093 0.0094 0.9813 
         109  1 0.0718 0.0940 0.8342 
         110  1 0.0092 0.0094 0.9814 
         111  1 0.0217 0.0190 0.9594 
         112  1 0.0239 0.0218 0.9542 
         113  1 0.0128 0.0117 0.9754 
         114  1 0.0078 0.0082 0.9840 
         115  1 0.0095 0.0099 0.9806 
         116  1 0.0121 0.0126 0.9753 
         117  1 0.0144 0.0165 0.9691 
         118  1 0.0113 0.0102 0.9785 
         119  1 0.0083 0.0084 0.9833 
