           1  1 0.2496 0.2205 0.0089 0.2420 0.2630 0.0160 
           2  1 0.2324 0.2288 0.0129 0.2553 0.2427 0.0278 
           3  1 0.2059 0.2100 0.0351 0.1952 0.1960 0.1578 
           4  1 0.2288 0.2542 0.0087 0.2497 0.2467 0.0119 
           5  1 0.2412 0.2221 0.0217 0.2697 0.2318 0.0136 
           6  1 0.2418 0.2372 0.0109 0.2610 0.2429 0.0062 
           7  1 0.2572 0.2323 0.0101 0.2530 0.2395 0.0078 
           8  1 0.2602 0.2614 0.0076 0.2372 0.2215 0.0121 
           9  1 0.2255 0.2277 0.0082 0.2600 0.2551 0.0235 
          10  1 0.2251 0.2507 0.0199 0.2495 0.2419 0.0130 
          11  1 0.2468 0.2448 0.0128 0.2370 0.2471 0.0115 
          12  1 0.2413 0.2834 0.0088 0.2271 0.2220 0.0174 
          13  1 0.2441 0.2522 0.0110 0.2420 0.2407 0.0099 
          14  1 0.2290 0.2552 0.0128 0.2445 0.2447 0.0137 
          15  1 0.2468 0.1923 0.0208 0.2529 0.2677 0.0194 
          16  1 0.2607 0.2385 0.0133 0.2452 0.2145 0.0279 
          17  1 0.2426 0.2396 0.0169 0.2304 0.2571 0.0135 
          18  1 0.2370 0.2693 0.0146 0.2293 0.2262 0.0236 
          19  1 0.2240 0.2287 0.0124 0.2401 0.2601 0.0347 
          20  1 0.2385 0.2190 0.0303 0.2349 0.2404 0.0371 
          21  1 0.2384 0.3059 0.0080 0.2152 0.2162 0.0162 
          22  1 0.2434 0.2955 0.0155 0.2091 0.2073 0.0293 
          23  1 0.2346 0.2517 0.0295 0.2232 0.2422 0.0188 
          24  1 0.1960 0.2104 0.0344 0.2103 0.1985 0.1504 
          25  1 0.2217 0.2082 0.0450 0.2388 0.2340 0.0524 
          26  1 0.1474 0.1478 0.1171 0.1244 0.1272 0.3361 
          27  1 0.0124 0.0129 0.6585 0.0122 0.0128 0.2912 
          28  1 0.0328 0.0317 0.0620 0.0326 0.0323 0.8086 
          29  1 0.0652 0.0657 0.0412 0.0592 0.0644 0.7043 
          30  1 0.0156 0.0150 0.0904 0.0149 0.0162 0.8478 
          31  1 0.0097 0.0095 0.1087 0.0098 0.0101 0.8522 
          32  1 0.0106 0.0106 0.0353 0.0096 0.0106 0.9234 
          33  1 0.0461 0.0408 0.0144 0.0454 0.0424 0.8108 
          34  1 0.0507 0.0518 0.0483 0.0491 0.0494 0.7507 
          35  1 0.0778 0.0823 0.0469 0.0746 0.0765 0.6420 
          36  1 0.0079 0.0080 0.9144 0.0084 0.0082 0.0531 
          37  1 0.0265 0.0250 0.1130 0.0261 0.0242 0.7852 
          38  1 0.1481 0.1204 0.2134 0.1357 0.1430 0.2394 
          39  1 0.0448 0.0475 0.1333 0.0425 0.0451 0.6868 
          40  1 0.1223 0.1241 0.2645 0.1341 0.1237 0.2312 
          41  1 0.1850 0.2041 0.0466 0.2059 0.1961 0.1623 
          42  1 0.0455 0.0464 0.7613 0.0444 0.0484 0.0540 
          43  1 0.0809 0.0763 0.6140 0.0792 0.0844 0.0652 
          44  1 0.0909 0.0879 0.4358 0.1039 0.1017 0.1799 
          45  1 0.0115 0.0115 0.9195 0.0112 0.0120 0.0343 
          46  1 0.0275 0.0285 0.8478 0.0283 0.0289 0.0390 
          47  1 0.0106 0.0101 0.9295 0.0108 0.0101 0.0289 
          48  1 0.0072 0.0069 0.9491 0.0069 0.0071 0.0227 
          49  1 0.0154 0.0152 0.8400 0.0163 0.0158 0.0974 
          50  1 0.0230 0.0219 0.8943 0.0212 0.0212 0.0184 
          51  1 0.0129 0.0119 0.9262 0.0124 0.0136 0.0229 
          52  1 0.0284 0.0297 0.7364 0.0275 0.0304 0.1477 
          53  1 0.0455 0.0461 0.4829 0.0459 0.0457 0.3338 
          54  1 0.0219 0.0215 0.2973 0.0210 0.0199 0.6183 
          55  1 0.0376 0.0322 0.1224 0.0427 0.0411 0.7240 
          56  1 0.0490 0.0533 0.6400 0.0490 0.0517 0.1571 
          57  1 0.0782 0.0808 0.3871 0.0752 0.0686 0.3100 
          58  1 0.0803 0.0699 0.6196 0.0811 0.0726 0.0765 
          59  1 0.0062 0.0064 0.9603 0.0065 0.0065 0.0142 
          60  1 0.0259 0.0266 0.8420 0.0261 0.0262 0.0532 
          61  1 0.0611 0.0494 0.2171 0.0497 0.0585 0.5641 
          62  1 0.0513 0.0506 0.6459 0.0500 0.0555 0.1468 
          63  1 0.0688 0.0604 0.1899 0.0652 0.0698 0.5459 
          64  1 0.1017 0.0933 0.0841 0.1075 0.1235 0.4898 
          65  1 0.0208 0.0192 0.0604 0.0200 0.0205 0.8591 
          66  1 0.0260 0.0250 0.8703 0.0232 0.0234 0.0321 
          67  1 0.0792 0.0713 0.5193 0.0738 0.0769 0.1795 
          68  1 0.0524 0.0441 0.6266 0.0535 0.0491 0.1743 
          69  1 0.0422 0.0395 0.0611 0.0438 0.0422 0.7712 
          70  1 0.1383 0.1218 0.3070 0.1511 0.1537 0.1281 
          71  1 0.0077 0.0072 0.9326 0.0077 0.0076 0.0371 
          72  1 0.0343 0.0348 0.5013 0.0354 0.0343 0.3600 
          73  1 0.0197 0.0210 0.7962 0.0193 0.0195 0.1242 
          74  1 0.2307 0.2112 0.0161 0.2433 0.2656 0.0331 
          75  1 0.2596 0.2932 0.0057 0.2280 0.2012 0.0123 
          76  1 0.2518 0.2148 0.0073 0.2542 0.2636 0.0082 
          77  1 0.2545 0.2447 0.0072 0.2459 0.2338 0.0139 
          78  1 0.2536 0.2181 0.0059 0.2583 0.2581 0.0060 
          79  1 0.2394 0.2049 0.0385 0.2513 0.2516 0.0143 
          80  1 0.2626 0.2216 0.0149 0.2578 0.2267 0.0164 
          81  1 0.2256 0.2771 0.0080 0.2429 0.2357 0.0108 
          82  1 0.2380 0.2289 0.0134 0.2438 0.2231 0.0528 
          83  1 0.2546 0.2259 0.0069 0.2500 0.2559 0.0067 
          84  1 0.1782 0.1706 0.0158 0.1980 0.1889 0.2485 
          85  1 0.2481 0.2589 0.0069 0.2590 0.2133 0.0137 
          86  1 0.2411 0.2351 0.0267 0.2483 0.2194 0.0294 
          87  1 0.2486 0.2198 0.0103 0.2513 0.2361 0.0338 
          88  1 0.2522 0.2279 0.0096 0.2598 0.2341 0.0165 
          89  1 0.2085 0.2406 0.0066 0.2646 0.2724 0.0074 
          90  1 0.2666 0.1913 0.0146 0.2586 0.2584 0.0105 
          91  1 0.2405 0.2801 0.0128 0.2136 0.2322 0.0208 
          92  1 0.2048 0.2189 0.0618 0.1871 0.2045 0.1230 
          93  1 0.2410 0.2256 0.0093 0.2503 0.2319 0.0420 
          94  1 0.2254 0.2614 0.0141 0.2468 0.2166 0.0358 
          95  1 0.2482 0.3037 0.0100 0.2177 0.2077 0.0127 
          96  1 0.2187 0.2518 0.0257 0.2205 0.2434 0.0398 
          97  1 0.2674 0.2469 0.0118 0.2334 0.2330 0.0076 
          98  1 0.2490 0.2214 0.0082 0.2548 0.2536 0.0129 
          99  1 0.2495 0.2321 0.0136 0.2461 0.2487 0.0101 
         100  1 0.1887 0.2374 0.0741 0.2030 0.2114 0.0853 
         101  1 0.2407 0.2323 0.0141 0.2641 0.2411 0.0077 
         102  1 0.0106 0.0114 0.3103 0.0107 0.0119 0.6451 
         103  1 0.0104 0.0100 0.9277 0.0101 0.0107 0.0312 
         104  1 0.0071 0.0073 0.9573 0.0072 0.0071 0.0140 
         105  1 0.0087 0.0087 0.3683 0.0091 0.0093 0.5959 
         106  1 0.0419 0.0419 0.7623 0.0438 0.0445 0.0656 
         107  1 0.0095 0.0090 0.9310 0.0092 0.0090 0.0323 
         108  1 0.0067 0.0072 0.9109 0.0067 0.0071 0.0614 
         109  1 0.0546 0.0430 0.7829 0.0523 0.0501 0.0170 
         110  1 0.0061 0.0060 0.9614 0.0065 0.0063 0.0139 
         111  1 0.0210 0.0201 0.7897 0.0211 0.0203 0.1277 
         112  1 0.0192 0.0206 0.5395 0.0195 0.0218 0.3794 
         113  1 0.0127 0.0133 0.8799 0.0129 0.0130 0.0682 
         114  1 0.0060 0.0056 0.9537 0.0061 0.0058 0.0228 
         115  1 0.0066 0.0066 0.9561 0.0069 0.0069 0.0170 
         116  1 0.0090 0.0082 0.9422 0.0086 0.0081 0.0240 
         117  1 0.0164 0.0135 0.4205 0.0137 0.0157 0.5203 
         118  1 0.0106 0.0096 0.8061 0.0099 0.0097 0.1541 
         119  1 0.0062 0.0062 0.9505 0.0066 0.0064 0.0241 
