           1  1 0.4311 0.5689 
           2  1 0.6236 0.3764 
           3  1 0.4479 0.5521 
           4  1 0.4542 0.5458 
           5  1 0.4796 0.5204 
           6  1 0.3407 0.6593 
           7  1 0.5509 0.4491 
           8  1 0.4680 0.5320 
           9  1 0.5055 0.4945 
          10  1 0.4553 0.5447 
          11  1 0.3685 0.6315 
          12  1 0.3574 0.6426 
          13  1 0.4818 0.5182 
          14  1 0.5150 0.4850 
          15  1 0.5728 0.4272 
          16  1 0.6566 0.3434 
          17  1 0.4079 0.5921 
          18  1 0.5384 0.4616 
          19  1 0.5360 0.4640 
          20  1 0.5464 0.4536 
          21  1 0.5316 0.4684 
          22  1 0.5907 0.4093 
          23  1 0.5251 0.4749 
          24  1 0.4943 0.5057 
          25  1 0.4098 0.5902 
          26  1 0.5644 0.4356 
          27  1 0.5813 0.4187 
          28  1 0.4920 0.5080 
          29  1 0.5937 0.4063 
          30  1 0.5641 0.4359 
          31  1 0.5097 0.4903 
          32  1 0.4493 0.5507 
          33  1 0.4630 0.5370 
          34  1 0.5865 0.4135 
          35  1 0.6371 0.3629 
          36  1 0.5799 0.4201 
          37  1 0.4395 0.5605 
          38  1 0.4560 0.5440 
          39  1 0.5622 0.4378 
          40  1 0.3957 0.6043 
          41  1 0.6675 0.3325 
          42  1 0.5456 0.4544 
          43  1 0.5999 0.4001 
          44  1 0.4661 0.5339 
          45  1 0.5154 0.4846 
          46  1 0.5966 0.4034 
          47  1 0.5642 0.4358 
          48  1 0.6006 0.3994 
          49  1 0.6536 0.3464 
          50  1 0.4427 0.5573 
          51  1 0.5678 0.4322 
          52  1 0.5643 0.4357 
          53  1 0.3963 0.6037 
          54  1 0.5073 0.4927 
          55  1 0.4021 0.5979 
          56  1 0.3723 0.6277 
          57  1 0.4908 0.5092 
          58  1 0.4196 0.5804 
          59  1 0.3634 0.6366 
          60  1 0.5088 0.4912 
          61  1 0.4066 0.5934 
          62  1 0.5859 0.4141 
          63  1 0.5894 0.4106 
          64  1 0.6330 0.3670 
          65  1 0.3646 0.6354 
          66  1 0.5483 0.4517 
          67  1 0.3838 0.6162 
          68  1 0.4442 0.5558 
          69  1 0.4671 0.5329 
          70  1 0.5184 0.4816 
          71  1 0.5223 0.4777 
          72  1 0.3753 0.6247 
          73  1 0.4402 0.5598 
          74  1 0.5344 0.4656 
          75  1 0.6090 0.3910 
          76  1 0.4900 0.5100 
          77  1 0.5343 0.4657 
          78  1 0.3408 0.6592 
          79  1 0.3811 0.6189 
          80  1 0.4434 0.5566 
          81  1 0.5382 0.4618 
          82  1 0.4511 0.5489 
          83  1 0.5905 0.4095 
          84  1 0.5853 0.4147 
          85  1 0.6292 0.3708 
          86  1 0.4719 0.5281 
          87  1 0.4517 0.5483 
          88  1 0.4474 0.5526 
          89  1 0.6554 0.3446 
          90  1 0.4538 0.5462 
          91  1 0.4617 0.5383 
          92  1 0.4869 0.5131 
          93  1 0.6774 0.3226 
          94  1 0.5175 0.4825 
          95  1 0.5437 0.4563 
          96  1 0.5383 0.4617 
          97  1 0.3644 0.6356 
          98  1 0.5221 0.4779 
          99  1 0.5139 0.4861 
         100  1 0.5119 0.4881 
         101  1 0.5285 0.4715 
         102  1 0.4835 0.5165 
         103  1 0.6599 0.3401 
         104  1 0.4889 0.5111 
         105  1 0.5111 0.4889 
         106  1 0.6512 0.3488 
         107  1 0.4581 0.5419 
         108  1 0.4965 0.5035 
         109  1 0.4635 0.5365 
         110  1 0.4719 0.5281 
         111  1 0.5952 0.4048 
         112  1 0.5433 0.4567 
         113  1 0.4205 0.5795 
         114  1 0.6518 0.3482 
         115  1 0.4890 0.5110 
         116  1 0.5075 0.4925 
         117  1 0.4224 0.5776 
         118  1 0.4375 0.5625 
         119  1 0.5208 0.4792 
         120  1 0.5137 0.4863 
         121  1 0.4803 0.5197 
         122  1 0.3152 0.6848 
         123  1 0.5840 0.4160 
         124  1 0.5400 0.4600 
         125  1 0.4612 0.5388 
         126  1 0.4046 0.5954 
         127  1 0.3187 0.6813 
         128  1 0.4494 0.5506 
         129  1 0.6824 0.3176 
         130  1 0.5714 0.4286 
         131  1 0.5574 0.4426 
         132  1 0.5056 0.4944 
         133  1 0.4558 0.5442 
         134  1 0.5832 0.4168 
         135  1 0.4570 0.5430 
         136  1 0.3849 0.6151 
         137  1 0.3209 0.6791 
         138  1 0.3193 0.6807 
         139  1 0.6084 0.3916 
         140  1 0.6328 0.3672 
         141  1 0.5014 0.4986 
         142  1 0.5414 0.4586 
         143  1 0.6574 0.3426 
         144  1 0.4966 0.5034 
         145  1 0.5486 0.4514 
         146  1 0.6375 0.3625 
         147  1 0.4545 0.5455 
         148  1 0.4652 0.5348 
         149  1 0.5437 0.4563 
         150  1 0.6094 0.3906 
         151  1 0.4082 0.5918 
         152  1 0.5784 0.4216 
         153  1 0.5994 0.4006 
         154  1 0.4702 0.5298 
         155  1 0.4818 0.5182 
         156  1 0.5133 0.4867 
         157  1 0.6045 0.3955 
         158  1 0.6041 0.3959 
         159  1 0.5863 0.4137 
         160  1 0.6038 0.3962 
         161  1 0.4819 0.5181 
         162  1 0.6134 0.3866 
         163  1 0.4240 0.5760 
         164  1 0.4529 0.5471 
         165  1 0.4425 0.5575 
         166  1 0.4849 0.5151 
         167  1 0.4475 0.5525 
         168  1 0.4370 0.5630 
         169  1 0.5653 0.4347 
         170  1 0.5262 0.4738 
         171  1 0.5502 0.4498 
         172  1 0.4125 0.5875 
         173  1 0.4470 0.5530 
         174  1 0.4878 0.5122 
         175  1 0.3892 0.6108 
         176  1 0.5744 0.4256 
         177  1 0.2945 0.7055 
         178  1 0.5473 0.4527 
         179  1 0.5247 0.4753 
         180  1 0.5365 0.4635 
         181  1 0.3719 0.6281 
         182  1 0.4338 0.5662 
         183  1 0.5077 0.4923 
         184  1 0.4718 0.5282 
         185  1 0.6324 0.3676 
         186  1 0.6308 0.3692 
         187  1 0.5467 0.4533 
         188  1 0.5674 0.4326 
         189  1 0.4137 0.5863 
         190  1 0.5154 0.4846 
         191  1 0.4439 0.5561 
         192  1 0.4813 0.5187 
         193  1 0.4821 0.5179 
         194  1 0.5505 0.4495 
         195  1 0.5323 0.4677 
         196  1 0.5585 0.4415 
         197  1 0.3654 0.6346 
         198  1 0.5545 0.4455 
         199  1 0.4271 0.5729 
         200  1 0.5439 0.4561 
         201  1 0.6341 0.3659 
         202  1 0.5561 0.4439 
         203  1 0.5760 0.4240 
         204  1 0.5325 0.4675 
         205  1 0.4617 0.5383 
         206  1 0.5322 0.4678 
         207  1 0.5168 0.4832 
         208  1 0.4898 0.5102 
         209  1 0.4502 0.5498 
         210  1 0.4631 0.5369 
         211  1 0.5015 0.4985 
         212  1 0.5254 0.4746 
         213  1 0.6168 0.3832 
         214  1 0.5630 0.4370 
         215  1 0.7006 0.2994 
         216  1 0.3688 0.6312 
         217  1 0.4783 0.5217 
         218  1 0.6020 0.3980 
         219  1 0.4922 0.5078 
         220  1 0.4986 0.5014 
         221  1 0.4574 0.5426 
         222  1 0.5567 0.4433 
         223  1 0.5096 0.4904 
         224  1 0.5141 0.4859 
         225  1 0.5780 0.4220 
         226  1 0.3292 0.6708 
         227  1 0.6944 0.3056 
         228  1 0.5270 0.4730 
         229  1 0.5176 0.4824 
         230  1 0.4844 0.5156 
         231  1 0.5132 0.4868 
         232  1 0.5435 0.4565 
         233  1 0.3002 0.6998 
         234  1 0.4954 0.5046 
         235  1 0.4681 0.5319 
         236  1 0.3805 0.6195 
         237  1 0.5207 0.4793 
         238  1 0.4117 0.5883 
         239  1 0.4482 0.5518 
         240  1 0.5649 0.4351 
         241  1 0.4827 0.5173 
         242  1 0.3175 0.6825 
         243  1 0.5874 0.4126 
         244  1 0.5672 0.4328 
         245  1 0.4384 0.5616 
         246  1 0.5212 0.4788 
         247  1 0.3865 0.6135 
         248  1 0.4097 0.5903 
         249  1 0.4722 0.5278 
         250  1 0.4694 0.5306 
         251  1 0.4049 0.5951 
         252  1 0.4883 0.5117 
         253  1 0.4965 0.5035 
         254  1 0.4970 0.5030 
         255  1 0.3954 0.6046 
         256  1 0.5101 0.4899 
         257  1 0.2975 0.7025 
         258  1 0.3771 0.6229 
         259  1 0.5043 0.4957 
         260  1 0.4079 0.5921 
         261  1 0.4420 0.5580 
         262  1 0.4023 0.5977 
         263  1 0.5161 0.4839 
         264  1 0.4286 0.5714 
         265  1 0.3611 0.6389 
         266  1 0.5059 0.4941 
         267  1 0.4969 0.5031 
         268  1 0.5424 0.4576 
         269  1 0.6025 0.3975 
         270  1 0.5312 0.4688 
