           1  1 0.0744 0.1107 0.1008 0.0880 0.0921 0.3788 0.0863 0.0689 
           2  1 0.0702 0.1405 0.1577 0.1022 0.0226 0.0767 0.2853 0.1449 
           3  1 0.0540 0.1821 0.1417 0.3314 0.0657 0.0515 0.1051 0.0686 
           4  1 0.0204 0.0204 0.0196 0.0193 0.8657 0.0143 0.0210 0.0194 
           5  1 0.2018 0.1157 0.1153 0.0513 0.0726 0.0331 0.1454 0.2648 
           6  1 0.0878 0.0461 0.0423 0.3629 0.2926 0.0211 0.0651 0.0820 
           7  1 0.0798 0.1076 0.1144 0.1065 0.0201 0.3806 0.1048 0.0864 
           8  1 0.1521 0.1104 0.0921 0.0322 0.2800 0.0590 0.1425 0.1317 
           9  1 0.1231 0.1750 0.2789 0.1410 0.0262 0.0570 0.1124 0.0865 
          10  1 0.2710 0.0855 0.0622 0.0703 0.0236 0.0247 0.1028 0.3600 
          11  1 0.0370 0.0477 0.0548 0.7194 0.0505 0.0162 0.0415 0.0329 
          12  1 0.0811 0.0642 0.0529 0.2854 0.3244 0.0214 0.0789 0.0918 
          13  1 0.0712 0.0972 0.1122 0.0557 0.2994 0.1844 0.1143 0.0654 
          14  1 0.1736 0.1425 0.1355 0.0616 0.0370 0.1787 0.1610 0.1100 
          15  1 0.2091 0.2009 0.1414 0.0533 0.0316 0.0476 0.1933 0.1227 
          16  1 0.0524 0.0579 0.0804 0.0532 0.0409 0.5195 0.1266 0.0691 
          17  1 0.1213 0.1412 0.1176 0.0954 0.1848 0.0649 0.1429 0.1320 
          18  1 0.0793 0.1081 0.1262 0.1720 0.0868 0.0478 0.2640 0.1158 
          19  1 0.1737 0.1903 0.1703 0.0210 0.0483 0.0162 0.2298 0.1503 
          20  1 0.1081 0.2333 0.2439 0.0461 0.0568 0.0441 0.1401 0.1276 
          21  1 0.1059 0.1113 0.1288 0.0432 0.2041 0.0672 0.1883 0.1510 
          22  1 0.1124 0.1577 0.1207 0.0212 0.0991 0.2035 0.1862 0.0993 
          23  1 0.1070 0.0945 0.1055 0.0874 0.0440 0.2923 0.1563 0.1130 
          24  1 0.1606 0.0957 0.1124 0.0491 0.0616 0.1692 0.1750 0.1764 
          25  1 0.1438 0.1080 0.1370 0.1517 0.0978 0.0731 0.1383 0.1503 
          26  1 0.2173 0.1194 0.1609 0.0205 0.0325 0.0405 0.1635 0.2454 
          27  1 0.2013 0.1815 0.1493 0.0666 0.0265 0.1699 0.1285 0.0763 
          28  1 0.1360 0.1237 0.1306 0.0367 0.2089 0.0255 0.2044 0.1343 
          29  1 0.1792 0.1733 0.1762 0.0411 0.0354 0.0419 0.2111 0.1419 
          30  1 0.1079 0.0999 0.1574 0.0515 0.0588 0.0763 0.2611 0.1871 
          31  1 0.0787 0.2240 0.2200 0.1289 0.0411 0.0933 0.1182 0.0958 
          32  1 0.1702 0.1833 0.1920 0.0952 0.0681 0.0294 0.1559 0.1060 
          33  1 0.1272 0.1927 0.1311 0.1177 0.0622 0.0361 0.1850 0.1479 
          34  1 0.1111 0.1798 0.1564 0.0689 0.0563 0.0580 0.2456 0.1239 
          35  1 0.0731 0.1622 0.1793 0.0303 0.0284 0.0621 0.3125 0.1520 
          36  1 0.1484 0.1612 0.1412 0.0708 0.0521 0.0429 0.2611 0.1222 
          37  1 0.1637 0.1401 0.1043 0.0727 0.1323 0.0617 0.1855 0.1397 
          38  1 0.1480 0.1014 0.0960 0.2288 0.1379 0.0741 0.1230 0.0908 
          39  1 0.1090 0.1464 0.2113 0.0693 0.0385 0.0420 0.2607 0.1228 
          40  1 0.0490 0.0534 0.0607 0.6792 0.0313 0.0238 0.0556 0.0470 
          41  1 0.0938 0.1575 0.1753 0.0643 0.0159 0.0533 0.2951 0.1447 
          42  1 0.1512 0.1299 0.1617 0.0510 0.0251 0.0523 0.2305 0.1985 
          43  1 0.1383 0.1454 0.1549 0.0170 0.0775 0.0911 0.2047 0.1711 
          44  1 0.2160 0.0904 0.1163 0.1455 0.0424 0.0211 0.1161 0.2522 
          45  1 0.1324 0.1413 0.1569 0.0610 0.1207 0.0510 0.2022 0.1345 
          46  1 0.1082 0.1217 0.1289 0.0343 0.0730 0.2145 0.2130 0.1064 
          47  1 0.1930 0.1767 0.1289 0.0571 0.0226 0.0243 0.2175 0.1799 
          48  1 0.1655 0.0795 0.1258 0.0704 0.0633 0.1077 0.1627 0.2252 
          49  1 0.0986 0.1174 0.1357 0.0262 0.0653 0.1531 0.2689 0.1348 
          50  1 0.3102 0.0448 0.0586 0.0596 0.0290 0.0394 0.0437 0.4147 
          51  1 0.0665 0.0762 0.0980 0.0318 0.4383 0.0646 0.1338 0.0907 
          52  1 0.0983 0.1802 0.1437 0.1375 0.0678 0.0809 0.1590 0.1327 
          53  1 0.0730 0.0801 0.0892 0.0205 0.5289 0.0175 0.1080 0.0827 
          54  1 0.1252 0.1259 0.1501 0.0624 0.1224 0.0739 0.2110 0.1292 
          55  1 0.0933 0.0811 0.0933 0.0731 0.4219 0.0320 0.1091 0.0964 
          56  1 0.0631 0.0678 0.0555 0.4665 0.1985 0.0232 0.0718 0.0537 
          57  1 0.1557 0.1226 0.1369 0.0688 0.0382 0.0912 0.2187 0.1679 
          58  1 0.1809 0.0961 0.1089 0.1302 0.0998 0.0256 0.1481 0.2104 
          59  1 0.0917 0.0798 0.0794 0.1114 0.4354 0.0322 0.0839 0.0862 
          60  1 0.0638 0.1251 0.1053 0.0222 0.1353 0.4171 0.0637 0.0675 
          61  1 0.1937 0.1608 0.1375 0.0653 0.1056 0.0367 0.1674 0.1331 
          62  1 0.1168 0.0747 0.1010 0.0322 0.1486 0.1959 0.1729 0.1578 
          63  1 0.0895 0.1491 0.3010 0.0416 0.0500 0.0545 0.1670 0.1473 
          64  1 0.0977 0.1001 0.1189 0.0648 0.0293 0.2705 0.1718 0.1469 
          65  1 0.0779 0.0645 0.0625 0.5547 0.0616 0.0426 0.0766 0.0597 
          66  1 0.1141 0.1567 0.1322 0.1691 0.0233 0.1137 0.1757 0.1153 
          67  1 0.2032 0.0916 0.0931 0.0542 0.2164 0.0386 0.0882 0.2147 
          68  1 0.1602 0.1087 0.0984 0.0591 0.2323 0.0452 0.1567 0.1394 
          69  1 0.2319 0.1663 0.1060 0.0422 0.1129 0.0287 0.1898 0.1221 
          70  1 0.2347 0.1963 0.1188 0.0494 0.0942 0.0376 0.1694 0.0996 
          71  1 0.1651 0.1377 0.1259 0.0260 0.1529 0.0573 0.2037 0.1313 
          72  1 0.0948 0.0780 0.0782 0.2951 0.2524 0.0204 0.1077 0.0733 
          73  1 0.1502 0.2221 0.2699 0.0479 0.0901 0.0356 0.1040 0.0802 
          74  1 0.1396 0.1501 0.1363 0.0348 0.1075 0.0821 0.2165 0.1330 
          75  1 0.1094 0.1095 0.1214 0.0346 0.0706 0.2212 0.2065 0.1268 
          76  1 0.2932 0.0825 0.0745 0.0194 0.0549 0.0431 0.0982 0.3341 
          77  1 0.2488 0.2061 0.1199 0.0238 0.0624 0.0129 0.2022 0.1240 
          78  1 0.0358 0.0374 0.0336 0.0256 0.7923 0.0153 0.0302 0.0297 
          79  1 0.1681 0.1161 0.0940 0.0592 0.1645 0.1014 0.1334 0.1633 
          80  1 0.1488 0.0957 0.0902 0.0505 0.0706 0.2437 0.1424 0.1580 
          81  1 0.2487 0.2001 0.1159 0.0399 0.0597 0.0224 0.1776 0.1356 
          82  1 0.1130 0.0861 0.0964 0.0487 0.1404 0.2977 0.0880 0.1299 
          83  1 0.1530 0.0959 0.0940 0.0219 0.0647 0.2452 0.1439 0.1814 
          84  1 0.1438 0.1644 0.1497 0.0370 0.0619 0.0962 0.2298 0.1171 
          85  1 0.1691 0.1583 0.1482 0.0180 0.0412 0.0339 0.2766 0.1546 
          86  1 0.1868 0.0964 0.0957 0.1145 0.0748 0.0266 0.1737 0.2314 
          87  1 0.3149 0.0449 0.0544 0.0342 0.0336 0.0735 0.0435 0.4010 
          88  1 0.1158 0.1504 0.1692 0.0560 0.1815 0.0534 0.1554 0.1182 
          89  1 0.0118 0.0117 0.0117 0.0097 0.0104 0.9210 0.0121 0.0115 
          90  1 0.2239 0.1090 0.1135 0.0505 0.0261 0.1084 0.1194 0.2493 
          91  1 0.1880 0.0867 0.0979 0.1009 0.1218 0.0374 0.1302 0.2370 
          92  1 0.0850 0.1195 0.1762 0.0465 0.1416 0.1169 0.1757 0.1387 
          93  1 0.0164 0.0178 0.0170 0.0106 0.0131 0.8908 0.0172 0.0171 
          94  1 0.1067 0.1504 0.1543 0.0636 0.0748 0.1260 0.1856 0.1388 
          95  1 0.2374 0.1535 0.1161 0.0399 0.0574 0.0518 0.1776 0.1664 
          96  1 0.2039 0.2398 0.3080 0.0260 0.0215 0.0409 0.0876 0.0723 
          97  1 0.2674 0.0401 0.0354 0.2464 0.0475 0.0198 0.0527 0.2908 
          98  1 0.2021 0.1732 0.1248 0.0214 0.1121 0.0770 0.1375 0.1520 
          99  1 0.0217 0.0226 0.0222 0.0118 0.8450 0.0316 0.0225 0.0226 
         100  1 0.0903 0.1617 0.1226 0.2583 0.0919 0.0225 0.1639 0.0888 
         101  1 0.1536 0.1318 0.0808 0.0746 0.0582 0.3156 0.1165 0.0689 
         102  1 0.0600 0.1085 0.1053 0.0241 0.4738 0.0316 0.1269 0.0700 
         103  1 0.1120 0.1793 0.3118 0.0235 0.0198 0.0335 0.1915 0.1286 
         104  1 0.2319 0.1639 0.1539 0.0594 0.0438 0.0411 0.1503 0.1557 
         105  1 0.0904 0.1146 0.1372 0.0582 0.1261 0.1901 0.1678 0.1155 
         106  1 0.0384 0.3759 0.4614 0.0145 0.0144 0.0212 0.0402 0.0340 
         107  1 0.1158 0.1659 0.1237 0.0713 0.1053 0.1369 0.1607 0.1203 
         108  1 0.1199 0.2318 0.2606 0.0442 0.0329 0.0539 0.1123 0.1444 
         109  1 0.0855 0.1542 0.1329 0.1046 0.1522 0.0365 0.2154 0.1189 
         110  1 0.1724 0.1163 0.1458 0.1057 0.0898 0.0590 0.1595 0.1516 
         111  1 0.1182 0.1086 0.1419 0.0261 0.0436 0.1228 0.2599 0.1788 
         112  1 0.2232 0.0927 0.0835 0.0205 0.0531 0.1421 0.0981 0.2867 
         113  1 0.1848 0.1275 0.1083 0.0829 0.0926 0.0337 0.1545 0.2156 
         114  1 0.0401 0.3716 0.4586 0.0142 0.0148 0.0215 0.0443 0.0348 
         115  1 0.1378 0.1339 0.1372 0.0860 0.1870 0.0368 0.1671 0.1141 
         116  1 0.0791 0.1085 0.0815 0.0282 0.2962 0.2457 0.0953 0.0653 
         117  1 0.2339 0.0669 0.0713 0.0819 0.0516 0.1519 0.0686 0.2738 
         118  1 0.1981 0.1545 0.1429 0.0414 0.1121 0.0297 0.1515 0.1697 
         119  1 0.0683 0.1367 0.1624 0.0474 0.3188 0.0506 0.1286 0.0871 
         120  1 0.0214 0.0219 0.0219 0.0118 0.8463 0.0312 0.0229 0.0226 
         121  1 0.2129 0.1340 0.1314 0.1151 0.0347 0.0356 0.1484 0.1879 
         122  1 0.1448 0.0783 0.0679 0.2433 0.1919 0.0169 0.0883 0.1685 
         123  1 0.2603 0.0752 0.0744 0.0831 0.0349 0.0279 0.1479 0.2962 
         124  1 0.1301 0.1007 0.1165 0.1052 0.1004 0.0773 0.2025 0.1672 
         125  1 0.1478 0.1778 0.1784 0.0286 0.1125 0.0347 0.1322 0.1880 
         126  1 0.0417 0.0530 0.0471 0.0186 0.7271 0.0235 0.0463 0.0427 
         127  1 0.0120 0.0106 0.0100 0.9244 0.0102 0.0097 0.0113 0.0118 
         128  1 0.1055 0.1245 0.1060 0.0388 0.1325 0.2550 0.1084 0.1292 
         129  1 0.0161 0.0163 0.0178 0.0099 0.0130 0.8916 0.0181 0.0173 
         130  1 0.0207 0.4067 0.4677 0.0176 0.0158 0.0261 0.0241 0.0212 
         131  1 0.0212 0.4040 0.4710 0.0182 0.0156 0.0270 0.0226 0.0205 
         132  1 0.2067 0.1203 0.1455 0.0283 0.0405 0.1128 0.0982 0.2477 
         133  1 0.1810 0.1024 0.1227 0.0823 0.0919 0.0324 0.1807 0.2066 
         134  1 0.1079 0.1631 0.3206 0.0357 0.0385 0.0285 0.1424 0.1634 
         135  1 0.2329 0.1721 0.1915 0.0238 0.0890 0.0261 0.1013 0.1633 
         136  1 0.1494 0.1350 0.0974 0.0879 0.2119 0.0276 0.1394 0.1514 
         137  1 0.0126 0.0112 0.0106 0.9207 0.0110 0.0103 0.0116 0.0119 
         138  1 0.0125 0.0109 0.0101 0.9220 0.0111 0.0102 0.0112 0.0119 
         139  1 0.0703 0.1493 0.1863 0.0401 0.0908 0.1367 0.2103 0.1162 
         140  1 0.2257 0.1538 0.1343 0.0187 0.0362 0.1237 0.1674 0.1402 
         141  1 0.2050 0.1673 0.1864 0.0447 0.0331 0.0256 0.1409 0.1970 
         142  1 0.1089 0.1528 0.1889 0.0358 0.0552 0.0383 0.2590 0.1612 
         143  1 0.0755 0.1213 0.1509 0.0173 0.0414 0.0403 0.3870 0.1663 
         144  1 0.2269 0.0748 0.0738 0.0300 0.0845 0.1736 0.1067 0.2297 
         145  1 0.2308 0.1895 0.1373 0.1244 0.0348 0.0436 0.1432 0.0965 
         146  1 0.1324 0.1195 0.0651 0.0147 0.2020 0.2939 0.1056 0.0668 
         147  1 0.2748 0.2023 0.1195 0.0861 0.0352 0.0269 0.1175 0.1377 
         148  1 0.2320 0.1744 0.1361 0.0409 0.1260 0.0674 0.1355 0.0879 
         149  1 0.2630 0.1622 0.1214 0.0537 0.0581 0.0589 0.1496 0.1332 
         150  1 0.0949 0.1386 0.2071 0.0186 0.0982 0.0932 0.2154 0.1340 
         151  1 0.1397 0.1226 0.1073 0.3139 0.0975 0.0357 0.1007 0.0826 
         152  1 0.2688 0.1867 0.1233 0.0402 0.0460 0.0559 0.1553 0.1238 
         153  1 0.1643 0.1961 0.2001 0.0348 0.0744 0.0493 0.1779 0.1031 
         154  1 0.3258 0.0641 0.0649 0.0521 0.0218 0.0270 0.0904 0.3539 
         155  1 0.1598 0.1539 0.1915 0.1423 0.0418 0.0274 0.1461 0.1372 
         156  1 0.1601 0.1322 0.0994 0.0875 0.0584 0.2615 0.1245 0.0764 
         157  1 0.0568 0.2201 0.1452 0.1532 0.0168 0.2394 0.1054 0.0632 
         158  1 0.0529 0.2289 0.1533 0.1466 0.0165 0.2288 0.1076 0.0655 
         159  1 0.1572 0.2074 0.3164 0.0487 0.0245 0.0320 0.1138 0.1000 
         160  1 0.1569 0.1235 0.1736 0.0360 0.0225 0.0286 0.2607 0.1982 
         161  1 0.1308 0.1347 0.0612 0.4073 0.0287 0.0151 0.0727 0.1497 
         162  1 0.0913 0.1641 0.1622 0.0544 0.0415 0.2216 0.1415 0.1232 
         163  1 0.0831 0.0746 0.0667 0.0658 0.5032 0.0485 0.0944 0.0637 
         164  1 0.0729 0.0880 0.0739 0.0522 0.3033 0.2592 0.0860 0.0645 
         165  1 0.3927 0.0289 0.0278 0.0393 0.0208 0.0144 0.0427 0.4333 
         166  1 0.1949 0.1173 0.1362 0.0402 0.0906 0.0494 0.1476 0.2238 
         167  1 0.2167 0.1324 0.1709 0.0299 0.0934 0.0284 0.1049 0.2235 
         168  1 0.1126 0.1706 0.1596 0.0512 0.2911 0.0146 0.1135 0.0868 
         169  1 0.1521 0.1946 0.3072 0.0378 0.0182 0.0375 0.1625 0.0902 
         170  1 0.3179 0.0514 0.0479 0.0316 0.0841 0.0347 0.0760 0.3565 
         171  1 0.0613 0.3672 0.3640 0.0138 0.0237 0.0648 0.0445 0.0607 
         172  1 0.0671 0.0615 0.0713 0.3673 0.0842 0.1667 0.0947 0.0872 
         173  1 0.0989 0.0832 0.0840 0.1862 0.2138 0.0331 0.1835 0.1173 
         174  1 0.2327 0.2071 0.1368 0.0297 0.0828 0.0211 0.1560 0.1339 
         175  1 0.1235 0.0790 0.0839 0.0696 0.3852 0.0164 0.1421 0.1003 
         176  1 0.1691 0.0824 0.1190 0.0395 0.0323 0.1611 0.1358 0.2608 
         177  1 0.0979 0.0266 0.0228 0.0391 0.6643 0.0138 0.0306 0.1049 
         178  1 0.1986 0.1346 0.1464 0.0581 0.0281 0.0669 0.1255 0.2417 
         179  1 0.1470 0.1775 0.2441 0.0280 0.0599 0.1106 0.1120 0.1209 
         180  1 0.1253 0.1311 0.1646 0.0181 0.2108 0.0913 0.1572 0.1016 
         181  1 0.0745 0.0896 0.0798 0.4417 0.0600 0.1148 0.0688 0.0708 
         182  1 0.1499 0.1101 0.1307 0.0266 0.2047 0.0431 0.1807 0.1543 
         183  1 0.1556 0.1253 0.1781 0.1440 0.0312 0.0248 0.1930 0.1480 
         184  1 0.3719 0.0481 0.0432 0.0309 0.0291 0.0255 0.0499 0.4014 
         185  1 0.0122 0.0121 0.0125 0.0104 0.0116 0.9161 0.0123 0.0128 
         186  1 0.0123 0.0117 0.0127 0.0108 0.0113 0.9166 0.0122 0.0123 
         187  1 0.2628 0.2216 0.1401 0.0280 0.0499 0.0230 0.1739 0.1007 
         188  1 0.1599 0.1839 0.1934 0.0305 0.0350 0.0421 0.1878 0.1675 
         189  1 0.0798 0.0830 0.0928 0.3968 0.1183 0.0454 0.1117 0.0722 
         190  1 0.1216 0.1229 0.1104 0.1845 0.1126 0.0875 0.1647 0.0959 
         191  1 0.1663 0.1192 0.1208 0.1333 0.0964 0.0244 0.1627 0.1770 
         192  1 0.1332 0.1316 0.0556 0.4093 0.0292 0.0154 0.0794 0.1463 
         193  1 0.1264 0.1584 0.1405 0.1089 0.1252 0.0270 0.1866 0.1270 
         194  1 0.0784 0.1034 0.1092 0.3202 0.0369 0.1131 0.1596 0.0793 
         195  1 0.1988 0.1331 0.1103 0.0786 0.0860 0.0764 0.1822 0.1346 
         196  1 0.0453 0.3711 0.3934 0.0354 0.0274 0.0246 0.0571 0.0455 
         197  1 0.1187 0.0671 0.0514 0.1204 0.3974 0.0304 0.0867 0.1280 
         198  1 0.1815 0.0814 0.0988 0.1073 0.0308 0.1361 0.1286 0.2354 
         199  1 0.1473 0.1178 0.1405 0.1848 0.0582 0.1235 0.1215 0.1064 
         200  1 0.1569 0.1026 0.0943 0.0252 0.0883 0.1675 0.1619 0.2033 
         201  1 0.1442 0.2150 0.1903 0.0162 0.0273 0.0902 0.2078 0.1089 
         202  1 0.3064 0.0693 0.0628 0.0313 0.0243 0.0234 0.0858 0.3968 
         203  1 0.1589 0.2304 0.3514 0.0227 0.0329 0.0403 0.0935 0.0699 
         204  1 0.1063 0.1449 0.1359 0.0495 0.0507 0.1879 0.1979 0.1270 
         205  1 0.1207 0.1253 0.1175 0.0798 0.2366 0.0790 0.1434 0.0977 
         206  1 0.1165 0.1210 0.1047 0.1047 0.1756 0.0482 0.2074 0.1220 
         207  1 0.1210 0.1854 0.2882 0.1402 0.0288 0.0247 0.0966 0.1151 
         208  1 0.0882 0.2172 0.2270 0.1017 0.0448 0.0300 0.1727 0.1184 
         209  1 0.3127 0.0434 0.0498 0.0507 0.0313 0.0408 0.0525 0.4188 
         210  1 0.1994 0.1177 0.0995 0.1537 0.0322 0.0266 0.1442 0.2268 
         211  1 0.0513 0.1018 0.1385 0.4480 0.0467 0.0432 0.1030 0.0674 
         212  1 0.2488 0.0996 0.0767 0.0372 0.0398 0.0564 0.1580 0.2836 
         213  1 0.1588 0.0919 0.1278 0.0109 0.1089 0.0193 0.2641 0.2183 
         214  1 0.1118 0.2160 0.1571 0.0969 0.0556 0.0399 0.1838 0.1389 
         215  1 0.0623 0.0698 0.0605 0.0209 0.0193 0.6008 0.0935 0.0728 
         216  1 0.0315 0.0286 0.0264 0.0828 0.7336 0.0340 0.0305 0.0326 
         217  1 0.2028 0.1082 0.1583 0.0472 0.0540 0.0558 0.1067 0.2671 
         218  1 0.1277 0.1677 0.1369 0.0331 0.0356 0.1372 0.2309 0.1309 
         219  1 0.1278 0.2375 0.2151 0.0365 0.0791 0.0649 0.1109 0.1282 
         220  1 0.0961 0.1489 0.1659 0.1093 0.1085 0.0753 0.1712 0.1246 
         221  1 0.1529 0.1357 0.1083 0.0824 0.0592 0.2258 0.1118 0.1238 
         222  1 0.0979 0.1944 0.1582 0.0653 0.0376 0.2014 0.1313 0.1138 
         223  1 0.2532 0.0639 0.0721 0.0323 0.0491 0.1671 0.0978 0.2645 
         224  1 0.2949 0.0711 0.0799 0.0395 0.0303 0.0237 0.0795 0.3811 
         225  1 0.1145 0.1094 0.1454 0.0253 0.0665 0.0627 0.2919 0.1843 
         226  1 0.0385 0.0388 0.0435 0.7562 0.0384 0.0149 0.0310 0.0387 
         227  1 0.1054 0.1311 0.1581 0.0259 0.0314 0.0736 0.3236 0.1508 
         228  1 0.1645 0.1507 0.2126 0.0261 0.0677 0.1225 0.1370 0.1188 
         229  1 0.0926 0.0889 0.1005 0.0444 0.2612 0.1342 0.1644 0.1137 
         230  1 0.0793 0.1686 0.1603 0.0816 0.1694 0.0733 0.1552 0.1123 
         231  1 0.3255 0.0495 0.0562 0.0220 0.0551 0.0404 0.0792 0.3721 
         232  1 0.0998 0.1216 0.1297 0.0242 0.1985 0.1669 0.1553 0.1041 
         233  1 0.0739 0.0378 0.0309 0.1371 0.5785 0.0151 0.0402 0.0864 
         234  1 0.0574 0.2885 0.2893 0.0325 0.1388 0.0470 0.0851 0.0615 
         235  1 0.1020 0.0869 0.1347 0.2220 0.0411 0.0195 0.2225 0.1714 
         236  1 0.1109 0.0903 0.0837 0.0497 0.4144 0.0339 0.1180 0.0991 
         237  1 0.0975 0.1373 0.1298 0.0805 0.0968 0.1629 0.1807 0.1144 
         238  1 0.0453 0.0450 0.0513 0.1200 0.5964 0.0433 0.0546 0.0442 
         239  1 0.1156 0.2014 0.1361 0.0738 0.1737 0.0338 0.1727 0.0928 
         240  1 0.1020 0.1360 0.1709 0.0391 0.0451 0.1327 0.2339 0.1402 
         241  1 0.0701 0.0687 0.0698 0.0569 0.4001 0.1349 0.1123 0.0874 
         242  1 0.0720 0.0427 0.0395 0.1470 0.5533 0.0162 0.0528 0.0764 
         243  1 0.1535 0.1746 0.1478 0.0381 0.0543 0.1020 0.2133 0.1164 
         244  1 0.1490 0.2023 0.2104 0.0563 0.0367 0.0534 0.1749 0.1170 
         245  1 0.2726 0.0973 0.1014 0.0276 0.0669 0.0526 0.0965 0.2852 
         246  1 0.0927 0.0976 0.1218 0.1407 0.0764 0.1639 0.1714 0.1355 
         247  1 0.0882 0.1844 0.2299 0.1196 0.1352 0.0600 0.1027 0.0801 
         248  1 0.2008 0.0994 0.0835 0.0654 0.2467 0.0234 0.1014 0.1794 
         249  1 0.0794 0.2434 0.2911 0.0320 0.0918 0.0639 0.1140 0.0844 
         250  1 0.1019 0.1419 0.1196 0.0563 0.1675 0.1336 0.1399 0.1392 
         251  1 0.1261 0.1158 0.1084 0.2720 0.0964 0.0254 0.1228 0.1332 
         252  1 0.2039 0.2119 0.1707 0.0462 0.0494 0.0904 0.1306 0.0968 
         253  1 0.1136 0.1531 0.1339 0.0304 0.2059 0.0383 0.1954 0.1295 
         254  1 0.2155 0.1791 0.1228 0.0814 0.0503 0.0280 0.1786 0.1443 
         255  1 0.0983 0.0983 0.1100 0.1556 0.2290 0.0863 0.1303 0.0922 
         256  1 0.0608 0.0942 0.0955 0.0390 0.4306 0.0268 0.1728 0.0802 
         257  1 0.0675 0.0463 0.0320 0.0825 0.6652 0.0193 0.0444 0.0429 
         258  1 0.1668 0.1162 0.1033 0.0633 0.2266 0.0603 0.1180 0.1455 
         259  1 0.1612 0.1600 0.1254 0.0382 0.1021 0.0178 0.2387 0.1566 
         260  1 0.1497 0.1283 0.1019 0.1216 0.1524 0.0580 0.1709 0.1172 
         261  1 0.0980 0.1806 0.1110 0.2269 0.0445 0.1183 0.1228 0.0979 
         262  1 0.0561 0.0846 0.0819 0.1738 0.4268 0.0521 0.0773 0.0475 
         263  1 0.1765 0.1849 0.1917 0.0401 0.0324 0.0559 0.1232 0.1953 
         264  1 0.1695 0.1302 0.1343 0.0604 0.1381 0.0397 0.1840 0.1440 
         265  1 0.1340 0.0969 0.0955 0.1083 0.2988 0.0256 0.1034 0.1376 
         266  1 0.0922 0.2012 0.1287 0.0880 0.0685 0.2248 0.1058 0.0910 
         267  1 0.1582 0.1326 0.1288 0.0403 0.0676 0.1228 0.1855 0.1641 
         268  1 0.0836 0.0713 0.0657 0.0356 0.4982 0.0448 0.1171 0.0837 
         269  1 0.2235 0.1698 0.1236 0.0176 0.1455 0.0302 0.1589 0.1309 
         270  1 0.0791 0.1022 0.1100 0.0589 0.3523 0.0631 0.1548 0.0796 
