

----------------------------------------------------
STRUCTURE by Pritchard, Stephens and Donnelly (2000)
     and Falush, Stephens and Pritchard (2003)
       Code by Pritchard, Falush and Hubisz
             Version 2.3.4 (Jul 2012)
----------------------------------------------------



Command line arguments:   /usr/local/bin/structure -m parameter_job_T7_2 
Input File:    /home/martin/bottleneck/structure_analysis/structure_4/data_job_T7_2

Run parameters:
   270 individuals
   22 loci
   7 populations assumed
   10000 Burn-in period
   100000 Reps


--------------------------------------------
Proportion of membership of each pre-defined
 population in each of the 7 clusters

Given    Inferred Clusters                                   Number of
 Pop       1      2      3      4      5      6      7      Individuals

  1:     0.149  0.143  0.122  0.154  0.128  0.152  0.152      270
--------------------------------------------

Allele-freq. divergence among pops (Net nucleotide distance),
computed using point estimates of P.

      1       2       3       4       5       6       7      
 1      -    0.0241  0.0372  0.0123  0.0380  0.0088  0.0147  
 2   0.0241     -    0.0464  0.0063  0.0313  0.0125  0.0138  
 3   0.0372  0.0464     -    0.0314  0.0638  0.0302  0.0307  
 4   0.0123  0.0063  0.0314     -    0.0226  0.0024  0.0039  
 5   0.0380  0.0313  0.0638  0.0226     -    0.0268  0.0274  
 6   0.0088  0.0125  0.0302  0.0024  0.0268     -    0.0010  
 7   0.0147  0.0138  0.0307  0.0039  0.0274  0.0010     -    

Average distances (expected heterozygosity) between individuals in same cluster:
cluster  1  : 0.6597 
cluster  2  : 0.6550 
cluster  3  : 0.6017 
cluster  4  : 0.6889 
cluster  5  : 0.6422 
cluster  6  : 0.6800 
cluster  7  : 0.6803 

--------------------------------------------
Estimated Ln Prob of Data   = -17460.9
Mean value of ln likelihood = -16025.7
Variance of ln likelihood   = 2870.5
Mean value of alpha         = 0.1989

Mean value of Fst_1         = 0.0878
Mean value of Fst_2         = 0.0808
Mean value of Fst_3         = 0.1564
Mean value of Fst_4         = 0.0243
Mean value of Fst_5         = 0.1227
Mean value of Fst_6         = 0.0584
Mean value of Fst_7         = 0.0528


Inferred ancestry of individuals:
        Label (%Miss) Pop:  Inferred clusters
  1        1    (0)    1 :  0.094 0.109 0.095 0.101 0.440 0.081 0.080 
  2        2    (4)    1 :  0.105 0.104 0.105 0.308 0.121 0.112 0.145 
  3        3    (0)    1 :  0.102 0.181 0.353 0.140 0.078 0.073 0.073 
  4        4    (0)    1 :  0.691 0.025 0.027 0.031 0.023 0.174 0.028 
  5        5    (0)    1 :  0.102 0.110 0.068 0.149 0.049 0.243 0.279 
  6        6    (0)    1 :  0.208 0.036 0.436 0.061 0.032 0.128 0.098 
  7        7   (18)    1 :  0.044 0.150 0.119 0.114 0.405 0.073 0.094 
  8        8   (18)    1 :  0.288 0.075 0.058 0.160 0.087 0.188 0.144 
  9        9    (0)    1 :  0.045 0.370 0.170 0.160 0.077 0.082 0.096 
 10       10    (0)    1 :  0.043 0.052 0.098 0.120 0.042 0.269 0.377 
 11       11    (0)    1 :  0.055 0.072 0.721 0.046 0.024 0.044 0.039 
 12       12    (0)    1 :  0.259 0.047 0.394 0.073 0.034 0.113 0.081 
 13       13    (4)    1 :  0.290 0.112 0.067 0.108 0.243 0.115 0.066 
 14       14    (0)    1 :  0.071 0.153 0.081 0.172 0.258 0.138 0.127 
 15       15    (0)    1 :  0.078 0.154 0.071 0.258 0.074 0.202 0.163 
 16       16    (0)    1 :  0.077 0.060 0.055 0.137 0.502 0.078 0.091 
 17       17    (0)    1 :  0.207 0.105 0.175 0.139 0.123 0.133 0.118 
 18       18    (0)    1 :  0.152 0.061 0.214 0.240 0.077 0.117 0.139 
 19       19    (4)    1 :  0.121 0.183 0.031 0.264 0.026 0.192 0.183 
 20       20    (0)    1 :  0.089 0.334 0.070 0.168 0.082 0.120 0.136 
 21       21    (0)    1 :  0.272 0.121 0.063 0.150 0.104 0.152 0.138 
 22       22    (0)    1 :  0.149 0.111 0.035 0.204 0.269 0.116 0.115 
 23       23    (0)    1 :  0.082 0.084 0.099 0.133 0.368 0.110 0.124 
 24       24    (0)    1 :  0.110 0.075 0.076 0.156 0.237 0.159 0.187 
 25       25    (0)    1 :  0.116 0.162 0.198 0.130 0.105 0.137 0.153 
 26       26    (0)    1 :  0.070 0.198 0.030 0.164 0.064 0.228 0.247 
 27       27    (9)    1 :  0.052 0.220 0.078 0.187 0.221 0.136 0.105 
 28       28    (0)    1 :  0.283 0.114 0.055 0.195 0.040 0.166 0.146 
 29       29    (0)    1 :  0.089 0.197 0.067 0.235 0.070 0.170 0.172 
 30       30    (0)    1 :  0.135 0.137 0.066 0.219 0.114 0.150 0.179 
 31       31    (0)    1 :  0.063 0.302 0.157 0.158 0.124 0.091 0.105 
 32       32    (0)    1 :  0.104 0.221 0.118 0.212 0.053 0.160 0.133 
 33       33    (0)    1 :  0.112 0.130 0.202 0.187 0.085 0.123 0.161 
 34       34    (0)    1 :  0.122 0.143 0.087 0.276 0.083 0.148 0.140 
 35       35    (0)    1 :  0.120 0.152 0.048 0.317 0.097 0.103 0.165 
 36       36    (0)    1 :  0.131 0.091 0.082 0.300 0.067 0.175 0.152 
 37       37    (0)    1 :  0.175 0.079 0.103 0.194 0.109 0.183 0.157 
 38       38    (0)    1 :  0.163 0.095 0.236 0.136 0.102 0.152 0.116 
 39       39    (0)    1 :  0.097 0.225 0.075 0.218 0.065 0.151 0.169 
 40       40    (0)    1 :  0.048 0.073 0.665 0.064 0.038 0.056 0.056 
 41       41    (0)    1 :  0.098 0.140 0.089 0.301 0.099 0.108 0.165 
 42       42    (0)    1 :  0.062 0.141 0.074 0.247 0.098 0.172 0.205 
 43       43    (9)    1 :  0.123 0.149 0.026 0.203 0.157 0.160 0.182 
 44       44    (0)    1 :  0.062 0.117 0.158 0.112 0.037 0.220 0.294 
 45       45    (0)    1 :  0.161 0.152 0.078 0.205 0.086 0.161 0.156 
 46       46    (4)    1 :  0.128 0.090 0.047 0.211 0.278 0.116 0.130 
 47       47    (0)    1 :  0.082 0.106 0.112 0.256 0.040 0.184 0.219 
 48       48    (0)    1 :  0.106 0.111 0.093 0.145 0.135 0.180 0.231 
 49       49    (0)    1 :  0.131 0.067 0.042 0.272 0.216 0.132 0.139 
 50       50    (0)    1 :  0.041 0.076 0.082 0.063 0.066 0.282 0.391 
 51       51    (0)    1 :  0.367 0.087 0.048 0.136 0.109 0.157 0.096 
 52       52    (0)    1 :  0.108 0.147 0.213 0.172 0.118 0.112 0.130 
 53       53    (0)    1 :  0.495 0.092 0.032 0.095 0.027 0.178 0.082 
 54       54    (0)    1 :  0.153 0.142 0.084 0.194 0.118 0.150 0.158 
 55       55    (0)    1 :  0.394 0.099 0.095 0.105 0.053 0.160 0.096 
 56       56    (0)    1 :  0.169 0.059 0.514 0.074 0.036 0.087 0.061 
 57       57    (0)    1 :  0.100 0.081 0.130 0.190 0.155 0.148 0.196 
 58       58    (0)    1 :  0.132 0.091 0.206 0.144 0.047 0.164 0.215 
 59       59    (0)    1 :  0.346 0.079 0.168 0.088 0.041 0.173 0.104 
 60       60    (0)    1 :  0.139 0.129 0.030 0.079 0.461 0.087 0.075 
 61       61    (0)    1 :  0.156 0.151 0.091 0.205 0.057 0.183 0.157 
 62       62    (0)    1 :  0.176 0.067 0.045 0.138 0.263 0.158 0.153 
 63       63    (0)    1 :  0.082 0.377 0.051 0.165 0.084 0.112 0.128 
 64       64    (0)    1 :  0.065 0.096 0.076 0.139 0.383 0.099 0.143 
 65       65    (0)    1 :  0.074 0.070 0.537 0.078 0.070 0.094 0.077 
 66       66    (0)    1 :  0.062 0.141 0.246 0.155 0.213 0.081 0.102 
 67       67    (0)    1 :  0.226 0.110 0.078 0.101 0.057 0.203 0.224 
 68       68    (0)    1 :  0.239 0.083 0.086 0.162 0.066 0.191 0.173 
 69       69    (0)    1 :  0.162 0.106 0.060 0.233 0.048 0.219 0.171 
 70       70    (0)    1 :  0.134 0.139 0.065 0.235 0.058 0.209 0.160 
 71       71    (0)    1 :  0.198 0.081 0.043 0.196 0.107 0.205 0.171 
 72       72    (0)    1 :  0.236 0.066 0.289 0.117 0.030 0.157 0.104 
 73       73    (0)    1 :  0.120 0.374 0.056 0.166 0.054 0.135 0.095 
 74       74    (0)    1 :  0.166 0.126 0.050 0.215 0.133 0.166 0.145 
 75       75    (0)    1 :  0.124 0.082 0.044 0.183 0.317 0.119 0.131 
 76       76    (0)    1 :  0.075 0.075 0.028 0.098 0.060 0.288 0.376 
 77       77    (0)    1 :  0.117 0.126 0.034 0.273 0.020 0.252 0.178 
 78       78    (0)    1 :  0.633 0.040 0.037 0.041 0.024 0.180 0.045 
 79       79    (0)    1 :  0.198 0.083 0.090 0.135 0.151 0.166 0.177 
 80       80    (0)    1 :  0.095 0.066 0.063 0.128 0.342 0.141 0.164 
 81       81    (0)    1 :  0.111 0.111 0.053 0.251 0.035 0.250 0.189 
 82       82    (0)    1 :  0.135 0.113 0.062 0.091 0.347 0.122 0.130 
 83       83    (0)    1 :  0.095 0.080 0.029 0.111 0.326 0.155 0.205 
 84       84    (0)    1 :  0.123 0.150 0.048 0.249 0.151 0.139 0.139 
 85       85    (0)    1 :  0.111 0.111 0.027 0.303 0.052 0.200 0.196 
 86       86    (0)    1 :  0.115 0.063 0.122 0.171 0.044 0.215 0.270 
 87       87    (0)    1 :  0.044 0.063 0.054 0.064 0.104 0.287 0.385 
 88       88    (0)    1 :  0.199 0.190 0.078 0.172 0.075 0.158 0.128 
 89       89    (0)    1 :  0.017 0.019 0.016 0.019 0.893 0.019 0.018 
 90       90    (0)    1 :  0.051 0.115 0.071 0.126 0.186 0.197 0.255 
 91       91    (0)    1 :  0.144 0.098 0.134 0.113 0.053 0.207 0.250 
 92       92    (0)    1 :  0.176 0.197 0.073 0.153 0.174 0.111 0.115 
 93       93    (4)    1 :  0.019 0.026 0.014 0.026 0.868 0.023 0.024 
 94       94    (0)    1 :  0.122 0.128 0.088 0.182 0.216 0.117 0.147 
 95       95    (0)    1 :  0.107 0.087 0.053 0.213 0.076 0.238 0.226 
 96       96    (0)    1 :  0.041 0.457 0.035 0.195 0.051 0.116 0.105 
 97       97    (0)    1 :  0.051 0.033 0.336 0.053 0.028 0.203 0.295 
 98       98    (0)    1 :  0.137 0.128 0.030 0.193 0.091 0.231 0.191 
 99       99    (0)    1 :  0.666 0.030 0.017 0.030 0.052 0.174 0.031 
100      100    (0)    1 :  0.122 0.123 0.316 0.184 0.037 0.114 0.105 
101      101    (0)    1 :  0.076 0.100 0.085 0.113 0.440 0.101 0.085 
102      102    (0)    1 :  0.469 0.103 0.032 0.125 0.051 0.145 0.075 
103      103    (0)    1 :  0.064 0.393 0.033 0.199 0.056 0.107 0.149 
104      104    (0)    1 :  0.069 0.153 0.071 0.195 0.062 0.230 0.219 
105      105    (0)    1 :  0.178 0.138 0.064 0.170 0.236 0.118 0.097 
106      106    (0)    1 :  0.024 0.702 0.020 0.137 0.033 0.039 0.045 
107      107    (0)    1 :  0.159 0.124 0.097 0.168 0.198 0.132 0.123 
108      108    (0)    1 :  0.058 0.370 0.066 0.141 0.083 0.124 0.158 
109      109    (0)    1 :  0.221 0.134 0.164 0.188 0.063 0.116 0.114 
110      110    (0)    1 :  0.119 0.158 0.124 0.181 0.071 0.168 0.179 
111      111    (0)    1 :  0.131 0.051 0.041 0.240 0.183 0.154 0.200 
112      112    (0)    1 :  0.074 0.080 0.028 0.114 0.201 0.213 0.291 
113      113    (0)    1 :  0.135 0.115 0.116 0.157 0.053 0.198 0.224 
114      114    (0)    1 :  0.025 0.699 0.021 0.137 0.034 0.038 0.047 
115      115    (0)    1 :  0.223 0.145 0.103 0.168 0.052 0.169 0.140 
116      116    (0)    1 :  0.293 0.081 0.034 0.100 0.307 0.115 0.069 
117      117    (0)    1 :  0.065 0.081 0.101 0.085 0.206 0.200 0.263 
118      118    (0)    1 :  0.130 0.136 0.053 0.206 0.048 0.220 0.208 
119      119    (0)    1 :  0.286 0.193 0.060 0.129 0.080 0.151 0.102 
120      120    (0)    1 :  0.670 0.029 0.017 0.030 0.050 0.172 0.031 
121      121    (0)    1 :  0.067 0.150 0.136 0.166 0.054 0.196 0.231 
122      122    (0)    1 :  0.171 0.071 0.350 0.084 0.026 0.141 0.157 
123      123    (0)    1 :  0.063 0.052 0.130 0.133 0.041 0.252 0.330 
124      124    (0)    1 :  0.151 0.057 0.168 0.179 0.113 0.157 0.175 
125      125    (0)    1 :  0.163 0.210 0.043 0.152 0.057 0.170 0.205 
126      126    (0)    1 :  0.598 0.055 0.031 0.056 0.039 0.176 0.045 
127      127    (0)    1 :  0.014 0.014 0.907 0.017 0.015 0.016 0.017 
128      128    (0)    1 :  0.143 0.106 0.058 0.106 0.351 0.118 0.119 
129      129    (0)    1 :  0.019 0.025 0.014 0.026 0.868 0.025 0.024 
130      130    (0)    1 :  0.026 0.726 0.024 0.132 0.038 0.027 0.027 
131      131    (0)    1 :  0.025 0.727 0.025 0.133 0.038 0.025 0.026 
132      132    (0)    1 :  0.066 0.193 0.039 0.107 0.154 0.189 0.253 
133      133    (0)    1 :  0.131 0.104 0.111 0.169 0.054 0.207 0.223 
134      134    (0)    1 :  0.065 0.414 0.043 0.174 0.043 0.119 0.142 
135      135    (0)    1 :  0.111 0.249 0.033 0.181 0.037 0.190 0.199 
136      136    (0)    1 :  0.233 0.102 0.161 0.138 0.048 0.169 0.149 
137      137    (0)    1 :  0.015 0.015 0.902 0.017 0.016 0.017 0.018 
138      138    (0)    1 :  0.016 0.015 0.904 0.016 0.016 0.017 0.017 
139      139    (0)    1 :  0.145 0.204 0.060 0.185 0.180 0.106 0.121 
140      140    (0)    1 :  0.075 0.127 0.030 0.220 0.163 0.204 0.182 
141      141    (0)    1 :  0.063 0.240 0.068 0.172 0.042 0.197 0.217 
142      142    (0)    1 :  0.129 0.192 0.055 0.242 0.062 0.153 0.167 
143      143    (0)    1 :  0.150 0.071 0.026 0.349 0.076 0.141 0.188 
144      144    (0)    1 :  0.092 0.074 0.043 0.095 0.230 0.200 0.265 
145      145    (0)    1 :  0.068 0.177 0.168 0.228 0.062 0.171 0.126 
146      146    (0)    1 :  0.213 0.067 0.020 0.132 0.330 0.151 0.087 
147      147    (0)    1 :  0.065 0.136 0.112 0.232 0.042 0.232 0.181 
148      148    (0)    1 :  0.169 0.173 0.056 0.203 0.099 0.182 0.118 
149      149    (0)    1 :  0.086 0.125 0.071 0.195 0.078 0.243 0.202 
150      150    (0)    1 :  0.153 0.210 0.028 0.199 0.139 0.128 0.143 
151      151    (0)    1 :  0.140 0.121 0.352 0.114 0.049 0.128 0.097 
152      152    (0)    1 :  0.091 0.130 0.061 0.217 0.078 0.239 0.186 
153      153    (0)    1 :  0.138 0.238 0.054 0.223 0.067 0.148 0.132 
154      154    (0)    1 :  0.041 0.062 0.072 0.095 0.039 0.300 0.391 
155      155    (0)    1 :  0.079 0.216 0.178 0.207 0.044 0.128 0.149 
156      156    (0)    1 :  0.084 0.114 0.099 0.132 0.379 0.106 0.087 
157      157    (0)    1 :  0.033 0.196 0.186 0.179 0.248 0.072 0.086 
158      158    (0)    1 :  0.040 0.195 0.179 0.180 0.236 0.070 0.099 
159      159    (0)    1 :  0.047 0.415 0.062 0.190 0.045 0.112 0.129 
160      160    (0)    1 :  0.085 0.137 0.064 0.307 0.052 0.164 0.193 
161      161    (0)    1 :  0.043 0.077 0.563 0.077 0.024 0.080 0.135 
162      162    (0)    1 :  0.066 0.160 0.073 0.144 0.356 0.088 0.114 
163      163    (0)    1 :  0.466 0.059 0.082 0.094 0.065 0.163 0.070 
164      164    (0)    1 :  0.270 0.087 0.060 0.103 0.278 0.128 0.075 
165      165    (0)    1 :  0.031 0.029 0.063 0.052 0.024 0.329 0.473 
166      166    (0)    1 :  0.120 0.138 0.058 0.145 0.075 0.216 0.249 
167      167    (0)    1 :  0.110 0.208 0.045 0.128 0.038 0.214 0.256 
168      168    (0)    1 :  0.293 0.199 0.085 0.141 0.025 0.152 0.105 
169      169    (0)    1 :  0.055 0.444 0.046 0.197 0.051 0.097 0.110 
170      170    (0)    1 :  0.092 0.047 0.060 0.074 0.047 0.286 0.394 
171      171    (0)    1 :  0.042 0.562 0.021 0.135 0.092 0.065 0.083 
172      172    (0)    1 :  0.097 0.057 0.389 0.090 0.202 0.083 0.082 
173      173    (0)    1 :  0.201 0.055 0.282 0.138 0.054 0.146 0.124 
174      174    (9)    1 :  0.125 0.153 0.041 0.236 0.028 0.234 0.183 
175      175    (4)    1 :  0.388 0.065 0.103 0.120 0.024 0.182 0.118 
176      176    (0)    1 :  0.069 0.122 0.049 0.134 0.185 0.189 0.251 
177      177    (0)    1 :  0.496 0.029 0.062 0.040 0.021 0.206 0.146 
178      178    (0)    1 :  0.056 0.201 0.082 0.155 0.093 0.180 0.232 
179      179    (0)    1 :  0.091 0.347 0.035 0.158 0.123 0.123 0.123 
180      180    (0)    1 :  0.265 0.192 0.026 0.160 0.119 0.140 0.099 
181      181    (0)    1 :  0.077 0.100 0.424 0.080 0.160 0.082 0.077 
182      182    (0)    1 :  0.264 0.106 0.040 0.177 0.071 0.183 0.159 
183      183    (0)    1 :  0.074 0.174 0.173 0.248 0.038 0.139 0.155 
184      184    (0)    1 :  0.041 0.060 0.044 0.060 0.035 0.319 0.442 
185      185    (0)    1 :  0.018 0.020 0.017 0.019 0.887 0.019 0.020 
186      186    (0)    1 :  0.018 0.020 0.016 0.020 0.887 0.019 0.020 
187      187    (0)    1 :  0.090 0.136 0.038 0.290 0.035 0.251 0.159 
188      188    (0)    1 :  0.081 0.228 0.039 0.213 0.067 0.177 0.194 
189      189    (0)    1 :  0.140 0.081 0.387 0.122 0.067 0.120 0.082 
190      190    (0)    1 :  0.139 0.090 0.179 0.184 0.123 0.171 0.114 
191      191    (0)    1 :  0.130 0.115 0.152 0.181 0.039 0.185 0.199 
192      192    (0)    1 :  0.043 0.080 0.563 0.079 0.024 0.077 0.134 
193      193    (0)    1 :  0.168 0.137 0.171 0.194 0.045 0.154 0.130 
194      194    (0)    1 :  0.076 0.094 0.345 0.138 0.181 0.076 0.089 
195      195   (18)    1 :  0.142 0.074 0.120 0.189 0.116 0.186 0.173 
196      196    (0)    1 :  0.044 0.598 0.064 0.145 0.040 0.051 0.058 
197      197    (0)    1 :  0.311 0.044 0.200 0.085 0.049 0.168 0.143 
198      198    (0)    1 :  0.060 0.097 0.120 0.144 0.204 0.171 0.204 
199      199    (4)    1 :  0.088 0.162 0.209 0.138 0.178 0.114 0.112 
200      200   (18)    1 :  0.131 0.058 0.038 0.156 0.258 0.163 0.195 
201      201    (0)    1 :  0.077 0.205 0.025 0.256 0.133 0.167 0.137 
202      202    (0)    1 :  0.041 0.063 0.048 0.111 0.037 0.292 0.408 
203      203    (0)    1 :  0.054 0.513 0.030 0.188 0.049 0.083 0.084 
204      204    (0)    1 :  0.094 0.108 0.068 0.184 0.286 0.113 0.147 
205      205    (0)    1 :  0.247 0.107 0.117 0.141 0.118 0.156 0.113 
206      206   (18)    1 :  0.208 0.090 0.137 0.208 0.078 0.150 0.129 
207      207    (0)    1 :  0.051 0.373 0.144 0.161 0.035 0.110 0.126 
208      208   (18)    1 :  0.088 0.307 0.190 0.177 0.040 0.088 0.110 
209      209    (0)    1 :  0.047 0.055 0.072 0.068 0.071 0.285 0.403 
210      210    (4)    1 :  0.065 0.085 0.260 0.146 0.054 0.159 0.232 
211      211    (0)    1 :  0.066 0.169 0.462 0.107 0.059 0.065 0.071 
212      212    (0)    1 :  0.071 0.054 0.057 0.154 0.080 0.263 0.321 
213      213    (0)    1 :  0.169 0.077 0.017 0.230 0.033 0.221 0.252 
214      214   (18)    1 :  0.105 0.171 0.162 0.229 0.070 0.126 0.137 
215      215    (0)    1 :  0.039 0.054 0.027 0.094 0.647 0.067 0.072 
216      216    (0)    1 :  0.566 0.030 0.122 0.036 0.050 0.155 0.040 
217      217    (0)    1 :  0.077 0.222 0.071 0.117 0.089 0.194 0.231 
218      218    (0)    1 :  0.087 0.124 0.043 0.254 0.184 0.147 0.161 
219      219    (0)    1 :  0.100 0.305 0.059 0.139 0.093 0.138 0.166 
220      220   (13)    1 :  0.138 0.176 0.155 0.175 0.109 0.123 0.124 
221      221   (18)    1 :  0.078 0.123 0.101 0.143 0.250 0.152 0.152 
222      222    (0)    1 :  0.067 0.186 0.083 0.168 0.239 0.119 0.138 
223      223   (18)    1 :  0.071 0.061 0.047 0.110 0.197 0.228 0.286 
224      224    (0)    1 :  0.045 0.105 0.057 0.095 0.036 0.293 0.370 
225      225    (0)    1 :  0.144 0.078 0.044 0.265 0.117 0.147 0.205 
226      226    (0)    1 :  0.049 0.056 0.731 0.044 0.023 0.047 0.050 
227      227    (0)    1 :  0.123 0.076 0.044 0.329 0.157 0.107 0.164 
228      228    (0)    1 :  0.101 0.276 0.037 0.172 0.151 0.137 0.126 
229      229   (18)    1 :  0.268 0.059 0.057 0.147 0.212 0.138 0.119 
230      230    (0)    1 :  0.187 0.196 0.142 0.151 0.104 0.111 0.109 
231      231    (0)    1 :  0.073 0.060 0.036 0.079 0.063 0.296 0.393 
232      232    (0)    1 :  0.225 0.134 0.032 0.146 0.213 0.130 0.120 
233      233    (0)    1 :  0.404 0.034 0.236 0.049 0.023 0.163 0.091 
234      234    (0)    1 :  0.165 0.404 0.047 0.151 0.077 0.093 0.064 
235      235    (0)    1 :  0.101 0.097 0.278 0.214 0.034 0.120 0.157 
236      236   (18)    1 :  0.392 0.071 0.085 0.117 0.054 0.173 0.107 
237      237    (0)    1 :  0.139 0.117 0.109 0.183 0.211 0.124 0.118 
238      238   (18)    1 :  0.478 0.054 0.143 0.065 0.056 0.152 0.053 
239      239    (0)    1 :  0.220 0.176 0.103 0.195 0.061 0.139 0.106 
240      240    (0)    1 :  0.097 0.161 0.063 0.206 0.221 0.120 0.132 
241      241    (0)    1 :  0.356 0.052 0.075 0.088 0.208 0.135 0.086 
242      242    (0)    1 :  0.430 0.038 0.180 0.058 0.027 0.172 0.095 
243      243    (0)    1 :  0.112 0.152 0.057 0.255 0.137 0.151 0.136 
244      244    (0)    1 :  0.081 0.275 0.091 0.202 0.069 0.139 0.142 
245      245    (0)    1 :  0.085 0.105 0.038 0.106 0.072 0.269 0.326 
246      246   (18)    1 :  0.114 0.119 0.178 0.139 0.208 0.111 0.131 
247      247    (0)    1 :  0.135 0.314 0.167 0.129 0.086 0.091 0.080 
248      248    (0)    1 :  0.213 0.076 0.090 0.136 0.035 0.236 0.215 
249      249   (18)    1 :  0.127 0.378 0.046 0.167 0.100 0.097 0.085 
250      250   (18)    1 :  0.190 0.119 0.093 0.129 0.230 0.120 0.120 
251      251    (0)    1 :  0.114 0.119 0.345 0.118 0.041 0.128 0.135 
252      252    (0)    1 :  0.080 0.220 0.062 0.219 0.110 0.172 0.136 
253      253    (0)    1 :  0.271 0.113 0.049 0.190 0.065 0.166 0.146 
254      254   (13)    1 :  0.094 0.119 0.094 0.260 0.051 0.209 0.174 
255      255   (13)    1 :  0.234 0.112 0.184 0.120 0.126 0.125 0.101 
256      256    (0)    1 :  0.447 0.066 0.058 0.146 0.038 0.162 0.084 
257      257   (13)    1 :  0.559 0.037 0.084 0.054 0.028 0.180 0.057 
258      258   (13)    1 :  0.221 0.101 0.085 0.148 0.091 0.190 0.164 
259      259   (13)    1 :  0.184 0.091 0.063 0.240 0.031 0.202 0.188 
260      260   (13)    1 :  0.194 0.084 0.176 0.156 0.102 0.160 0.128 
261      261   (13)    1 :  0.068 0.132 0.299 0.144 0.160 0.095 0.101 
262      262   (13)    1 :  0.367 0.105 0.159 0.091 0.075 0.139 0.063 
263      263    (0)    1 :  0.059 0.262 0.065 0.136 0.086 0.167 0.225 
264      264    (0)    1 :  0.184 0.120 0.079 0.188 0.065 0.190 0.174 
265      265    (0)    1 :  0.253 0.099 0.155 0.116 0.045 0.168 0.164 
266      266    (0)    1 :  0.088 0.178 0.118 0.156 0.252 0.105 0.103 
267      267   (13)    1 :  0.110 0.099 0.069 0.185 0.196 0.158 0.183 
268      268   (18)    1 :  0.417 0.049 0.048 0.120 0.080 0.186 0.099 
269      269    (0)    1 :  0.181 0.118 0.025 0.211 0.046 0.248 0.171 
270      270   (18)    1 :  0.341 0.093 0.073 0.146 0.092 0.157 0.097 


Estimated Allele Frequencies in each cluster
First column gives estimated ancestral frequencies


Locus 1 : 
9 alleles
6.3% missing data
 178   (0.112) 0.053 0.181 0.160 0.120 0.188 0.087 0.095 
 182   (0.161) 0.234 0.120 0.197 0.157 0.095 0.178 0.158 
 184   (0.395) 0.400 0.439 0.488 0.414 0.353 0.397 0.392 
 186   (0.146) 0.080 0.157 0.057 0.144 0.171 0.171 0.210 
 188   (0.032) 0.019 0.011 0.024 0.026 0.012 0.032 0.036 
 180   (0.102) 0.184 0.067 0.063 0.093 0.166 0.105 0.080 
 176   (0.028) 0.021 0.013 0.005 0.027 0.006 0.021 0.018 
 172   (0.015) 0.007 0.006 0.004 0.012 0.007 0.007 0.008 
 174   (0.009) 0.002 0.006 0.001 0.006 0.001 0.003 0.004 

Locus 2 : 
9 alleles
5.9% missing data
 232   (0.410) 0.426 0.357 0.454 0.415 0.353 0.477 0.504 
 238   (0.028) 0.022 0.017 0.004 0.023 0.026 0.014 0.014 
 222   (0.090) 0.177 0.054 0.228 0.082 0.058 0.093 0.065 
 230   (0.193) 0.164 0.311 0.176 0.201 0.266 0.165 0.173 
 234   (0.157) 0.147 0.182 0.062 0.164 0.237 0.157 0.148 
 224   (0.052) 0.027 0.050 0.019 0.051 0.024 0.044 0.047 
 228   (0.029) 0.010 0.011 0.004 0.028 0.012 0.023 0.024 
 240   (0.019) 0.010 0.008 0.002 0.016 0.020 0.010 0.010 
 226   (0.024) 0.017 0.010 0.052 0.020 0.006 0.017 0.014 

Locus 3 : 
21 alleles
5.6% missing data
 185   (0.139) 0.149 0.150 0.048 0.147 0.235 0.145 0.144 
 187   (0.109) 0.125 0.114 0.079 0.111 0.253 0.098 0.082 
 195   (0.145) 0.293 0.156 0.165 0.141 0.250 0.154 0.121 
 203   (0.027) 0.019 0.016 0.015 0.026 0.006 0.016 0.016 
 205   (0.048) 0.019 0.044 0.028 0.053 0.054 0.032 0.032 
 197   (0.072) 0.141 0.048 0.221 0.063 0.021 0.092 0.094 
 191   (0.049) 0.031 0.051 0.273 0.050 0.013 0.039 0.038 
 193   (0.061) 0.040 0.045 0.033 0.061 0.017 0.094 0.104 
 183   (0.124) 0.089 0.190 0.057 0.138 0.069 0.152 0.170 
 181   (0.027) 0.010 0.021 0.023 0.024 0.020 0.013 0.017 
 219   (0.016) 0.006 0.009 0.003 0.016 0.004 0.011 0.011 
 199   (0.033) 0.028 0.016 0.020 0.026 0.012 0.050 0.059 
 217   (0.008) 0.003 0.002 0.001 0.006 0.002 0.003 0.004 
 211   (0.009) 0.003 0.003 0.001 0.006 0.002 0.003 0.004 
 201   (0.046) 0.019 0.029 0.010 0.054 0.022 0.057 0.056 
 215   (0.012) 0.004 0.006 0.007 0.009 0.002 0.005 0.005 
 209   (0.017) 0.006 0.008 0.004 0.017 0.006 0.011 0.013 
 189   (0.015) 0.005 0.021 0.003 0.013 0.003 0.007 0.008 
 207   (0.022) 0.008 0.066 0.004 0.025 0.006 0.011 0.012 
 221   (0.012) 0.004 0.003 0.001 0.009 0.002 0.006 0.007 
 179   (0.008) 0.002 0.002 0.001 0.006 0.002 0.003 0.003 

Locus 4 : 
8 alleles
5.9% missing data
 256   (0.171) 0.210 0.109 0.341 0.170 0.064 0.204 0.193 
 254   (0.313) 0.206 0.331 0.325 0.320 0.304 0.293 0.324 
 260   (0.187) 0.287 0.139 0.077 0.185 0.435 0.180 0.149 
 258   (0.154) 0.212 0.275 0.135 0.164 0.065 0.146 0.128 
 262   (0.057) 0.033 0.051 0.020 0.061 0.013 0.079 0.091 
 250   (0.038) 0.015 0.027 0.085 0.031 0.017 0.025 0.029 
 252   (0.068) 0.030 0.063 0.015 0.061 0.099 0.068 0.081 
 266   (0.013) 0.007 0.004 0.002 0.010 0.003 0.006 0.006 

Locus 5 : 
4 alleles
0.7% missing data
 182   (0.716) 0.783 0.714 0.757 0.726 0.754 0.745 0.732 
 184   (0.053) 0.047 0.054 0.008 0.046 0.081 0.037 0.035 
 178   (0.214) 0.154 0.225 0.233 0.215 0.161 0.207 0.225 
 186   (0.017) 0.016 0.007 0.002 0.012 0.004 0.011 0.009 

Locus 6 : 
7 alleles
0.4% missing data
 194   (0.185) 0.192 0.102 0.580 0.161 0.365 0.168 0.181 
 202   (0.009) 0.002 0.002 0.001 0.006 0.002 0.003 0.003 
 204   (0.267) 0.377 0.305 0.078 0.286 0.137 0.325 0.312 
 198   (0.445) 0.376 0.542 0.264 0.464 0.453 0.440 0.441 
 200   (0.057) 0.036 0.033 0.066 0.052 0.034 0.045 0.044 
 206   (0.024) 0.013 0.012 0.008 0.020 0.006 0.013 0.013 
 208   (0.013) 0.004 0.005 0.002 0.010 0.002 0.006 0.006 

Locus 7 : 
3 alleles
0.4% missing data
 219   (0.640) 0.505 0.691 0.617 0.657 0.727 0.627 0.659 
 221   (0.009) 0.002 0.002 0.001 0.006 0.002 0.003 0.003 
 217   (0.351) 0.493 0.307 0.382 0.337 0.272 0.370 0.338 

Locus 8 : 
12 alleles
0.0% missing data
 121   (0.562) 0.702 0.637 0.688 0.577 0.624 0.660 0.661 
 123   (0.138) 0.140 0.112 0.042 0.141 0.119 0.121 0.113 
 125   (0.038) 0.015 0.036 0.145 0.035 0.007 0.026 0.033 
 117   (0.058) 0.024 0.085 0.027 0.068 0.021 0.048 0.045 
 119   (0.064) 0.024 0.055 0.011 0.066 0.130 0.053 0.052 
 137   (0.013) 0.003 0.007 0.007 0.010 0.013 0.005 0.006 
 127   (0.039) 0.037 0.030 0.047 0.033 0.040 0.025 0.024 
 131   (0.023) 0.008 0.009 0.005 0.020 0.006 0.021 0.026 
 133   (0.031) 0.034 0.013 0.018 0.025 0.017 0.024 0.022 
 129   (0.016) 0.006 0.009 0.003 0.012 0.014 0.008 0.009 
 139   (0.010) 0.002 0.006 0.005 0.008 0.007 0.003 0.004 
 109   (0.009) 0.005 0.002 0.001 0.005 0.001 0.004 0.004 

Locus 9 : 
5 alleles
0.4% missing data
 247   (0.172) 0.230 0.146 0.091 0.158 0.154 0.229 0.248 
 251   (0.144) 0.060 0.168 0.126 0.146 0.335 0.103 0.109 
 243   (0.592) 0.592 0.618 0.719 0.609 0.477 0.593 0.581 
 239   (0.061) 0.106 0.027 0.019 0.058 0.020 0.059 0.042 
 255   (0.031) 0.012 0.041 0.045 0.029 0.013 0.015 0.020 

Locus 10 : 
11 alleles
4.1% missing data
 253   (0.300) 0.457 0.256 0.338 0.290 0.382 0.325 0.294 
 263   (0.108) 0.053 0.150 0.056 0.119 0.209 0.073 0.075 
 255   (0.151) 0.117 0.138 0.366 0.141 0.084 0.171 0.197 
 271   (0.097) 0.170 0.050 0.083 0.086 0.030 0.128 0.129 
 269   (0.060) 0.031 0.061 0.033 0.064 0.017 0.061 0.062 
 267   (0.058) 0.023 0.058 0.013 0.059 0.084 0.058 0.063 
 249   (0.050) 0.030 0.022 0.020 0.042 0.098 0.036 0.040 
 273   (0.046) 0.026 0.038 0.009 0.063 0.013 0.058 0.041 
 265   (0.087) 0.077 0.204 0.023 0.098 0.069 0.064 0.065 
 251   (0.029) 0.010 0.017 0.056 0.026 0.006 0.019 0.027 
 257   (0.015) 0.005 0.006 0.002 0.012 0.008 0.006 0.008 

Locus 11 : 
6 alleles
4.1% missing data
 127   (0.586) 0.560 0.741 0.570 0.626 0.457 0.583 0.562 
 133   (0.227) 0.326 0.143 0.357 0.213 0.128 0.241 0.224 
 129   (0.063) 0.028 0.058 0.014 0.054 0.267 0.062 0.079 
 131   (0.093) 0.074 0.050 0.053 0.082 0.143 0.095 0.114 
 135   (0.018) 0.007 0.006 0.003 0.015 0.003 0.013 0.014 
 137   (0.013) 0.005 0.004 0.003 0.010 0.003 0.005 0.006 

Locus 12 : 
11 alleles
4.1% missing data
 240   (0.376) 0.314 0.327 0.220 0.378 0.657 0.424 0.463 
 258   (0.120) 0.081 0.253 0.066 0.142 0.050 0.106 0.104 
 256   (0.213) 0.250 0.151 0.524 0.211 0.152 0.216 0.208 
 260   (0.108) 0.067 0.161 0.116 0.107 0.078 0.090 0.103 
 242   (0.018) 0.114 0.005 0.004 0.012 0.005 0.030 0.009 
 236   (0.072) 0.124 0.060 0.048 0.072 0.024 0.068 0.047 
 246   (0.035) 0.022 0.022 0.007 0.033 0.023 0.024 0.022 
 248   (0.009) 0.003 0.003 0.001 0.007 0.001 0.003 0.004 
 264   (0.012) 0.004 0.007 0.003 0.009 0.002 0.004 0.005 
 238   (0.026) 0.016 0.009 0.008 0.022 0.007 0.031 0.032 
 254   (0.009) 0.004 0.002 0.003 0.006 0.001 0.004 0.004 

Locus 13 : 
9 alleles
0.4% missing data
 199   (0.371) 0.378 0.418 0.494 0.381 0.513 0.360 0.354 
 201   (0.171) 0.143 0.179 0.297 0.188 0.082 0.169 0.154 
 205   (0.027) 0.009 0.012 0.011 0.024 0.019 0.014 0.017 
 203   (0.057) 0.173 0.023 0.020 0.050 0.069 0.065 0.035 
 197   (0.061) 0.080 0.042 0.024 0.061 0.022 0.063 0.056 
 193   (0.097) 0.088 0.121 0.025 0.095 0.059 0.109 0.116 
 207   (0.043) 0.015 0.029 0.017 0.038 0.085 0.030 0.035 
 195   (0.155) 0.101 0.167 0.107 0.151 0.146 0.183 0.225 
 209   (0.016) 0.013 0.010 0.005 0.013 0.004 0.009 0.009 

Locus 14 : 
6 alleles
0.7% missing data
 119   (0.444) 0.342 0.674 0.173 0.485 0.610 0.412 0.405 
 109   (0.294) 0.231 0.193 0.614 0.273 0.193 0.334 0.393 
 113   (0.067) 0.314 0.039 0.031 0.059 0.030 0.097 0.043 
 115   (0.042) 0.027 0.015 0.024 0.037 0.036 0.033 0.031 
 121   (0.036) 0.014 0.016 0.007 0.028 0.086 0.034 0.043 
 117   (0.117) 0.072 0.064 0.152 0.118 0.045 0.089 0.085 

Locus 15 : 
10 alleles
0.4% missing data
 146   (0.370) 0.462 0.393 0.430 0.370 0.334 0.441 0.450 
 150   (0.191) 0.124 0.255 0.308 0.198 0.304 0.152 0.160 
 152   (0.153) 0.275 0.084 0.095 0.146 0.237 0.160 0.125 
 148   (0.105) 0.054 0.116 0.115 0.114 0.039 0.114 0.116 
 154   (0.052) 0.022 0.024 0.014 0.052 0.028 0.040 0.047 
 130   (0.012) 0.004 0.003 0.003 0.009 0.007 0.004 0.005 
 138   (0.038) 0.015 0.090 0.008 0.043 0.015 0.025 0.027 
 140   (0.034) 0.021 0.020 0.017 0.030 0.026 0.025 0.027 
 144   (0.023) 0.007 0.007 0.006 0.018 0.007 0.022 0.028 
 156   (0.021) 0.016 0.008 0.004 0.019 0.004 0.017 0.014 

Locus 16 : 
4 alleles
0.0% missing data
 168   (0.727) 0.820 0.735 0.918 0.744 0.656 0.706 0.653 
 170   (0.148) 0.111 0.127 0.046 0.139 0.100 0.215 0.265 
 174   (0.052) 0.022 0.086 0.009 0.051 0.110 0.032 0.036 
 166   (0.073) 0.047 0.052 0.027 0.066 0.135 0.047 0.046 

Locus 17 : 
4 alleles
0.0% missing data
 200   (0.554) 0.483 0.547 0.445 0.562 0.759 0.540 0.543 
 202   (0.426) 0.511 0.448 0.551 0.424 0.236 0.452 0.448 
 204   (0.012) 0.004 0.002 0.001 0.009 0.005 0.005 0.006 
 198   (0.009) 0.002 0.002 0.002 0.006 0.001 0.003 0.004 

Locus 18 : 
8 alleles
0.0% missing data
 157   (0.211) 0.251 0.331 0.287 0.218 0.136 0.194 0.187 
 159   (0.060) 0.041 0.028 0.022 0.055 0.260 0.041 0.039 
 161   (0.331) 0.229 0.292 0.457 0.334 0.395 0.335 0.357 
 155   (0.038) 0.083 0.015 0.007 0.031 0.035 0.033 0.023 
 165   (0.112) 0.097 0.179 0.081 0.111 0.052 0.102 0.107 
 163   (0.204) 0.281 0.136 0.114 0.214 0.097 0.274 0.262 
 143   (0.029) 0.010 0.012 0.030 0.025 0.021 0.013 0.018 
 167   (0.014) 0.008 0.007 0.002 0.012 0.004 0.008 0.008 

Locus 19 : 
14 alleles
0.0% missing data
 246   (0.209) 0.315 0.158 0.079 0.199 0.475 0.232 0.221 
 252   (0.143) 0.180 0.083 0.282 0.130 0.085 0.185 0.199 
 214   (0.147) 0.135 0.335 0.096 0.165 0.076 0.126 0.132 
 250   (0.127) 0.063 0.152 0.168 0.150 0.129 0.116 0.109 
 244   (0.180) 0.221 0.149 0.201 0.183 0.093 0.184 0.161 
 248   (0.027) 0.013 0.016 0.005 0.032 0.008 0.029 0.023 
 242   (0.053) 0.022 0.058 0.057 0.053 0.015 0.040 0.048 
 256   (0.010) 0.002 0.002 0.071 0.005 0.001 0.002 0.003 
 254   (0.048) 0.026 0.032 0.030 0.042 0.109 0.031 0.032 
 230   (0.009) 0.003 0.002 0.001 0.007 0.001 0.003 0.004 
 212   (0.012) 0.007 0.004 0.002 0.008 0.003 0.006 0.006 
 238   (0.017) 0.005 0.004 0.004 0.011 0.003 0.038 0.053 
 216   (0.009) 0.006 0.002 0.001 0.005 0.001 0.004 0.003 
 236   (0.011) 0.003 0.004 0.003 0.009 0.002 0.005 0.006 

Locus 20 : 
6 alleles
0.0% missing data
 192   (0.327) 0.408 0.284 0.408 0.324 0.203 0.374 0.363 
 196   (0.160) 0.090 0.142 0.180 0.161 0.245 0.115 0.121 
 200   (0.030) 0.013 0.016 0.025 0.030 0.012 0.019 0.019 
 198   (0.337) 0.392 0.328 0.243 0.336 0.457 0.338 0.308 
 190   (0.049) 0.019 0.027 0.010 0.043 0.028 0.087 0.112 
 194   (0.098) 0.077 0.204 0.135 0.106 0.054 0.068 0.077 

Locus 21 : 
8 alleles
1.1% missing data
 138   (0.244) 0.343 0.318 0.162 0.262 0.123 0.270 0.241 
 144   (0.138) 0.132 0.090 0.074 0.128 0.304 0.127 0.130 
 134   (0.143) 0.122 0.179 0.129 0.159 0.108 0.121 0.105 
 136   (0.144) 0.077 0.138 0.239 0.132 0.232 0.138 0.166 
 142   (0.178) 0.187 0.128 0.330 0.171 0.161 0.172 0.170 
 140   (0.080) 0.039 0.066 0.047 0.080 0.056 0.098 0.120 
 146   (0.012) 0.004 0.004 0.002 0.010 0.002 0.006 0.006 
 148   (0.060) 0.096 0.077 0.017 0.058 0.015 0.068 0.062 

Locus 22 : 
5 alleles
1.1% missing data
 181   (0.342) 0.348 0.417 0.162 0.349 0.402 0.324 0.316 
 183   (0.489) 0.487 0.494 0.792 0.487 0.493 0.518 0.536 
 187   (0.052) 0.069 0.028 0.012 0.050 0.021 0.046 0.035 
 185   (0.079) 0.082 0.043 0.023 0.079 0.058 0.075 0.065 
 179   (0.038) 0.014 0.018 0.011 0.035 0.026 0.036 0.048 

Values of parameters used in structure:
DATAFILE=/home/martin/bottleneck/structure_analysis/structure_4/data_job_T7_2,	OUTFILE=/home/martin/bottleneck/structure_analysis/structure_4/structure_results/south_american_sea_lion/results_job_T7_2,	NUMINDS=270,	NUMLOCI=22,	MISSING=-9,	LABEL=1,	POPDATA=1,	POPFLAG=0,	PHENOTYPE=0,	EXTRACOLS=0,	MAXPOPS=7,	BURNIN=10000,	NUMREPS=100000,	USEPOPINFO=0,	INFERALPHA=1,	INFERLAMBDA=0,	POPSPECIFICLAMBDA=0,	POPALPHAS=0,	COMPUTEPROB=1,	NOADMIX=0,	ADMBURNIN=2500,	UPDATEFREQ=1,	PRINTLIKES=0,	INTERMEDSAVE=0,	PRINTKLD=0,	PRINTNET=0,	PRINTLAMBDA=0,	ANCESTDIST=0,	NUMBOXES=1000,	ANCESTPINT=0.90000,	GENSBACK=2,	MIGRPRIOR=0.05000,	PRINTQHAT=1,	PRINTQSUM=0,	ALPHA=1.0000,	FREQSCORR=1,	FPRIORMEAN=0.0100,	FPRIORSD=0.0500,	ONEFST=0,	LAMBDA=1.0000,	UNIFPRIORALPHA=1,	ALPHAMAX=10.0000,	ALPHAPRIORA=1.0000,	ALPHAPRIORB=2.0000,	ALPHAPROPSD=0.0250,	STARTATPOPINFO=0,	RANDOMIZE=1,	LINKAGE=0,	METROFREQ=10,	REPORTHITRATE=0,	MARKOVPHASE=-1,	PHASED=0,	PLOIDY=2,	PHASEINFO=0	LOCPRIOR=0, 	LOCPRIORINIT=1.000000, 	LOCDATA=0, 	LOCISPOP=0, 	LOCPRIORSTEP=0.100000, 	MAXLOCPRIOR=20.000000, 	SEED=1470638782,	
[STRAT parameters]:    NUMSIMSTATS=1000,	PHENOTYPECOL=-9,	POOLFREQ=10,	LOCUSxONLY=0,	EMERROR=0.00100,	MISSINGPHENO=-9,	