

----------------------------------------------------
STRUCTURE by Pritchard, Stephens and Donnelly (2000)
     and Falush, Stephens and Pritchard (2003)
       Code by Pritchard, Falush and Hubisz
             Version 2.3.4 (Jul 2012)
----------------------------------------------------



Command line arguments:   /usr/local/bin/structure -m parameter_job_T7_1 
Input File:    /home/martin/bottleneck/structure_analysis/structure_4/data_job_T7_1

Run parameters:
   270 individuals
   22 loci
   7 populations assumed
   10000 Burn-in period
   100000 Reps


--------------------------------------------
Proportion of membership of each pre-defined
 population in each of the 7 clusters

Given    Inferred Clusters                                   Number of
 Pop       1      2      3      4      5      6      7      Individuals

  1:     0.152  0.154  0.148  0.128  0.152  0.124  0.142      270
--------------------------------------------

Allele-freq. divergence among pops (Net nucleotide distance),
computed using point estimates of P.

      1       2       3       4       5       6       7      
 1      -    0.0029  0.0194  0.0287  0.0003  0.0299  0.0179  
 2   0.0029     -    0.0168  0.0241  0.0016  0.0303  0.0126  
 3   0.0194  0.0168     -    0.0463  0.0178  0.0414  0.0357  
 4   0.0287  0.0241  0.0463     -    0.0260  0.0655  0.0371  
 5   0.0003  0.0016  0.0178  0.0260     -    0.0288  0.0156  
 6   0.0299  0.0303  0.0414  0.0655  0.0288     -    0.0526  
 7   0.0179  0.0126  0.0357  0.0371  0.0156  0.0526     -    

Average distances (expected heterozygosity) between individuals in same cluster:
cluster  1  : 0.6799 
cluster  2  : 0.6915 
cluster  3  : 0.6451 
cluster  4  : 0.6381 
cluster  5  : 0.6887 
cluster  6  : 0.6015 
cluster  7  : 0.6442 

--------------------------------------------
Estimated Ln Prob of Data   = -17884.1
Mean value of ln likelihood = -16057.7
Variance of ln likelihood   = 3652.8
Mean value of alpha         = 0.2150

Mean value of Fst_1         = 0.0519
Mean value of Fst_2         = 0.0139
Mean value of Fst_3         = 0.1078
Mean value of Fst_4         = 0.1286
Mean value of Fst_5         = 0.0325
Mean value of Fst_6         = 0.1595
Mean value of Fst_7         = 0.0916


Inferred ancestry of individuals:
        Label (%Miss) Pop:  Inferred clusters
  1        1    (0)    1 :  0.075 0.089 0.098 0.438 0.084 0.104 0.112 
  2        2    (4)    1 :  0.123 0.293 0.032 0.115 0.245 0.117 0.075 
  3        3    (0)    1 :  0.087 0.118 0.101 0.088 0.099 0.338 0.169 
  4        4    (0)    1 :  0.031 0.033 0.826 0.023 0.032 0.029 0.025 
  5        5    (0)    1 :  0.272 0.183 0.098 0.051 0.226 0.076 0.094 
  6        6    (0)    1 :  0.097 0.074 0.260 0.034 0.086 0.416 0.031 
  7        7   (18)    1 :  0.084 0.107 0.030 0.420 0.099 0.117 0.143 
  8        8   (18)    1 :  0.156 0.164 0.313 0.088 0.156 0.058 0.065 
  9        9    (0)    1 :  0.092 0.114 0.036 0.074 0.085 0.165 0.433 
 10       10    (0)    1 :  0.353 0.124 0.035 0.042 0.289 0.112 0.045 
 11       11    (0)    1 :  0.043 0.049 0.061 0.025 0.047 0.704 0.072 
 12       12    (0)    1 :  0.091 0.081 0.316 0.033 0.089 0.346 0.044 
 13       13    (4)    1 :  0.068 0.103 0.323 0.228 0.089 0.069 0.121 
 14       14    (0)    1 :  0.134 0.171 0.054 0.265 0.126 0.089 0.161 
 15       15    (0)    1 :  0.211 0.293 0.050 0.076 0.170 0.075 0.125 
 16       16    (0)    1 :  0.079 0.136 0.050 0.503 0.121 0.056 0.054 
 17       17    (0)    1 :  0.121 0.129 0.224 0.119 0.144 0.168 0.095 
 18       18    (0)    1 :  0.129 0.258 0.104 0.071 0.203 0.197 0.038 
 19       19    (4)    1 :  0.209 0.263 0.077 0.026 0.212 0.033 0.180 
 20       20    (0)    1 :  0.143 0.135 0.078 0.082 0.150 0.069 0.344 
 21       21    (0)    1 :  0.140 0.149 0.266 0.097 0.169 0.064 0.116 
 22       22    (0)    1 :  0.135 0.179 0.139 0.281 0.138 0.035 0.093 
 23       23    (0)    1 :  0.111 0.134 0.061 0.380 0.133 0.103 0.078 
 24       24    (0)    1 :  0.187 0.163 0.088 0.227 0.196 0.078 0.062 
 25       25    (0)    1 :  0.145 0.120 0.108 0.104 0.153 0.196 0.174 
 26       26    (0)    1 :  0.240 0.159 0.049 0.063 0.214 0.034 0.240 
 27       27    (9)    1 :  0.123 0.187 0.039 0.232 0.110 0.089 0.220 
 28       28    (0)    1 :  0.144 0.201 0.268 0.041 0.168 0.059 0.120 
 29       29    (0)    1 :  0.183 0.250 0.049 0.069 0.191 0.067 0.192 
 30       30    (0)    1 :  0.156 0.227 0.079 0.115 0.227 0.071 0.125 
 31       31    (0)    1 :  0.111 0.138 0.054 0.138 0.113 0.151 0.295 
 32       32    (0)    1 :  0.165 0.213 0.093 0.051 0.135 0.118 0.225 
 33       33    (0)    1 :  0.159 0.182 0.089 0.078 0.192 0.188 0.112 
 34       34    (0)    1 :  0.163 0.278 0.083 0.089 0.191 0.091 0.104 
 35       35    (0)    1 :  0.136 0.297 0.042 0.104 0.261 0.048 0.113 
 36       36    (0)    1 :  0.167 0.336 0.087 0.069 0.200 0.084 0.058 
 37       37    (0)    1 :  0.177 0.205 0.174 0.111 0.172 0.106 0.055 
 38       38    (0)    1 :  0.117 0.149 0.172 0.098 0.122 0.257 0.084 
 39       39    (0)    1 :  0.145 0.211 0.056 0.070 0.183 0.090 0.245 
 40       40    (0)    1 :  0.060 0.062 0.045 0.037 0.064 0.653 0.077 
 41       41    (0)    1 :  0.138 0.275 0.024 0.100 0.243 0.090 0.129 
 42       42    (0)    1 :  0.197 0.244 0.032 0.092 0.241 0.075 0.120 
 43       43    (9)    1 :  0.179 0.206 0.103 0.145 0.204 0.028 0.136 
 44       44    (0)    1 :  0.261 0.113 0.048 0.035 0.224 0.185 0.133 
 45       45    (0)    1 :  0.147 0.193 0.152 0.085 0.171 0.088 0.164 
 46       46    (4)    1 :  0.127 0.212 0.096 0.257 0.177 0.047 0.084 
 47       47    (0)    1 :  0.258 0.248 0.042 0.039 0.230 0.103 0.080 
 48       48    (0)    1 :  0.191 0.157 0.077 0.137 0.203 0.107 0.128 
 49       49    (0)    1 :  0.153 0.260 0.090 0.180 0.222 0.043 0.052 
 50       50    (0)    1 :  0.360 0.061 0.043 0.066 0.283 0.102 0.085 
 51       51    (0)    1 :  0.096 0.140 0.400 0.109 0.129 0.047 0.080 
 52       52    (0)    1 :  0.145 0.173 0.087 0.121 0.156 0.189 0.127 
 53       53    (0)    1 :  0.082 0.096 0.563 0.027 0.100 0.033 0.099 
 54       54    (0)    1 :  0.132 0.202 0.141 0.112 0.190 0.096 0.126 
 55       55    (0)    1 :  0.105 0.102 0.438 0.052 0.114 0.091 0.098 
 56       56    (0)    1 :  0.066 0.071 0.196 0.037 0.075 0.509 0.046 
 57       57    (0)    1 :  0.178 0.202 0.061 0.151 0.207 0.125 0.076 
 58       58    (0)    1 :  0.204 0.130 0.129 0.046 0.203 0.199 0.089 
 59       59    (0)    1 :  0.106 0.087 0.404 0.048 0.112 0.162 0.079 
 60       60    (0)    1 :  0.072 0.070 0.149 0.472 0.080 0.030 0.126 
 61       61    (0)    1 :  0.164 0.208 0.148 0.060 0.157 0.098 0.165 
 62       62    (0)    1 :  0.148 0.151 0.162 0.245 0.179 0.054 0.060 
 63       63    (0)    1 :  0.105 0.140 0.063 0.083 0.131 0.055 0.424 
 64       64    (0)    1 :  0.125 0.140 0.037 0.379 0.146 0.077 0.096 
 65       65    (0)    1 :  0.070 0.078 0.082 0.065 0.091 0.554 0.059 
 66       66    (0)    1 :  0.094 0.141 0.035 0.225 0.135 0.224 0.146 
 67       67    (0)    1 :  0.220 0.093 0.238 0.060 0.190 0.083 0.116 
 68       68    (0)    1 :  0.178 0.187 0.234 0.066 0.174 0.091 0.070 
 69       69    (0)    1 :  0.206 0.280 0.165 0.046 0.180 0.064 0.058 
 70       70    (0)    1 :  0.191 0.277 0.141 0.062 0.164 0.074 0.090 
 71       71    (0)    1 :  0.185 0.232 0.207 0.103 0.174 0.044 0.055 
 72       72    (0)    1 :  0.105 0.122 0.260 0.032 0.118 0.305 0.057 
 73       73    (0)    1 :  0.105 0.154 0.135 0.055 0.095 0.059 0.398 
 74       74    (0)    1 :  0.152 0.229 0.157 0.137 0.167 0.055 0.103 
 75       75    (0)    1 :  0.132 0.186 0.100 0.305 0.158 0.047 0.073 
 76       76    (0)    1 :  0.341 0.130 0.078 0.065 0.281 0.031 0.073 
 77       77    (0)    1 :  0.243 0.360 0.104 0.021 0.172 0.039 0.061 
 78       78    (0)    1 :  0.046 0.042 0.759 0.025 0.044 0.039 0.044 
 79       79    (0)    1 :  0.169 0.143 0.216 0.157 0.150 0.094 0.071 
 80       80    (0)    1 :  0.163 0.138 0.093 0.325 0.160 0.064 0.057 
 81       81    (0)    1 :  0.265 0.320 0.096 0.035 0.177 0.055 0.051 
 82       82    (0)    1 :  0.121 0.089 0.144 0.334 0.118 0.070 0.124 
 83       83    (0)    1 :  0.173 0.137 0.091 0.326 0.171 0.031 0.072 
 84       84    (0)    1 :  0.138 0.252 0.095 0.160 0.172 0.053 0.130 
 85       85    (0)    1 :  0.207 0.359 0.069 0.052 0.213 0.030 0.071 
 86       86    (0)    1 :  0.237 0.182 0.103 0.045 0.255 0.139 0.039 
 87       87    (0)    1 :  0.355 0.065 0.044 0.114 0.286 0.069 0.067 
 88       88    (0)    1 :  0.139 0.179 0.211 0.077 0.142 0.080 0.172 
 89       89    (0)    1 :  0.020 0.020 0.016 0.888 0.020 0.016 0.021 
 90       90    (0)    1 :  0.242 0.136 0.040 0.183 0.210 0.079 0.110 
 91       91    (0)    1 :  0.230 0.127 0.150 0.054 0.201 0.137 0.101 
 92       92    (0)    1 :  0.108 0.127 0.169 0.172 0.147 0.072 0.205 
 93       93    (4)    1 :  0.024 0.026 0.020 0.861 0.025 0.016 0.028 
 94       94    (0)    1 :  0.136 0.181 0.094 0.202 0.184 0.095 0.107 
 95       95    (0)    1 :  0.240 0.285 0.088 0.082 0.187 0.062 0.056 
 96       96    (0)    1 :  0.098 0.115 0.032 0.053 0.081 0.039 0.581 
 97       97    (0)    1 :  0.283 0.059 0.056 0.028 0.217 0.325 0.032 
 98       98    (0)    1 :  0.245 0.234 0.146 0.085 0.161 0.033 0.096 
 99       99    (0)    1 :  0.032 0.036 0.799 0.048 0.035 0.019 0.031 
100      100    (0)    1 :  0.123 0.183 0.114 0.041 0.131 0.328 0.079 
101      101    (0)    1 :  0.085 0.133 0.095 0.429 0.082 0.093 0.083 
102      102    (0)    1 :  0.086 0.131 0.497 0.051 0.094 0.033 0.109 
103      103    (0)    1 :  0.120 0.168 0.032 0.052 0.154 0.035 0.440 
104      104    (0)    1 :  0.247 0.239 0.060 0.067 0.178 0.085 0.124 
105      105    (0)    1 :  0.106 0.161 0.174 0.237 0.131 0.067 0.124 
106      106    (0)    1 :  0.038 0.041 0.021 0.031 0.038 0.021 0.809 
107      107    (0)    1 :  0.125 0.170 0.149 0.208 0.147 0.098 0.103 
108      108    (0)    1 :  0.136 0.107 0.047 0.082 0.133 0.065 0.430 
109      109    (0)    1 :  0.108 0.191 0.217 0.054 0.154 0.150 0.126 
110      110    (0)    1 :  0.170 0.164 0.100 0.072 0.171 0.145 0.179 
111      111    (0)    1 :  0.173 0.270 0.061 0.171 0.238 0.042 0.045 
112      112    (0)    1 :  0.271 0.132 0.071 0.205 0.224 0.034 0.062 
113      113    (0)    1 :  0.237 0.159 0.116 0.053 0.212 0.123 0.100 
114      114    (0)    1 :  0.038 0.040 0.021 0.032 0.040 0.022 0.807 
115      115    (0)    1 :  0.138 0.199 0.222 0.055 0.150 0.112 0.124 
116      116    (0)    1 :  0.072 0.087 0.344 0.306 0.083 0.038 0.071 
117      117    (0)    1 :  0.245 0.075 0.064 0.219 0.201 0.112 0.084 
118      118    (0)    1 :  0.224 0.221 0.136 0.048 0.199 0.062 0.111 
119      119    (0)    1 :  0.103 0.136 0.310 0.083 0.125 0.064 0.178 
120      120    (0)    1 :  0.031 0.035 0.801 0.049 0.035 0.017 0.032 
121      121    (0)    1 :  0.227 0.176 0.045 0.052 0.197 0.145 0.158 
122      122    (0)    1 :  0.171 0.080 0.197 0.027 0.135 0.323 0.068 
123      123    (0)    1 :  0.310 0.156 0.049 0.044 0.261 0.140 0.039 
124      124    (0)    1 :  0.169 0.203 0.125 0.116 0.197 0.146 0.043 
125      125    (0)    1 :  0.186 0.151 0.153 0.059 0.206 0.049 0.197 
126      126    (0)    1 :  0.056 0.061 0.700 0.041 0.054 0.030 0.058 
127      127    (0)    1 :  0.019 0.017 0.015 0.015 0.018 0.901 0.014 
128      128    (0)    1 :  0.115 0.103 0.144 0.353 0.121 0.058 0.106 
129      129    (0)    1 :  0.025 0.025 0.020 0.865 0.024 0.014 0.026 
130      130    (0)    1 :  0.029 0.035 0.025 0.041 0.029 0.024 0.817 
131      131    (0)    1 :  0.027 0.032 0.024 0.038 0.029 0.025 0.825 
132      132    (0)    1 :  0.209 0.105 0.057 0.148 0.191 0.044 0.246 
133      133    (0)    1 :  0.217 0.181 0.122 0.054 0.218 0.115 0.093 
134      134    (0)    1 :  0.120 0.134 0.045 0.040 0.133 0.047 0.481 
135      135    (0)    1 :  0.186 0.139 0.112 0.038 0.163 0.038 0.324 
136      136    (0)    1 :  0.166 0.156 0.252 0.047 0.150 0.147 0.081 
137      137    (0)    1 :  0.018 0.019 0.017 0.017 0.018 0.897 0.015 
138      138    (0)    1 :  0.019 0.018 0.017 0.018 0.019 0.896 0.015 
139      139    (0)    1 :  0.108 0.182 0.118 0.169 0.152 0.059 0.212 
140      140    (0)    1 :  0.216 0.260 0.048 0.175 0.176 0.031 0.095 
141      141    (0)    1 :  0.213 0.159 0.045 0.045 0.193 0.070 0.275 
142      142    (0)    1 :  0.157 0.228 0.084 0.061 0.203 0.058 0.209 
143      143    (0)    1 :  0.160 0.342 0.064 0.064 0.276 0.028 0.066 
144      144    (0)    1 :  0.235 0.109 0.092 0.247 0.199 0.047 0.071 
145      145    (0)    1 :  0.181 0.243 0.052 0.064 0.144 0.170 0.146 
146      146    (0)    1 :  0.122 0.165 0.250 0.328 0.085 0.022 0.030 
147      147    (0)    1 :  0.253 0.269 0.060 0.047 0.158 0.129 0.085 
148      148    (0)    1 :  0.149 0.211 0.193 0.108 0.116 0.065 0.159 
149      149    (0)    1 :  0.251 0.260 0.074 0.087 0.176 0.077 0.075 
150      150    (0)    1 :  0.118 0.200 0.111 0.135 0.169 0.030 0.238 
151      151    (0)    1 :  0.100 0.140 0.162 0.052 0.095 0.343 0.108 
152      152    (0)    1 :  0.233 0.291 0.077 0.081 0.172 0.067 0.079 
153      153    (0)    1 :  0.152 0.236 0.109 0.067 0.143 0.051 0.242 
154      154    (0)    1 :  0.359 0.119 0.033 0.046 0.280 0.096 0.067 
155      155    (0)    1 :  0.144 0.172 0.054 0.045 0.146 0.190 0.249 
156      156    (0)    1 :  0.093 0.141 0.099 0.375 0.086 0.108 0.097 
157      157    (0)    1 :  0.096 0.144 0.024 0.302 0.107 0.163 0.166 
158      158    (0)    1 :  0.093 0.153 0.025 0.299 0.111 0.153 0.167 
159      159    (0)    1 :  0.115 0.136 0.036 0.047 0.112 0.068 0.486 
160      160    (0)    1 :  0.188 0.283 0.033 0.046 0.270 0.058 0.122 
161      161    (0)    1 :  0.172 0.068 0.045 0.025 0.131 0.505 0.055 
162      162    (0)    1 :  0.115 0.130 0.053 0.342 0.139 0.072 0.149 
163      163    (0)    1 :  0.073 0.098 0.535 0.069 0.079 0.086 0.060 
164      164    (0)    1 :  0.085 0.099 0.307 0.277 0.090 0.070 0.073 
165      165    (0)    1 :  0.420 0.062 0.033 0.027 0.331 0.098 0.031 
166      166    (0)    1 :  0.217 0.156 0.116 0.074 0.211 0.060 0.166 
167      167    (0)    1 :  0.221 0.120 0.115 0.039 0.188 0.048 0.269 
168      168    (0)    1 :  0.129 0.136 0.331 0.025 0.108 0.083 0.187 
169      169    (0)    1 :  0.083 0.129 0.029 0.050 0.118 0.051 0.539 
170      170    (0)    1 :  0.354 0.086 0.096 0.051 0.280 0.081 0.052 
171      171    (0)    1 :  0.081 0.052 0.035 0.094 0.079 0.022 0.636 
172      172    (0)    1 :  0.083 0.093 0.105 0.189 0.093 0.378 0.058 
173      173    (0)    1 :  0.129 0.156 0.202 0.054 0.144 0.274 0.040 
174      174    (9)    1 :  0.245 0.276 0.127 0.033 0.162 0.046 0.111 
175      175    (4)    1 :  0.118 0.141 0.420 0.026 0.130 0.109 0.056 
176      176    (0)    1 :  0.206 0.133 0.047 0.187 0.223 0.058 0.145 
177      177    (0)    1 :  0.130 0.045 0.596 0.022 0.111 0.072 0.025 
178      178    (0)    1 :  0.225 0.131 0.040 0.090 0.186 0.084 0.244 
179      179    (0)    1 :  0.114 0.117 0.085 0.131 0.116 0.036 0.401 
180      180    (0)    1 :  0.107 0.153 0.270 0.111 0.125 0.028 0.207 
181      181    (0)    1 :  0.075 0.076 0.082 0.159 0.087 0.429 0.092 
182      182    (0)    1 :  0.148 0.178 0.271 0.070 0.177 0.044 0.112 
183      183    (0)    1 :  0.143 0.220 0.042 0.035 0.208 0.170 0.182 
184      184    (0)    1 :  0.399 0.074 0.041 0.042 0.307 0.071 0.066 
185      185    (0)    1 :  0.020 0.020 0.018 0.883 0.020 0.017 0.021 
186      186    (0)    1 :  0.020 0.020 0.018 0.883 0.021 0.017 0.022 
187      187    (0)    1 :  0.249 0.361 0.074 0.036 0.171 0.043 0.065 
188      188    (0)    1 :  0.199 0.226 0.060 0.067 0.178 0.044 0.225 
189      189    (0)    1 :  0.085 0.123 0.147 0.066 0.109 0.405 0.066 
190      190    (0)    1 :  0.140 0.206 0.146 0.115 0.142 0.195 0.057 
191      191    (0)    1 :  0.197 0.187 0.128 0.040 0.202 0.160 0.087 
192      192    (0)    1 :  0.175 0.074 0.042 0.025 0.125 0.503 0.057 
193      193    (0)    1 :  0.142 0.198 0.161 0.042 0.152 0.175 0.129 
194      194    (0)    1 :  0.079 0.139 0.054 0.176 0.124 0.348 0.080 
195      195   (18)    1 :  0.164 0.225 0.150 0.117 0.167 0.123 0.054 
196      196    (0)    1 :  0.055 0.061 0.039 0.045 0.068 0.062 0.670 
197      197    (0)    1 :  0.146 0.092 0.353 0.049 0.130 0.192 0.037 
198      198    (0)    1 :  0.203 0.150 0.043 0.187 0.192 0.129 0.096 
199      199    (4)    1 :  0.114 0.124 0.087 0.177 0.114 0.216 0.168 
200      200   (18)    1 :  0.194 0.154 0.121 0.235 0.207 0.040 0.049 
201      201    (0)    1 :  0.172 0.283 0.043 0.131 0.159 0.028 0.183 
202      202    (0)    1 :  0.377 0.123 0.033 0.038 0.301 0.067 0.060 
203      203    (0)    1 :  0.073 0.098 0.042 0.051 0.070 0.031 0.635 
204      204    (0)    1 :  0.132 0.185 0.069 0.300 0.160 0.070 0.085 
205      205    (0)    1 :  0.119 0.155 0.263 0.119 0.117 0.121 0.106 
206      206   (18)    1 :  0.132 0.215 0.191 0.068 0.185 0.151 0.058 
207      207    (0)    1 :  0.109 0.121 0.037 0.034 0.110 0.153 0.436 
208      208   (18)    1 :  0.106 0.148 0.066 0.043 0.130 0.167 0.341 
209      209    (0)    1 :  0.359 0.077 0.048 0.076 0.289 0.094 0.058 
210      210    (4)    1 :  0.225 0.138 0.046 0.054 0.217 0.248 0.071 
211      211    (0)    1 :  0.071 0.102 0.055 0.060 0.102 0.452 0.158 
212      212    (0)    1 :  0.308 0.183 0.054 0.081 0.279 0.059 0.035 
213      213    (0)    1 :  0.222 0.259 0.125 0.034 0.271 0.020 0.070 
214      214   (18)    1 :  0.165 0.217 0.076 0.072 0.198 0.145 0.128 
215      215    (0)    1 :  0.078 0.097 0.028 0.640 0.087 0.027 0.041 
216      216    (0)    1 :  0.043 0.039 0.679 0.052 0.044 0.115 0.028 
217      217    (0)    1 :  0.230 0.105 0.075 0.086 0.179 0.074 0.251 
218      218    (0)    1 :  0.185 0.270 0.050 0.189 0.189 0.049 0.068 
219      219    (0)    1 :  0.152 0.109 0.093 0.103 0.157 0.064 0.323 
220      220   (13)    1 :  0.129 0.178 0.121 0.118 0.155 0.148 0.152 
221      221   (18)    1 :  0.160 0.143 0.072 0.270 0.141 0.106 0.109 
222      222    (0)    1 :  0.140 0.169 0.051 0.257 0.149 0.083 0.151 
223      223   (18)    1 :  0.255 0.123 0.069 0.211 0.230 0.058 0.055 
224      224    (0)    1 :  0.361 0.097 0.044 0.037 0.270 0.065 0.127 
225      225    (0)    1 :  0.174 0.268 0.095 0.101 0.254 0.043 0.065 
226      226    (0)    1 :  0.050 0.039 0.048 0.024 0.048 0.733 0.058 
227      227    (0)    1 :  0.117 0.314 0.045 0.151 0.267 0.041 0.065 
228      228    (0)    1 :  0.136 0.152 0.097 0.149 0.128 0.041 0.297 
229      229   (18)    1 :  0.112 0.152 0.283 0.193 0.150 0.061 0.049 
230      230    (0)    1 :  0.110 0.139 0.188 0.104 0.127 0.137 0.194 
231      231    (0)    1 :  0.354 0.091 0.082 0.068 0.280 0.054 0.072 
232      232    (0)    1 :  0.109 0.147 0.216 0.218 0.137 0.035 0.137 
233      233    (0)    1 :  0.093 0.051 0.478 0.024 0.097 0.225 0.032 
234      234    (0)    1 :  0.073 0.110 0.185 0.072 0.076 0.048 0.436 
235      235    (0)    1 :  0.139 0.199 0.050 0.033 0.215 0.280 0.085 
236      236   (18)    1 :  0.110 0.118 0.449 0.054 0.124 0.083 0.061 
237      237    (0)    1 :  0.124 0.193 0.130 0.203 0.136 0.106 0.108 
238      238   (18)    1 :  0.056 0.068 0.556 0.056 0.063 0.148 0.052 
239      239    (0)    1 :  0.117 0.181 0.241 0.060 0.137 0.110 0.156 
240      240    (0)    1 :  0.135 0.204 0.062 0.199 0.182 0.063 0.155 
241      241    (0)    1 :  0.086 0.094 0.407 0.191 0.100 0.074 0.048 
242      242    (0)    1 :  0.095 0.064 0.506 0.026 0.097 0.180 0.033 
243      243    (0)    1 :  0.161 0.271 0.073 0.135 0.179 0.055 0.127 
244      244    (0)    1 :  0.141 0.183 0.049 0.070 0.144 0.093 0.319 
245      245    (0)    1 :  0.287 0.115 0.081 0.082 0.257 0.047 0.131 
246      246   (18)    1 :  0.122 0.140 0.097 0.198 0.146 0.183 0.113 
247      247    (0)    1 :  0.073 0.089 0.144 0.077 0.097 0.162 0.358 
248      248    (0)    1 :  0.226 0.158 0.237 0.036 0.183 0.104 0.057 
249      249   (18)    1 :  0.088 0.110 0.121 0.098 0.107 0.044 0.432 
250      250   (18)    1 :  0.119 0.120 0.216 0.213 0.131 0.097 0.105 
251      251    (0)    1 :  0.145 0.121 0.114 0.043 0.134 0.329 0.115 
252      252    (0)    1 :  0.173 0.197 0.074 0.118 0.132 0.067 0.240 
253      253    (0)    1 :  0.155 0.197 0.274 0.062 0.163 0.049 0.100 
254      254   (13)    1 :  0.224 0.282 0.070 0.049 0.188 0.113 0.074 
255      255   (13)    1 :  0.094 0.121 0.263 0.121 0.110 0.182 0.109 
256      256    (0)    1 :  0.090 0.165 0.473 0.037 0.118 0.063 0.054 
257      257   (13)    1 :  0.059 0.060 0.669 0.030 0.062 0.088 0.033 
258      258   (13)    1 :  0.163 0.165 0.247 0.093 0.161 0.093 0.078 
259      259   (13)    1 :  0.227 0.280 0.157 0.030 0.187 0.060 0.059 
260      260   (13)    1 :  0.129 0.174 0.205 0.098 0.154 0.175 0.065 
261      261   (13)    1 :  0.112 0.132 0.063 0.161 0.124 0.301 0.108 
262      262   (13)    1 :  0.062 0.090 0.430 0.074 0.074 0.168 0.101 
263      263    (0)    1 :  0.205 0.123 0.047 0.088 0.182 0.066 0.288 
264      264    (0)    1 :  0.173 0.201 0.189 0.066 0.171 0.084 0.116 
265      265    (0)    1 :  0.144 0.118 0.283 0.045 0.147 0.161 0.102 
266      266    (0)    1 :  0.117 0.154 0.088 0.284 0.111 0.115 0.131 
267      267   (13)    1 :  0.173 0.194 0.088 0.203 0.185 0.069 0.089 
268      268   (18)    1 :  0.104 0.134 0.481 0.081 0.111 0.054 0.035 
269      269    (0)    1 :  0.224 0.294 0.188 0.046 0.153 0.027 0.069 
270      270   (18)    1 :  0.094 0.161 0.370 0.096 0.119 0.071 0.089 


Estimated Allele Frequencies in each cluster
First column gives estimated ancestral frequencies


Locus 1 : 
9 alleles
6.3% missing data
 178   (0.110) 0.093 0.109 0.042 0.189 0.099 0.160 0.192 
 182   (0.161) 0.160 0.164 0.251 0.095 0.161 0.198 0.113 
 184   (0.394) 0.397 0.404 0.398 0.355 0.394 0.491 0.442 
 186   (0.148) 0.203 0.142 0.065 0.173 0.184 0.061 0.163 
 188   (0.032) 0.036 0.030 0.016 0.012 0.034 0.022 0.010 
 180   (0.103) 0.081 0.100 0.203 0.164 0.091 0.059 0.060 
 176   (0.028) 0.020 0.031 0.018 0.006 0.021 0.005 0.010 
 172   (0.015) 0.008 0.013 0.005 0.006 0.011 0.003 0.004 
 174   (0.008) 0.003 0.006 0.001 0.001 0.005 0.001 0.006 

Locus 2 : 
9 alleles
5.9% missing data
 232   (0.415) 0.508 0.429 0.433 0.354 0.474 0.450 0.337 
 238   (0.027) 0.014 0.024 0.018 0.024 0.020 0.004 0.016 
 222   (0.088) 0.065 0.087 0.200 0.055 0.073 0.228 0.045 
 230   (0.192) 0.169 0.180 0.154 0.270 0.182 0.175 0.326 
 234   (0.157) 0.149 0.161 0.142 0.236 0.148 0.062 0.200 
 224   (0.051) 0.045 0.051 0.021 0.023 0.047 0.020 0.054 
 228   (0.029) 0.025 0.030 0.006 0.011 0.025 0.004 0.008 
 240   (0.018) 0.010 0.016 0.008 0.020 0.012 0.002 0.006 
 226   (0.024) 0.014 0.022 0.017 0.005 0.019 0.055 0.007 

Locus 3 : 
21 alleles
5.6% missing data
 185   (0.138) 0.141 0.143 0.151 0.237 0.142 0.050 0.154 
 187   (0.107) 0.082 0.111 0.129 0.255 0.092 0.084 0.111 
 195   (0.146) 0.121 0.140 0.322 0.245 0.131 0.165 0.158 
 203   (0.027) 0.016 0.026 0.016 0.006 0.021 0.014 0.013 
 205   (0.048) 0.035 0.053 0.014 0.059 0.038 0.027 0.033 
 197   (0.071) 0.096 0.066 0.155 0.020 0.083 0.214 0.040 
 191   (0.052) 0.040 0.054 0.028 0.014 0.042 0.269 0.051 
 193   (0.063) 0.104 0.068 0.038 0.017 0.086 0.037 0.045 
 183   (0.123) 0.165 0.125 0.080 0.069 0.151 0.060 0.215 
 181   (0.028) 0.016 0.024 0.006 0.021 0.022 0.022 0.019 
 219   (0.016) 0.012 0.016 0.003 0.003 0.013 0.003 0.007 
 199   (0.032) 0.057 0.028 0.026 0.011 0.051 0.021 0.014 
 217   (0.008) 0.003 0.006 0.001 0.002 0.005 0.001 0.002 
 211   (0.008) 0.003 0.006 0.001 0.001 0.005 0.001 0.002 
 201   (0.048) 0.062 0.063 0.014 0.022 0.054 0.011 0.021 
 215   (0.011) 0.005 0.008 0.002 0.002 0.007 0.007 0.006 
 209   (0.019) 0.012 0.019 0.003 0.005 0.017 0.004 0.007 
 189   (0.015) 0.008 0.012 0.002 0.002 0.011 0.004 0.023 
 207   (0.020) 0.011 0.017 0.005 0.005 0.014 0.004 0.076 
 221   (0.011) 0.006 0.009 0.002 0.002 0.008 0.001 0.002 
 179   (0.009) 0.003 0.007 0.001 0.002 0.006 0.001 0.002 

Locus 4 : 
8 alleles
5.9% missing data
 256   (0.169) 0.191 0.180 0.222 0.061 0.189 0.352 0.098 
 254   (0.317) 0.326 0.316 0.184 0.299 0.321 0.321 0.333 
 260   (0.186) 0.152 0.189 0.306 0.449 0.161 0.073 0.117 
 258   (0.153) 0.127 0.148 0.222 0.063 0.137 0.132 0.295 
 262   (0.057) 0.091 0.063 0.028 0.012 0.077 0.021 0.057 
 250   (0.037) 0.028 0.031 0.010 0.015 0.032 0.083 0.027 
 252   (0.068) 0.078 0.062 0.022 0.097 0.076 0.016 0.069 
 266   (0.012) 0.006 0.011 0.005 0.002 0.008 0.002 0.003 

Locus 5 : 
4 alleles
0.7% missing data
 182   (0.716) 0.739 0.725 0.797 0.753 0.726 0.755 0.711 
 184   (0.052) 0.033 0.045 0.045 0.081 0.040 0.007 0.056 
 178   (0.216) 0.219 0.216 0.143 0.163 0.223 0.236 0.227 
 186   (0.016) 0.009 0.014 0.015 0.004 0.012 0.002 0.006 

Locus 6 : 
7 alleles
0.4% missing data
 194   (0.183) 0.181 0.164 0.190 0.366 0.188 0.568 0.084 
 202   (0.008) 0.003 0.006 0.001 0.001 0.005 0.001 0.001 
 204   (0.270) 0.313 0.284 0.402 0.133 0.298 0.084 0.308 
 198   (0.447) 0.440 0.458 0.359 0.460 0.435 0.269 0.565 
 200   (0.057) 0.043 0.056 0.036 0.032 0.048 0.068 0.027 
 206   (0.023) 0.013 0.020 0.009 0.006 0.017 0.008 0.012 
 208   (0.012) 0.006 0.011 0.002 0.002 0.008 0.002 0.003 

Locus 7 : 
3 alleles
0.4% missing data
 219   (0.645) 0.662 0.655 0.477 0.731 0.655 0.616 0.689 
 221   (0.009) 0.003 0.006 0.001 0.001 0.005 0.001 0.002 
 217   (0.346) 0.335 0.338 0.522 0.267 0.339 0.383 0.309 

Locus 8 : 
12 alleles
0.0% missing data
 121   (0.561) 0.656 0.570 0.736 0.622 0.625 0.692 0.647 
 123   (0.141) 0.115 0.145 0.136 0.119 0.125 0.041 0.106 
 125   (0.036) 0.032 0.032 0.009 0.007 0.033 0.143 0.038 
 117   (0.057) 0.048 0.063 0.017 0.021 0.048 0.028 0.095 
 119   (0.065) 0.055 0.071 0.016 0.131 0.056 0.012 0.051 
 137   (0.012) 0.005 0.009 0.002 0.015 0.008 0.006 0.005 
 127   (0.039) 0.024 0.033 0.036 0.040 0.031 0.047 0.025 
 131   (0.024) 0.026 0.022 0.005 0.006 0.025 0.005 0.007 
 133   (0.030) 0.022 0.027 0.034 0.016 0.025 0.017 0.010 
 129   (0.016) 0.009 0.012 0.004 0.014 0.012 0.003 0.008 
 139   (0.010) 0.004 0.008 0.001 0.008 0.006 0.004 0.005 
 109   (0.008) 0.003 0.006 0.004 0.001 0.005 0.001 0.001 

Locus 9 : 
5 alleles
0.4% missing data
 247   (0.174) 0.236 0.162 0.242 0.161 0.219 0.096 0.144 
 251   (0.141) 0.110 0.139 0.043 0.336 0.120 0.127 0.172 
 243   (0.593) 0.588 0.610 0.591 0.469 0.587 0.720 0.625 
 239   (0.060) 0.044 0.063 0.117 0.018 0.049 0.019 0.020 
 255   (0.031) 0.021 0.025 0.008 0.016 0.025 0.038 0.039 

Locus 10 : 
11 alleles
4.1% missing data
 253   (0.298) 0.289 0.296 0.490 0.389 0.295 0.338 0.243 
 263   (0.110) 0.078 0.110 0.042 0.212 0.089 0.054 0.147 
 255   (0.150) 0.188 0.139 0.109 0.080 0.184 0.373 0.143 
 271   (0.098) 0.126 0.092 0.182 0.029 0.117 0.081 0.048 
 269   (0.061) 0.065 0.067 0.026 0.016 0.063 0.035 0.059 
 267   (0.058) 0.065 0.062 0.017 0.083 0.059 0.014 0.061 
 249   (0.048) 0.038 0.043 0.026 0.099 0.042 0.020 0.019 
 273   (0.050) 0.054 0.076 0.026 0.014 0.042 0.011 0.026 
 265   (0.083) 0.059 0.077 0.072 0.064 0.070 0.023 0.234 
 251   (0.028) 0.031 0.026 0.006 0.006 0.028 0.049 0.013 
 257   (0.015) 0.007 0.012 0.003 0.006 0.010 0.002 0.006 

Locus 11 : 
6 alleles
4.1% missing data
 127   (0.584) 0.567 0.607 0.560 0.456 0.567 0.579 0.765 
 133   (0.228) 0.228 0.225 0.344 0.126 0.227 0.350 0.128 
 129   (0.063) 0.073 0.054 0.020 0.270 0.074 0.014 0.058 
 131   (0.095) 0.112 0.087 0.067 0.143 0.108 0.051 0.042 
 135   (0.017) 0.014 0.017 0.005 0.003 0.016 0.004 0.004 
 137   (0.012) 0.006 0.010 0.004 0.002 0.008 0.002 0.003 

Locus 12 : 
11 alleles
4.1% missing data
 240   (0.383) 0.464 0.390 0.302 0.666 0.433 0.217 0.316 
 258   (0.118) 0.100 0.124 0.070 0.047 0.108 0.067 0.287 
 256   (0.213) 0.210 0.217 0.264 0.150 0.210 0.527 0.129 
 260   (0.108) 0.098 0.097 0.058 0.075 0.105 0.116 0.174 
 242   (0.018) 0.008 0.014 0.133 0.004 0.012 0.004 0.004 
 236   (0.072) 0.051 0.075 0.134 0.023 0.057 0.047 0.057 
 246   (0.035) 0.023 0.035 0.019 0.024 0.026 0.007 0.019 
 248   (0.008) 0.004 0.007 0.001 0.001 0.005 0.001 0.002 
 264   (0.011) 0.005 0.009 0.002 0.002 0.008 0.003 0.005 
 238   (0.026) 0.033 0.027 0.014 0.007 0.030 0.010 0.006 
 254   (0.008) 0.004 0.006 0.002 0.001 0.005 0.003 0.001 

Locus 13 : 
9 alleles
0.4% missing data
 199   (0.369) 0.354 0.369 0.379 0.518 0.361 0.495 0.419 
 201   (0.176) 0.167 0.196 0.141 0.084 0.163 0.293 0.166 
 205   (0.027) 0.016 0.024 0.005 0.017 0.022 0.012 0.010 
 203   (0.057) 0.037 0.055 0.196 0.065 0.045 0.022 0.017 
 197   (0.062) 0.057 0.066 0.085 0.021 0.057 0.024 0.035 
 193   (0.098) 0.111 0.093 0.086 0.059 0.107 0.026 0.132 
 207   (0.042) 0.034 0.039 0.010 0.085 0.036 0.016 0.028 
 195   (0.153) 0.215 0.144 0.087 0.146 0.197 0.106 0.183 
 209   (0.016) 0.009 0.013 0.012 0.004 0.011 0.005 0.009 

Locus 14 : 
6 alleles
0.7% missing data
 119   (0.442) 0.409 0.454 0.317 0.616 0.413 0.175 0.725 
 109   (0.295) 0.384 0.283 0.219 0.190 0.360 0.619 0.168 
 113   (0.066) 0.045 0.062 0.365 0.027 0.054 0.028 0.032 
 115   (0.041) 0.031 0.043 0.028 0.036 0.032 0.023 0.010 
 121   (0.036) 0.038 0.032 0.009 0.089 0.038 0.007 0.017 
 117   (0.120) 0.093 0.127 0.063 0.043 0.102 0.149 0.047 

Locus 15 : 
10 alleles
0.4% missing data
 146   (0.371) 0.446 0.370 0.479 0.337 0.420 0.427 0.401 
 150   (0.192) 0.155 0.185 0.112 0.309 0.175 0.308 0.258 
 152   (0.154) 0.132 0.157 0.303 0.234 0.139 0.093 0.062 
 148   (0.105) 0.118 0.119 0.043 0.039 0.108 0.119 0.123 
 154   (0.052) 0.049 0.053 0.015 0.025 0.051 0.014 0.017 
 130   (0.011) 0.005 0.009 0.002 0.006 0.007 0.003 0.002 
 138   (0.036) 0.026 0.033 0.010 0.015 0.028 0.007 0.106 
 140   (0.035) 0.026 0.031 0.017 0.025 0.030 0.017 0.018 
 144   (0.023) 0.027 0.019 0.004 0.006 0.026 0.007 0.007 
 156   (0.021) 0.015 0.023 0.016 0.004 0.016 0.004 0.005 

Locus 16 : 
4 alleles
0.0% missing data
 168   (0.728) 0.666 0.744 0.842 0.656 0.682 0.910 0.729 
 170   (0.151) 0.257 0.146 0.103 0.097 0.224 0.053 0.125 
 174   (0.051) 0.034 0.045 0.015 0.111 0.040 0.009 0.093 
 166   (0.070) 0.043 0.065 0.041 0.137 0.054 0.028 0.053 

Locus 17 : 
4 alleles
0.0% missing data
 200   (0.554) 0.539 0.562 0.467 0.771 0.546 0.449 0.547 
 202   (0.426) 0.452 0.423 0.530 0.224 0.441 0.548 0.450 
 204   (0.011) 0.006 0.009 0.002 0.004 0.008 0.001 0.002 
 198   (0.008) 0.003 0.006 0.001 0.001 0.005 0.002 0.002 

Locus 18 : 
8 alleles
0.0% missing data
 157   (0.209) 0.187 0.198 0.253 0.132 0.197 0.282 0.357 
 159   (0.059) 0.040 0.058 0.038 0.264 0.046 0.023 0.021 
 161   (0.333) 0.354 0.346 0.212 0.404 0.343 0.456 0.280 
 155   (0.038) 0.023 0.033 0.092 0.030 0.029 0.006 0.013 
 165   (0.110) 0.102 0.101 0.093 0.051 0.106 0.083 0.193 
 163   (0.209) 0.267 0.229 0.302 0.096 0.248 0.122 0.122 
 143   (0.029) 0.019 0.025 0.005 0.021 0.023 0.026 0.008 
 167   (0.014) 0.007 0.012 0.006 0.003 0.010 0.002 0.007 

Locus 19 : 
14 alleles
0.0% missing data
 246   (0.209) 0.214 0.206 0.335 0.482 0.219 0.080 0.141 
 252   (0.142) 0.188 0.134 0.187 0.081 0.180 0.293 0.078 
 214   (0.144) 0.130 0.134 0.128 0.073 0.136 0.088 0.375 
 250   (0.135) 0.119 0.150 0.053 0.136 0.119 0.170 0.150 
 244   (0.178) 0.168 0.195 0.234 0.089 0.164 0.199 0.141 
 248   (0.028) 0.030 0.039 0.010 0.008 0.024 0.005 0.009 
 242   (0.052) 0.051 0.051 0.015 0.013 0.050 0.051 0.060 
 256   (0.009) 0.003 0.006 0.001 0.001 0.005 0.070 0.001 
 254   (0.047) 0.031 0.042 0.021 0.109 0.040 0.030 0.030 
 230   (0.008) 0.004 0.007 0.001 0.001 0.005 0.001 0.001 
 212   (0.011) 0.005 0.008 0.006 0.003 0.007 0.002 0.003 
 238   (0.016) 0.049 0.013 0.003 0.003 0.038 0.008 0.003 
 216   (0.008) 0.003 0.006 0.005 0.001 0.005 0.001 0.002 
 236   (0.011) 0.006 0.010 0.001 0.001 0.008 0.002 0.004 

Locus 20 : 
6 alleles
0.0% missing data
 192   (0.327) 0.366 0.336 0.428 0.198 0.352 0.418 0.267 
 196   (0.161) 0.122 0.157 0.071 0.252 0.135 0.175 0.137 
 200   (0.030) 0.019 0.030 0.009 0.010 0.026 0.028 0.011 
 198   (0.336) 0.308 0.343 0.404 0.462 0.311 0.245 0.335 
 190   (0.049) 0.108 0.048 0.014 0.028 0.089 0.012 0.027 
 194   (0.097) 0.077 0.086 0.074 0.049 0.088 0.122 0.222 

Locus 21 : 
8 alleles
1.1% missing data
 138   (0.243) 0.239 0.253 0.366 0.121 0.241 0.161 0.341 
 144   (0.139) 0.129 0.130 0.131 0.302 0.136 0.073 0.085 
 134   (0.147) 0.112 0.160 0.119 0.110 0.121 0.131 0.175 
 136   (0.141) 0.161 0.128 0.060 0.241 0.157 0.240 0.133 
 142   (0.177) 0.172 0.177 0.191 0.155 0.171 0.331 0.120 
 140   (0.082) 0.120 0.085 0.032 0.056 0.107 0.045 0.060 
 146   (0.012) 0.006 0.011 0.002 0.002 0.008 0.002 0.003 
 148   (0.059) 0.061 0.056 0.101 0.014 0.059 0.018 0.085 

Locus 22 : 
5 alleles
1.1% missing data
 181   (0.339) 0.312 0.335 0.353 0.400 0.325 0.158 0.435 
 183   (0.491) 0.533 0.484 0.484 0.502 0.518 0.794 0.494 
 187   (0.052) 0.040 0.055 0.072 0.019 0.042 0.012 0.022 
 185   (0.080) 0.072 0.089 0.083 0.055 0.070 0.024 0.034 
 179   (0.038) 0.044 0.036 0.009 0.024 0.046 0.013 0.016 

Values of parameters used in structure:
DATAFILE=/home/martin/bottleneck/structure_analysis/structure_4/data_job_T7_1,	OUTFILE=/home/martin/bottleneck/structure_analysis/structure_4/structure_results/south_american_sea_lion/results_job_T7_1,	NUMINDS=270,	NUMLOCI=22,	MISSING=-9,	LABEL=1,	POPDATA=1,	POPFLAG=0,	PHENOTYPE=0,	EXTRACOLS=0,	MAXPOPS=7,	BURNIN=10000,	NUMREPS=100000,	USEPOPINFO=0,	INFERALPHA=1,	INFERLAMBDA=0,	POPSPECIFICLAMBDA=0,	POPALPHAS=0,	COMPUTEPROB=1,	NOADMIX=0,	ADMBURNIN=2500,	UPDATEFREQ=1,	PRINTLIKES=0,	INTERMEDSAVE=0,	PRINTKLD=0,	PRINTNET=0,	PRINTLAMBDA=0,	ANCESTDIST=0,	NUMBOXES=1000,	ANCESTPINT=0.90000,	GENSBACK=2,	MIGRPRIOR=0.05000,	PRINTQHAT=1,	PRINTQSUM=0,	ALPHA=1.0000,	FREQSCORR=1,	FPRIORMEAN=0.0100,	FPRIORSD=0.0500,	ONEFST=0,	LAMBDA=1.0000,	UNIFPRIORALPHA=1,	ALPHAMAX=10.0000,	ALPHAPRIORA=1.0000,	ALPHAPRIORB=2.0000,	ALPHAPROPSD=0.0250,	STARTATPOPINFO=0,	RANDOMIZE=1,	LINKAGE=0,	METROFREQ=10,	REPORTHITRATE=0,	MARKOVPHASE=-1,	PHASED=0,	PLOIDY=2,	PHASEINFO=0	LOCPRIOR=0, 	LOCPRIORINIT=1.000000, 	LOCDATA=0, 	LOCISPOP=0, 	LOCPRIORSTEP=0.100000, 	MAXLOCPRIOR=20.000000, 	SEED=1470638808,	
[STRAT parameters]:    NUMSIMSTATS=1000,	PHENOTYPECOL=-9,	POOLFREQ=10,	LOCUSxONLY=0,	EMERROR=0.00100,	MISSINGPHENO=-9,	