

----------------------------------------------------
STRUCTURE by Pritchard, Stephens and Donnelly (2000)
     and Falush, Stephens and Pritchard (2003)
       Code by Pritchard, Falush and Hubisz
             Version 2.3.4 (Jul 2012)
----------------------------------------------------



Command line arguments:   /usr/local/bin/structure -m parameter_job_T1_2 
Input File:    /home/martin/bottleneck/structure_analysis/structure_4/data_job_T1_2

Run parameters:
   260 individuals
   35 loci
   1 populations assumed
   10000 Burn-in period
   100000 Reps


--------------------------------------------
Proportion of membership of each pre-defined
 population in each of the 1 clusters

Given    Inferred Clusters       Number of
 Pop       1                    Individuals

  1:     1.000                    260
--------------------------------------------

Allele-freq. divergence among pops (Net nucleotide distance),
computed using point estimates of P.

      1      
 1      -    

Average distances (expected heterozygosity) between individuals in same cluster:
cluster  1  : 0.4245 

--------------------------------------------
Estimated Ln Prob of Data   = -12058.5
Mean value of ln likelihood = -12043.3
Variance of ln likelihood   = 30.4

Mean value of Fst_1         = 0.0854


Inferred ancestry of individuals:
        Label (%Miss) Pop:  Inferred clusters
  1        1    (0)    1 :  1.000 
  2        2    (0)    1 :  1.000 
  3        3    (0)    1 :  1.000 
  4        4    (0)    1 :  1.000 
  5        5    (0)    1 :  1.000 
  6        6    (0)    1 :  1.000 
  7        7    (0)    1 :  1.000 
  8        8    (2)    1 :  1.000 
  9        9    (0)    1 :  1.000 
 10       10    (0)    1 :  1.000 
 11       11    (0)    1 :  1.000 
 12       12    (0)    1 :  1.000 
 13       13    (2)    1 :  1.000 
 14       14    (0)    1 :  1.000 
 15       15    (0)    1 :  1.000 
 16       16    (0)    1 :  1.000 
 17       17    (0)    1 :  1.000 
 18       18    (0)    1 :  1.000 
 19       19    (0)    1 :  1.000 
 20       20    (2)    1 :  1.000 
 21       21    (0)    1 :  1.000 
 22       22    (0)    1 :  1.000 
 23       23    (0)    1 :  1.000 
 24       24    (0)    1 :  1.000 
 25       25    (2)    1 :  1.000 
 26       26    (2)    1 :  1.000 
 27       27    (0)    1 :  1.000 
 28       28    (0)    1 :  1.000 
 29       29    (0)    1 :  1.000 
 30       30    (2)    1 :  1.000 
 31       31    (0)    1 :  1.000 
 32       32    (0)    1 :  1.000 
 33       33    (0)    1 :  1.000 
 34       34    (0)    1 :  1.000 
 35       35    (0)    1 :  1.000 
 36       36    (0)    1 :  1.000 
 37       37    (0)    1 :  1.000 
 38       38    (0)    1 :  1.000 
 39       39    (5)    1 :  1.000 
 40       40    (2)    1 :  1.000 
 41       41    (0)    1 :  1.000 
 42       42    (2)    1 :  1.000 
 43       43    (0)    1 :  1.000 
 44       44    (0)    1 :  1.000 
 45       45    (0)    1 :  1.000 
 46       46    (0)    1 :  1.000 
 47       47    (0)    1 :  1.000 
 48       48    (0)    1 :  1.000 
 49       49    (0)    1 :  1.000 
 50       50    (0)    1 :  1.000 
 51       51    (0)    1 :  1.000 
 52       52    (0)    1 :  1.000 
 53       53    (2)    1 :  1.000 
 54       54    (0)    1 :  1.000 
 55       55    (0)    1 :  1.000 
 56       56    (0)    1 :  1.000 
 57       57    (0)    1 :  1.000 
 58       58    (0)    1 :  1.000 
 59       59    (0)    1 :  1.000 
 60       60    (0)    1 :  1.000 
 61       61    (0)    1 :  1.000 
 62       62    (2)    1 :  1.000 
 63       63    (0)    1 :  1.000 
 64       64    (2)    1 :  1.000 
 65       65    (2)    1 :  1.000 
 66       66    (8)    1 :  1.000 
 67       67    (5)    1 :  1.000 
 68       68    (0)    1 :  1.000 
 69       69    (2)    1 :  1.000 
 70       70    (2)    1 :  1.000 
 71       71    (0)    1 :  1.000 
 72       72    (0)    1 :  1.000 
 73       73    (0)    1 :  1.000 
 74       74    (0)    1 :  1.000 
 75       75    (5)    1 :  1.000 
 76       76    (8)    1 :  1.000 
 77       77    (8)    1 :  1.000 
 78       78    (0)    1 :  1.000 
 79       79    (0)    1 :  1.000 
 80       80    (5)    1 :  1.000 
 81       81    (0)    1 :  1.000 
 82       82    (0)    1 :  1.000 
 83       83    (0)    1 :  1.000 
 84       84    (0)    1 :  1.000 
 85       85    (0)    1 :  1.000 
 86       86    (0)    1 :  1.000 
 87       87    (2)    1 :  1.000 
 88       88    (2)    1 :  1.000 
 89       89    (2)    1 :  1.000 
 90       90    (0)    1 :  1.000 
 91       91    (0)    1 :  1.000 
 92       92    (0)    1 :  1.000 
 93       93    (0)    1 :  1.000 
 94       94    (0)    1 :  1.000 
 95       95    (0)    1 :  1.000 
 96       96    (0)    1 :  1.000 
 97       97    (0)    1 :  1.000 
 98       98    (2)    1 :  1.000 
 99       99    (2)    1 :  1.000 
100      100    (5)    1 :  1.000 
101      101    (0)    1 :  1.000 
102      102    (0)    1 :  1.000 
103      103    (0)    1 :  1.000 
104      104    (0)    1 :  1.000 
105      105    (0)    1 :  1.000 
106      106    (0)    1 :  1.000 
107      107    (2)    1 :  1.000 
108      108    (0)    1 :  1.000 
109      109    (8)    1 :  1.000 
110      110    (0)    1 :  1.000 
111      111    (0)    1 :  1.000 
112      112    (0)    1 :  1.000 
113      113    (0)    1 :  1.000 
114      114    (2)    1 :  1.000 
115      115    (0)    1 :  1.000 
116      116    (2)    1 :  1.000 
117      117    (0)    1 :  1.000 
118      118    (0)    1 :  1.000 
119      119    (0)    1 :  1.000 
120      120    (0)    1 :  1.000 
121      121    (2)    1 :  1.000 
122      122    (0)    1 :  1.000 
123      123    (0)    1 :  1.000 
124      124    (0)    1 :  1.000 
125      125    (0)    1 :  1.000 
126      126    (0)    1 :  1.000 
127      127    (0)    1 :  1.000 
128      128    (0)    1 :  1.000 
129      129    (2)    1 :  1.000 
130      130    (0)    1 :  1.000 
131      131    (0)    1 :  1.000 
132      132    (0)    1 :  1.000 
133      133    (8)    1 :  1.000 
134      134    (8)    1 :  1.000 
135      135    (0)    1 :  1.000 
136      136    (0)    1 :  1.000 
137      137    (0)    1 :  1.000 
138      138    (0)    1 :  1.000 
139      139    (5)    1 :  1.000 
140      140    (0)    1 :  1.000 
141      141    (0)    1 :  1.000 
142      142    (5)    1 :  1.000 
143      143    (0)    1 :  1.000 
144      144    (0)    1 :  1.000 
145      145    (0)    1 :  1.000 
146      146    (5)    1 :  1.000 
147      147    (0)    1 :  1.000 
148      148    (0)    1 :  1.000 
149      149    (2)    1 :  1.000 
150      150    (2)    1 :  1.000 
151      151    (0)    1 :  1.000 
152      152    (0)    1 :  1.000 
153      153    (0)    1 :  1.000 
154      154    (0)    1 :  1.000 
155      155   (14)    1 :  1.000 
156      156    (2)    1 :  1.000 
157      157    (2)    1 :  1.000 
158      158    (0)    1 :  1.000 
159      159    (0)    1 :  1.000 
160      160    (0)    1 :  1.000 
161      161    (0)    1 :  1.000 
162      162    (2)    1 :  1.000 
163      163    (0)    1 :  1.000 
164      164    (0)    1 :  1.000 
165      165    (0)    1 :  1.000 
166      166    (0)    1 :  1.000 
167      167    (0)    1 :  1.000 
168      168    (0)    1 :  1.000 
169      169    (0)    1 :  1.000 
170      170    (0)    1 :  1.000 
171      171    (0)    1 :  1.000 
172      172    (0)    1 :  1.000 
173      173    (2)    1 :  1.000 
174      174    (0)    1 :  1.000 
175      175    (0)    1 :  1.000 
176      176    (0)    1 :  1.000 
177      177    (5)    1 :  1.000 
178      178    (0)    1 :  1.000 
179      179    (5)    1 :  1.000 
180      180    (8)    1 :  1.000 
181      181    (0)    1 :  1.000 
182      182    (2)    1 :  1.000 
183      183    (0)    1 :  1.000 
184      184    (0)    1 :  1.000 
185      185    (0)    1 :  1.000 
186      186    (0)    1 :  1.000 
187      187    (2)    1 :  1.000 
188      188    (0)    1 :  1.000 
189      189    (2)    1 :  1.000 
190      190    (0)    1 :  1.000 
191      191    (0)    1 :  1.000 
192      192    (0)    1 :  1.000 
193      193    (0)    1 :  1.000 
194      194    (2)    1 :  1.000 
195      195    (0)    1 :  1.000 
196      196    (0)    1 :  1.000 
197      197    (0)    1 :  1.000 
198      198    (2)    1 :  1.000 
199      199    (0)    1 :  1.000 
200      200    (2)    1 :  1.000 
201      201    (2)    1 :  1.000 
202      202    (2)    1 :  1.000 
203      203    (0)    1 :  1.000 
204      204    (0)    1 :  1.000 
205      205    (0)    1 :  1.000 
206      206    (0)    1 :  1.000 
207      207    (0)    1 :  1.000 
208      208    (0)    1 :  1.000 
209      209    (2)    1 :  1.000 
210      210    (0)    1 :  1.000 
211      211    (0)    1 :  1.000 
212      212    (0)    1 :  1.000 
213      213    (2)    1 :  1.000 
214      214    (2)    1 :  1.000 
215      215    (0)    1 :  1.000 
216      216    (0)    1 :  1.000 
217      217    (0)    1 :  1.000 
218      218    (2)    1 :  1.000 
219      219    (0)    1 :  1.000 
220      220    (0)    1 :  1.000 
221      221    (2)    1 :  1.000 
222      222    (0)    1 :  1.000 
223      223    (0)    1 :  1.000 
224      224    (0)    1 :  1.000 
225      225    (0)    1 :  1.000 
226      226    (0)    1 :  1.000 
227      227    (0)    1 :  1.000 
228      228    (0)    1 :  1.000 
229      229    (2)    1 :  1.000 
230      230    (0)    1 :  1.000 
231      231    (0)    1 :  1.000 
232      232    (2)    1 :  1.000 
233      233    (0)    1 :  1.000 
234      234    (5)    1 :  1.000 
235      235    (0)    1 :  1.000 
236      236    (0)    1 :  1.000 
237      237    (0)    1 :  1.000 
238      238    (0)    1 :  1.000 
239      239    (0)    1 :  1.000 
240      240    (0)    1 :  1.000 
241      241    (0)    1 :  1.000 
242      242    (0)    1 :  1.000 
243      243    (0)    1 :  1.000 
244      244    (2)    1 :  1.000 
245      245    (2)    1 :  1.000 
246      246    (5)    1 :  1.000 
247      247    (0)    1 :  1.000 
248      248    (2)    1 :  1.000 
249      249    (0)    1 :  1.000 
250      250    (0)    1 :  1.000 
251      251    (0)    1 :  1.000 
252      252    (0)    1 :  1.000 
253      253    (2)    1 :  1.000 
254      254    (0)    1 :  1.000 
255      255    (0)    1 :  1.000 
256      256    (2)    1 :  1.000 
257      257    (0)    1 :  1.000 
258      258    (0)    1 :  1.000 
259      259    (2)    1 :  1.000 
260      260    (5)    1 :  1.000 


Estimated Allele Frequencies in each cluster
First column gives estimated ancestral frequencies


Locus 1 : 
3 alleles
0.4% missing data
 197   (0.384) 0.377 
 201   (0.571) 0.621 
 199   (0.045) 0.003 

Locus 2 : 
2 alleles
0.0% missing data
 209   (0.378) 0.351 
 211   (0.622) 0.649 

Locus 3 : 
3 alleles
1.2% missing data
 281   (0.760) 0.860 
 299   (0.195) 0.137 
 304   (0.045) 0.003 

Locus 4 : 
2 alleles
0.0% missing data
 155   (0.732) 0.785 
 157   (0.268) 0.215 

Locus 5 : 
2 alleles
0.0% missing data
 265   (0.734) 0.786 
 267   (0.266) 0.214 

Locus 6 : 
2 alleles
0.4% missing data
 172   (0.880) 0.950 
 158   (0.120) 0.050 

Locus 7 : 
3 alleles
0.0% missing data
 184   (0.537) 0.604 
 188   (0.343) 0.339 
 192   (0.120) 0.057 

Locus 8 : 
2 alleles
0.0% missing data
 238   (0.735) 0.789 
 236   (0.265) 0.211 

Locus 9 : 
3 alleles
0.0% missing data
 257   (0.418) 0.444 
 263   (0.455) 0.491 
 265   (0.127) 0.065 

Locus 10 : 
4 alleles
1.5% missing data
 271   (0.162) 0.112 
 273   (0.258) 0.241 
 267   (0.537) 0.644 
 265   (0.044) 0.003 

Locus 11 : 
2 alleles
0.4% missing data
 287   (0.816) 0.883 
 285   (0.184) 0.117 

Locus 12 : 
3 alleles
0.4% missing data
 279   (0.517) 0.555 
 281   (0.426) 0.438 
 277   (0.057) 0.007 

Locus 13 : 
2 alleles
5.4% missing data
 248   (0.601) 0.624 
 250   (0.399) 0.376 

Locus 14 : 
2 alleles
0.0% missing data
 133   (0.820) 0.885 
 135   (0.180) 0.115 

Locus 15 : 
3 alleles
0.4% missing data
 152   (0.569) 0.617 
 154   (0.386) 0.380 
 156   (0.045) 0.003 

Locus 16 : 
3 alleles
0.0% missing data
 176   (0.552) 0.620 
 180   (0.343) 0.338 
 182   (0.105) 0.042 

Locus 17 : 
2 alleles
2.3% missing data
 196   (0.605) 0.628 
 198   (0.395) 0.372 

Locus 18 : 
4 alleles
0.4% missing data
 141   (0.306) 0.311 
 145   (0.444) 0.516 
 139   (0.206) 0.171 
 143   (0.043) 0.003 

Locus 19 : 
2 alleles
0.0% missing data
 103   (0.158) 0.090 
 105   (0.842) 0.910 

Locus 20 : 
3 alleles
2.7% missing data
 162   (0.473) 0.496 
 154   (0.475) 0.499 
 160   (0.052) 0.005 

Locus 21 : 
2 alleles
1.2% missing data
 203   (0.771) 0.830 
 205   (0.229) 0.170 

Locus 22 : 
3 alleles
1.9% missing data
 201   (0.466) 0.509 
 207   (0.400) 0.417 
 203   (0.134) 0.074 

Locus 23 : 
3 alleles
0.0% missing data
 138   (0.290) 0.271 
 148   (0.585) 0.666 
 146   (0.125) 0.063 

Locus 24 : 
3 alleles
0.4% missing data
 111   (0.349) 0.355 
 115   (0.406) 0.432 
 113   (0.245) 0.213 

Locus 25 : 
2 alleles
0.8% missing data
 129   (0.913) 0.977 
 127   (0.087) 0.023 

Locus 26 : 
3 alleles
0.8% missing data
 137   (0.497) 0.528 
 141   (0.451) 0.467 
 139   (0.052) 0.005 

Locus 27 : 
2 alleles
3.8% missing data
 180   (0.584) 0.604 
 182   (0.416) 0.396 

Locus 28 : 
3 alleles
1.5% missing data
 124   (0.398) 0.400 
 128   (0.544) 0.593 
 126   (0.057) 0.007 

Locus 29 : 
5 alleles
1.5% missing data
 153   (0.367) 0.428 
 145   (0.244) 0.242 
 157   (0.297) 0.322 
 151   (0.042) 0.003 
 155   (0.049) 0.005 

Locus 30 : 
2 alleles
1.9% missing data
 161   (0.765) 0.824 
 167   (0.235) 0.176 

Locus 31 : 
2 alleles
1.5% missing data
 176   (0.652) 0.687 
 178   (0.348) 0.313 

Locus 32 : 
3 alleles
0.4% missing data
 123   (0.409) 0.438 
 121   (0.283) 0.265 
 119   (0.308) 0.298 

Locus 33 : 
2 alleles
0.8% missing data
 129   (0.746) 0.799 
 131   (0.254) 0.201 

Locus 34 : 
4 alleles
0.4% missing data
 122   (0.189) 0.153 
 126   (0.588) 0.734 
 124   (0.134) 0.080 
 128   (0.089) 0.032 

Locus 35 : 
5 alleles
7.3% missing data
 243   (0.365) 0.426 
 231   (0.329) 0.370 
 237   (0.212) 0.195 
 245   (0.043) 0.003 
 233   (0.050) 0.005 

Values of parameters used in structure:
DATAFILE=/home/martin/bottleneck/structure_analysis/structure_4/data_job_T1_2,	OUTFILE=/home/martin/bottleneck/structure_analysis/structure_4/structure_results/nes/results_job_T1_2,	NUMINDS=260,	NUMLOCI=35,	MISSING=-9,	LABEL=1,	POPDATA=1,	POPFLAG=0,	PHENOTYPE=0,	EXTRACOLS=0,	MAXPOPS=1,	BURNIN=10000,	NUMREPS=100000,	USEPOPINFO=0,	INFERALPHA=1,	INFERLAMBDA=0,	POPSPECIFICLAMBDA=0,	POPALPHAS=0,	COMPUTEPROB=1,	NOADMIX=0,	ADMBURNIN=2500,	UPDATEFREQ=1,	PRINTLIKES=0,	INTERMEDSAVE=0,	PRINTKLD=0,	PRINTNET=0,	PRINTLAMBDA=0,	ANCESTDIST=0,	NUMBOXES=1000,	ANCESTPINT=0.90000,	GENSBACK=2,	MIGRPRIOR=0.05000,	PRINTQHAT=1,	PRINTQSUM=0,	ALPHA=1.0000,	FREQSCORR=1,	FPRIORMEAN=0.0100,	FPRIORSD=0.0500,	ONEFST=0,	LAMBDA=1.0000,	UNIFPRIORALPHA=1,	ALPHAMAX=10.0000,	ALPHAPRIORA=1.0000,	ALPHAPRIORB=2.0000,	ALPHAPROPSD=0.0250,	STARTATPOPINFO=0,	RANDOMIZE=1,	LINKAGE=0,	METROFREQ=10,	REPORTHITRATE=0,	MARKOVPHASE=-1,	PHASED=0,	PLOIDY=2,	PHASEINFO=0	LOCPRIOR=0, 	LOCPRIORINIT=1.000000, 	LOCDATA=0, 	LOCISPOP=0, 	LOCPRIORSTEP=0.100000, 	MAXLOCPRIOR=20.000000, 	SEED=1470596432,	
[STRAT parameters]:    NUMSIMSTATS=1000,	PHENOTYPECOL=-9,	POOLFREQ=10,	LOCUSxONLY=0,	EMERROR=0.00100,	MISSINGPHENO=-9,	