           1  1 0.8401 0.1599 
           2  1 0.9358 0.0642 
           3  1 0.9328 0.0672 
           4  1 0.0853 0.9147 
           5  1 0.1353 0.8647 
           6  1 0.9339 0.0661 
           7  1 0.1982 0.8018 
           8  1 0.8743 0.1257 
           9  1 0.4729 0.5271 
          10  1 0.8767 0.1233 
          11  1 0.0985 0.9015 
          12  1 0.9298 0.0702 
          13  1 0.2047 0.7953 
          14  1 0.8735 0.1265 
          15  1 0.0398 0.9602 
          16  1 0.2031 0.7969 
          17  1 0.9150 0.0850 
          18  1 0.8037 0.1963 
          19  1 0.4024 0.5976 
          20  1 0.0672 0.9328 
          21  1 0.2109 0.7891 
          22  1 0.5025 0.4975 
          23  1 0.1091 0.8909 
          24  1 0.8559 0.1441 
          25  1 0.8387 0.1613 
          26  1 0.6310 0.3690 
          27  1 0.7405 0.2595 
          28  1 0.1523 0.8477 
          29  1 0.9053 0.0947 
          30  1 0.8982 0.1018 
          31  1 0.2642 0.7358 
          32  1 0.9251 0.0749 
          33  1 0.1075 0.8925 
          34  1 0.5236 0.4764 
          35  1 0.9358 0.0642 
          36  1 0.1522 0.8478 
          37  1 0.9695 0.0305 
          38  1 0.8692 0.1308 
          39  1 0.0490 0.9510 
          40  1 0.8395 0.1605 
          41  1 0.9135 0.0865 
          42  1 0.8107 0.1893 
          43  1 0.2061 0.7939 
          44  1 0.8283 0.1717 
          45  1 0.8922 0.1078 
          46  1 0.1833 0.8167 
          47  1 0.9007 0.0993 
          48  1 0.9363 0.0637 
          49  1 0.6905 0.3095 
          50  1 0.4542 0.5458 
          51  1 0.2329 0.7671 
          52  1 0.0767 0.9233 
          53  1 0.8925 0.1075 
          54  1 0.8616 0.1384 
          55  1 0.1300 0.8700 
          56  1 0.2406 0.7594 
          57  1 0.9608 0.0392 
          58  1 0.7779 0.2221 
          59  1 0.0863 0.9137 
          60  1 0.8683 0.1317 
          61  1 0.8200 0.1800 
          62  1 0.0926 0.9074 
          63  1 0.9375 0.0625 
          64  1 0.1184 0.8816 
          65  1 0.7513 0.2487 
          66  1 0.3207 0.6793 
          67  1 0.2746 0.7254 
          68  1 0.0694 0.9306 
          69  1 0.0837 0.9163 
          70  1 0.0491 0.9509 
          71  1 0.9327 0.0673 
          72  1 0.0551 0.9449 
          73  1 0.8825 0.1175 
          74  1 0.8993 0.1007 
          75  1 0.1544 0.8456 
          76  1 0.0858 0.9142 
          77  1 0.2366 0.7634 
          78  1 0.2097 0.7903 
          79  1 0.7496 0.2504 
          80  1 0.0348 0.9652 
          81  1 0.8764 0.1236 
          82  1 0.1478 0.8522 
          83  1 0.0887 0.9113 
          84  1 0.8657 0.1343 
          85  1 0.9150 0.0850 
          86  1 0.9436 0.0564 
          87  1 0.0379 0.9621 
          88  1 0.8687 0.1313 
          89  1 0.9320 0.0680 
          90  1 0.8979 0.1021 
          91  1 0.9278 0.0722 
          92  1 0.8153 0.1847 
          93  1 0.9031 0.0969 
          94  1 0.9313 0.0687 
          95  1 0.1203 0.8797 
          96  1 0.2125 0.7875 
          97  1 0.0718 0.9282 
          98  1 0.5067 0.4933 
          99  1 0.1319 0.8681 
         100  1 0.0638 0.9362 
         101  1 0.1198 0.8802 
         102  1 0.2809 0.7191 
         103  1 0.1376 0.8624 
         104  1 0.0958 0.9042 
         105  1 0.1644 0.8356 
         106  1 0.0850 0.9150 
         107  1 0.0325 0.9675 
         108  1 0.1602 0.8398 
         109  1 0.1213 0.8787 
         110  1 0.2579 0.7421 
         111  1 0.9522 0.0478 
         112  1 0.8820 0.1180 
         113  1 0.2422 0.7578 
         114  1 0.9321 0.0679 
         115  1 0.1544 0.8456 
         116  1 0.9450 0.0550 
         117  1 0.9477 0.0523 
         118  1 0.1568 0.8432 
         119  1 0.1977 0.8023 
         120  1 0.2922 0.7078 
         121  1 0.8931 0.1069 
         122  1 0.2345 0.7655 
         123  1 0.0840 0.9160 
         124  1 0.1933 0.8067 
         125  1 0.0817 0.9183 
         126  1 0.5349 0.4651 
         127  1 0.1806 0.8194 
         128  1 0.1994 0.8006 
         129  1 0.8401 0.1599 
         130  1 0.1893 0.8107 
         131  1 0.1928 0.8072 
         132  1 0.8418 0.1582 
         133  1 0.9187 0.0813 
         134  1 0.2217 0.7783 
         135  1 0.8852 0.1148 
         136  1 0.8567 0.1433 
         137  1 0.0839 0.9161 
         138  1 0.1457 0.8543 
         139  1 0.0574 0.9426 
         140  1 0.0916 0.9084 
         141  1 0.6837 0.3163 
         142  1 0.8039 0.1961 
         143  1 0.3021 0.6979 
         144  1 0.8124 0.1876 
         145  1 0.1196 0.8804 
         146  1 0.0781 0.9219 
         147  1 0.0776 0.9224 
         148  1 0.8892 0.1108 
         149  1 0.1772 0.8228 
         150  1 0.8886 0.1114 
         151  1 0.1185 0.8815 
         152  1 0.1574 0.8426 
         153  1 0.7846 0.2154 
         154  1 0.9579 0.0421 
         155  1 0.4253 0.5747 
         156  1 0.1526 0.8474 
         157  1 0.1293 0.8707 
         158  1 0.7524 0.2476 
         159  1 0.4345 0.5655 
         160  1 0.9136 0.0864 
         161  1 0.6860 0.3140 
         162  1 0.8284 0.1716 
         163  1 0.1381 0.8619 
         164  1 0.9091 0.0909 
         165  1 0.8010 0.1990 
         166  1 0.9120 0.0880 
         167  1 0.8427 0.1573 
         168  1 0.9376 0.0624 
         169  1 0.9087 0.0913 
         170  1 0.8056 0.1944 
         171  1 0.9250 0.0750 
         172  1 0.9334 0.0666 
         173  1 0.1313 0.8687 
         174  1 0.0338 0.9662 
         175  1 0.8535 0.1465 
         176  1 0.0747 0.9253 
         177  1 0.8593 0.1407 
         178  1 0.9187 0.0813 
         179  1 0.9182 0.0818 
         180  1 0.0982 0.9018 
         181  1 0.1355 0.8645 
         182  1 0.3508 0.6492 
         183  1 0.1853 0.8147 
         184  1 0.8494 0.1506 
         185  1 0.8303 0.1697 
         186  1 0.9072 0.0928 
         187  1 0.8669 0.1331 
         188  1 0.8086 0.1914 
         189  1 0.8599 0.1401 
         190  1 0.0394 0.9606 
         191  1 0.1255 0.8745 
         192  1 0.8827 0.1173 
         193  1 0.0408 0.9592 
         194  1 0.0347 0.9653 
         195  1 0.2336 0.7664 
         196  1 0.3171 0.6829 
         197  1 0.1163 0.8837 
         198  1 0.9290 0.0710 
         199  1 0.9098 0.0902 
         200  1 0.9506 0.0494 
         201  1 0.3040 0.6960 
         202  1 0.9417 0.0583 
         203  1 0.1732 0.8268 
         204  1 0.8931 0.1069 
         205  1 0.7392 0.2608 
         206  1 0.0292 0.9708 
         207  1 0.0713 0.9287 
         208  1 0.0623 0.9377 
         209  1 0.0580 0.9420 
         210  1 0.0388 0.9612 
         211  1 0.0579 0.9421 
         212  1 0.0464 0.9536 
         213  1 0.1172 0.8828 
         214  1 0.0437 0.9563 
         215  1 0.1093 0.8907 
         216  1 0.9461 0.0539 
         217  1 0.8123 0.1877 
         218  1 0.9005 0.0995 
         219  1 0.1941 0.8059 
         220  1 0.1547 0.8453 
         221  1 0.8520 0.1480 
         222  1 0.0328 0.9672 
         223  1 0.1403 0.8597 
         224  1 0.1542 0.8458 
         225  1 0.0810 0.9190 
         226  1 0.8910 0.1090 
         227  1 0.8316 0.1684 
         228  1 0.1363 0.8637 
         229  1 0.8179 0.1821 
         230  1 0.8174 0.1826 
         231  1 0.7557 0.2443 
         232  1 0.8049 0.1951 
         233  1 0.8449 0.1551 
         234  1 0.2063 0.7937 
         235  1 0.2614 0.7386 
         236  1 0.2715 0.7285 
         237  1 0.0438 0.9562 
         238  1 0.8474 0.1526 
         239  1 0.9012 0.0988 
         240  1 0.9254 0.0746 
         241  1 0.9244 0.0756 
         242  1 0.8814 0.1186 
         243  1 0.0447 0.9553 
         244  1 0.9428 0.0572 
         245  1 0.8057 0.1943 
         246  1 0.7942 0.2058 
         247  1 0.9092 0.0908 
         248  1 0.2450 0.7550 
         249  1 0.1397 0.8603 
         250  1 0.1576 0.8424 
         251  1 0.9077 0.0923 
         252  1 0.0795 0.9205 
         253  1 0.4340 0.5660 
         254  1 0.0397 0.9603 
         255  1 0.0898 0.9102 
         256  1 0.0925 0.9075 
         257  1 0.0507 0.9493 
         258  1 0.0822 0.9178 
         259  1 0.0959 0.9041 
         260  1 0.0371 0.9629 
