

----------------------------------------------------
STRUCTURE by Pritchard, Stephens and Donnelly (2000)
     and Falush, Stephens and Pritchard (2003)
       Code by Pritchard, Falush and Hubisz
             Version 2.3.4 (Jul 2012)
----------------------------------------------------



Command line arguments:   /usr/local/bin/structure -m parameter_job_T10_1 
Input File:    /home/martin/bottleneck/structure_analysis/structure_4/data_job_T10_1

Run parameters:
   260 individuals
   35 loci
   10 populations assumed
   10000 Burn-in period
   100000 Reps


--------------------------------------------
Proportion of membership of each pre-defined
 population in each of the 10 clusters

Given    Inferred Clusters                                                        Number of
 Pop       1      2      3      4      5      6      7      8      9     10      Individuals

  1:     0.101  0.099  0.100  0.100  0.103  0.099  0.098  0.101  0.099  0.100      260
--------------------------------------------

Allele-freq. divergence among pops (Net nucleotide distance),
computed using point estimates of P.

      1       2       3       4       5       6       7       8       9      10      
 1      -    0.0013  0.0104  0.0021  0.0160  0.0133  0.0021  0.0013  0.0028  0.0149  
 2   0.0013     -    0.0111  0.0031  0.0205  0.0125  0.0004  0.0008  0.0029  0.0149  
 3   0.0104  0.0111     -    0.0050  0.0244  0.0128  0.0124  0.0087  0.0107  0.0024  
 4   0.0021  0.0031  0.0050     -    0.0194  0.0140  0.0045  0.0015  0.0040  0.0099  
 5   0.0160  0.0205  0.0244  0.0194     -    0.0249  0.0185  0.0181  0.0101  0.0272  
 6   0.0133  0.0125  0.0128  0.0140  0.0249     -    0.0124  0.0127  0.0136  0.0187  
 7   0.0021  0.0004  0.0124  0.0045  0.0185  0.0124     -    0.0017  0.0025  0.0153  
 8   0.0013  0.0008  0.0087  0.0015  0.0181  0.0127  0.0017     -    0.0019  0.0136  
 9   0.0028  0.0029  0.0107  0.0040  0.0101  0.0136  0.0025  0.0019     -    0.0147  
10   0.0149  0.0149  0.0024  0.0099  0.0272  0.0187  0.0153  0.0136  0.0147     -    

Average distances (expected heterozygosity) between individuals in same cluster:
cluster  1  : 0.4086 
cluster  2  : 0.4105 
cluster  3  : 0.4368 
cluster  4  : 0.4254 
cluster  5  : 0.3876 
cluster  6  : 0.4073 
cluster  7  : 0.4101 
cluster  8  : 0.4147 
cluster  9  : 0.4217 
cluster 10  : 0.4301 

--------------------------------------------
Estimated Ln Prob of Data   = -12821.9
Mean value of ln likelihood = -11325.9
Variance of ln likelihood   = 2992.0
Mean value of alpha         = 0.1851

Mean value of Fst_1         = 0.1942
Mean value of Fst_2         = 0.1814
Mean value of Fst_3         = 0.1925
Mean value of Fst_4         = 0.1872
Mean value of Fst_5         = 0.2101
Mean value of Fst_6         = 0.2286
Mean value of Fst_7         = 0.1651
Mean value of Fst_8         = 0.2039
Mean value of Fst_9         = 0.1410
Mean value of Fst_10         = 0.2012


Inferred ancestry of individuals:
        Label (%Miss) Pop:  Inferred clusters
  1        1    (0)    1 :  0.123 0.110 0.088 0.100 0.083 0.092 0.107 0.112 0.121 0.065 
  2        2    (0)    1 :  0.074 0.075 0.107 0.062 0.045 0.401 0.056 0.072 0.047 0.061 
  3        3    (0)    1 :  0.077 0.073 0.111 0.066 0.041 0.397 0.057 0.071 0.046 0.063 
  4        4    (0)    1 :  0.107 0.100 0.122 0.120 0.058 0.071 0.101 0.103 0.116 0.103 
  5        5    (0)    1 :  0.086 0.147 0.061 0.087 0.062 0.074 0.145 0.144 0.142 0.051 
  6        6    (0)    1 :  0.093 0.073 0.049 0.054 0.289 0.110 0.093 0.062 0.103 0.073 
  7        7    (0)    1 :  0.059 0.056 0.211 0.105 0.042 0.104 0.053 0.063 0.053 0.253 
  8        8    (2)    1 :  0.126 0.080 0.066 0.068 0.204 0.094 0.095 0.071 0.111 0.085 
  9        9    (0)    1 :  0.162 0.132 0.085 0.135 0.052 0.073 0.105 0.121 0.077 0.058 
 10       10    (0)    1 :  0.121 0.109 0.067 0.078 0.075 0.198 0.112 0.084 0.085 0.069 
 11       11    (0)    1 :  0.104 0.127 0.068 0.088 0.058 0.103 0.133 0.132 0.120 0.066 
 12       12    (0)    1 :  0.106 0.055 0.063 0.075 0.305 0.067 0.071 0.060 0.123 0.074 
 13       13    (2)    1 :  0.108 0.045 0.040 0.050 0.433 0.026 0.050 0.050 0.110 0.087 
 14       14    (0)    1 :  0.106 0.091 0.059 0.084 0.158 0.112 0.116 0.076 0.119 0.079 
 15       15    (0)    1 :  0.134 0.110 0.090 0.148 0.063 0.047 0.121 0.130 0.097 0.061 
 16       16    (0)    1 :  0.113 0.112 0.076 0.097 0.102 0.079 0.104 0.120 0.123 0.076 
 17       17    (0)    1 :  0.038 0.038 0.249 0.093 0.044 0.045 0.038 0.039 0.046 0.370 
 18       18    (0)    1 :  0.119 0.072 0.073 0.073 0.212 0.063 0.079 0.086 0.133 0.089 
 19       19    (0)    1 :  0.106 0.090 0.076 0.099 0.170 0.079 0.098 0.090 0.120 0.073 
 20       20    (2)    1 :  0.054 0.076 0.172 0.114 0.061 0.035 0.071 0.082 0.088 0.247 
 21       21    (0)    1 :  0.094 0.093 0.135 0.108 0.109 0.047 0.080 0.087 0.105 0.141 
 22       22    (0)    1 :  0.056 0.071 0.134 0.103 0.055 0.296 0.059 0.102 0.064 0.060 
 23       23    (0)    1 :  0.105 0.116 0.082 0.133 0.089 0.057 0.112 0.126 0.120 0.060 
 24       24    (0)    1 :  0.117 0.095 0.117 0.112 0.091 0.062 0.082 0.104 0.107 0.114 
 25       25    (2)    1 :  0.097 0.148 0.048 0.053 0.046 0.170 0.199 0.087 0.076 0.076 
 26       26    (2)    1 :  0.113 0.126 0.075 0.108 0.058 0.068 0.152 0.112 0.121 0.067 
 27       27    (0)    1 :  0.087 0.117 0.078 0.064 0.103 0.097 0.163 0.085 0.097 0.110 
 28       28    (0)    1 :  0.085 0.116 0.078 0.120 0.109 0.062 0.113 0.122 0.140 0.057 
 29       29    (0)    1 :  0.098 0.118 0.078 0.083 0.084 0.103 0.137 0.096 0.132 0.071 
 30       30    (2)    1 :  0.102 0.128 0.072 0.066 0.061 0.201 0.120 0.097 0.079 0.076 
 31       31    (0)    1 :  0.088 0.092 0.123 0.108 0.104 0.077 0.078 0.105 0.104 0.122 
 32       32    (0)    1 :  0.114 0.098 0.085 0.098 0.094 0.107 0.093 0.134 0.119 0.057 
 33       33    (0)    1 :  0.091 0.088 0.128 0.091 0.062 0.147 0.077 0.073 0.047 0.195 
 34       34    (0)    1 :  0.109 0.113 0.076 0.099 0.078 0.108 0.120 0.102 0.121 0.074 
 35       35    (0)    1 :  0.099 0.104 0.121 0.123 0.064 0.111 0.078 0.124 0.107 0.070 
 36       36    (0)    1 :  0.124 0.111 0.088 0.099 0.097 0.065 0.100 0.113 0.129 0.074 
 37       37    (0)    1 :  0.065 0.059 0.138 0.109 0.072 0.274 0.061 0.086 0.072 0.062 
 38       38    (0)    1 :  0.077 0.143 0.060 0.051 0.066 0.132 0.193 0.115 0.085 0.078 
 39       39    (5)    1 :  0.081 0.108 0.089 0.133 0.111 0.073 0.101 0.132 0.122 0.049 
 40       40    (2)    1 :  0.092 0.141 0.058 0.060 0.097 0.128 0.170 0.093 0.085 0.076 
 41       41    (0)    1 :  0.108 0.050 0.049 0.064 0.362 0.048 0.067 0.048 0.124 0.081 
 42       42    (2)    1 :  0.101 0.087 0.069 0.087 0.155 0.076 0.102 0.120 0.130 0.072 
 43       43    (0)    1 :  0.083 0.091 0.107 0.084 0.044 0.260 0.076 0.086 0.073 0.096 
 44       44    (0)    1 :  0.101 0.097 0.132 0.103 0.058 0.129 0.077 0.112 0.088 0.103 
 45       45    (0)    1 :  0.053 0.053 0.165 0.091 0.040 0.307 0.046 0.090 0.043 0.112 
 46       46    (0)    1 :  0.083 0.122 0.068 0.079 0.110 0.081 0.137 0.114 0.120 0.084 
 47       47    (0)    1 :  0.061 0.031 0.155 0.114 0.133 0.278 0.037 0.087 0.044 0.061 
 48       48    (0)    1 :  0.116 0.097 0.073 0.072 0.081 0.193 0.100 0.076 0.111 0.080 
 49       49    (0)    1 :  0.101 0.133 0.064 0.095 0.073 0.073 0.144 0.096 0.160 0.061 
 50       50    (0)    1 :  0.097 0.113 0.066 0.105 0.068 0.062 0.142 0.111 0.177 0.058 
 51       51    (0)    1 :  0.062 0.037 0.169 0.083 0.147 0.109 0.040 0.065 0.054 0.234 
 52       52    (0)    1 :  0.149 0.116 0.090 0.132 0.062 0.043 0.119 0.121 0.099 0.068 
 53       53    (2)    1 :  0.104 0.075 0.110 0.098 0.177 0.096 0.068 0.082 0.096 0.096 
 54       54    (0)    1 :  0.107 0.114 0.087 0.088 0.051 0.175 0.100 0.119 0.099 0.061 
 55       55    (0)    1 :  0.101 0.119 0.085 0.106 0.068 0.085 0.131 0.111 0.113 0.080 
 56       56    (0)    1 :  0.086 0.121 0.075 0.105 0.080 0.092 0.119 0.112 0.142 0.068 
 57       57    (0)    1 :  0.096 0.113 0.080 0.056 0.042 0.291 0.113 0.061 0.057 0.090 
 58       58    (0)    1 :  0.069 0.067 0.136 0.092 0.061 0.238 0.069 0.078 0.065 0.125 
 59       59    (0)    1 :  0.092 0.112 0.083 0.130 0.092 0.052 0.112 0.131 0.134 0.062 
 60       60    (0)    1 :  0.100 0.123 0.075 0.079 0.094 0.096 0.131 0.110 0.118 0.075 
 61       61    (0)    1 :  0.109 0.088 0.107 0.101 0.141 0.076 0.096 0.093 0.116 0.073 
 62       62    (2)    1 :  0.121 0.160 0.053 0.075 0.046 0.085 0.143 0.143 0.122 0.054 
 63       63    (0)    1 :  0.124 0.117 0.081 0.128 0.053 0.080 0.099 0.152 0.124 0.043 
 64       64    (2)    1 :  0.085 0.123 0.074 0.120 0.104 0.046 0.113 0.132 0.151 0.051 
 65       65    (2)    1 :  0.108 0.089 0.070 0.063 0.198 0.097 0.106 0.072 0.090 0.108 
 66       66    (8)    1 :  0.170 0.118 0.074 0.144 0.121 0.034 0.096 0.119 0.064 0.061 
 67       67    (5)    1 :  0.125 0.101 0.080 0.111 0.125 0.039 0.102 0.095 0.125 0.097 
 68       68    (0)    1 :  0.119 0.097 0.087 0.107 0.129 0.041 0.106 0.109 0.101 0.105 
 69       69    (2)    1 :  0.066 0.064 0.147 0.103 0.116 0.073 0.062 0.083 0.080 0.207 
 70       70    (2)    1 :  0.073 0.128 0.068 0.153 0.092 0.038 0.121 0.146 0.143 0.039 
 71       71    (0)    1 :  0.104 0.113 0.076 0.101 0.053 0.124 0.127 0.087 0.157 0.059 
 72       72    (0)    1 :  0.122 0.128 0.064 0.126 0.075 0.058 0.116 0.134 0.127 0.049 
 73       73    (0)    1 :  0.071 0.146 0.078 0.068 0.042 0.102 0.202 0.105 0.087 0.098 
 74       74    (0)    1 :  0.095 0.098 0.132 0.103 0.068 0.086 0.095 0.087 0.103 0.134 
 75       75    (5)    1 :  0.096 0.141 0.048 0.081 0.057 0.156 0.126 0.120 0.120 0.055 
 76       76    (8)    1 :  0.067 0.063 0.200 0.100 0.039 0.040 0.059 0.059 0.050 0.323 
 77       77    (8)    1 :  0.086 0.074 0.161 0.114 0.062 0.034 0.093 0.067 0.124 0.187 
 78       78    (0)    1 :  0.092 0.150 0.036 0.064 0.066 0.147 0.162 0.123 0.100 0.060 
 79       79    (0)    1 :  0.079 0.170 0.028 0.034 0.037 0.171 0.232 0.112 0.070 0.067 
 80       80    (5)    1 :  0.124 0.140 0.056 0.113 0.068 0.030 0.104 0.154 0.159 0.052 
 81       81    (0)    1 :  0.100 0.085 0.065 0.087 0.187 0.090 0.094 0.117 0.112 0.064 
 82       82    (0)    1 :  0.107 0.134 0.072 0.088 0.056 0.110 0.146 0.112 0.102 0.073 
 83       83    (0)    1 :  0.136 0.149 0.060 0.106 0.040 0.081 0.157 0.137 0.083 0.051 
 84       84    (0)    1 :  0.103 0.091 0.083 0.074 0.098 0.220 0.083 0.089 0.092 0.067 
 85       85    (0)    1 :  0.102 0.059 0.074 0.083 0.278 0.080 0.080 0.063 0.108 0.073 
 86       86    (0)    1 :  0.077 0.057 0.111 0.068 0.196 0.135 0.070 0.054 0.089 0.144 
 87       87    (2)    1 :  0.118 0.143 0.065 0.120 0.070 0.042 0.110 0.142 0.133 0.056 
 88       88    (2)    1 :  0.116 0.131 0.076 0.072 0.062 0.145 0.131 0.096 0.098 0.074 
 89       89    (2)    1 :  0.092 0.048 0.091 0.063 0.300 0.064 0.053 0.042 0.106 0.141 
 90       90    (0)    1 :  0.114 0.109 0.053 0.045 0.094 0.268 0.096 0.072 0.074 0.074 
 91       91    (0)    1 :  0.104 0.071 0.067 0.087 0.225 0.080 0.085 0.101 0.124 0.055 
 92       92    (0)    1 :  0.069 0.081 0.126 0.089 0.049 0.230 0.092 0.085 0.064 0.115 
 93       93    (0)    1 :  0.082 0.079 0.167 0.104 0.069 0.091 0.082 0.081 0.085 0.159 
 94       94    (0)    1 :  0.096 0.109 0.122 0.118 0.075 0.103 0.068 0.139 0.108 0.064 
 95       95    (0)    1 :  0.119 0.117 0.078 0.101 0.069 0.062 0.112 0.133 0.143 0.065 
 96       96    (0)    1 :  0.116 0.088 0.076 0.111 0.168 0.055 0.096 0.111 0.116 0.064 
 97       97    (0)    1 :  0.192 0.146 0.079 0.182 0.038 0.032 0.113 0.141 0.041 0.036 
 98       98    (2)    1 :  0.130 0.136 0.078 0.078 0.074 0.085 0.117 0.117 0.114 0.071 
 99       99    (2)    1 :  0.093 0.085 0.143 0.103 0.065 0.062 0.080 0.090 0.076 0.203 
100      100    (5)    1 :  0.089 0.115 0.099 0.097 0.069 0.059 0.136 0.113 0.078 0.144 
101      101    (0)    1 :  0.115 0.112 0.082 0.118 0.086 0.053 0.113 0.118 0.137 0.066 
102      102    (0)    1 :  0.115 0.105 0.076 0.103 0.149 0.062 0.098 0.118 0.114 0.060 
103      103    (0)    1 :  0.122 0.111 0.084 0.129 0.093 0.079 0.112 0.107 0.107 0.056 
104      104    (0)    1 :  0.103 0.107 0.131 0.131 0.075 0.053 0.093 0.110 0.095 0.101 
105      105    (0)    1 :  0.070 0.119 0.058 0.111 0.126 0.084 0.121 0.129 0.137 0.045 
106      106    (0)    1 :  0.133 0.151 0.063 0.105 0.041 0.084 0.154 0.132 0.083 0.055 
107      107    (2)    1 :  0.173 0.131 0.077 0.172 0.060 0.028 0.117 0.139 0.059 0.042 
108      108    (0)    1 :  0.107 0.085 0.068 0.087 0.241 0.050 0.088 0.092 0.112 0.072 
109      109    (8)    1 :  0.079 0.078 0.115 0.088 0.043 0.255 0.069 0.100 0.062 0.110 
110      110    (0)    1 :  0.082 0.066 0.146 0.098 0.152 0.067 0.065 0.073 0.083 0.167 
111      111    (0)    1 :  0.084 0.054 0.065 0.072 0.318 0.092 0.071 0.075 0.105 0.066 
112      112    (0)    1 :  0.112 0.073 0.054 0.066 0.260 0.086 0.093 0.066 0.108 0.082 
113      113    (0)    1 :  0.065 0.076 0.123 0.116 0.143 0.112 0.080 0.101 0.105 0.080 
114      114    (2)    1 :  0.125 0.099 0.080 0.061 0.082 0.210 0.089 0.083 0.098 0.073 
115      115    (0)    1 :  0.107 0.066 0.052 0.077 0.312 0.041 0.075 0.082 0.108 0.082 
116      116    (2)    1 :  0.092 0.100 0.086 0.085 0.090 0.147 0.107 0.108 0.110 0.074 
117      117    (0)    1 :  0.081 0.082 0.147 0.120 0.071 0.139 0.068 0.109 0.082 0.101 
118      118    (0)    1 :  0.120 0.125 0.068 0.100 0.059 0.144 0.122 0.113 0.088 0.061 
119      119    (0)    1 :  0.110 0.093 0.139 0.114 0.060 0.075 0.078 0.107 0.098 0.125 
120      120    (0)    1 :  0.095 0.094 0.127 0.111 0.048 0.076 0.096 0.113 0.112 0.127 
121      121    (2)    1 :  0.070 0.096 0.133 0.090 0.053 0.119 0.111 0.100 0.097 0.132 
122      122    (0)    1 :  0.098 0.084 0.150 0.123 0.057 0.122 0.073 0.105 0.085 0.104 
123      123    (0)    1 :  0.155 0.136 0.077 0.128 0.060 0.084 0.115 0.121 0.066 0.058 
124      124    (0)    1 :  0.096 0.088 0.112 0.118 0.135 0.061 0.075 0.101 0.106 0.107 
125      125    (0)    1 :  0.117 0.116 0.092 0.119 0.075 0.042 0.115 0.117 0.136 0.071 
126      126    (0)    1 :  0.071 0.058 0.178 0.091 0.117 0.058 0.063 0.057 0.084 0.223 
127      127    (0)    1 :  0.049 0.049 0.229 0.105 0.029 0.095 0.045 0.060 0.042 0.296 
128      128    (0)    1 :  0.171 0.135 0.084 0.147 0.041 0.062 0.107 0.135 0.063 0.054 
129      129    (2)    1 :  0.042 0.099 0.159 0.069 0.028 0.105 0.145 0.081 0.052 0.221 
130      130    (0)    1 :  0.119 0.075 0.042 0.059 0.309 0.049 0.083 0.078 0.102 0.084 
131      131    (0)    1 :  0.052 0.060 0.232 0.095 0.027 0.058 0.059 0.055 0.043 0.319 
132      132    (0)    1 :  0.105 0.109 0.106 0.095 0.087 0.080 0.107 0.098 0.133 0.079 
133      133    (8)    1 :  0.083 0.082 0.151 0.121 0.061 0.099 0.080 0.088 0.100 0.136 
134      134    (8)    1 :  0.122 0.096 0.086 0.123 0.138 0.087 0.096 0.098 0.092 0.062 
135      135    (0)    1 :  0.088 0.045 0.098 0.070 0.269 0.144 0.050 0.062 0.084 0.092 
136      136    (0)    1 :  0.105 0.077 0.053 0.055 0.266 0.085 0.093 0.069 0.112 0.085 
137      137    (0)    1 :  0.123 0.112 0.098 0.107 0.080 0.036 0.107 0.107 0.142 0.087 
138      138    (0)    1 :  0.102 0.088 0.127 0.134 0.052 0.151 0.075 0.116 0.079 0.075 
139      139    (5)    1 :  0.170 0.132 0.079 0.163 0.074 0.037 0.105 0.137 0.056 0.049 
140      140    (0)    1 :  0.171 0.127 0.081 0.144 0.066 0.045 0.106 0.136 0.061 0.064 
141      141    (0)    1 :  0.094 0.085 0.154 0.122 0.068 0.087 0.076 0.099 0.102 0.113 
142      142    (5)    1 :  0.131 0.074 0.066 0.089 0.231 0.060 0.073 0.086 0.119 0.070 
143      143    (0)    1 :  0.106 0.106 0.100 0.118 0.067 0.054 0.129 0.091 0.161 0.068 
144      144    (0)    1 :  0.074 0.127 0.108 0.073 0.039 0.126 0.154 0.095 0.071 0.133 
145      145    (0)    1 :  0.134 0.122 0.093 0.113 0.062 0.053 0.113 0.117 0.099 0.095 
146      146    (5)    1 :  0.079 0.154 0.049 0.093 0.070 0.059 0.131 0.160 0.156 0.050 
147      147    (0)    1 :  0.128 0.137 0.077 0.126 0.048 0.065 0.108 0.143 0.116 0.051 
148      148    (0)    1 :  0.111 0.068 0.077 0.076 0.236 0.113 0.070 0.071 0.105 0.074 
149      149    (2)    1 :  0.097 0.105 0.132 0.118 0.062 0.068 0.085 0.095 0.102 0.136 
150      150    (2)    1 :  0.112 0.118 0.113 0.137 0.045 0.078 0.083 0.140 0.115 0.059 
151      151    (0)    1 :  0.133 0.111 0.096 0.129 0.061 0.049 0.117 0.119 0.110 0.074 
152      152    (0)    1 :  0.117 0.127 0.084 0.117 0.072 0.069 0.102 0.125 0.125 0.062 
153      153    (0)    1 :  0.081 0.161 0.032 0.040 0.036 0.159 0.229 0.120 0.079 0.063 
154      154    (0)    1 :  0.091 0.068 0.109 0.096 0.208 0.102 0.071 0.080 0.107 0.069 
155      155   (14)    1 :  0.109 0.140 0.050 0.053 0.041 0.244 0.144 0.074 0.058 0.087 
156      156    (2)    1 :  0.081 0.120 0.082 0.139 0.088 0.058 0.117 0.123 0.140 0.051 
157      157    (2)    1 :  0.113 0.093 0.144 0.134 0.051 0.099 0.081 0.101 0.061 0.123 
158      158    (0)    1 :  0.123 0.127 0.065 0.072 0.063 0.162 0.121 0.090 0.095 0.082 
159      159    (0)    1 :  0.108 0.053 0.058 0.051 0.348 0.043 0.067 0.050 0.114 0.107 
160      160    (0)    1 :  0.120 0.099 0.062 0.064 0.151 0.142 0.109 0.073 0.094 0.087 
161      161    (0)    1 :  0.079 0.099 0.121 0.085 0.051 0.117 0.107 0.089 0.109 0.142 
162      162    (2)    1 :  0.099 0.113 0.075 0.077 0.105 0.106 0.130 0.117 0.111 0.068 
163      163    (0)    1 :  0.126 0.122 0.063 0.083 0.111 0.056 0.114 0.126 0.130 0.069 
164      164    (0)    1 :  0.093 0.081 0.139 0.115 0.085 0.142 0.065 0.110 0.092 0.078 
165      165    (0)    1 :  0.083 0.086 0.127 0.102 0.073 0.174 0.080 0.095 0.089 0.090 
166      166    (0)    1 :  0.120 0.097 0.068 0.088 0.100 0.114 0.129 0.082 0.120 0.081 
167      167    (0)    1 :  0.091 0.115 0.071 0.088 0.068 0.136 0.133 0.110 0.120 0.069 
168      168    (0)    1 :  0.090 0.078 0.063 0.080 0.230 0.084 0.086 0.113 0.121 0.056 
169      169    (0)    1 :  0.110 0.037 0.039 0.043 0.440 0.035 0.053 0.037 0.121 0.085 
170      170    (0)    1 :  0.102 0.092 0.163 0.124 0.054 0.118 0.067 0.115 0.082 0.084 
171      171    (0)    1 :  0.091 0.046 0.065 0.059 0.337 0.114 0.060 0.050 0.099 0.076 
172      172    (0)    1 :  0.061 0.051 0.186 0.082 0.101 0.098 0.053 0.055 0.062 0.251 
173      173    (2)    1 :  0.106 0.049 0.067 0.057 0.342 0.025 0.056 0.054 0.112 0.133 
174      174    (0)    1 :  0.152 0.147 0.073 0.162 0.039 0.037 0.124 0.149 0.086 0.031 
175      175    (0)    1 :  0.095 0.094 0.145 0.113 0.052 0.119 0.095 0.092 0.095 0.098 
176      176    (0)    1 :  0.179 0.144 0.077 0.156 0.048 0.040 0.113 0.141 0.046 0.056 
177      177    (5)    1 :  0.089 0.096 0.153 0.107 0.049 0.093 0.080 0.094 0.099 0.141 
178      178    (0)    1 :  0.100 0.113 0.072 0.080 0.106 0.093 0.127 0.104 0.126 0.078 
179      179    (5)    1 :  0.128 0.075 0.078 0.083 0.184 0.109 0.074 0.083 0.113 0.074 
180      180    (8)    1 :  0.102 0.127 0.077 0.092 0.070 0.072 0.137 0.133 0.116 0.075 
181      181    (0)    1 :  0.103 0.107 0.085 0.118 0.104 0.065 0.108 0.105 0.135 0.068 
182      182    (2)    1 :  0.085 0.084 0.138 0.096 0.091 0.082 0.075 0.080 0.093 0.176 
183      183    (0)    1 :  0.049 0.042 0.241 0.110 0.039 0.038 0.042 0.048 0.045 0.345 
184      184    (0)    1 :  0.096 0.098 0.095 0.091 0.101 0.071 0.110 0.109 0.134 0.097 
185      185    (0)    1 :  0.113 0.107 0.086 0.101 0.056 0.118 0.113 0.139 0.110 0.056 
186      186    (0)    1 :  0.092 0.101 0.085 0.077 0.144 0.099 0.106 0.112 0.117 0.068 
187      187    (2)    1 :  0.096 0.100 0.085 0.070 0.080 0.132 0.140 0.078 0.098 0.120 
188      188    (0)    1 :  0.080 0.055 0.140 0.083 0.147 0.106 0.058 0.084 0.078 0.170 
189      189    (2)    1 :  0.106 0.048 0.034 0.044 0.422 0.031 0.064 0.047 0.123 0.081 
190      190    (0)    1 :  0.069 0.094 0.126 0.116 0.091 0.050 0.083 0.100 0.098 0.173 
191      191    (0)    1 :  0.106 0.094 0.100 0.107 0.104 0.053 0.106 0.096 0.121 0.113 
192      192    (0)    1 :  0.083 0.062 0.128 0.099 0.130 0.159 0.077 0.076 0.090 0.097 
193      193    (0)    1 :  0.126 0.158 0.049 0.106 0.060 0.046 0.114 0.159 0.143 0.039 
194      194    (2)    1 :  0.129 0.130 0.098 0.146 0.050 0.031 0.125 0.118 0.090 0.082 
195      195    (0)    1 :  0.113 0.134 0.064 0.076 0.053 0.194 0.112 0.107 0.077 0.069 
196      196    (0)    1 :  0.090 0.104 0.134 0.111 0.047 0.081 0.074 0.109 0.096 0.154 
197      197    (0)    1 :  0.057 0.068 0.197 0.087 0.037 0.059 0.073 0.055 0.047 0.320 
198      198    (2)    1 :  0.096 0.098 0.149 0.124 0.073 0.068 0.070 0.102 0.104 0.116 
199      199    (0)    1 :  0.115 0.108 0.090 0.116 0.065 0.104 0.103 0.117 0.126 0.057 
200      200    (2)    1 :  0.101 0.033 0.043 0.041 0.465 0.041 0.043 0.036 0.112 0.086 
201      201    (2)    1 :  0.077 0.116 0.067 0.089 0.087 0.175 0.105 0.113 0.108 0.064 
202      202    (2)    1 :  0.091 0.072 0.121 0.093 0.162 0.075 0.076 0.075 0.106 0.129 
203      203    (0)    1 :  0.098 0.118 0.080 0.103 0.094 0.063 0.107 0.125 0.142 0.070 
204      204    (0)    1 :  0.089 0.073 0.087 0.082 0.180 0.146 0.084 0.075 0.107 0.077 
205      205    (0)    1 :  0.114 0.082 0.093 0.103 0.121 0.100 0.089 0.115 0.108 0.075 
206      206    (0)    1 :  0.155 0.151 0.075 0.169 0.053 0.027 0.114 0.138 0.067 0.050 
207      207    (0)    1 :  0.185 0.137 0.081 0.172 0.037 0.037 0.115 0.145 0.044 0.048 
208      208    (0)    1 :  0.097 0.131 0.074 0.125 0.075 0.064 0.117 0.124 0.133 0.061 
209      209    (2)    1 :  0.082 0.088 0.169 0.126 0.054 0.051 0.078 0.088 0.079 0.185 
210      210    (0)    1 :  0.128 0.120 0.102 0.123 0.043 0.058 0.109 0.128 0.082 0.107 
211      211    (0)    1 :  0.072 0.139 0.056 0.118 0.090 0.059 0.118 0.146 0.148 0.054 
212      212    (0)    1 :  0.102 0.084 0.048 0.095 0.253 0.032 0.084 0.104 0.122 0.076 
213      213    (2)    1 :  0.036 0.037 0.259 0.095 0.024 0.029 0.040 0.036 0.031 0.412 
214      214    (2)    1 :  0.141 0.139 0.076 0.170 0.054 0.041 0.117 0.138 0.079 0.044 
215      215    (0)    1 :  0.119 0.121 0.116 0.142 0.053 0.055 0.092 0.124 0.099 0.080 
216      216    (0)    1 :  0.057 0.058 0.139 0.095 0.047 0.347 0.052 0.089 0.053 0.062 
217      217    (0)    1 :  0.103 0.070 0.068 0.061 0.247 0.091 0.082 0.062 0.111 0.105 
218      218    (2)    1 :  0.095 0.117 0.067 0.088 0.078 0.115 0.124 0.146 0.122 0.049 
219      219    (0)    1 :  0.075 0.095 0.141 0.106 0.058 0.079 0.083 0.085 0.097 0.182 
220      220    (0)    1 :  0.134 0.115 0.101 0.135 0.067 0.058 0.106 0.123 0.097 0.065 
221      221    (2)    1 :  0.065 0.074 0.166 0.087 0.056 0.083 0.076 0.068 0.079 0.245 
222      222    (0)    1 :  0.100 0.146 0.059 0.128 0.058 0.033 0.118 0.157 0.162 0.040 
223      223    (0)    1 :  0.095 0.113 0.111 0.113 0.067 0.070 0.081 0.130 0.115 0.106 
224      224    (0)    1 :  0.062 0.108 0.102 0.108 0.069 0.137 0.092 0.119 0.101 0.103 
225      225    (0)    1 :  0.098 0.139 0.057 0.091 0.067 0.091 0.150 0.132 0.113 0.063 
226      226    (0)    1 :  0.088 0.077 0.173 0.125 0.052 0.115 0.071 0.099 0.077 0.125 
227      227    (0)    1 :  0.101 0.094 0.137 0.113 0.073 0.086 0.084 0.116 0.103 0.093 
228      228    (0)    1 :  0.059 0.061 0.186 0.093 0.069 0.057 0.061 0.064 0.076 0.274 
229      229    (2)    1 :  0.098 0.106 0.059 0.060 0.160 0.098 0.147 0.076 0.099 0.098 
230      230    (0)    1 :  0.104 0.104 0.081 0.096 0.112 0.106 0.123 0.086 0.117 0.073 
231      231    (0)    1 :  0.102 0.100 0.120 0.100 0.102 0.078 0.086 0.095 0.111 0.106 
232      232    (2)    1 :  0.108 0.113 0.077 0.095 0.102 0.069 0.125 0.098 0.144 0.068 
233      233    (0)    1 :  0.079 0.091 0.095 0.058 0.038 0.350 0.076 0.075 0.058 0.080 
234      234    (5)    1 :  0.052 0.037 0.186 0.108 0.056 0.221 0.039 0.086 0.041 0.174 
235      235    (0)    1 :  0.093 0.072 0.171 0.118 0.056 0.070 0.072 0.075 0.069 0.203 
236      236    (0)    1 :  0.078 0.069 0.195 0.108 0.036 0.057 0.071 0.069 0.081 0.235 
237      237    (0)    1 :  0.150 0.121 0.122 0.160 0.026 0.052 0.093 0.114 0.039 0.121 
238      238    (0)    1 :  0.124 0.110 0.124 0.138 0.064 0.075 0.078 0.118 0.097 0.073 
239      239    (0)    1 :  0.110 0.088 0.073 0.092 0.184 0.075 0.085 0.114 0.123 0.057 
240      240    (0)    1 :  0.105 0.103 0.068 0.088 0.083 0.166 0.107 0.083 0.120 0.079 
241      241    (0)    1 :  0.093 0.089 0.128 0.112 0.061 0.197 0.068 0.124 0.072 0.054 
242      242    (0)    1 :  0.093 0.084 0.123 0.100 0.085 0.150 0.078 0.081 0.096 0.110 
243      243    (0)    1 :  0.144 0.132 0.110 0.140 0.034 0.054 0.097 0.121 0.064 0.103 
244      244    (2)    1 :  0.066 0.048 0.158 0.117 0.073 0.284 0.046 0.094 0.048 0.065 
245      245    (2)    1 :  0.053 0.095 0.137 0.069 0.047 0.113 0.135 0.080 0.058 0.214 
246      246    (5)    1 :  0.101 0.109 0.051 0.045 0.166 0.132 0.144 0.073 0.088 0.092 
247      247    (0)    1 :  0.088 0.056 0.054 0.053 0.365 0.060 0.074 0.060 0.112 0.079 
248      248    (2)    1 :  0.056 0.059 0.225 0.126 0.047 0.087 0.045 0.082 0.062 0.210 
249      249    (0)    1 :  0.130 0.132 0.074 0.087 0.059 0.083 0.150 0.105 0.089 0.090 
250      250    (0)    1 :  0.118 0.094 0.096 0.111 0.118 0.087 0.098 0.111 0.099 0.068 
251      251    (0)    1 :  0.113 0.104 0.120 0.108 0.048 0.139 0.079 0.112 0.091 0.086 
252      252    (0)    1 :  0.124 0.134 0.073 0.128 0.043 0.080 0.138 0.127 0.089 0.063 
253      253    (2)    1 :  0.077 0.065 0.140 0.118 0.110 0.178 0.060 0.097 0.075 0.080 
254      254    (0)    1 :  0.112 0.129 0.074 0.164 0.084 0.035 0.119 0.142 0.098 0.043 
255      255    (0)    1 :  0.111 0.129 0.068 0.094 0.069 0.096 0.138 0.114 0.094 0.087 
256      256    (2)    1 :  0.039 0.037 0.251 0.092 0.032 0.024 0.036 0.038 0.042 0.409 
257      257    (0)    1 :  0.056 0.122 0.071 0.141 0.110 0.029 0.121 0.135 0.165 0.049 
258      258    (0)    1 :  0.089 0.088 0.151 0.121 0.055 0.074 0.077 0.091 0.068 0.187 
259      259    (2)    1 :  0.137 0.134 0.078 0.157 0.061 0.044 0.095 0.147 0.098 0.049 
260      260    (5)    1 :  0.170 0.139 0.064 0.159 0.067 0.026 0.107 0.156 0.071 0.041 


Estimated Allele Frequencies in each cluster
First column gives estimated ancestral frequencies


Locus 1 : 
3 alleles
0.4% missing data
 197   (0.377) 0.401 0.396 0.378 0.376 0.307 0.419 0.398 0.358 0.335 0.410 
 201   (0.610) 0.596 0.601 0.620 0.621 0.691 0.579 0.598 0.640 0.660 0.588 
 199   (0.013) 0.003 0.004 0.003 0.003 0.002 0.002 0.004 0.002 0.006 0.002 

Locus 2 : 
2 alleles
0.0% missing data
 209   (0.395) 0.340 0.371 0.320 0.346 0.348 0.324 0.388 0.376 0.401 0.306 
 211   (0.605) 0.660 0.629 0.680 0.654 0.652 0.676 0.612 0.624 0.599 0.694 

Locus 3 : 
3 alleles
1.2% missing data
 281   (0.804) 0.872 0.851 0.837 0.853 0.917 0.866 0.858 0.855 0.836 0.840 
 299   (0.184) 0.125 0.146 0.159 0.144 0.080 0.129 0.138 0.142 0.159 0.158 
 304   (0.013) 0.003 0.003 0.003 0.004 0.002 0.004 0.004 0.003 0.005 0.002 

Locus 4 : 
2 alleles
0.0% missing data
 155   (0.868) 0.909 0.902 0.527 0.766 0.948 0.710 0.931 0.857 0.907 0.499 
 157   (0.132) 0.091 0.098 0.473 0.234 0.052 0.290 0.069 0.143 0.093 0.501 

Locus 5 : 
2 alleles
0.0% missing data
 265   (0.870) 0.909 0.904 0.527 0.766 0.948 0.710 0.933 0.857 0.907 0.499 
 267   (0.130) 0.091 0.096 0.473 0.234 0.052 0.290 0.067 0.143 0.093 0.501 

Locus 6 : 
2 alleles
0.4% missing data
 172   (0.926) 0.953 0.951 0.944 0.944 0.948 0.980 0.951 0.949 0.930 0.934 
 158   (0.074) 0.047 0.049 0.056 0.056 0.052 0.020 0.049 0.051 0.070 0.066 

Locus 7 : 
3 alleles
0.0% missing data
 184   (0.538) 0.601 0.598 0.584 0.585 0.660 0.653 0.587 0.607 0.581 0.578 
 188   (0.376) 0.331 0.335 0.367 0.360 0.296 0.308 0.333 0.332 0.358 0.370 
 192   (0.086) 0.069 0.067 0.049 0.056 0.043 0.040 0.080 0.061 0.061 0.052 

Locus 8 : 
2 alleles
0.0% missing data
 238   (0.758) 0.807 0.813 0.803 0.790 0.670 0.850 0.803 0.787 0.753 0.825 
 236   (0.242) 0.193 0.187 0.197 0.210 0.330 0.150 0.197 0.213 0.247 0.175 

Locus 9 : 
3 alleles
0.0% missing data
 257   (0.462) 0.442 0.501 0.433 0.462 0.301 0.431 0.490 0.500 0.456 0.429 
 263   (0.450) 0.466 0.424 0.516 0.469 0.641 0.509 0.433 0.439 0.481 0.518 
 265   (0.088) 0.092 0.076 0.051 0.068 0.058 0.060 0.077 0.061 0.063 0.052 

Locus 10 : 
4 alleles
1.5% missing data
 271   (0.145) 0.110 0.131 0.094 0.106 0.093 0.157 0.134 0.116 0.123 0.082 
 273   (0.241) 0.253 0.255 0.232 0.237 0.252 0.163 0.269 0.228 0.232 0.295 
 267   (0.601) 0.634 0.611 0.671 0.654 0.653 0.677 0.592 0.654 0.640 0.619 
 265   (0.013) 0.003 0.004 0.003 0.003 0.002 0.002 0.005 0.003 0.005 0.003 

Locus 11 : 
2 alleles
0.4% missing data
 287   (0.843) 0.884 0.868 0.906 0.884 0.878 0.882 0.869 0.876 0.848 0.914 
 285   (0.157) 0.116 0.132 0.094 0.116 0.122 0.118 0.131 0.124 0.152 0.086 

Locus 12 : 
3 alleles
0.4% missing data
 279   (0.535) 0.583 0.588 0.568 0.617 0.471 0.449 0.562 0.589 0.548 0.559 
 281   (0.445) 0.411 0.404 0.427 0.376 0.525 0.547 0.428 0.404 0.441 0.436 
 277   (0.020) 0.007 0.008 0.005 0.007 0.004 0.004 0.010 0.007 0.011 0.005 

Locus 13 : 
2 alleles
5.4% missing data
 248   (0.629) 0.662 0.611 0.678 0.644 0.556 0.532 0.601 0.603 0.599 0.735 
 250   (0.371) 0.338 0.389 0.322 0.356 0.444 0.468 0.399 0.397 0.401 0.265 

Locus 14 : 
2 alleles
0.0% missing data
 133   (0.861) 0.905 0.926 0.855 0.893 0.798 0.881 0.921 0.918 0.882 0.866 
 135   (0.139) 0.095 0.074 0.145 0.107 0.202 0.119 0.079 0.082 0.118 0.134 

Locus 15 : 
3 alleles
0.4% missing data
 152   (0.608) 0.574 0.586 0.667 0.628 0.606 0.633 0.601 0.601 0.611 0.661 
 154   (0.380) 0.423 0.410 0.331 0.368 0.392 0.365 0.393 0.396 0.384 0.337 
 156   (0.012) 0.003 0.004 0.003 0.003 0.002 0.002 0.005 0.003 0.005 0.003 

Locus 16 : 
3 alleles
0.0% missing data
 176   (0.571) 0.639 0.630 0.631 0.628 0.574 0.623 0.645 0.595 0.556 0.673 
 180   (0.371) 0.335 0.327 0.322 0.330 0.394 0.320 0.308 0.361 0.394 0.283 
 182   (0.058) 0.026 0.043 0.046 0.043 0.031 0.057 0.048 0.044 0.051 0.044 

Locus 17 : 
2 alleles
2.3% missing data
 196   (0.638) 0.538 0.596 0.626 0.565 0.833 0.424 0.650 0.609 0.716 0.753 
 198   (0.362) 0.462 0.404 0.374 0.435 0.167 0.576 0.350 0.391 0.284 0.247 

Locus 18 : 
4 alleles
0.4% missing data
 141   (0.330) 0.332 0.315 0.341 0.348 0.243 0.305 0.303 0.318 0.295 0.307 
 145   (0.475) 0.535 0.522 0.471 0.467 0.616 0.449 0.523 0.508 0.512 0.537 
 139   (0.184) 0.130 0.159 0.185 0.181 0.138 0.244 0.170 0.172 0.188 0.154 
 143   (0.012) 0.003 0.003 0.003 0.003 0.003 0.003 0.004 0.002 0.005 0.003 

Locus 19 : 
2 alleles
0.0% missing data
 103   (0.121) 0.100 0.098 0.103 0.097 0.049 0.084 0.096 0.108 0.094 0.089 
 105   (0.879) 0.900 0.902 0.897 0.903 0.951 0.916 0.904 0.892 0.906 0.911 

Locus 20 : 
3 alleles
2.7% missing data
 162   (0.509) 0.480 0.487 0.537 0.485 0.429 0.515 0.484 0.487 0.473 0.573 
 154   (0.474) 0.514 0.508 0.459 0.509 0.562 0.482 0.510 0.510 0.519 0.422 
 160   (0.016) 0.006 0.005 0.004 0.005 0.008 0.002 0.006 0.003 0.008 0.005 

Locus 21 : 
2 alleles
1.2% missing data
 203   (0.804) 0.867 0.867 0.764 0.821 0.846 0.739 0.864 0.847 0.851 0.805 
 205   (0.196) 0.133 0.133 0.236 0.179 0.154 0.261 0.136 0.153 0.149 0.195 

Locus 22 : 
3 alleles
1.9% missing data
 201   (0.485) 0.532 0.514 0.522 0.499 0.463 0.540 0.496 0.507 0.488 0.521 
 207   (0.414) 0.408 0.414 0.377 0.425 0.494 0.426 0.420 0.426 0.435 0.349 
 203   (0.102) 0.061 0.072 0.102 0.075 0.043 0.035 0.085 0.067 0.077 0.130 

Locus 23 : 
3 alleles
0.0% missing data
 138   (0.301) 0.241 0.250 0.311 0.249 0.311 0.156 0.269 0.238 0.301 0.391 
 148   (0.621) 0.709 0.684 0.622 0.671 0.650 0.755 0.670 0.684 0.627 0.570 
 146   (0.078) 0.050 0.066 0.067 0.080 0.039 0.088 0.061 0.078 0.072 0.039 

Locus 24 : 
3 alleles
0.4% missing data
 111   (0.370) 0.307 0.345 0.373 0.348 0.314 0.425 0.355 0.341 0.379 0.370 
 115   (0.415) 0.473 0.465 0.389 0.421 0.470 0.323 0.474 0.444 0.431 0.420 
 113   (0.215) 0.220 0.190 0.238 0.230 0.216 0.252 0.171 0.215 0.190 0.210 

Locus 25 : 
2 alleles
0.8% missing data
 129   (0.962) 0.977 0.975 0.982 0.976 0.985 0.979 0.975 0.967 0.966 0.989 
 127   (0.038) 0.023 0.025 0.018 0.024 0.015 0.021 0.025 0.033 0.034 0.011 

Locus 26 : 
3 alleles
0.8% missing data
 137   (0.511) 0.550 0.563 0.512 0.574 0.447 0.535 0.540 0.577 0.536 0.441 
 141   (0.473) 0.444 0.432 0.485 0.422 0.541 0.463 0.454 0.420 0.456 0.555 
 139   (0.016) 0.005 0.005 0.004 0.004 0.013 0.003 0.006 0.003 0.008 0.004 

Locus 27 : 
2 alleles
3.8% missing data
 180   (0.569) 0.630 0.626 0.622 0.619 0.495 0.661 0.616 0.623 0.551 0.615 
 182   (0.431) 0.370 0.374 0.378 0.381 0.505 0.339 0.384 0.377 0.449 0.385 

Locus 28 : 
3 alleles
1.5% missing data
 124   (0.351) 0.353 0.295 0.321 0.323 0.718 0.582 0.317 0.298 0.410 0.318 
 128   (0.628) 0.640 0.694 0.673 0.670 0.279 0.412 0.670 0.694 0.580 0.677 
 126   (0.022) 0.008 0.012 0.005 0.007 0.004 0.006 0.013 0.007 0.010 0.005 

Locus 29 : 
5 alleles
1.5% missing data
 153   (0.470) 0.422 0.327 0.455 0.416 0.693 0.434 0.317 0.404 0.466 0.361 
 145   (0.219) 0.193 0.284 0.220 0.137 0.109 0.476 0.334 0.192 0.190 0.296 
 157   (0.279) 0.376 0.378 0.317 0.438 0.193 0.085 0.338 0.397 0.329 0.337 
 151   (0.013) 0.003 0.004 0.003 0.004 0.002 0.002 0.004 0.003 0.006 0.002 
 155   (0.019) 0.006 0.006 0.006 0.006 0.004 0.003 0.007 0.004 0.009 0.005 

Locus 30 : 
2 alleles
1.9% missing data
 161   (0.771) 0.838 0.821 0.793 0.821 0.878 0.822 0.814 0.825 0.815 0.801 
 167   (0.229) 0.162 0.179 0.207 0.179 0.122 0.178 0.186 0.175 0.185 0.199 

Locus 31 : 
2 alleles
1.5% missing data
 176   (0.667) 0.716 0.708 0.687 0.671 0.632 0.714 0.690 0.657 0.650 0.736 
 178   (0.333) 0.284 0.292 0.313 0.329 0.368 0.286 0.310 0.343 0.350 0.264 

Locus 32 : 
3 alleles
0.4% missing data
 123   (0.496) 0.432 0.339 0.465 0.424 0.700 0.437 0.333 0.408 0.478 0.373 
 121   (0.262) 0.220 0.310 0.245 0.166 0.128 0.485 0.355 0.219 0.220 0.318 
 119   (0.242) 0.347 0.351 0.290 0.410 0.173 0.078 0.312 0.372 0.301 0.309 

Locus 33 : 
2 alleles
0.8% missing data
 129   (0.775) 0.790 0.808 0.773 0.776 0.783 0.865 0.822 0.810 0.791 0.761 
 131   (0.225) 0.210 0.192 0.227 0.224 0.217 0.135 0.178 0.190 0.209 0.239 

Locus 34 : 
4 alleles
0.4% missing data
 122   (0.151) 0.194 0.176 0.153 0.207 0.107 0.078 0.146 0.183 0.155 0.126 
 126   (0.703) 0.694 0.727 0.707 0.683 0.744 0.873 0.749 0.736 0.735 0.691 
 124   (0.102) 0.060 0.060 0.120 0.069 0.092 0.041 0.072 0.048 0.078 0.166 
 128   (0.044) 0.051 0.037 0.019 0.040 0.057 0.008 0.033 0.034 0.031 0.017 

Locus 35 : 
5 alleles
7.3% missing data
 243   (0.419) 0.402 0.509 0.363 0.370 0.259 0.603 0.475 0.501 0.473 0.309 
 231   (0.415) 0.422 0.384 0.408 0.479 0.279 0.319 0.394 0.393 0.350 0.309 
 237   (0.137) 0.167 0.097 0.218 0.141 0.457 0.073 0.120 0.099 0.164 0.373 
 245   (0.013) 0.003 0.004 0.004 0.004 0.002 0.002 0.005 0.002 0.006 0.003 
 233   (0.016) 0.005 0.006 0.007 0.007 0.003 0.004 0.006 0.005 0.007 0.006 

Values of parameters used in structure:
DATAFILE=/home/martin/bottleneck/structure_analysis/structure_4/data_job_T10_1,	OUTFILE=/home/martin/bottleneck/structure_analysis/structure_4/structure_results/nes/results_job_T10_1,	NUMINDS=260,	NUMLOCI=35,	MISSING=-9,	LABEL=1,	POPDATA=1,	POPFLAG=0,	PHENOTYPE=0,	EXTRACOLS=0,	MAXPOPS=10,	BURNIN=10000,	NUMREPS=100000,	USEPOPINFO=0,	INFERALPHA=1,	INFERLAMBDA=0,	POPSPECIFICLAMBDA=0,	POPALPHAS=0,	COMPUTEPROB=1,	NOADMIX=0,	ADMBURNIN=2500,	UPDATEFREQ=1,	PRINTLIKES=0,	INTERMEDSAVE=0,	PRINTKLD=0,	PRINTNET=0,	PRINTLAMBDA=0,	ANCESTDIST=0,	NUMBOXES=1000,	ANCESTPINT=0.90000,	GENSBACK=2,	MIGRPRIOR=0.05000,	PRINTQHAT=1,	PRINTQSUM=0,	ALPHA=1.0000,	FREQSCORR=1,	FPRIORMEAN=0.0100,	FPRIORSD=0.0500,	ONEFST=0,	LAMBDA=1.0000,	UNIFPRIORALPHA=1,	ALPHAMAX=10.0000,	ALPHAPRIORA=1.0000,	ALPHAPRIORB=2.0000,	ALPHAPROPSD=0.0250,	STARTATPOPINFO=0,	RANDOMIZE=1,	LINKAGE=0,	METROFREQ=10,	REPORTHITRATE=0,	MARKOVPHASE=-1,	PHASED=0,	PLOIDY=2,	PHASEINFO=0	LOCPRIOR=0, 	LOCPRIORINIT=1.000000, 	LOCDATA=0, 	LOCISPOP=0, 	LOCPRIORSTEP=0.100000, 	MAXLOCPRIOR=20.000000, 	SEED=1470607180,	
[STRAT parameters]:    NUMSIMSTATS=1000,	PHENOTYPECOL=-9,	POOLFREQ=10,	LOCUSxONLY=0,	EMERROR=0.00100,	MISSINGPHENO=-9,	