

----------------------------------------------------
STRUCTURE by Pritchard, Stephens and Donnelly (2000)
     and Falush, Stephens and Pritchard (2003)
       Code by Pritchard, Falush and Hubisz
             Version 2.3.4 (Jul 2012)
----------------------------------------------------



Command line arguments:   /usr/local/bin/structure -m parameter_job_T7_4 
Input File:    /home/martin/bottleneck/structure_analysis/structure_4/data_job_T7_4

Run parameters:
   260 individuals
   35 loci
   7 populations assumed
   10000 Burn-in period
   100000 Reps


--------------------------------------------
Proportion of membership of each pre-defined
 population in each of the 7 clusters

Given    Inferred Clusters                                   Number of
 Pop       1      2      3      4      5      6      7      Individuals

  1:     0.141  0.139  0.141  0.142  0.144  0.145  0.148      260
--------------------------------------------

Allele-freq. divergence among pops (Net nucleotide distance),
computed using point estimates of P.

      1       2       3       4       5       6       7      
 1      -    0.0184  0.0058  0.0043  0.0236  0.0084  0.0146  
 2   0.0184     -    0.0144  0.0249  0.0409  0.0187  0.0379  
 3   0.0058  0.0144     -    0.0082  0.0146  0.0054  0.0293  
 4   0.0043  0.0249  0.0082     -    0.0297  0.0152  0.0242  
 5   0.0236  0.0409  0.0146  0.0297     -    0.0197  0.0525  
 6   0.0084  0.0187  0.0054  0.0152  0.0197     -    0.0365  
 7   0.0146  0.0379  0.0293  0.0242  0.0525  0.0365     -    

Average distances (expected heterozygosity) between individuals in same cluster:
cluster  1  : 0.4198 
cluster  2  : 0.4287 
cluster  3  : 0.4289 
cluster  4  : 0.4024 
cluster  5  : 0.3790 
cluster  6  : 0.4195 
cluster  7  : 0.3680 

--------------------------------------------
Estimated Ln Prob of Data   = -12342.7
Mean value of ln likelihood = -11372.6
Variance of ln likelihood   = 1940.1
Mean value of alpha         = 0.1913

Mean value of Fst_1         = 0.1381
Mean value of Fst_2         = 0.1413
Mean value of Fst_3         = 0.1536
Mean value of Fst_4         = 0.1564
Mean value of Fst_5         = 0.1711
Mean value of Fst_6         = 0.1536
Mean value of Fst_7         = 0.1876


Inferred ancestry of individuals:
        Label (%Miss) Pop:  Inferred clusters
  1        1    (0)    1 :  0.172 0.083 0.100 0.085 0.138 0.318 0.104 
  2        2    (0)    1 :  0.087 0.040 0.298 0.224 0.039 0.286 0.026 
  3        3    (0)    1 :  0.090 0.042 0.295 0.226 0.038 0.282 0.027 
  4        4    (0)    1 :  0.202 0.161 0.127 0.108 0.041 0.114 0.247 
  5        5    (0)    1 :  0.211 0.089 0.143 0.341 0.035 0.060 0.122 
  6        6    (0)    1 :  0.078 0.047 0.166 0.139 0.449 0.092 0.029 
  7        7    (0)    1 :  0.075 0.441 0.198 0.073 0.039 0.100 0.074 
  8        8    (2)    1 :  0.088 0.058 0.171 0.125 0.402 0.097 0.058 
  9        9    (0)    1 :  0.158 0.054 0.081 0.103 0.059 0.085 0.459 
 10       10    (0)    1 :  0.136 0.062 0.189 0.247 0.095 0.192 0.080 
 11       11    (0)    1 :  0.195 0.096 0.144 0.318 0.036 0.076 0.136 
 12       12    (0)    1 :  0.060 0.038 0.167 0.061 0.550 0.084 0.041 
 13       13    (2)    1 :  0.055 0.046 0.141 0.053 0.588 0.032 0.084 
 14       14    (0)    1 :  0.122 0.060 0.169 0.193 0.298 0.102 0.055 
 15       15    (0)    1 :  0.177 0.042 0.057 0.098 0.042 0.042 0.541 
 16       16    (0)    1 :  0.166 0.109 0.105 0.145 0.140 0.208 0.128 
 17       17    (0)    1 :  0.046 0.580 0.171 0.038 0.056 0.090 0.020 
 18       18    (0)    1 :  0.111 0.058 0.134 0.066 0.431 0.109 0.091 
 19       19    (0)    1 :  0.118 0.068 0.159 0.114 0.308 0.108 0.125 
 20       20    (2)    1 :  0.107 0.451 0.146 0.091 0.040 0.071 0.093 
 21       21    (0)    1 :  0.107 0.296 0.131 0.075 0.143 0.145 0.103 
 22       22    (0)    1 :  0.118 0.066 0.276 0.188 0.052 0.246 0.054 
 23       23    (0)    1 :  0.203 0.043 0.094 0.136 0.088 0.072 0.365 
 24       24    (0)    1 :  0.143 0.176 0.117 0.058 0.183 0.258 0.066 
 25       25    (2)    1 :  0.192 0.096 0.126 0.352 0.035 0.143 0.056 
 26       26    (2)    1 :  0.197 0.110 0.116 0.233 0.057 0.086 0.200 
 27       27    (0)    1 :  0.200 0.150 0.120 0.243 0.136 0.090 0.061 
 28       28    (0)    1 :  0.207 0.080 0.139 0.227 0.114 0.081 0.151 
 29       29    (0)    1 :  0.209 0.108 0.135 0.206 0.098 0.193 0.051 
 30       30    (2)    1 :  0.162 0.068 0.179 0.214 0.071 0.238 0.068 
 31       31    (0)    1 :  0.129 0.231 0.137 0.107 0.155 0.174 0.066 
 32       32    (0)    1 :  0.169 0.055 0.105 0.064 0.192 0.366 0.049 
 33       33    (0)    1 :  0.092 0.304 0.165 0.135 0.069 0.095 0.140 
 34       34    (0)    1 :  0.164 0.099 0.145 0.258 0.118 0.111 0.104 
 35       35    (0)    1 :  0.160 0.090 0.141 0.074 0.114 0.388 0.032 
 36       36    (0)    1 :  0.191 0.078 0.117 0.137 0.124 0.098 0.255 
 37       37    (0)    1 :  0.100 0.064 0.321 0.163 0.086 0.244 0.023 
 38       38    (0)    1 :  0.213 0.142 0.112 0.315 0.066 0.115 0.037 
 39       39    (5)    1 :  0.206 0.046 0.130 0.181 0.090 0.052 0.296 
 40       40    (2)    1 :  0.184 0.096 0.128 0.223 0.138 0.145 0.085 
 41       41    (0)    1 :  0.047 0.036 0.167 0.039 0.625 0.046 0.040 
 42       42    (2)    1 :  0.162 0.077 0.094 0.077 0.243 0.292 0.056 
 43       43    (0)    1 :  0.122 0.120 0.220 0.234 0.027 0.197 0.080 
 44       44    (0)    1 :  0.133 0.163 0.149 0.092 0.094 0.300 0.068 
 45       45    (0)    1 :  0.083 0.201 0.269 0.141 0.051 0.226 0.029 
 46       46    (0)    1 :  0.187 0.128 0.135 0.270 0.124 0.070 0.087 
 47       47    (0)    1 :  0.075 0.065 0.285 0.116 0.230 0.192 0.038 
 48       48    (0)    1 :  0.126 0.074 0.212 0.233 0.109 0.208 0.039 
 49       49    (0)    1 :  0.204 0.109 0.131 0.262 0.087 0.094 0.112 
 50       50    (0)    1 :  0.236 0.094 0.153 0.343 0.035 0.071 0.069 
 51       51    (0)    1 :  0.048 0.408 0.194 0.039 0.179 0.086 0.046 
 52       52    (0)    1 :  0.189 0.056 0.068 0.082 0.060 0.058 0.488 
 53       53    (2)    1 :  0.093 0.123 0.157 0.068 0.305 0.211 0.045 
 54       54    (0)    1 :  0.160 0.066 0.150 0.157 0.087 0.279 0.101 
 55       55    (0)    1 :  0.202 0.105 0.127 0.252 0.044 0.086 0.184 
 56       56    (0)    1 :  0.229 0.083 0.167 0.292 0.048 0.093 0.089 
 57       57    (0)    1 :  0.103 0.078 0.221 0.281 0.051 0.246 0.020 
 58       58    (0)    1 :  0.099 0.178 0.255 0.174 0.061 0.183 0.049 
 59       59    (0)    1 :  0.206 0.057 0.092 0.146 0.090 0.094 0.315 
 60       60    (0)    1 :  0.166 0.108 0.128 0.203 0.132 0.210 0.053 
 61       61    (0)    1 :  0.141 0.097 0.142 0.083 0.257 0.212 0.068 
 62       62    (2)    1 :  0.217 0.094 0.116 0.304 0.027 0.080 0.162 
 63       63    (0)    1 :  0.183 0.056 0.079 0.039 0.144 0.464 0.036 
 64       64    (2)    1 :  0.216 0.063 0.120 0.205 0.103 0.105 0.189 
 65       65    (2)    1 :  0.094 0.109 0.135 0.153 0.349 0.083 0.078 
 66       66    (8)    1 :  0.106 0.047 0.077 0.036 0.167 0.048 0.520 
 67       67    (5)    1 :  0.137 0.102 0.101 0.075 0.225 0.058 0.303 
 68       68    (0)    1 :  0.140 0.164 0.104 0.104 0.138 0.067 0.282 
 69       69    (2)    1 :  0.084 0.385 0.162 0.092 0.111 0.072 0.093 
 70       70    (2)    1 :  0.195 0.040 0.110 0.232 0.066 0.046 0.310 
 71       71    (0)    1 :  0.161 0.099 0.190 0.219 0.066 0.212 0.052 
 72       72    (0)    1 :  0.167 0.061 0.122 0.214 0.069 0.064 0.304 
 73       73    (0)    1 :  0.224 0.184 0.111 0.323 0.032 0.088 0.038 
 74       74    (0)    1 :  0.155 0.206 0.121 0.085 0.109 0.273 0.050 
 75       75    (5)    1 :  0.176 0.059 0.159 0.345 0.041 0.094 0.125 
 76       76    (8)    1 :  0.070 0.512 0.149 0.066 0.038 0.061 0.104 
 77       77    (8)    1 :  0.138 0.423 0.143 0.088 0.048 0.075 0.085 
 78       78    (0)    1 :  0.174 0.070 0.148 0.381 0.066 0.083 0.078 
 79       79    (0)    1 :  0.196 0.099 0.110 0.401 0.033 0.109 0.051 
 80       80    (5)    1 :  0.199 0.061 0.101 0.208 0.057 0.046 0.328 
 81       81    (0)    1 :  0.132 0.055 0.104 0.056 0.313 0.282 0.058 
 82       82    (0)    1 :  0.205 0.106 0.122 0.243 0.047 0.099 0.180 
 83       83    (0)    1 :  0.163 0.077 0.096 0.259 0.033 0.064 0.308 
 84       84    (0)    1 :  0.115 0.043 0.257 0.195 0.124 0.210 0.056 
 85       85    (0)    1 :  0.063 0.039 0.179 0.065 0.518 0.084 0.052 
 86       86    (0)    1 :  0.066 0.189 0.192 0.094 0.335 0.100 0.024 
 87       87    (2)    1 :  0.189 0.067 0.110 0.197 0.056 0.039 0.342 
 88       88    (2)    1 :  0.188 0.088 0.137 0.201 0.077 0.233 0.077 
 89       89    (2)    1 :  0.044 0.136 0.172 0.045 0.510 0.066 0.027 
 90       90    (0)    1 :  0.105 0.040 0.206 0.264 0.126 0.214 0.045 
 91       91    (0)    1 :  0.098 0.039 0.124 0.043 0.440 0.216 0.041 
 92       92    (0)    1 :  0.119 0.155 0.238 0.210 0.034 0.190 0.054 
 93       93    (0)    1 :  0.118 0.248 0.163 0.095 0.105 0.228 0.043 
 94       94    (0)    1 :  0.170 0.091 0.102 0.048 0.130 0.435 0.025 
 95       95    (0)    1 :  0.211 0.087 0.095 0.161 0.093 0.171 0.182 
 96       96    (0)    1 :  0.130 0.075 0.093 0.068 0.251 0.137 0.246 
 97       97    (0)    1 :  0.128 0.030 0.039 0.030 0.044 0.041 0.687 
 98       98    (2)    1 :  0.222 0.078 0.098 0.148 0.095 0.188 0.171 
 99       99    (2)    1 :  0.111 0.337 0.121 0.062 0.083 0.147 0.140 
100      100    (5)    1 :  0.153 0.221 0.111 0.160 0.070 0.063 0.223 
101      101    (0)    1 :  0.179 0.075 0.085 0.113 0.120 0.134 0.294 
102      102    (0)    1 :  0.129 0.071 0.114 0.081 0.249 0.147 0.210 
103      103    (0)    1 :  0.157 0.043 0.133 0.125 0.108 0.098 0.336 
104      104    (0)    1 :  0.141 0.183 0.110 0.088 0.085 0.141 0.252 
105      105    (0)    1 :  0.204 0.039 0.168 0.318 0.109 0.059 0.103 
106      106    (0)    1 :  0.159 0.079 0.094 0.250 0.032 0.065 0.320 
107      107    (2)    1 :  0.139 0.044 0.050 0.070 0.048 0.027 0.623 
108      108    (0)    1 :  0.106 0.086 0.130 0.081 0.323 0.092 0.181 
109      109    (8)    1 :  0.114 0.175 0.229 0.217 0.028 0.145 0.092 
110      110    (0)    1 :  0.082 0.289 0.147 0.056 0.202 0.136 0.087 
111      111    (0)    1 :  0.075 0.038 0.166 0.061 0.479 0.157 0.024 
112      112    (0)    1 :  0.072 0.045 0.156 0.109 0.489 0.075 0.055 
113      113    (0)    1 :  0.137 0.144 0.202 0.135 0.181 0.115 0.087 
114      114    (2)    1 :  0.115 0.052 0.215 0.201 0.117 0.248 0.053 
115      115    (0)    1 :  0.091 0.065 0.125 0.069 0.436 0.069 0.145 
116      116    (2)    1 :  0.163 0.110 0.165 0.145 0.143 0.238 0.036 
117      117    (0)    1 :  0.152 0.153 0.136 0.061 0.111 0.362 0.025 
118      118    (0)    1 :  0.158 0.069 0.142 0.245 0.054 0.106 0.226 
119      119    (0)    1 :  0.141 0.252 0.112 0.056 0.076 0.208 0.156 
120      120    (0)    1 :  0.184 0.234 0.107 0.092 0.072 0.220 0.090 
121      121    (2)    1 :  0.170 0.248 0.137 0.137 0.061 0.216 0.031 
122      122    (0)    1 :  0.164 0.168 0.175 0.106 0.058 0.138 0.191 
123      123    (0)    1 :  0.132 0.064 0.093 0.139 0.070 0.062 0.440 
124      124    (0)    1 :  0.119 0.169 0.147 0.084 0.205 0.162 0.114 
125      125    (0)    1 :  0.219 0.045 0.080 0.114 0.068 0.065 0.409 
126      126    (0)    1 :  0.074 0.385 0.164 0.068 0.161 0.102 0.046 
127      127    (0)    1 :  0.064 0.503 0.183 0.072 0.021 0.102 0.054 
128      128    (0)    1 :  0.158 0.048 0.059 0.075 0.050 0.075 0.536 
129      129    (2)    1 :  0.153 0.344 0.137 0.217 0.026 0.102 0.021 
130      130    (0)    1 :  0.091 0.062 0.133 0.113 0.437 0.051 0.114 
131      131    (0)    1 :  0.063 0.534 0.157 0.082 0.027 0.092 0.045 
132      132    (0)    1 :  0.210 0.102 0.138 0.111 0.112 0.244 0.084 
133      133    (8)    1 :  0.156 0.285 0.148 0.072 0.074 0.189 0.076 
134      134    (8)    1 :  0.133 0.049 0.133 0.104 0.197 0.085 0.300 
135      135    (0)    1 :  0.058 0.083 0.215 0.088 0.391 0.120 0.046 
136      136    (0)    1 :  0.083 0.067 0.145 0.142 0.440 0.081 0.042 
137      137    (0)    1 :  0.214 0.085 0.084 0.101 0.103 0.058 0.355 
138      138    (0)    1 :  0.135 0.118 0.158 0.098 0.071 0.224 0.196 
139      139    (5)    1 :  0.116 0.040 0.055 0.039 0.077 0.035 0.638 
140      140    (0)    1 :  0.158 0.043 0.055 0.059 0.070 0.052 0.563 
141      141    (0)    1 :  0.155 0.177 0.124 0.056 0.105 0.250 0.132 
142      142    (5)    1 :  0.077 0.037 0.144 0.050 0.452 0.096 0.145 
143      143    (0)    1 :  0.260 0.103 0.122 0.150 0.037 0.094 0.235 
144      144    (0)    1 :  0.169 0.216 0.126 0.249 0.040 0.161 0.040 
145      145    (0)    1 :  0.175 0.147 0.087 0.096 0.071 0.120 0.304 
146      146    (5)    1 :  0.213 0.068 0.143 0.361 0.042 0.049 0.125 
147      147    (0)    1 :  0.185 0.051 0.074 0.099 0.060 0.117 0.415 
148      148    (0)    1 :  0.081 0.037 0.186 0.098 0.372 0.152 0.074 
149      149    (2)    1 :  0.138 0.242 0.116 0.088 0.087 0.201 0.126 
150      150    (2)    1 :  0.177 0.090 0.084 0.032 0.122 0.452 0.042 
151      151    (0)    1 :  0.202 0.063 0.070 0.086 0.052 0.060 0.466 
152      152    (0)    1 :  0.184 0.081 0.099 0.121 0.093 0.159 0.262 
153      153    (0)    1 :  0.197 0.099 0.113 0.410 0.026 0.099 0.056 
154      154    (0)    1 :  0.081 0.077 0.164 0.043 0.432 0.175 0.028 
155      155   (14)    1 :  0.165 0.091 0.144 0.339 0.033 0.143 0.084 
156      156    (2)    1 :  0.240 0.050 0.125 0.196 0.076 0.097 0.215 
157      157    (2)    1 :  0.118 0.241 0.148 0.073 0.058 0.103 0.261 
158      158    (0)    1 :  0.176 0.079 0.128 0.217 0.071 0.150 0.179 
159      159    (0)    1 :  0.059 0.081 0.145 0.060 0.555 0.040 0.059 
160      160    (0)    1 :  0.120 0.073 0.158 0.184 0.239 0.137 0.089 
161      161    (0)    1 :  0.116 0.306 0.156 0.208 0.053 0.116 0.045 
162      162    (2)    1 :  0.163 0.096 0.108 0.151 0.163 0.251 0.067 
163      163    (0)    1 :  0.188 0.106 0.109 0.182 0.129 0.141 0.146 
164      164    (0)    1 :  0.138 0.104 0.180 0.087 0.145 0.314 0.032 
165      165    (0)    1 :  0.127 0.127 0.221 0.148 0.085 0.223 0.069 
166      166    (0)    1 :  0.126 0.074 0.170 0.222 0.201 0.149 0.059 
167      167    (0)    1 :  0.194 0.071 0.181 0.252 0.055 0.185 0.062 
168      168    (0)    1 :  0.107 0.049 0.113 0.039 0.367 0.295 0.030 
169      169    (0)    1 :  0.043 0.040 0.146 0.035 0.662 0.045 0.029 
170      170    (0)    1 :  0.140 0.157 0.122 0.047 0.110 0.357 0.067 
171      171    (0)    1 :  0.059 0.037 0.189 0.086 0.531 0.071 0.027 
172      172    (0)    1 :  0.070 0.411 0.189 0.069 0.124 0.119 0.019 
173      173    (2)    1 :  0.065 0.130 0.143 0.070 0.489 0.033 0.069 
174      174    (0)    1 :  0.154 0.040 0.070 0.115 0.026 0.047 0.549 
175      175    (0)    1 :  0.164 0.150 0.188 0.135 0.052 0.241 0.070 
176      176    (0)    1 :  0.132 0.066 0.060 0.067 0.064 0.042 0.568 
177      177    (5)    1 :  0.133 0.247 0.140 0.101 0.079 0.258 0.041 
178      178    (0)    1 :  0.167 0.112 0.118 0.139 0.173 0.249 0.042 
179      179    (5)    1 :  0.091 0.040 0.193 0.096 0.310 0.160 0.109 
180      180    (8)    1 :  0.211 0.111 0.116 0.297 0.050 0.079 0.135 
181      181    (0)    1 :  0.198 0.085 0.125 0.175 0.130 0.087 0.201 
182      182    (2)    1 :  0.107 0.308 0.161 0.099 0.118 0.133 0.075 
183      183    (0)    1 :  0.049 0.586 0.165 0.028 0.042 0.071 0.060 
184      184    (0)    1 :  0.188 0.157 0.107 0.069 0.164 0.258 0.057 
185      185    (0)    1 :  0.169 0.082 0.092 0.108 0.129 0.345 0.077 
186      186    (0)    1 :  0.176 0.075 0.107 0.074 0.217 0.311 0.040 
187      187    (2)    1 :  0.162 0.140 0.139 0.320 0.110 0.095 0.033 
188      188    (0)    1 :  0.093 0.284 0.160 0.049 0.216 0.157 0.041 
189      189    (2)    1 :  0.046 0.031 0.144 0.041 0.653 0.043 0.043 
190      190    (0)    1 :  0.138 0.266 0.150 0.148 0.062 0.055 0.181 
191      191    (0)    1 :  0.173 0.180 0.119 0.140 0.134 0.076 0.178 
192      192    (0)    1 :  0.091 0.142 0.209 0.131 0.242 0.151 0.034 
193      193    (0)    1 :  0.186 0.063 0.105 0.208 0.047 0.070 0.320 
194      194    (2)    1 :  0.160 0.146 0.091 0.133 0.030 0.046 0.396 
195      195    (0)    1 :  0.143 0.086 0.163 0.272 0.052 0.129 0.155 
196      196    (0)    1 :  0.145 0.246 0.098 0.055 0.087 0.303 0.065 
197      197    (0)    1 :  0.091 0.476 0.152 0.099 0.035 0.075 0.071 
198      198    (2)    1 :  0.154 0.173 0.098 0.033 0.131 0.379 0.032 
199      199    (0)    1 :  0.169 0.060 0.140 0.095 0.114 0.358 0.064 
200      200    (2)    1 :  0.035 0.032 0.165 0.036 0.670 0.041 0.021 
201      201    (2)    1 :  0.176 0.062 0.199 0.312 0.060 0.120 0.071 
202      202    (2)    1 :  0.111 0.177 0.150 0.073 0.268 0.194 0.028 
203      203    (0)    1 :  0.200 0.125 0.111 0.156 0.125 0.165 0.119 
204      204    (0)    1 :  0.102 0.069 0.202 0.133 0.331 0.117 0.046 
205      205    (0)    1 :  0.164 0.068 0.106 0.062 0.232 0.230 0.139 
206      206    (0)    1 :  0.145 0.060 0.070 0.100 0.040 0.029 0.555 
207      207    (0)    1 :  0.136 0.038 0.043 0.038 0.038 0.053 0.655 
208      208    (0)    1 :  0.196 0.081 0.128 0.213 0.051 0.071 0.260 
209      209    (2)    1 :  0.121 0.379 0.139 0.084 0.030 0.069 0.178 
210      210    (0)    1 :  0.131 0.214 0.112 0.134 0.029 0.065 0.315 
211      211    (0)    1 :  0.209 0.051 0.147 0.357 0.054 0.044 0.139 
212      212    (0)    1 :  0.125 0.070 0.145 0.179 0.273 0.032 0.176 
213      213    (2)    1 :  0.045 0.611 0.161 0.048 0.023 0.062 0.050 
214      214    (2)    1 :  0.131 0.042 0.061 0.090 0.047 0.056 0.572 
215      215    (0)    1 :  0.165 0.121 0.088 0.069 0.067 0.166 0.324 
216      216    (0)    1 :  0.099 0.051 0.317 0.199 0.036 0.272 0.026 
217      217    (0)    1 :  0.090 0.090 0.150 0.123 0.418 0.086 0.041 
218      218    (2)    1 :  0.185 0.075 0.098 0.121 0.129 0.351 0.040 
219      219    (0)    1 :  0.133 0.312 0.154 0.157 0.045 0.125 0.076 
220      220    (0)    1 :  0.184 0.054 0.084 0.080 0.069 0.098 0.431 
221      221    (2)    1 :  0.128 0.364 0.156 0.097 0.080 0.139 0.035 
222      222    (0)    1 :  0.214 0.044 0.104 0.249 0.032 0.036 0.321 
223      223    (0)    1 :  0.153 0.197 0.101 0.083 0.098 0.274 0.093 
224      224    (0)    1 :  0.159 0.164 0.188 0.249 0.050 0.108 0.083 
225      225    (0)    1 :  0.183 0.087 0.132 0.342 0.046 0.067 0.144 
226      226    (0)    1 :  0.123 0.273 0.168 0.078 0.083 0.205 0.070 
227      227    (0)    1 :  0.160 0.144 0.117 0.058 0.144 0.317 0.059 
228      228    (0)    1 :  0.074 0.491 0.161 0.068 0.064 0.076 0.066 
229      229    (2)    1 :  0.168 0.115 0.132 0.220 0.232 0.091 0.043 
230      230    (0)    1 :  0.129 0.088 0.164 0.199 0.219 0.124 0.077 
231      231    (0)    1 :  0.164 0.154 0.133 0.079 0.157 0.229 0.084 
232      232    (2)    1 :  0.190 0.095 0.115 0.161 0.170 0.204 0.065 
233      233    (0)    1 :  0.088 0.081 0.255 0.287 0.034 0.222 0.033 
234      234    (5)    1 :  0.076 0.348 0.237 0.077 0.066 0.136 0.061 
235      235    (0)    1 :  0.100 0.384 0.159 0.059 0.064 0.111 0.123 
236      236    (0)    1 :  0.104 0.449 0.143 0.074 0.037 0.110 0.082 
237      237    (0)    1 :  0.105 0.222 0.089 0.048 0.026 0.056 0.455 
238      238    (0)    1 :  0.154 0.114 0.090 0.040 0.132 0.379 0.091 
239      239    (0)    1 :  0.119 0.050 0.106 0.050 0.344 0.277 0.053 
240      240    (0)    1 :  0.126 0.074 0.187 0.233 0.133 0.203 0.044 
241      241    (0)    1 :  0.149 0.067 0.154 0.070 0.102 0.420 0.038 
242      242    (0)    1 :  0.119 0.133 0.204 0.135 0.139 0.230 0.040 
243      243    (0)    1 :  0.113 0.200 0.099 0.073 0.033 0.080 0.402 
244      244    (2)    1 :  0.093 0.068 0.296 0.153 0.104 0.253 0.033 
245      245    (2)    1 :  0.130 0.321 0.148 0.223 0.046 0.104 0.027 
246      246    (5)    1 :  0.124 0.104 0.135 0.284 0.222 0.090 0.040 
247      247    (0)    1 :  0.067 0.050 0.145 0.042 0.545 0.113 0.039 
248      248    (2)    1 :  0.084 0.441 0.156 0.033 0.063 0.171 0.052 
249      249    (0)    1 :  0.178 0.146 0.113 0.257 0.058 0.074 0.175 
250      250    (0)    1 :  0.163 0.044 0.119 0.105 0.139 0.080 0.350 
251      251    (0)    1 :  0.143 0.122 0.156 0.114 0.081 0.328 0.056 
252      252    (0)    1 :  0.180 0.067 0.081 0.161 0.029 0.086 0.396 
253      253    (2)    1 :  0.111 0.128 0.207 0.111 0.161 0.193 0.090 
254      254    (0)    1 :  0.168 0.050 0.094 0.154 0.058 0.036 0.440 
255      255    (0)    1 :  0.151 0.122 0.130 0.292 0.062 0.066 0.177 
256      256    (2)    1 :  0.042 0.625 0.160 0.029 0.034 0.061 0.049 
257      257    (0)    1 :  0.257 0.062 0.138 0.275 0.053 0.030 0.185 
258      258    (0)    1 :  0.114 0.324 0.134 0.069 0.051 0.073 0.236 
259      259    (2)    1 :  0.135 0.053 0.060 0.051 0.095 0.160 0.445 
260      260    (5)    1 :  0.119 0.062 0.072 0.095 0.065 0.038 0.548 


Estimated Allele Frequencies in each cluster
First column gives estimated ancestral frequencies


Locus 1 : 
3 alleles
0.4% missing data
 197   (0.383) 0.362 0.396 0.367 0.364 0.331 0.406 0.415 
 201   (0.599) 0.634 0.601 0.629 0.632 0.667 0.590 0.584 
 199   (0.017) 0.004 0.003 0.004 0.004 0.002 0.004 0.002 

Locus 2 : 
2 alleles
0.0% missing data
 209   (0.377) 0.406 0.292 0.333 0.401 0.307 0.339 0.378 
 211   (0.623) 0.594 0.708 0.667 0.599 0.693 0.661 0.622 

Locus 3 : 
3 alleles
1.2% missing data
 281   (0.810) 0.834 0.835 0.861 0.873 0.919 0.788 0.901 
 299   (0.173) 0.162 0.163 0.133 0.124 0.079 0.207 0.098 
 304   (0.017) 0.003 0.003 0.006 0.003 0.002 0.004 0.001 

Locus 4 : 
2 alleles
0.0% missing data
 155   (0.847) 0.881 0.412 0.719 0.916 0.936 0.710 0.972 
 157   (0.153) 0.119 0.588 0.281 0.084 0.064 0.290 0.028 

Locus 5 : 
2 alleles
0.0% missing data
 265   (0.847) 0.881 0.412 0.718 0.917 0.936 0.710 0.972 
 267   (0.153) 0.119 0.588 0.282 0.083 0.064 0.290 0.028 

Locus 6 : 
2 alleles
0.4% missing data
 172   (0.919) 0.943 0.937 0.954 0.949 0.948 0.978 0.934 
 158   (0.081) 0.057 0.063 0.046 0.051 0.052 0.022 0.066 

Locus 7 : 
3 alleles
0.0% missing data
 184   (0.559) 0.576 0.583 0.610 0.568 0.670 0.629 0.585 
 188   (0.355) 0.352 0.363 0.348 0.362 0.290 0.332 0.328 
 192   (0.086) 0.072 0.054 0.043 0.070 0.040 0.038 0.086 

Locus 8 : 
2 alleles
0.0% missing data
 238   (0.759) 0.788 0.819 0.790 0.829 0.682 0.788 0.826 
 236   (0.241) 0.212 0.181 0.210 0.171 0.318 0.212 0.174 

Locus 9 : 
3 alleles
0.0% missing data
 257   (0.438) 0.501 0.441 0.395 0.471 0.297 0.472 0.520 
 263   (0.463) 0.433 0.507 0.545 0.461 0.638 0.468 0.388 
 265   (0.099) 0.066 0.052 0.060 0.068 0.066 0.060 0.091 

Locus 10 : 
4 alleles
1.5% missing data
 271   (0.147) 0.135 0.074 0.120 0.154 0.084 0.134 0.096 
 273   (0.254) 0.242 0.297 0.211 0.249 0.230 0.180 0.286 
 267   (0.582) 0.620 0.623 0.665 0.593 0.684 0.683 0.617 
 265   (0.017) 0.003 0.006 0.003 0.004 0.002 0.003 0.001 

Locus 11 : 
2 alleles
0.4% missing data
 287   (0.842) 0.851 0.927 0.881 0.848 0.898 0.890 0.874 
 285   (0.158) 0.149 0.073 0.119 0.152 0.102 0.110 0.126 

Locus 12 : 
3 alleles
0.4% missing data
 279   (0.536) 0.564 0.597 0.501 0.537 0.458 0.516 0.703 
 281   (0.442) 0.425 0.398 0.491 0.448 0.540 0.479 0.294 
 277   (0.021) 0.011 0.005 0.007 0.015 0.002 0.004 0.004 

Locus 13 : 
2 alleles
5.4% missing data
 248   (0.617) 0.614 0.755 0.589 0.570 0.563 0.550 0.723 
 250   (0.383) 0.386 0.245 0.411 0.430 0.437 0.450 0.277 

Locus 14 : 
2 alleles
0.0% missing data
 133   (0.858) 0.915 0.858 0.845 0.932 0.803 0.872 0.962 
 135   (0.142) 0.085 0.142 0.155 0.068 0.197 0.128 0.038 

Locus 15 : 
3 alleles
0.4% missing data
 152   (0.599) 0.623 0.665 0.653 0.646 0.586 0.552 0.597 
 154   (0.384) 0.373 0.331 0.344 0.349 0.413 0.446 0.402 
 156   (0.017) 0.005 0.004 0.003 0.005 0.002 0.002 0.001 

Locus 16 : 
3 alleles
0.0% missing data
 176   (0.579) 0.596 0.660 0.601 0.631 0.580 0.571 0.692 
 180   (0.353) 0.351 0.290 0.344 0.298 0.400 0.393 0.291 
 182   (0.068) 0.053 0.050 0.055 0.071 0.020 0.036 0.017 

Locus 17 : 
2 alleles
2.3% missing data
 196   (0.643) 0.605 0.786 0.600 0.637 0.865 0.610 0.331 
 198   (0.357) 0.395 0.214 0.400 0.363 0.135 0.390 0.669 

Locus 18 : 
4 alleles
0.4% missing data
 141   (0.317) 0.314 0.314 0.293 0.262 0.260 0.344 0.383 
 145   (0.474) 0.483 0.536 0.481 0.484 0.623 0.483 0.511 
 139   (0.193) 0.201 0.146 0.222 0.252 0.112 0.171 0.105 
 143   (0.017) 0.003 0.004 0.004 0.003 0.005 0.003 0.001 

Locus 19 : 
2 alleles
0.0% missing data
 103   (0.126) 0.104 0.121 0.085 0.096 0.041 0.086 0.105 
 105   (0.874) 0.896 0.879 0.915 0.904 0.959 0.914 0.895 

Locus 20 : 
3 alleles
2.7% missing data
 162   (0.499) 0.499 0.585 0.497 0.465 0.423 0.566 0.434 
 154   (0.480) 0.497 0.409 0.498 0.532 0.564 0.432 0.562 
 160   (0.021) 0.004 0.006 0.006 0.003 0.013 0.003 0.004 

Locus 21 : 
2 alleles
1.2% missing data
 203   (0.795) 0.848 0.783 0.778 0.855 0.827 0.783 0.917 
 205   (0.205) 0.152 0.217 0.222 0.145 0.173 0.217 0.083 

Locus 22 : 
3 alleles
1.9% missing data
 201   (0.486) 0.499 0.499 0.501 0.473 0.517 0.583 0.484 
 207   (0.411) 0.411 0.361 0.437 0.448 0.455 0.370 0.439 
 203   (0.103) 0.091 0.141 0.062 0.079 0.028 0.048 0.077 

Locus 23 : 
3 alleles
0.0% missing data
 138   (0.290) 0.273 0.398 0.248 0.260 0.308 0.240 0.178 
 148   (0.621) 0.649 0.561 0.672 0.671 0.662 0.666 0.767 
 146   (0.089) 0.078 0.041 0.080 0.069 0.030 0.094 0.055 

Locus 24 : 
3 alleles
0.4% missing data
 111   (0.364) 0.388 0.358 0.391 0.427 0.306 0.378 0.246 
 115   (0.415) 0.433 0.423 0.391 0.446 0.458 0.343 0.524 
 113   (0.221) 0.179 0.219 0.218 0.127 0.236 0.279 0.231 

Locus 25 : 
2 alleles
0.8% missing data
 129   (0.959) 0.971 0.987 0.985 0.990 0.971 0.946 0.991 
 127   (0.041) 0.029 0.013 0.015 0.010 0.029 0.054 0.009 

Locus 26 : 
3 alleles
0.8% missing data
 137   (0.514) 0.556 0.470 0.492 0.520 0.443 0.571 0.637 
 141   (0.467) 0.441 0.527 0.502 0.478 0.539 0.426 0.362 
 139   (0.020) 0.003 0.003 0.006 0.002 0.018 0.003 0.001 

Locus 27 : 
2 alleles
3.8% missing data
 180   (0.586) 0.601 0.634 0.600 0.639 0.491 0.577 0.690 
 182   (0.414) 0.399 0.366 0.400 0.361 0.509 0.423 0.310 

Locus 28 : 
3 alleles
1.5% missing data
 124   (0.374) 0.306 0.224 0.550 0.464 0.735 0.340 0.169 
 128   (0.600) 0.684 0.770 0.444 0.522 0.262 0.655 0.823 
 126   (0.027) 0.010 0.006 0.006 0.014 0.003 0.005 0.008 

Locus 29 : 
5 alleles
1.5% missing data
 153   (0.444) 0.362 0.318 0.472 0.184 0.810 0.645 0.211 
 145   (0.238) 0.253 0.278 0.297 0.480 0.101 0.258 0.042 
 157   (0.275) 0.372 0.394 0.223 0.327 0.083 0.088 0.741 
 151   (0.018) 0.005 0.003 0.003 0.005 0.002 0.003 0.002 
 155   (0.025) 0.008 0.007 0.005 0.005 0.003 0.007 0.004 

Locus 30 : 
2 alleles
1.9% missing data
 161   (0.782) 0.816 0.768 0.818 0.817 0.869 0.766 0.903 
 167   (0.218) 0.184 0.232 0.182 0.183 0.131 0.234 0.097 

Locus 31 : 
2 alleles
1.5% missing data
 176   (0.664) 0.662 0.733 0.688 0.715 0.620 0.686 0.699 
 178   (0.336) 0.338 0.267 0.312 0.285 0.380 0.314 0.301 

Locus 32 : 
3 alleles
0.4% missing data
 123   (0.467) 0.376 0.334 0.482 0.196 0.814 0.647 0.222 
 121   (0.281) 0.279 0.307 0.313 0.500 0.116 0.272 0.080 
 119   (0.252) 0.345 0.359 0.204 0.303 0.070 0.082 0.698 

Locus 33 : 
2 alleles
0.8% missing data
 129   (0.770) 0.810 0.770 0.797 0.847 0.781 0.845 0.737 
 131   (0.230) 0.190 0.230 0.203 0.153 0.219 0.155 0.263 

Locus 34 : 
4 alleles
0.4% missing data
 122   (0.164) 0.146 0.139 0.110 0.080 0.151 0.174 0.268 
 126   (0.683) 0.760 0.674 0.786 0.837 0.690 0.766 0.620 
 124   (0.107) 0.070 0.178 0.079 0.070 0.091 0.052 0.032 
 128   (0.047) 0.024 0.009 0.025 0.013 0.068 0.008 0.080 

Locus 35 : 
5 alleles
7.3% missing data
 243   (0.416) 0.491 0.342 0.418 0.580 0.281 0.632 0.223 
 231   (0.390) 0.406 0.306 0.365 0.334 0.279 0.299 0.615 
 237   (0.156) 0.093 0.333 0.207 0.080 0.435 0.061 0.157 
 245   (0.018) 0.004 0.008 0.003 0.003 0.002 0.002 0.002 
 233   (0.021) 0.006 0.010 0.006 0.003 0.003 0.007 0.003 

Values of parameters used in structure:
DATAFILE=/home/martin/bottleneck/structure_analysis/structure_4/data_job_T7_4,	OUTFILE=/home/martin/bottleneck/structure_analysis/structure_4/structure_results/nes/results_job_T7_4,	NUMINDS=260,	NUMLOCI=35,	MISSING=-9,	LABEL=1,	POPDATA=1,	POPFLAG=0,	PHENOTYPE=0,	EXTRACOLS=0,	MAXPOPS=7,	BURNIN=10000,	NUMREPS=100000,	USEPOPINFO=0,	INFERALPHA=1,	INFERLAMBDA=0,	POPSPECIFICLAMBDA=0,	POPALPHAS=0,	COMPUTEPROB=1,	NOADMIX=0,	ADMBURNIN=2500,	UPDATEFREQ=1,	PRINTLIKES=0,	INTERMEDSAVE=0,	PRINTKLD=0,	PRINTNET=0,	PRINTLAMBDA=0,	ANCESTDIST=0,	NUMBOXES=1000,	ANCESTPINT=0.90000,	GENSBACK=2,	MIGRPRIOR=0.05000,	PRINTQHAT=1,	PRINTQSUM=0,	ALPHA=1.0000,	FREQSCORR=1,	FPRIORMEAN=0.0100,	FPRIORSD=0.0500,	ONEFST=0,	LAMBDA=1.0000,	UNIFPRIORALPHA=1,	ALPHAMAX=10.0000,	ALPHAPRIORA=1.0000,	ALPHAPRIORB=2.0000,	ALPHAPROPSD=0.0250,	STARTATPOPINFO=0,	RANDOMIZE=1,	LINKAGE=0,	METROFREQ=10,	REPORTHITRATE=0,	MARKOVPHASE=-1,	PHASED=0,	PLOIDY=2,	PHASEINFO=0	LOCPRIOR=0, 	LOCPRIORINIT=1.000000, 	LOCDATA=0, 	LOCISPOP=0, 	LOCPRIORSTEP=0.100000, 	MAXLOCPRIOR=20.000000, 	SEED=1470602558,	
[STRAT parameters]:    NUMSIMSTATS=1000,	PHENOTYPECOL=-9,	POOLFREQ=10,	LOCUSxONLY=0,	EMERROR=0.00100,	MISSINGPHENO=-9,	