           1  1 0.2114 0.3344 0.2587 0.1955 
           2  1 0.4257 0.1445 0.3550 0.0748 
           3  1 0.4212 0.1473 0.3554 0.0761 
           4  1 0.0846 0.0889 0.3839 0.4426 
           5  1 0.5170 0.0826 0.0730 0.3273 
           6  1 0.3468 0.4936 0.0936 0.0660 
           7  1 0.1856 0.0864 0.5398 0.1882 
           8  1 0.3155 0.4460 0.1193 0.1192 
           9  1 0.2429 0.2263 0.1166 0.4142 
          10  1 0.5164 0.2417 0.1171 0.1247 
          11  1 0.4619 0.0828 0.0896 0.3657 
          12  1 0.1232 0.6862 0.1108 0.0798 
          13  1 0.0737 0.6246 0.0892 0.2125 
          14  1 0.4124 0.3641 0.1047 0.1188 
          15  1 0.1203 0.1033 0.0853 0.6911 
          16  1 0.2097 0.3039 0.2027 0.2837 
          17  1 0.1462 0.1269 0.6661 0.0608 
          18  1 0.1068 0.6115 0.1293 0.1525 
          19  1 0.1600 0.4620 0.1501 0.2280 
          20  1 0.1105 0.0994 0.4723 0.3177 
          21  1 0.0923 0.2388 0.4240 0.2448 
          22  1 0.1922 0.1930 0.4715 0.1433 
          23  1 0.1185 0.2645 0.1104 0.5065 
          24  1 0.1161 0.3037 0.4428 0.1375 
          25  1 0.7018 0.0734 0.0937 0.1312 
          26  1 0.4414 0.1326 0.1188 0.3072 
          27  1 0.5377 0.2315 0.0936 0.1372 
          28  1 0.2304 0.2659 0.1594 0.3443 
          29  1 0.4754 0.2227 0.1857 0.1162 
          30  1 0.5091 0.2036 0.1781 0.1092 
          31  1 0.1192 0.2482 0.4676 0.1651 
          32  1 0.1522 0.5125 0.2101 0.1252 
          33  1 0.3674 0.1294 0.2343 0.2689 
          34  1 0.5013 0.2008 0.0915 0.2064 
          35  1 0.1355 0.1930 0.5873 0.0841 
          36  1 0.1545 0.2878 0.1545 0.4032 
          37  1 0.1804 0.2865 0.4678 0.0653 
          38  1 0.5954 0.1743 0.1193 0.1110 
          39  1 0.1128 0.2348 0.1113 0.5410 
          40  1 0.4951 0.2703 0.1123 0.1223 
          41  1 0.1086 0.7013 0.1004 0.0897 
          42  1 0.1535 0.4886 0.1862 0.1716 
          43  1 0.4379 0.0732 0.2831 0.2058 
          44  1 0.2142 0.1862 0.4792 0.1203 
          45  1 0.2391 0.1101 0.5800 0.0708 
          46  1 0.4343 0.2260 0.0975 0.2422 
          47  1 0.0930 0.4696 0.3420 0.0954 
          48  1 0.5088 0.2228 0.1819 0.0864 
          49  1 0.4475 0.2041 0.1146 0.2338 
          50  1 0.5446 0.1012 0.0894 0.2647 
          51  1 0.0680 0.2926 0.5031 0.1363 
          52  1 0.1173 0.1564 0.1233 0.6030 
          53  1 0.1248 0.4209 0.3641 0.0902 
          54  1 0.3828 0.2115 0.2335 0.1722 
          55  1 0.3999 0.1162 0.1053 0.3787 
          56  1 0.4828 0.1423 0.1216 0.2534 
          57  1 0.5908 0.1056 0.2565 0.0471 
          58  1 0.3980 0.1342 0.3626 0.1052 
          59  1 0.1164 0.2248 0.1409 0.5178 
          60  1 0.4180 0.2640 0.1915 0.1266 
          61  1 0.1456 0.4094 0.2802 0.1648 
          62  1 0.4393 0.0682 0.0928 0.3997 
          63  1 0.1263 0.3799 0.3766 0.1172 
          64  1 0.1407 0.2651 0.1496 0.4446 
          65  1 0.4177 0.3291 0.1204 0.1328 
          66  1 0.0972 0.3571 0.1187 0.4270 
          67  1 0.1036 0.3343 0.1386 0.4235 
          68  1 0.1186 0.2350 0.1434 0.5030 
          69  1 0.0894 0.2376 0.3738 0.2992 
          70  1 0.1387 0.2010 0.0906 0.5698 
          71  1 0.5215 0.1614 0.1997 0.1175 
          72  1 0.2061 0.1596 0.1138 0.5206 
          73  1 0.6702 0.0811 0.1164 0.1324 
          74  1 0.2084 0.2115 0.4667 0.1133 
          75  1 0.5291 0.0969 0.0778 0.2962 
          76  1 0.2193 0.0940 0.3431 0.3435 
          77  1 0.0950 0.1078 0.4766 0.3206 
          78  1 0.5883 0.1453 0.0696 0.1967 
          79  1 0.7082 0.0895 0.0689 0.1334 
          80  1 0.0878 0.1369 0.0806 0.6948 
          81  1 0.1227 0.6282 0.1227 0.1263 
          82  1 0.4297 0.1124 0.1244 0.3335 
          83  1 0.3807 0.0762 0.0729 0.4701 
          84  1 0.3859 0.3852 0.1135 0.1154 
          85  1 0.1271 0.6305 0.1307 0.1117 
          86  1 0.2801 0.3557 0.3063 0.0578 
          87  1 0.1355 0.1343 0.0815 0.6486 
          88  1 0.4761 0.1773 0.2035 0.1431 
          89  1 0.1368 0.4722 0.3160 0.0749 
          90  1 0.5307 0.2932 0.0816 0.0945 
          91  1 0.0888 0.7295 0.0962 0.0855 
          92  1 0.4187 0.0754 0.3807 0.1252 
          93  1 0.2383 0.1826 0.4836 0.0954 
          94  1 0.1198 0.2507 0.5531 0.0764 
          95  1 0.1924 0.1873 0.1739 0.4464 
          96  1 0.0814 0.4705 0.1039 0.3442 
          97  1 0.0792 0.1795 0.0992 0.6420 
          98  1 0.2906 0.1995 0.1887 0.3211 
          99  1 0.1141 0.1539 0.4439 0.2881 
         100  1 0.2991 0.1377 0.1162 0.4470 
         101  1 0.1226 0.2813 0.1445 0.4516 
         102  1 0.1153 0.4196 0.1679 0.2972 
         103  1 0.1262 0.2594 0.1443 0.4701 
         104  1 0.0835 0.1575 0.3461 0.4130 
         105  1 0.4248 0.2450 0.0608 0.2694 
         106  1 0.3826 0.0755 0.0737 0.4682 
         107  1 0.0975 0.1300 0.0583 0.7141 
         108  1 0.1032 0.4134 0.1702 0.3132 
         109  1 0.4249 0.0732 0.2720 0.2298 
         110  1 0.0850 0.3270 0.3959 0.1921 
         111  1 0.1136 0.7227 0.1077 0.0560 
         112  1 0.2775 0.5465 0.0819 0.0941 
         113  1 0.1060 0.3453 0.3434 0.2054 
         114  1 0.3953 0.3638 0.1396 0.1013 
         115  1 0.0888 0.5625 0.0926 0.2561 
         116  1 0.3673 0.3327 0.2119 0.0881 
         117  1 0.1202 0.1956 0.6188 0.0654 
         118  1 0.4510 0.1252 0.0814 0.3424 
         119  1 0.0834 0.1451 0.5188 0.2527 
         120  1 0.2001 0.1107 0.4437 0.2456 
         121  1 0.3521 0.0934 0.4744 0.0801 
         122  1 0.1534 0.1458 0.4069 0.2939 
         123  1 0.3216 0.1281 0.0758 0.4745 
         124  1 0.0783 0.3323 0.3430 0.2464 
         125  1 0.0954 0.1903 0.1182 0.5960 
         126  1 0.1558 0.2379 0.4679 0.1384 
         127  1 0.2007 0.0568 0.5733 0.1692 
         128  1 0.2083 0.1705 0.1270 0.4942 
         129  1 0.5729 0.0618 0.2957 0.0696 
         130  1 0.1715 0.5070 0.0738 0.2477 
         131  1 0.2269 0.0611 0.5651 0.1469 
         132  1 0.1849 0.2858 0.3335 0.1958 
         133  1 0.1078 0.1604 0.5704 0.1614 
         134  1 0.1321 0.3836 0.1215 0.3629 
         135  1 0.1454 0.4510 0.3072 0.0964 
         136  1 0.3295 0.4756 0.0972 0.0976 
         137  1 0.0682 0.2260 0.1709 0.5349 
         138  1 0.0897 0.1799 0.4124 0.3180 
         139  1 0.0753 0.2181 0.0999 0.6067 
         140  1 0.1100 0.2287 0.1055 0.5558 
         141  1 0.0791 0.1965 0.5027 0.2216 
         142  1 0.0856 0.6153 0.1246 0.1746 
         143  1 0.1825 0.1190 0.2216 0.4770 
         144  1 0.5024 0.0738 0.3190 0.1048 
         145  1 0.1502 0.1565 0.2127 0.4806 
         146  1 0.3731 0.1068 0.0848 0.4353 
         147  1 0.1133 0.1352 0.1373 0.6141 
         148  1 0.1327 0.6073 0.1297 0.1304 
         149  1 0.1203 0.1307 0.4828 0.2662 
         150  1 0.0871 0.1999 0.5927 0.1204 
         151  1 0.1538 0.1587 0.1292 0.5583 
         152  1 0.1578 0.2131 0.2148 0.4144 
         153  1 0.7381 0.0688 0.0524 0.1407 
         154  1 0.0789 0.5608 0.2982 0.0620 
         155  1 0.6822 0.0760 0.0753 0.1664 
         156  1 0.1783 0.2513 0.1479 0.4225 
         157  1 0.1070 0.1157 0.4092 0.3681 
         158  1 0.4949 0.1805 0.1252 0.1994 
         159  1 0.1908 0.5358 0.1041 0.1692 
         160  1 0.4299 0.3496 0.1072 0.1133 
         161  1 0.4511 0.0963 0.3336 0.1190 
         162  1 0.3519 0.3380 0.1612 0.1489 
         163  1 0.2383 0.2449 0.1666 0.3502 
         164  1 0.1181 0.2852 0.5132 0.0834 
         165  1 0.2534 0.1930 0.4132 0.1404 
         166  1 0.4624 0.2826 0.1395 0.1155 
         167  1 0.5067 0.1416 0.1815 0.1702 
         168  1 0.0878 0.7138 0.1278 0.0707 
         169  1 0.1061 0.7052 0.1070 0.0816 
         170  1 0.0874 0.1835 0.5842 0.1450 
         171  1 0.2620 0.5458 0.1208 0.0714 
         172  1 0.2189 0.1894 0.5473 0.0444 
         173  1 0.0982 0.5161 0.1156 0.2701 
         174  1 0.1127 0.0666 0.0962 0.7244 
         175  1 0.2432 0.1144 0.4988 0.1435 
         176  1 0.1757 0.1575 0.1037 0.5631 
         177  1 0.2606 0.1133 0.5229 0.1032 
         178  1 0.3865 0.3090 0.2000 0.1045 
         179  1 0.1262 0.5761 0.1535 0.1442 
         180  1 0.3913 0.1121 0.0918 0.4047 
         181  1 0.1466 0.3363 0.1202 0.3969 
         182  1 0.1849 0.1795 0.4517 0.1839 
         183  1 0.0614 0.1012 0.6264 0.2110 
         184  1 0.1754 0.4238 0.2357 0.1650 
         185  1 0.3386 0.2864 0.2158 0.1592 
         186  1 0.1823 0.4980 0.2095 0.1102 
         187  1 0.6825 0.1291 0.0941 0.0944 
         188  1 0.1114 0.2969 0.4941 0.0977 
         189  1 0.0896 0.7120 0.0780 0.1204 
         190  1 0.1254 0.1331 0.2431 0.4983 
         191  1 0.1792 0.2670 0.1648 0.3889 
         192  1 0.2687 0.2812 0.3677 0.0824 
         193  1 0.1348 0.1084 0.1177 0.6392 
         194  1 0.1441 0.0647 0.1062 0.6851 
         195  1 0.5482 0.1117 0.0895 0.2506 
         196  1 0.1278 0.1150 0.5873 0.1700 
         197  1 0.3388 0.0942 0.3158 0.2511 
         198  1 0.0795 0.2190 0.6154 0.0862 
         199  1 0.1765 0.3366 0.3343 0.1527 
         200  1 0.1100 0.6792 0.1453 0.0655 
         201  1 0.5419 0.1594 0.1127 0.1861 
         202  1 0.1364 0.3752 0.4202 0.0681 
         203  1 0.1895 0.2624 0.2282 0.3198 
         204  1 0.3226 0.4370 0.1397 0.1007 
         205  1 0.1210 0.5004 0.1808 0.1977 
         206  1 0.0882 0.0916 0.0729 0.7473 
         207  1 0.0876 0.1430 0.1292 0.6402 
         208  1 0.2238 0.1259 0.1215 0.5288 
         209  1 0.0799 0.0759 0.4122 0.4320 
         210  1 0.1240 0.0633 0.2503 0.5623 
         211  1 0.3725 0.1149 0.0686 0.4440 
         212  1 0.1427 0.3336 0.0749 0.4488 
         213  1 0.1828 0.0667 0.5302 0.2203 
         214  1 0.1104 0.1137 0.1009 0.6751 
         215  1 0.0743 0.1171 0.3666 0.4420 
         216  1 0.3111 0.1094 0.5026 0.0769 
         217  1 0.3337 0.4373 0.1288 0.1002 
         218  1 0.4306 0.3095 0.1382 0.1217 
         219  1 0.2684 0.0986 0.4199 0.2131 
         220  1 0.1249 0.2052 0.1690 0.5008 
         221  1 0.2992 0.1593 0.4495 0.0919 
         222  1 0.1367 0.0884 0.0727 0.7022 
         223  1 0.1073 0.1610 0.4713 0.2604 
         224  1 0.3342 0.1312 0.3113 0.2233 
         225  1 0.4159 0.1004 0.0787 0.4050 
         226  1 0.1849 0.1709 0.5290 0.1152 
         227  1 0.0984 0.2910 0.4659 0.1447 
         228  1 0.2076 0.1485 0.4020 0.2420 
         229  1 0.4621 0.3250 0.0988 0.1141 
         230  1 0.3774 0.2954 0.1668 0.1604 
         231  1 0.1180 0.2402 0.4692 0.1725 
         232  1 0.3118 0.3069 0.1988 0.1825 
         233  1 0.6102 0.0905 0.2203 0.0789 
         234  1 0.0881 0.1540 0.5904 0.1674 
         235  1 0.1285 0.1265 0.5248 0.2201 
         236  1 0.1835 0.0728 0.5354 0.2083 
         237  1 0.0873 0.0669 0.2835 0.5623 
         238  1 0.0909 0.2815 0.4933 0.1342 
         239  1 0.1110 0.6453 0.1266 0.1171 
         240  1 0.4952 0.2620 0.1458 0.0970 
         241  1 0.1414 0.2367 0.5292 0.0926 
         242  1 0.2462 0.2365 0.4270 0.0903 
         243  1 0.0968 0.0772 0.2987 0.5273 
         244  1 0.1384 0.2828 0.4975 0.0813 
         245  1 0.5424 0.0952 0.2867 0.0757 
         246  1 0.6000 0.2086 0.0855 0.1060 
         247  1 0.1064 0.6799 0.1277 0.0860 
         248  1 0.0471 0.1074 0.7004 0.1452 
         249  1 0.4658 0.1085 0.0892 0.3365 
         250  1 0.1369 0.3254 0.1014 0.4363 
         251  1 0.2525 0.1539 0.4900 0.1036 
         252  1 0.3022 0.0648 0.1129 0.5201 
         253  1 0.1127 0.3234 0.3848 0.1791 
         254  1 0.0993 0.1658 0.0888 0.6461 
         255  1 0.4314 0.1083 0.0856 0.3747 
         256  1 0.0680 0.0911 0.5940 0.2469 
         257  1 0.2039 0.1816 0.0794 0.5350 
         258  1 0.0839 0.1110 0.3834 0.4217 
         259  1 0.0817 0.2206 0.1684 0.5293 
         260  1 0.0882 0.1435 0.0885 0.6799 
