           1  1 0.5679 0.2109 0.2212 
           2  1 0.3411 0.0825 0.5764 
           3  1 0.3407 0.0843 0.5750 
           4  1 0.1807 0.4068 0.4125 
           5  1 0.1061 0.5928 0.3011 
           6  1 0.6089 0.0825 0.3086 
           7  1 0.1984 0.1968 0.6048 
           8  1 0.5847 0.1307 0.2847 
           9  1 0.2467 0.5620 0.1914 
          10  1 0.4973 0.1570 0.3457 
          11  1 0.0978 0.6183 0.2839 
          12  1 0.7475 0.0898 0.1627 
          13  1 0.4624 0.3634 0.1741 
          14  1 0.5504 0.1383 0.3113 
          15  1 0.0771 0.8274 0.0955 
          16  1 0.3060 0.4629 0.2311 
          17  1 0.3179 0.0688 0.6133 
          18  1 0.6819 0.1817 0.1364 
          19  1 0.4457 0.3487 0.2056 
          20  1 0.1819 0.3242 0.4939 
          21  1 0.2987 0.2424 0.4590 
          22  1 0.3295 0.1480 0.5225 
          23  1 0.1816 0.6951 0.1232 
          24  1 0.4730 0.1394 0.3876 
          25  1 0.2637 0.3065 0.4298 
          26  1 0.2246 0.4829 0.2926 
          27  1 0.3669 0.2516 0.3815 
          28  1 0.2331 0.5526 0.2144 
          29  1 0.4979 0.1626 0.3395 
          30  1 0.4818 0.1437 0.3745 
          31  1 0.3343 0.1907 0.4751 
          32  1 0.7295 0.1168 0.1537 
          33  1 0.1189 0.3062 0.5749 
          34  1 0.3589 0.2904 0.3507 
          35  1 0.4665 0.0804 0.4531 
          36  1 0.2552 0.5891 0.1557 
          37  1 0.5301 0.0605 0.4094 
          38  1 0.4365 0.1708 0.3927 
          39  1 0.1413 0.7399 0.1188 
          40  1 0.4267 0.2252 0.3481 
          41  1 0.7489 0.1083 0.1429 
          42  1 0.6274 0.1874 0.1852 
          43  1 0.1303 0.2233 0.6464 
          44  1 0.3704 0.1214 0.5082 
          45  1 0.2863 0.0705 0.6432 
          46  1 0.1920 0.4811 0.3270 
          47  1 0.5501 0.0984 0.3515 
          48  1 0.5318 0.0880 0.3802 
          49  1 0.2533 0.4527 0.2940 
          50  1 0.1757 0.5005 0.3238 
          51  1 0.3425 0.1666 0.4909 
          52  1 0.1378 0.7450 0.1172 
          53  1 0.5157 0.1002 0.3840 
          54  1 0.4448 0.2181 0.3371 
          55  1 0.1305 0.6084 0.2611 
          56  1 0.2047 0.4627 0.3326 
          57  1 0.2860 0.0557 0.6583 
          58  1 0.2266 0.1121 0.6613 
          59  1 0.1708 0.7026 0.1267 
          60  1 0.5060 0.1640 0.3300 
          61  1 0.6157 0.1797 0.2047 
          62  1 0.0834 0.6646 0.2519 
          63  1 0.7040 0.1171 0.1789 
          64  1 0.2182 0.6408 0.1409 
          65  1 0.4555 0.1882 0.3563 
          66  1 0.3214 0.5619 0.1167 
          67  1 0.2729 0.5838 0.1434 
          68  1 0.1604 0.6909 0.1486 
          69  1 0.2455 0.3023 0.4522 
          70  1 0.1318 0.7538 0.1144 
          71  1 0.4266 0.1831 0.3904 
          72  1 0.1242 0.7269 0.1489 
          73  1 0.2771 0.2597 0.4632 
          74  1 0.3995 0.1262 0.4742 
          75  1 0.1115 0.5866 0.3019 
          76  1 0.1269 0.3391 0.5340 
          77  1 0.2242 0.3249 0.4509 
          78  1 0.1672 0.4833 0.3495 
          79  1 0.2033 0.3834 0.4133 
          80  1 0.0862 0.8368 0.0770 
          81  1 0.7072 0.1438 0.1490 
          82  1 0.1338 0.5758 0.2905 
          83  1 0.0827 0.6893 0.2280 
          84  1 0.5359 0.1411 0.3230 
          85  1 0.7203 0.1246 0.1551 
          86  1 0.4153 0.0713 0.5134 
          87  1 0.0829 0.8124 0.1047 
          88  1 0.4285 0.2141 0.3574 
          89  1 0.5581 0.0950 0.3469 
          90  1 0.5012 0.1351 0.3638 
          91  1 0.7833 0.0976 0.1191 
          92  1 0.2032 0.1282 0.6686 
          93  1 0.3780 0.0937 0.5283 
          94  1 0.5014 0.0763 0.4223 
          95  1 0.1891 0.6478 0.1631 
          96  1 0.3742 0.5039 0.1220 
          97  1 0.1422 0.7711 0.0867 
          98  1 0.2775 0.4658 0.2567 
          99  1 0.2230 0.3134 0.4636 
         100  1 0.1007 0.6662 0.2331 
         101  1 0.2103 0.6630 0.1267 
         102  1 0.4126 0.4297 0.1578 
         103  1 0.2279 0.6071 0.1650 
         104  1 0.2212 0.4054 0.3735 
         105  1 0.1866 0.5190 0.2944 
         106  1 0.0846 0.6844 0.2310 
         107  1 0.0771 0.8426 0.0803 
         108  1 0.3204 0.4806 0.1990 
         109  1 0.1153 0.2761 0.6087 
         110  1 0.3439 0.2171 0.4391 
         111  1 0.7885 0.0682 0.1433 
         112  1 0.6095 0.1300 0.2605 
         113  1 0.3313 0.2131 0.4556 
         114  1 0.6064 0.0984 0.2952 
         115  1 0.3687 0.4867 0.1446 
         116  1 0.6070 0.0869 0.3061 
         117  1 0.4765 0.0696 0.4539 
         118  1 0.1270 0.5914 0.2816 
         119  1 0.2904 0.2648 0.4447 
         120  1 0.2354 0.2775 0.4871 
         121  1 0.2491 0.0876 0.6633 
         122  1 0.2502 0.2840 0.4658 
         123  1 0.1018 0.6818 0.2165 
         124  1 0.3380 0.2583 0.4037 
         125  1 0.1507 0.7503 0.0990 
         126  1 0.3301 0.1561 0.5138 
         127  1 0.1730 0.1926 0.6344 
         128  1 0.1734 0.6614 0.1653 
         129  1 0.1503 0.0850 0.7647 
         130  1 0.3464 0.4532 0.2004 
         131  1 0.1817 0.1730 0.6453 
         132  1 0.5564 0.2106 0.2330 
         133  1 0.3910 0.1597 0.4493 
         134  1 0.3556 0.4884 0.1560 
         135  1 0.4825 0.1106 0.4069 
         136  1 0.5719 0.1309 0.2973 
         137  1 0.1921 0.6954 0.1125 
         138  1 0.2766 0.2984 0.4250 
         139  1 0.1322 0.7846 0.0833 
         140  1 0.1646 0.7241 0.1113 
         141  1 0.4088 0.1901 0.4012 
         142  1 0.6725 0.2105 0.1170 
         143  1 0.1795 0.6222 0.1984 
         144  1 0.1970 0.1324 0.6705 
         145  1 0.1809 0.6351 0.1841 
         146  1 0.0978 0.6719 0.2302 
         147  1 0.1439 0.7337 0.1224 
         148  1 0.7037 0.1342 0.1621 
         149  1 0.2607 0.2771 0.4622 
         150  1 0.4930 0.1087 0.3984 
         151  1 0.1486 0.7077 0.1437 
         152  1 0.2469 0.5655 0.1876 
         153  1 0.1878 0.4029 0.4092 
         154  1 0.7072 0.0698 0.2230 
         155  1 0.2190 0.3517 0.4292 
         156  1 0.2180 0.5888 0.1932 
         157  1 0.2175 0.3500 0.4325 
         158  1 0.3324 0.3387 0.3289 
         159  1 0.4840 0.2861 0.2300 
         160  1 0.5464 0.1239 0.3297 
         161  1 0.1815 0.1457 0.6728 
         162  1 0.5290 0.1828 0.2882 
         163  1 0.2160 0.5958 0.1882 
         164  1 0.4936 0.0835 0.4229 
         165  1 0.3351 0.1356 0.5292 
         166  1 0.5524 0.1260 0.3217 
         167  1 0.3439 0.2619 0.3942 
         168  1 0.8040 0.0768 0.1192 
         169  1 0.7256 0.1103 0.1642 
         170  1 0.4324 0.1314 0.4362 
         171  1 0.6409 0.0845 0.2746 
         172  1 0.3226 0.0487 0.6287 
         173  1 0.3600 0.4365 0.2035 
         174  1 0.0737 0.8386 0.0876 
         175  1 0.3243 0.1364 0.5393 
         176  1 0.1135 0.7441 0.1424 
         177  1 0.3114 0.1068 0.5817 
         178  1 0.5803 0.1141 0.3057 
         179  1 0.7049 0.1335 0.1616 
         180  1 0.1047 0.6590 0.2362 
         181  1 0.2740 0.5633 0.1626 
         182  1 0.2613 0.1956 0.5432 
         183  1 0.2911 0.2228 0.4861 
         184  1 0.6084 0.1665 0.2251 
         185  1 0.5132 0.2053 0.2815 
         186  1 0.6779 0.1281 0.1940 
         187  1 0.4096 0.1210 0.4693 
         188  1 0.4159 0.1123 0.4718 
         189  1 0.6909 0.1792 0.1299 
         190  1 0.1218 0.4892 0.3891 
         191  1 0.2190 0.5828 0.1983 
         192  1 0.3794 0.0826 0.5380 
         193  1 0.0975 0.7948 0.1077 
         194  1 0.0725 0.8083 0.1192 
         195  1 0.1663 0.4758 0.3579 
         196  1 0.2908 0.1903 0.5189 
         197  1 0.1229 0.2901 0.5871 
         198  1 0.5054 0.0855 0.4091 
         199  1 0.6282 0.1591 0.2127 
         200  1 0.7568 0.0740 0.1692 
         201  1 0.2437 0.3605 0.3958 
         202  1 0.5104 0.0716 0.4180 
         203  1 0.2795 0.4212 0.2993 
         204  1 0.5707 0.1320 0.2973 
         205  1 0.6130 0.2388 0.1482 
         206  1 0.0671 0.8459 0.0870 
         207  1 0.1281 0.7730 0.0989 
         208  1 0.1202 0.7023 0.1775 
         209  1 0.1675 0.4022 0.4303 
         210  1 0.1022 0.5799 0.3179 
         211  1 0.0946 0.6880 0.2174 
         212  1 0.1377 0.7035 0.1589 
         213  1 0.1656 0.2317 0.6027 
         214  1 0.0940 0.8140 0.0920 
         215  1 0.2211 0.4639 0.3151 
         216  1 0.3323 0.0740 0.5937 
         217  1 0.5183 0.1524 0.3293 
         218  1 0.5449 0.1486 0.3065 
         219  1 0.1752 0.2280 0.5968 
         220  1 0.2148 0.6378 0.1474 
         221  1 0.2771 0.1051 0.6177 
         222  1 0.0723 0.8347 0.0930 
         223  1 0.2669 0.2788 0.4543 
         224  1 0.1723 0.2587 0.5690 
         225  1 0.0949 0.6618 0.2432 
         226  1 0.3988 0.1060 0.4951 
         227  1 0.4802 0.1357 0.3841 
         228  1 0.1779 0.2613 0.5609 
         229  1 0.4642 0.1725 0.3633 
         230  1 0.4836 0.2074 0.3090 
         231  1 0.4000 0.1764 0.4236 
         232  1 0.4949 0.2449 0.2602 
         233  1 0.2112 0.0971 0.6917 
         234  1 0.2923 0.1965 0.5112 
         235  1 0.2625 0.2362 0.5013 
         236  1 0.1972 0.2284 0.5745 
         237  1 0.1199 0.5503 0.3298 
         238  1 0.5046 0.1307 0.3647 
         239  1 0.7395 0.1209 0.1395 
         240  1 0.5450 0.1052 0.3498 
         241  1 0.4884 0.0917 0.4199 
         242  1 0.4089 0.0932 0.4978 
         243  1 0.1291 0.5221 0.3488 
         244  1 0.4899 0.0781 0.4320 
         245  1 0.1602 0.0984 0.7414 
         246  1 0.4179 0.1631 0.4190 
         247  1 0.7206 0.1144 0.1650 
         248  1 0.3645 0.1617 0.4738 
         249  1 0.1261 0.5774 0.2964 
         250  1 0.2301 0.6230 0.1469 
         251  1 0.3760 0.1005 0.5234 
         252  1 0.0842 0.7121 0.2037 
         253  1 0.3777 0.1888 0.4334 
         254  1 0.1065 0.7956 0.0979 
         255  1 0.1012 0.6219 0.2769 
         256  1 0.2209 0.2881 0.4910 
         257  1 0.1145 0.7234 0.1621 
         258  1 0.1759 0.4048 0.4193 
         259  1 0.1955 0.6835 0.1209 
         260  1 0.0944 0.8252 0.0805 
