

----------------------------------------------------
STRUCTURE by Pritchard, Stephens and Donnelly (2000)
     and Falush, Stephens and Pritchard (2003)
       Code by Pritchard, Falush and Hubisz
             Version 2.3.4 (Jul 2012)
----------------------------------------------------



Command line arguments:   /usr/local/bin/structure -m parameter_job_T8_1 
Input File:    /home/martin/bottleneck/structure_analysis/structure_4/data_job_T8_1

Run parameters:
   150 individuals
   14 loci
   8 populations assumed
   10000 Burn-in period
   100000 Reps


--------------------------------------------
Proportion of membership of each pre-defined
 population in each of the 8 clusters

Given    Inferred Clusters                                          Number of
 Pop       1      2      3      4      5      6      7      8      Individuals

  1:     0.125  0.125  0.125  0.125  0.125  0.125  0.125  0.125      150
--------------------------------------------

Allele-freq. divergence among pops (Net nucleotide distance),
computed using point estimates of P.

      1       2       3       4       5       6       7       8      
 1      -    0.0022  0.0011  0.0005  0.0019  0.0023  0.0005  0.0008  
 2   0.0022     -    0.0004  0.0013  0.0000  0.0000  0.0010  0.0014  
 3   0.0011  0.0004     -    0.0007  0.0003  0.0005  0.0004  0.0006  
 4   0.0005  0.0013  0.0007     -    0.0011  0.0014  0.0003  0.0008  
 5   0.0019  0.0000  0.0003  0.0011     -    0.0000  0.0008  0.0012  
 6   0.0023  0.0000  0.0005  0.0014  0.0000     -    0.0011  0.0015  
 7   0.0005  0.0010  0.0004  0.0003  0.0008  0.0011     -    0.0005  
 8   0.0008  0.0014  0.0006  0.0008  0.0012  0.0015  0.0005     -    

Average distances (expected heterozygosity) between individuals in same cluster:
cluster  1  : 0.7179 
cluster  2  : 0.7566 
cluster  3  : 0.7393 
cluster  4  : 0.7317 
cluster  5  : 0.7532 
cluster  6  : 0.7575 
cluster  7  : 0.7304 
cluster  8  : 0.7241 

--------------------------------------------
Estimated Ln Prob of Data   = -9519.4
Mean value of ln likelihood = -7453.7
Variance of ln likelihood   = 4131.4
Mean value of alpha         = 2.9540

Mean value of Fst_1         = 0.1468
Mean value of Fst_2         = 0.0033
Mean value of Fst_3         = 0.0671
Mean value of Fst_4         = 0.1030
Mean value of Fst_5         = 0.0141
Mean value of Fst_6         = 0.0008
Mean value of Fst_7         = 0.0995
Mean value of Fst_8         = 0.1208


Inferred ancestry of individuals:
        Label (%Miss) Pop:  Inferred clusters
  1        1    (0)    1 :  0.118 0.130 0.130 0.116 0.123 0.128 0.124 0.130 
  2        2    (0)    1 :  0.132 0.116 0.122 0.136 0.117 0.118 0.135 0.125 
  3        3    (0)    1 :  0.143 0.113 0.116 0.146 0.121 0.113 0.131 0.117 
  4        4    (0)    1 :  0.134 0.121 0.119 0.132 0.124 0.122 0.126 0.122 
  5        5    (0)    1 :  0.136 0.114 0.119 0.150 0.113 0.113 0.131 0.124 
  6        6    (0)    1 :  0.127 0.122 0.126 0.126 0.118 0.129 0.126 0.125 
  7        7    (0)    1 :  0.120 0.132 0.130 0.117 0.125 0.130 0.122 0.125 
  8        8    (0)    1 :  0.122 0.130 0.126 0.116 0.128 0.128 0.123 0.127 
  9        9    (0)    1 :  0.133 0.121 0.121 0.140 0.118 0.116 0.127 0.123 
 10       10    (0)    1 :  0.123 0.125 0.126 0.125 0.128 0.122 0.123 0.127 
 11       11   (14)    1 :  0.132 0.116 0.118 0.148 0.118 0.116 0.131 0.121 
 12       12    (0)    1 :  0.126 0.121 0.125 0.137 0.117 0.122 0.129 0.123 
 13       13    (0)    1 :  0.119 0.128 0.128 0.118 0.133 0.127 0.123 0.124 
 14       14    (0)    1 :  0.114 0.138 0.127 0.105 0.125 0.138 0.124 0.129 
 15       15    (0)    1 :  0.120 0.127 0.127 0.114 0.134 0.128 0.125 0.125 
 16       16    (0)    1 :  0.130 0.120 0.119 0.141 0.123 0.117 0.127 0.122 
 17       17    (0)    1 :  0.134 0.115 0.122 0.144 0.116 0.116 0.131 0.123 
 18       18    (0)    1 :  0.122 0.131 0.127 0.117 0.129 0.133 0.121 0.121 
 19       19    (0)    1 :  0.128 0.118 0.120 0.141 0.134 0.119 0.124 0.117 
 20       20    (0)    1 :  0.126 0.126 0.127 0.119 0.126 0.126 0.121 0.128 
 21       21    (0)    1 :  0.127 0.120 0.122 0.140 0.124 0.120 0.124 0.123 
 22       22    (0)    1 :  0.122 0.125 0.128 0.117 0.124 0.126 0.125 0.132 
 23       23    (0)    1 :  0.128 0.122 0.126 0.126 0.125 0.122 0.125 0.127 
 24       24    (0)    1 :  0.126 0.122 0.126 0.130 0.124 0.119 0.127 0.125 
 25       25    (0)    1 :  0.136 0.117 0.123 0.135 0.118 0.119 0.129 0.124 
 26       26    (0)    1 :  0.121 0.124 0.125 0.121 0.125 0.129 0.125 0.128 
 27       27    (0)    1 :  0.134 0.119 0.123 0.128 0.124 0.123 0.125 0.124 
 28       28    (0)    1 :  0.130 0.123 0.126 0.123 0.122 0.123 0.126 0.127 
 29       29    (0)    1 :  0.126 0.130 0.126 0.123 0.120 0.126 0.125 0.125 
 30       30    (0)    1 :  0.123 0.114 0.120 0.146 0.143 0.114 0.122 0.117 
 31       31    (0)    1 :  0.112 0.133 0.128 0.111 0.122 0.139 0.125 0.129 
 32       32    (0)    1 :  0.137 0.122 0.118 0.127 0.118 0.125 0.132 0.121 
 33       33    (0)    1 :  0.126 0.123 0.123 0.124 0.127 0.122 0.126 0.128 
 34       34    (0)    1 :  0.127 0.124 0.131 0.130 0.115 0.121 0.128 0.124 
 35       35    (0)    1 :  0.124 0.126 0.126 0.130 0.121 0.121 0.124 0.128 
 36       36    (0)    1 :  0.125 0.125 0.124 0.123 0.125 0.126 0.124 0.128 
 37       37    (0)    1 :  0.119 0.129 0.129 0.113 0.124 0.129 0.126 0.132 
 38       38    (0)    1 :  0.120 0.129 0.127 0.114 0.127 0.129 0.126 0.128 
 39       39    (0)    1 :  0.121 0.130 0.128 0.120 0.119 0.135 0.122 0.125 
 40       40    (0)    1 :  0.135 0.117 0.119 0.134 0.131 0.115 0.127 0.122 
 41       41    (0)    1 :  0.134 0.118 0.120 0.129 0.131 0.120 0.126 0.123 
 42       42    (0)    1 :  0.119 0.131 0.130 0.116 0.123 0.132 0.123 0.125 
 43       43    (0)    1 :  0.119 0.127 0.131 0.115 0.125 0.131 0.122 0.130 
 44       44    (0)    1 :  0.121 0.126 0.123 0.122 0.138 0.122 0.125 0.124 
 45       45    (0)    1 :  0.118 0.132 0.128 0.113 0.121 0.133 0.121 0.134 
 46       46    (0)    1 :  0.137 0.120 0.120 0.128 0.127 0.122 0.123 0.122 
 47       47    (0)    1 :  0.119 0.126 0.127 0.115 0.133 0.126 0.125 0.129 
 48       48    (0)    1 :  0.126 0.115 0.119 0.136 0.137 0.116 0.129 0.123 
 49       49    (0)    1 :  0.112 0.136 0.132 0.104 0.127 0.144 0.118 0.127 
 50       50    (0)    1 :  0.119 0.129 0.128 0.114 0.126 0.134 0.122 0.128 
 51       51    (0)    1 :  0.123 0.128 0.129 0.123 0.123 0.127 0.121 0.128 
 52       52    (0)    1 :  0.142 0.115 0.119 0.143 0.120 0.112 0.130 0.120 
 53       53    (0)    1 :  0.134 0.117 0.121 0.137 0.126 0.115 0.127 0.121 
 54       54    (0)    1 :  0.125 0.125 0.121 0.127 0.124 0.124 0.131 0.124 
 55       55    (0)    1 :  0.129 0.119 0.123 0.133 0.121 0.118 0.135 0.122 
 56       56    (0)    1 :  0.128 0.121 0.123 0.138 0.119 0.122 0.125 0.124 
 57       57    (0)    1 :  0.113 0.130 0.126 0.113 0.123 0.140 0.125 0.129 
 58       58    (0)    1 :  0.124 0.117 0.121 0.133 0.128 0.125 0.129 0.122 
 59       59    (0)    1 :  0.113 0.133 0.127 0.111 0.128 0.139 0.124 0.126 
 60       60    (0)    1 :  0.122 0.132 0.127 0.113 0.124 0.131 0.123 0.128 
 61       61    (0)    1 :  0.124 0.131 0.125 0.125 0.124 0.126 0.121 0.124 
 62       62    (0)    1 :  0.137 0.121 0.121 0.127 0.129 0.121 0.125 0.119 
 63       63    (0)    1 :  0.122 0.125 0.125 0.120 0.124 0.130 0.126 0.128 
 64       64    (0)    1 :  0.129 0.127 0.125 0.119 0.122 0.130 0.124 0.124 
 65       65    (0)    1 :  0.137 0.117 0.119 0.146 0.119 0.114 0.127 0.121 
 66       66    (0)    1 :  0.118 0.131 0.128 0.114 0.121 0.136 0.125 0.127 
 67       67    (0)    1 :  0.114 0.135 0.128 0.113 0.120 0.138 0.120 0.131 
 68       68    (0)    1 :  0.128 0.125 0.122 0.126 0.125 0.120 0.127 0.126 
 69       69    (0)    1 :  0.122 0.127 0.127 0.132 0.119 0.127 0.123 0.124 
 70       70    (0)    1 :  0.127 0.125 0.123 0.131 0.123 0.125 0.121 0.124 
 71       71    (0)    1 :  0.117 0.135 0.124 0.111 0.124 0.137 0.125 0.127 
 72       72    (0)    1 :  0.118 0.129 0.127 0.118 0.129 0.129 0.123 0.127 
 73       73    (0)    1 :  0.129 0.120 0.125 0.125 0.128 0.120 0.132 0.122 
 74       74    (0)    1 :  0.114 0.135 0.132 0.109 0.123 0.136 0.121 0.131 
 75       75    (0)    1 :  0.118 0.135 0.130 0.110 0.126 0.133 0.119 0.129 
 76       76    (0)    1 :  0.124 0.125 0.127 0.122 0.122 0.130 0.123 0.127 
 77       77    (0)    1 :  0.127 0.125 0.122 0.123 0.127 0.127 0.123 0.126 
 78       78    (0)    1 :  0.114 0.134 0.131 0.110 0.127 0.134 0.123 0.127 
 79       79    (0)    1 :  0.122 0.129 0.127 0.116 0.127 0.127 0.124 0.128 
 80       80    (0)    1 :  0.110 0.138 0.128 0.106 0.127 0.143 0.121 0.127 
 81       81    (0)    1 :  0.118 0.129 0.128 0.113 0.125 0.133 0.122 0.132 
 82       82    (0)    1 :  0.121 0.126 0.123 0.124 0.126 0.125 0.129 0.125 
 83       83    (0)    1 :  0.118 0.125 0.124 0.118 0.135 0.128 0.125 0.127 
 84       84    (0)    1 :  0.117 0.131 0.129 0.122 0.126 0.128 0.120 0.127 
 85       85    (0)    1 :  0.117 0.135 0.128 0.110 0.128 0.133 0.121 0.129 
 86       86    (7)    1 :  0.129 0.129 0.124 0.117 0.126 0.126 0.124 0.126 
 87       87    (0)    1 :  0.129 0.126 0.129 0.117 0.124 0.126 0.122 0.128 
 88       88    (7)    1 :  0.124 0.128 0.128 0.123 0.124 0.124 0.125 0.125 
 89       89    (0)    1 :  0.126 0.126 0.127 0.123 0.124 0.127 0.122 0.127 
 90       90    (0)    1 :  0.132 0.120 0.126 0.132 0.124 0.121 0.123 0.124 
 91       91    (0)    1 :  0.129 0.116 0.122 0.143 0.128 0.117 0.123 0.122 
 92       92    (0)    1 :  0.131 0.123 0.123 0.128 0.123 0.122 0.126 0.124 
 93       93    (7)    1 :  0.152 0.115 0.118 0.136 0.120 0.112 0.130 0.117 
 94       94    (0)    1 :  0.129 0.126 0.126 0.119 0.123 0.126 0.126 0.125 
 95       95    (0)    1 :  0.131 0.121 0.123 0.134 0.123 0.120 0.124 0.123 
 96       96    (0)    1 :  0.119 0.131 0.130 0.119 0.123 0.130 0.126 0.123 
 97       97    (7)    1 :  0.129 0.125 0.126 0.122 0.123 0.126 0.126 0.124 
 98       98    (0)    1 :  0.126 0.126 0.123 0.129 0.123 0.126 0.125 0.122 
 99       99    (7)    1 :  0.142 0.119 0.116 0.135 0.123 0.116 0.131 0.118 
100      100    (7)    1 :  0.130 0.119 0.119 0.138 0.131 0.115 0.126 0.122 
101      101    (7)    1 :  0.124 0.129 0.125 0.123 0.122 0.126 0.127 0.124 
102      102    (0)    1 :  0.120 0.130 0.127 0.114 0.124 0.132 0.127 0.126 
103      103    (0)    1 :  0.129 0.119 0.127 0.129 0.126 0.119 0.127 0.123 
104      104    (0)    1 :  0.129 0.119 0.120 0.137 0.135 0.114 0.127 0.120 
105      105    (0)    1 :  0.131 0.118 0.124 0.144 0.116 0.115 0.129 0.123 
106      106    (7)    1 :  0.124 0.126 0.130 0.122 0.122 0.128 0.125 0.123 
107      107    (0)    1 :  0.129 0.123 0.124 0.124 0.130 0.123 0.124 0.123 
108      108    (0)    1 :  0.128 0.124 0.123 0.128 0.127 0.125 0.123 0.123 
109      109    (0)    1 :  0.135 0.121 0.122 0.139 0.117 0.117 0.126 0.122 
110      110   (14)    1 :  0.132 0.124 0.123 0.126 0.121 0.126 0.123 0.124 
111      111   (14)    1 :  0.117 0.132 0.129 0.114 0.124 0.136 0.122 0.127 
112      112    (0)    1 :  0.126 0.119 0.120 0.140 0.136 0.116 0.123 0.121 
113      113   (14)    1 :  0.118 0.132 0.127 0.115 0.123 0.134 0.124 0.128 
114      114    (7)    1 :  0.123 0.116 0.119 0.141 0.144 0.116 0.123 0.118 
115      115    (0)    1 :  0.122 0.125 0.126 0.135 0.121 0.125 0.122 0.124 
116      116    (0)    1 :  0.139 0.117 0.118 0.140 0.123 0.114 0.129 0.121 
117      117    (0)    1 :  0.141 0.113 0.115 0.146 0.122 0.115 0.132 0.116 
118      118    (0)    1 :  0.121 0.131 0.130 0.116 0.124 0.127 0.125 0.127 
119      119    (0)    1 :  0.123 0.128 0.131 0.122 0.122 0.125 0.125 0.124 
120      120    (0)    1 :  0.121 0.124 0.125 0.127 0.125 0.125 0.124 0.129 
121      121    (7)    1 :  0.127 0.125 0.124 0.121 0.127 0.125 0.125 0.125 
122      122    (0)    1 :  0.124 0.127 0.125 0.122 0.123 0.130 0.122 0.126 
123      123    (0)    1 :  0.119 0.126 0.127 0.118 0.131 0.130 0.125 0.124 
124      124    (0)    1 :  0.141 0.116 0.122 0.143 0.116 0.116 0.128 0.120 
125      125    (0)    1 :  0.121 0.125 0.127 0.118 0.127 0.131 0.126 0.126 
126      126    (0)    1 :  0.115 0.132 0.126 0.115 0.126 0.135 0.123 0.129 
127      127    (0)    1 :  0.127 0.123 0.128 0.135 0.117 0.120 0.128 0.122 
128      128    (0)    1 :  0.123 0.125 0.127 0.121 0.124 0.124 0.126 0.129 
129      129    (7)    1 :  0.131 0.118 0.121 0.135 0.127 0.119 0.126 0.123 
130      130    (7)    1 :  0.122 0.127 0.127 0.116 0.131 0.123 0.127 0.127 
131      131    (7)    1 :  0.125 0.127 0.125 0.118 0.126 0.125 0.129 0.126 
132      132    (0)    1 :  0.122 0.121 0.124 0.132 0.131 0.120 0.124 0.124 
133      133    (0)    1 :  0.126 0.122 0.123 0.131 0.128 0.119 0.123 0.127 
134      134    (0)    1 :  0.119 0.132 0.126 0.120 0.122 0.135 0.123 0.124 
135      135    (0)    1 :  0.121 0.128 0.126 0.116 0.126 0.129 0.127 0.127 
136      136    (0)    1 :  0.121 0.127 0.131 0.120 0.122 0.128 0.124 0.127 
137      137    (7)    1 :  0.123 0.129 0.126 0.118 0.124 0.133 0.121 0.126 
138      138    (7)    1 :  0.130 0.120 0.125 0.135 0.120 0.120 0.127 0.123 
139      139    (0)    1 :  0.125 0.121 0.126 0.131 0.119 0.123 0.128 0.127 
140      140    (0)    1 :  0.131 0.122 0.123 0.137 0.120 0.122 0.122 0.123 
141      141   (14)    1 :  0.123 0.125 0.126 0.125 0.122 0.128 0.125 0.126 
142      142    (7)    1 :  0.131 0.116 0.122 0.140 0.132 0.118 0.122 0.119 
143      143    (0)    1 :  0.125 0.118 0.116 0.143 0.139 0.112 0.127 0.121 
144      144    (0)    1 :  0.122 0.134 0.126 0.112 0.125 0.133 0.122 0.126 
145      145    (0)    1 :  0.123 0.123 0.128 0.125 0.121 0.125 0.128 0.126 
146      146    (0)    1 :  0.126 0.124 0.124 0.126 0.129 0.123 0.123 0.125 
147      147    (0)    1 :  0.114 0.132 0.127 0.111 0.134 0.134 0.123 0.127 
148      148    (0)    1 :  0.117 0.132 0.130 0.107 0.124 0.135 0.121 0.133 
149      149    (0)    1 :  0.117 0.136 0.125 0.107 0.124 0.139 0.121 0.133 
150      150    (7)    1 :  0.122 0.129 0.127 0.117 0.125 0.130 0.123 0.128 


Estimated Allele Frequencies in each cluster
First column gives estimated ancestral frequencies


Locus 1 : 
23 alleles
0.0% missing data
 137   (0.104) 0.109 0.105 0.108 0.125 0.104 0.104 0.130 0.105 
 177   (0.019) 0.011 0.018 0.015 0.012 0.017 0.019 0.013 0.013 
 133   (0.158) 0.222 0.159 0.184 0.214 0.170 0.158 0.196 0.224 
 135   (0.211) 0.236 0.213 0.235 0.227 0.211 0.212 0.232 0.239 
 127   (0.044) 0.036 0.044 0.039 0.039 0.046 0.044 0.039 0.036 
 129   (0.083) 0.108 0.084 0.092 0.089 0.086 0.083 0.084 0.091 
 141   (0.045) 0.035 0.045 0.042 0.037 0.044 0.045 0.038 0.038 
 131   (0.074) 0.075 0.074 0.074 0.072 0.074 0.074 0.078 0.068 
 139   (0.037) 0.033 0.036 0.033 0.033 0.037 0.037 0.033 0.030 
 167   (0.025) 0.018 0.025 0.021 0.020 0.025 0.025 0.019 0.018 
 171   (0.029) 0.020 0.030 0.025 0.023 0.028 0.029 0.022 0.022 
 179   (0.015) 0.008 0.015 0.012 0.010 0.014 0.015 0.010 0.010 
 160   (0.025) 0.018 0.025 0.021 0.019 0.024 0.025 0.020 0.019 
 173   (0.008) 0.004 0.008 0.006 0.004 0.007 0.008 0.005 0.005 
 166   (0.019) 0.012 0.019 0.015 0.012 0.018 0.019 0.014 0.013 
 175   (0.012) 0.006 0.011 0.009 0.007 0.011 0.012 0.007 0.008 
 169   (0.008) 0.003 0.008 0.006 0.004 0.007 0.008 0.005 0.005 
 185   (0.012) 0.006 0.012 0.009 0.007 0.011 0.012 0.008 0.007 
 158   (0.016) 0.009 0.016 0.012 0.010 0.015 0.016 0.011 0.011 
 161   (0.019) 0.011 0.018 0.015 0.012 0.017 0.019 0.013 0.013 
 159   (0.016) 0.009 0.015 0.012 0.010 0.014 0.016 0.010 0.010 
 165   (0.008) 0.004 0.008 0.006 0.004 0.007 0.008 0.005 0.005 
 181   (0.012) 0.006 0.012 0.009 0.007 0.011 0.012 0.008 0.008 

Locus 2 : 
4 alleles
1.3% missing data
 155   (0.130) 0.110 0.130 0.124 0.114 0.126 0.130 0.116 0.113 
 157   (0.785) 0.819 0.785 0.800 0.799 0.793 0.785 0.799 0.820 
 159   (0.068) 0.061 0.068 0.063 0.077 0.065 0.068 0.074 0.056 
 161   (0.017) 0.009 0.017 0.013 0.010 0.016 0.017 0.011 0.011 

Locus 3 : 
21 alleles
0.7% missing data
 118   (0.097) 0.090 0.098 0.103 0.098 0.100 0.098 0.100 0.118 
  94   (0.038) 0.028 0.039 0.034 0.032 0.037 0.038 0.031 0.031 
 104   (0.063) 0.055 0.063 0.057 0.057 0.061 0.063 0.061 0.057 
 108   (0.091) 0.137 0.091 0.103 0.114 0.096 0.091 0.129 0.125 
 112   (0.074) 0.075 0.074 0.073 0.080 0.075 0.074 0.077 0.074 
 106   (0.012) 0.007 0.012 0.009 0.007 0.011 0.012 0.008 0.008 
 110   (0.102) 0.146 0.102 0.126 0.119 0.104 0.102 0.110 0.110 
 134   (0.008) 0.004 0.008 0.006 0.005 0.007 0.008 0.005 0.005 
 120   (0.047) 0.038 0.047 0.046 0.040 0.045 0.047 0.040 0.043 
 124   (0.044) 0.035 0.045 0.043 0.037 0.043 0.044 0.039 0.037 
 122   (0.049) 0.043 0.048 0.046 0.050 0.049 0.049 0.045 0.043 
 126   (0.043) 0.037 0.043 0.042 0.042 0.042 0.043 0.039 0.036 
 102   (0.032) 0.023 0.032 0.028 0.025 0.032 0.032 0.026 0.026 
 116   (0.090) 0.095 0.091 0.091 0.088 0.088 0.090 0.103 0.091 
 136   (0.011) 0.006 0.011 0.009 0.008 0.010 0.011 0.007 0.007 
 132   (0.029) 0.020 0.029 0.025 0.021 0.029 0.029 0.023 0.022 
 114   (0.084) 0.100 0.084 0.092 0.111 0.091 0.084 0.089 0.104 
 128   (0.036) 0.026 0.035 0.031 0.030 0.034 0.036 0.030 0.028 
 130   (0.029) 0.023 0.029 0.024 0.025 0.029 0.029 0.025 0.022 
 138   (0.012) 0.006 0.011 0.009 0.007 0.011 0.012 0.008 0.007 
 142   (0.008) 0.004 0.008 0.006 0.004 0.007 0.008 0.005 0.005 

Locus 4 : 
9 alleles
0.0% missing data
 165   (0.285) 0.329 0.286 0.285 0.343 0.292 0.285 0.323 0.293 
 167   (0.446) 0.474 0.448 0.481 0.444 0.451 0.447 0.461 0.494 
 169   (0.073) 0.056 0.073 0.065 0.060 0.070 0.073 0.061 0.060 
 171   (0.069) 0.053 0.069 0.063 0.057 0.067 0.069 0.058 0.057 
 161   (0.084) 0.067 0.084 0.076 0.073 0.082 0.084 0.072 0.068 
 175   (0.009) 0.004 0.008 0.006 0.004 0.008 0.009 0.005 0.005 
 173   (0.009) 0.004 0.008 0.006 0.005 0.008 0.009 0.005 0.005 
 168   (0.016) 0.009 0.016 0.012 0.010 0.015 0.016 0.011 0.011 
 156   (0.009) 0.004 0.008 0.006 0.004 0.008 0.008 0.005 0.005 

Locus 5 : 
9 alleles
2.0% missing data
 124   (0.583) 0.636 0.585 0.608 0.621 0.588 0.584 0.631 0.645 
 126   (0.083) 0.070 0.084 0.080 0.077 0.083 0.083 0.075 0.075 
 122   (0.143) 0.141 0.142 0.142 0.135 0.144 0.143 0.135 0.129 
 128   (0.085) 0.089 0.085 0.085 0.095 0.086 0.085 0.085 0.076 
 138   (0.050) 0.036 0.050 0.044 0.039 0.049 0.050 0.040 0.040 
 140   (0.013) 0.007 0.013 0.009 0.008 0.012 0.013 0.008 0.008 
 132   (0.013) 0.006 0.012 0.009 0.008 0.011 0.013 0.008 0.008 
 136   (0.013) 0.006 0.012 0.009 0.007 0.012 0.013 0.008 0.008 
 142   (0.017) 0.009 0.016 0.013 0.010 0.015 0.017 0.011 0.011 

Locus 6 : 
14 alleles
0.0% missing data
 105   (0.169) 0.169 0.170 0.172 0.168 0.169 0.170 0.171 0.192 
 101   (0.075) 0.070 0.074 0.074 0.075 0.074 0.075 0.074 0.072 
 103   (0.077) 0.078 0.077 0.076 0.089 0.080 0.077 0.083 0.072 
  99   (0.210) 0.269 0.212 0.217 0.249 0.216 0.211 0.246 0.241 
 107   (0.110) 0.125 0.110 0.124 0.129 0.108 0.110 0.124 0.118 
 119   (0.080) 0.071 0.080 0.081 0.072 0.081 0.080 0.074 0.076 
 111   (0.080) 0.082 0.080 0.087 0.071 0.081 0.080 0.074 0.076 
 117   (0.034) 0.023 0.034 0.030 0.024 0.032 0.034 0.026 0.026 
 113   (0.036) 0.025 0.036 0.031 0.029 0.036 0.036 0.028 0.027 
 115   (0.036) 0.026 0.036 0.031 0.028 0.037 0.036 0.030 0.029 
 109   (0.048) 0.035 0.047 0.043 0.037 0.047 0.048 0.039 0.039 
 121   (0.028) 0.018 0.027 0.022 0.018 0.025 0.028 0.020 0.020 
 123   (0.009) 0.004 0.008 0.006 0.005 0.008 0.009 0.005 0.005 
 125   (0.008) 0.004 0.008 0.006 0.004 0.007 0.008 0.005 0.005 

Locus 7 : 
11 alleles
1.3% missing data
 231   (0.076) 0.078 0.076 0.073 0.091 0.074 0.076 0.083 0.070 
 232   (0.345) 0.369 0.347 0.353 0.345 0.344 0.346 0.379 0.367 
 230   (0.265) 0.255 0.266 0.276 0.260 0.271 0.266 0.251 0.263 
 234   (0.167) 0.207 0.167 0.180 0.199 0.173 0.167 0.182 0.196 
 238   (0.021) 0.012 0.021 0.016 0.014 0.019 0.021 0.014 0.014 
 244   (0.013) 0.007 0.012 0.009 0.008 0.011 0.013 0.008 0.008 
 236   (0.043) 0.033 0.043 0.038 0.039 0.044 0.043 0.036 0.034 
 242   (0.021) 0.012 0.021 0.016 0.013 0.019 0.021 0.014 0.015 
 235   (0.008) 0.004 0.008 0.006 0.004 0.007 0.008 0.005 0.005 
 240   (0.031) 0.020 0.031 0.026 0.021 0.029 0.031 0.023 0.023 
 228   (0.009) 0.004 0.009 0.006 0.005 0.008 0.009 0.005 0.005 

Locus 8 : 
13 alleles
1.3% missing data
 129   (0.320) 0.361 0.322 0.339 0.328 0.328 0.320 0.346 0.366 
 133   (0.121) 0.132 0.121 0.128 0.128 0.119 0.121 0.129 0.135 
 125   (0.094) 0.088 0.093 0.096 0.097 0.094 0.094 0.089 0.097 
 127   (0.117) 0.115 0.117 0.116 0.117 0.116 0.117 0.124 0.108 
 119   (0.034) 0.023 0.033 0.029 0.025 0.033 0.034 0.027 0.026 
 131   (0.148) 0.170 0.148 0.149 0.181 0.152 0.148 0.158 0.142 
 135   (0.044) 0.033 0.044 0.039 0.037 0.042 0.044 0.037 0.034 
 121   (0.009) 0.004 0.008 0.006 0.004 0.008 0.009 0.005 0.005 
 137   (0.031) 0.021 0.031 0.027 0.021 0.029 0.031 0.023 0.023 
 139   (0.047) 0.035 0.047 0.044 0.039 0.045 0.047 0.039 0.040 
 123   (0.012) 0.006 0.012 0.009 0.007 0.011 0.012 0.007 0.008 
 141   (0.016) 0.009 0.016 0.012 0.010 0.015 0.016 0.011 0.011 
 149   (0.009) 0.004 0.009 0.006 0.005 0.008 0.009 0.005 0.005 

Locus 9 : 
6 alleles
0.7% missing data
 134   (0.793) 0.828 0.795 0.816 0.823 0.796 0.794 0.829 0.831 
 140   (0.039) 0.026 0.039 0.033 0.029 0.037 0.039 0.029 0.030 
 138   (0.112) 0.112 0.112 0.108 0.107 0.112 0.112 0.103 0.100 
 136   (0.034) 0.024 0.033 0.028 0.030 0.036 0.033 0.026 0.026 
 120   (0.013) 0.006 0.012 0.009 0.007 0.012 0.013 0.008 0.008 
 130   (0.009) 0.004 0.008 0.006 0.005 0.008 0.009 0.005 0.005 

Locus 10 : 
14 alleles
1.3% missing data
 113   (0.074) 0.066 0.074 0.071 0.076 0.077 0.074 0.075 0.063 
  93   (0.276) 0.323 0.278 0.314 0.296 0.286 0.276 0.310 0.308 
 115   (0.128) 0.164 0.128 0.126 0.143 0.129 0.128 0.139 0.184 
 119   (0.101) 0.089 0.101 0.100 0.096 0.099 0.101 0.097 0.094 
 109   (0.047) 0.038 0.047 0.043 0.041 0.045 0.047 0.041 0.038 
 121   (0.050) 0.038 0.050 0.046 0.041 0.049 0.050 0.043 0.042 
 125   (0.020) 0.012 0.019 0.015 0.014 0.019 0.020 0.014 0.014 
 111   (0.118) 0.140 0.118 0.124 0.149 0.118 0.118 0.133 0.112 
 103   (0.050) 0.040 0.049 0.045 0.043 0.047 0.049 0.044 0.042 
 107   (0.044) 0.032 0.043 0.039 0.035 0.042 0.044 0.036 0.036 
  95   (0.027) 0.017 0.027 0.022 0.019 0.025 0.027 0.020 0.020 
 117   (0.034) 0.025 0.034 0.028 0.027 0.033 0.034 0.026 0.026 
 127   (0.013) 0.007 0.013 0.009 0.008 0.012 0.013 0.008 0.008 
 123   (0.020) 0.011 0.019 0.016 0.013 0.019 0.019 0.014 0.013 

Locus 11 : 
11 alleles
7.3% missing data
 154   (0.181) 0.200 0.182 0.182 0.184 0.179 0.182 0.189 0.201 
 128   (0.080) 0.069 0.079 0.078 0.075 0.080 0.080 0.076 0.070 
 148   (0.036) 0.025 0.036 0.030 0.029 0.034 0.036 0.029 0.028 
 162   (0.137) 0.153 0.138 0.139 0.130 0.140 0.137 0.132 0.145 
 158   (0.050) 0.042 0.050 0.045 0.040 0.049 0.050 0.042 0.041 
 152   (0.165) 0.207 0.165 0.191 0.205 0.166 0.165 0.197 0.196 
 156   (0.097) 0.091 0.097 0.098 0.100 0.101 0.097 0.098 0.094 
 160   (0.089) 0.078 0.089 0.085 0.094 0.091 0.089 0.088 0.081 
 146   (0.076) 0.070 0.075 0.070 0.076 0.073 0.076 0.075 0.067 
 164   (0.071) 0.055 0.071 0.067 0.056 0.070 0.072 0.061 0.065 
 166   (0.018) 0.010 0.017 0.013 0.012 0.016 0.017 0.012 0.012 

Locus 12 : 
11 alleles
0.7% missing data
 278   (0.071) 0.058 0.071 0.066 0.058 0.070 0.071 0.061 0.061 
 288   (0.188) 0.186 0.189 0.185 0.185 0.188 0.188 0.185 0.194 
 290   (0.372) 0.453 0.373 0.416 0.438 0.384 0.373 0.426 0.432 
 292   (0.106) 0.119 0.106 0.104 0.120 0.105 0.106 0.119 0.105 
 296   (0.009) 0.004 0.009 0.006 0.005 0.008 0.009 0.005 0.005 
 286   (0.065) 0.049 0.065 0.060 0.052 0.062 0.065 0.054 0.054 
 294   (0.055) 0.040 0.055 0.049 0.044 0.055 0.055 0.045 0.046 
 287   (0.066) 0.051 0.066 0.059 0.054 0.064 0.066 0.056 0.054 
 289   (0.027) 0.017 0.027 0.022 0.019 0.025 0.027 0.020 0.020 
 280   (0.028) 0.017 0.027 0.023 0.018 0.026 0.027 0.020 0.020 
 291   (0.013) 0.007 0.012 0.009 0.007 0.012 0.013 0.008 0.008 

Locus 13 : 
14 alleles
0.7% missing data
 133   (0.030) 0.020 0.030 0.026 0.022 0.028 0.030 0.023 0.023 
 135   (0.328) 0.428 0.329 0.356 0.396 0.330 0.328 0.388 0.352 
 131   (0.064) 0.050 0.064 0.057 0.055 0.066 0.064 0.057 0.053 
 141   (0.174) 0.163 0.175 0.178 0.188 0.177 0.175 0.179 0.210 
 143   (0.085) 0.098 0.086 0.088 0.096 0.088 0.085 0.087 0.089 
 145   (0.152) 0.140 0.153 0.159 0.132 0.152 0.152 0.145 0.149 
 139   (0.049) 0.034 0.049 0.043 0.036 0.047 0.049 0.038 0.040 
 129   (0.043) 0.030 0.043 0.040 0.033 0.044 0.043 0.037 0.035 
 125   (0.016) 0.009 0.015 0.012 0.010 0.015 0.016 0.010 0.011 
 137   (0.016) 0.009 0.016 0.013 0.010 0.015 0.016 0.011 0.011 
 119   (0.009) 0.004 0.008 0.006 0.005 0.008 0.009 0.005 0.005 
 147   (0.013) 0.006 0.012 0.009 0.007 0.011 0.013 0.008 0.008 
 149   (0.009) 0.004 0.008 0.006 0.004 0.008 0.009 0.005 0.005 
 127   (0.013) 0.006 0.012 0.009 0.007 0.012 0.013 0.008 0.008 

Locus 14 : 
15 alleles
0.7% missing data
 176   (0.103) 0.094 0.103 0.106 0.095 0.103 0.103 0.097 0.094 
 194   (0.059) 0.051 0.059 0.054 0.053 0.057 0.059 0.055 0.050 
 186   (0.055) 0.046 0.055 0.053 0.049 0.054 0.055 0.050 0.046 
 192   (0.155) 0.206 0.155 0.158 0.196 0.155 0.155 0.177 0.162 
 190   (0.193) 0.242 0.194 0.208 0.212 0.198 0.193 0.229 0.238 
 188   (0.132) 0.128 0.133 0.140 0.150 0.132 0.132 0.140 0.148 
 196   (0.015) 0.009 0.015 0.012 0.010 0.014 0.015 0.010 0.011 
 178   (0.050) 0.036 0.050 0.044 0.039 0.050 0.050 0.042 0.041 
 184   (0.126) 0.117 0.126 0.136 0.115 0.129 0.126 0.119 0.131 
 174   (0.025) 0.018 0.025 0.021 0.023 0.027 0.025 0.020 0.019 
 200   (0.030) 0.021 0.030 0.026 0.022 0.029 0.030 0.023 0.023 
 198   (0.023) 0.014 0.023 0.019 0.016 0.022 0.023 0.016 0.017 
 180   (0.016) 0.009 0.016 0.012 0.011 0.015 0.016 0.011 0.011 
 204   (0.008) 0.004 0.008 0.006 0.004 0.007 0.008 0.005 0.005 
 202   (0.009) 0.004 0.008 0.006 0.004 0.008 0.009 0.005 0.005 

Values of parameters used in structure:
DATAFILE=/home/martin/bottleneck/structure_analysis/structure_4/data_job_T8_1,	OUTFILE=/home/martin/bottleneck/structure_analysis/structure_4/structure_results/leopard_seal/results_job_T8_1,	NUMINDS=150,	NUMLOCI=14,	MISSING=-9,	LABEL=1,	POPDATA=1,	POPFLAG=0,	PHENOTYPE=0,	EXTRACOLS=0,	MAXPOPS=8,	BURNIN=10000,	NUMREPS=100000,	USEPOPINFO=0,	INFERALPHA=1,	INFERLAMBDA=0,	POPSPECIFICLAMBDA=0,	POPALPHAS=0,	COMPUTEPROB=1,	NOADMIX=0,	ADMBURNIN=2500,	UPDATEFREQ=1,	PRINTLIKES=0,	INTERMEDSAVE=0,	PRINTKLD=0,	PRINTNET=0,	PRINTLAMBDA=0,	ANCESTDIST=0,	NUMBOXES=1000,	ANCESTPINT=0.90000,	GENSBACK=2,	MIGRPRIOR=0.05000,	PRINTQHAT=1,	PRINTQSUM=0,	ALPHA=1.0000,	FREQSCORR=1,	FPRIORMEAN=0.0100,	FPRIORSD=0.0500,	ONEFST=0,	LAMBDA=1.0000,	UNIFPRIORALPHA=1,	ALPHAMAX=10.0000,	ALPHAPRIORA=1.0000,	ALPHAPRIORB=2.0000,	ALPHAPROPSD=0.0250,	STARTATPOPINFO=0,	RANDOMIZE=1,	LINKAGE=0,	METROFREQ=10,	REPORTHITRATE=0,	MARKOVPHASE=-1,	PHASED=0,	PLOIDY=2,	PHASEINFO=0	LOCPRIOR=0, 	LOCPRIORINIT=1.000000, 	LOCDATA=0, 	LOCISPOP=0, 	LOCPRIORSTEP=0.100000, 	MAXLOCPRIOR=20.000000, 	SEED=1470517516,	
[STRAT parameters]:    NUMSIMSTATS=1000,	PHENOTYPECOL=-9,	POOLFREQ=10,	LOCUSxONLY=0,	EMERROR=0.00100,	MISSINGPHENO=-9,	