           1  1 0.1114 0.1102 0.1091 0.1118 0.1117 0.1107 0.1124 0.1115 0.1112 
           2  1 0.1108 0.1107 0.1146 0.1098 0.1096 0.1109 0.1099 0.1117 0.1121 
           3  1 0.1108 0.1111 0.1119 0.1104 0.1103 0.1119 0.1101 0.1108 0.1127 
           4  1 0.1114 0.1115 0.1108 0.1106 0.1110 0.1118 0.1113 0.1104 0.1112 
           5  1 0.1106 0.1111 0.1138 0.1090 0.1093 0.1115 0.1094 0.1113 0.1141 
           6  1 0.1104 0.1108 0.1098 0.1113 0.1118 0.1106 0.1115 0.1113 0.1125 
           7  1 0.1115 0.1107 0.1105 0.1112 0.1112 0.1109 0.1117 0.1113 0.1110 
           8  1 0.1109 0.1110 0.1105 0.1114 0.1117 0.1116 0.1117 0.1104 0.1107 
           9  1 0.1104 0.1115 0.1126 0.1102 0.1107 0.1132 0.1101 0.1102 0.1112 
          10  1 0.1107 0.1111 0.1113 0.1111 0.1119 0.1110 0.1108 0.1112 0.1108 
          11  1 0.1107 0.1110 0.1121 0.1103 0.1102 0.1113 0.1101 0.1112 0.1131 
          12  1 0.1104 0.1108 0.1116 0.1109 0.1107 0.1110 0.1109 0.1119 0.1118 
          13  1 0.1119 0.1108 0.1097 0.1121 0.1123 0.1107 0.1116 0.1115 0.1093 
          14  1 0.1116 0.1102 0.1077 0.1125 0.1135 0.1098 0.1128 0.1116 0.1104 
          15  1 0.1118 0.1105 0.1095 0.1123 0.1122 0.1097 0.1124 0.1118 0.1098 
          16  1 0.1110 0.1113 0.1150 0.1097 0.1097 0.1122 0.1099 0.1103 0.1108 
          17  1 0.1104 0.1122 0.1129 0.1102 0.1102 0.1113 0.1099 0.1107 0.1121 
          18  1 0.1117 0.1103 0.1074 0.1131 0.1127 0.1112 0.1125 0.1115 0.1096 
          19  1 0.1104 0.1127 0.1129 0.1100 0.1104 0.1116 0.1106 0.1102 0.1111 
          20  1 0.1116 0.1114 0.1119 0.1111 0.1109 0.1111 0.1106 0.1106 0.1107 
          21  1 0.1116 0.1120 0.1135 0.1102 0.1103 0.1104 0.1098 0.1111 0.1109 
          22  1 0.1112 0.1113 0.1122 0.1110 0.1112 0.1102 0.1104 0.1114 0.1110 
          23  1 0.1108 0.1118 0.1132 0.1104 0.1099 0.1120 0.1103 0.1105 0.1112 
          24  1 0.1112 0.1110 0.1141 0.1100 0.1096 0.1112 0.1100 0.1117 0.1112 
          25  1 0.1109 0.1110 0.1133 0.1099 0.1102 0.1117 0.1103 0.1106 0.1121 
          26  1 0.1111 0.1110 0.1106 0.1118 0.1121 0.1119 0.1116 0.1104 0.1095 
          27  1 0.1106 0.1114 0.1118 0.1106 0.1103 0.1129 0.1109 0.1106 0.1110 
          28  1 0.1108 0.1110 0.1118 0.1112 0.1110 0.1118 0.1104 0.1110 0.1110 
          29  1 0.1115 0.1115 0.1120 0.1110 0.1104 0.1107 0.1110 0.1110 0.1108 
          30  1 0.1105 0.1116 0.1130 0.1095 0.1098 0.1135 0.1095 0.1102 0.1123 
          31  1 0.1107 0.1109 0.1092 0.1115 0.1123 0.1107 0.1119 0.1111 0.1116 
          32  1 0.1106 0.1107 0.1101 0.1108 0.1111 0.1121 0.1107 0.1109 0.1130 
          33  1 0.1112 0.1109 0.1132 0.1108 0.1103 0.1114 0.1105 0.1101 0.1116 
          34  1 0.1112 0.1114 0.1117 0.1109 0.1111 0.1100 0.1109 0.1116 0.1112 
          35  1 0.1108 0.1117 0.1121 0.1115 0.1105 0.1108 0.1103 0.1109 0.1114 
          36  1 0.1109 0.1108 0.1115 0.1111 0.1112 0.1115 0.1115 0.1106 0.1109 
          37  1 0.1109 0.1107 0.1107 0.1122 0.1119 0.1106 0.1114 0.1111 0.1106 
          38  1 0.1117 0.1106 0.1108 0.1112 0.1113 0.1110 0.1108 0.1117 0.1108 
          39  1 0.1112 0.1112 0.1087 0.1123 0.1121 0.1100 0.1122 0.1112 0.1111 
          40  1 0.1114 0.1105 0.1139 0.1100 0.1103 0.1110 0.1103 0.1108 0.1118 
          41  1 0.1109 0.1106 0.1142 0.1098 0.1106 0.1126 0.1095 0.1105 0.1113 
          42  1 0.1112 0.1112 0.1089 0.1117 0.1114 0.1106 0.1120 0.1116 0.1115 
          43  1 0.1114 0.1108 0.1107 0.1118 0.1110 0.1112 0.1113 0.1109 0.1110 
          44  1 0.1116 0.1112 0.1095 0.1115 0.1124 0.1102 0.1117 0.1115 0.1104 
          45  1 0.1115 0.1113 0.1096 0.1115 0.1119 0.1110 0.1118 0.1108 0.1105 
          46  1 0.1113 0.1114 0.1121 0.1107 0.1113 0.1113 0.1107 0.1107 0.1104 
          47  1 0.1111 0.1109 0.1108 0.1115 0.1117 0.1110 0.1110 0.1116 0.1105 
          48  1 0.1100 0.1108 0.1146 0.1096 0.1090 0.1130 0.1096 0.1115 0.1119 
          49  1 0.1113 0.1111 0.1064 0.1132 0.1129 0.1102 0.1134 0.1113 0.1101 
          50  1 0.1108 0.1108 0.1094 0.1116 0.1124 0.1107 0.1122 0.1112 0.1110 
          51  1 0.1112 0.1110 0.1100 0.1115 0.1116 0.1108 0.1115 0.1116 0.1108 
          52  1 0.1101 0.1113 0.1149 0.1091 0.1096 0.1122 0.1091 0.1110 0.1127 
          53  1 0.1109 0.1112 0.1153 0.1095 0.1093 0.1116 0.1090 0.1112 0.1121 
          54  1 0.1107 0.1115 0.1126 0.1110 0.1103 0.1115 0.1104 0.1099 0.1120 
          55  1 0.1111 0.1105 0.1130 0.1099 0.1099 0.1107 0.1104 0.1119 0.1126 
          56  1 0.1110 0.1110 0.1104 0.1119 0.1111 0.1101 0.1116 0.1119 0.1109 
          57  1 0.1108 0.1109 0.1097 0.1119 0.1116 0.1098 0.1118 0.1115 0.1120 
          58  1 0.1105 0.1107 0.1129 0.1102 0.1098 0.1121 0.1107 0.1115 0.1117 
          59  1 0.1112 0.1108 0.1081 0.1123 0.1119 0.1101 0.1119 0.1115 0.1123 
          60  1 0.1118 0.1105 0.1088 0.1125 0.1123 0.1097 0.1125 0.1115 0.1104 
          61  1 0.1103 0.1116 0.1106 0.1114 0.1115 0.1111 0.1112 0.1116 0.1108 
          62  1 0.1117 0.1113 0.1107 0.1116 0.1110 0.1109 0.1111 0.1113 0.1104 
          63  1 0.1109 0.1111 0.1101 0.1111 0.1115 0.1108 0.1114 0.1113 0.1118 
          64  1 0.1105 0.1109 0.1101 0.1112 0.1121 0.1115 0.1114 0.1111 0.1112 
          65  1 0.1111 0.1112 0.1133 0.1103 0.1104 0.1113 0.1099 0.1108 0.1118 
          66  1 0.1107 0.1108 0.1090 0.1119 0.1119 0.1107 0.1120 0.1115 0.1115 
          67  1 0.1107 0.1105 0.1095 0.1111 0.1118 0.1117 0.1114 0.1116 0.1116 
          68  1 0.1113 0.1113 0.1115 0.1105 0.1108 0.1124 0.1104 0.1107 0.1112 
          69  1 0.1111 0.1109 0.1099 0.1114 0.1116 0.1110 0.1115 0.1113 0.1113 
          70  1 0.1112 0.1114 0.1121 0.1109 0.1111 0.1115 0.1110 0.1106 0.1102 
          71  1 0.1107 0.1110 0.1100 0.1118 0.1116 0.1105 0.1115 0.1119 0.1110 
          72  1 0.1110 0.1120 0.1104 0.1120 0.1115 0.1106 0.1115 0.1105 0.1105 
          73  1 0.1107 0.1115 0.1135 0.1100 0.1106 0.1110 0.1104 0.1112 0.1110 
          74  1 0.1111 0.1112 0.1080 0.1126 0.1124 0.1099 0.1128 0.1114 0.1104 
          75  1 0.1119 0.1107 0.1089 0.1122 0.1124 0.1111 0.1125 0.1109 0.1092 
          76  1 0.1122 0.1119 0.1099 0.1114 0.1109 0.1117 0.1112 0.1108 0.1099 
          77  1 0.1106 0.1113 0.1117 0.1109 0.1115 0.1120 0.1112 0.1106 0.1102 
          78  1 0.1110 0.1119 0.1101 0.1122 0.1118 0.1099 0.1118 0.1114 0.1100 
          79  1 0.1109 0.1120 0.1107 0.1117 0.1115 0.1102 0.1116 0.1109 0.1106 
          80  1 0.1108 0.1108 0.1049 0.1126 0.1135 0.1103 0.1132 0.1119 0.1118 
          81  1 0.1106 0.1118 0.1107 0.1115 0.1117 0.1106 0.1118 0.1112 0.1102 
          82  1 0.1111 0.1117 0.1122 0.1103 0.1104 0.1114 0.1106 0.1112 0.1111 
          83  1 0.1119 0.1107 0.1097 0.1117 0.1119 0.1108 0.1117 0.1115 0.1100 
          84  1 0.1122 0.1118 0.1103 0.1117 0.1116 0.1100 0.1116 0.1110 0.1099 
          85  1 0.1108 0.1105 0.1089 0.1121 0.1127 0.1109 0.1125 0.1110 0.1107 
          86  1 0.1109 0.1107 0.1111 0.1111 0.1111 0.1110 0.1108 0.1115 0.1116 
          87  1 0.1117 0.1117 0.1101 0.1115 0.1111 0.1107 0.1117 0.1112 0.1103 
          88  1 0.1107 0.1116 0.1123 0.1112 0.1110 0.1105 0.1105 0.1117 0.1105 
          89  1 0.1109 0.1108 0.1099 0.1116 0.1111 0.1109 0.1118 0.1115 0.1115 
          90  1 0.1114 0.1111 0.1127 0.1102 0.1097 0.1124 0.1097 0.1108 0.1119 
          91  1 0.1106 0.1119 0.1123 0.1099 0.1102 0.1116 0.1098 0.1111 0.1125 
          92  1 0.1113 0.1116 0.1139 0.1103 0.1100 0.1109 0.1101 0.1107 0.1112 
          93  1 0.1111 0.1110 0.1128 0.1102 0.1103 0.1118 0.1098 0.1110 0.1121 
          94  1 0.1112 0.1110 0.1118 0.1109 0.1112 0.1103 0.1110 0.1115 0.1110 
          95  1 0.1111 0.1120 0.1110 0.1104 0.1106 0.1123 0.1103 0.1109 0.1114 
          96  1 0.1110 0.1105 0.1100 0.1114 0.1118 0.1109 0.1129 0.1115 0.1100 
          97  1 0.1108 0.1109 0.1123 0.1106 0.1104 0.1117 0.1102 0.1113 0.1117 
          98  1 0.1108 0.1112 0.1112 0.1108 0.1111 0.1123 0.1109 0.1106 0.1111 
          99  1 0.1107 0.1118 0.1111 0.1103 0.1107 0.1117 0.1108 0.1107 0.1122 
         100  1 0.1107 0.1109 0.1138 0.1100 0.1096 0.1131 0.1097 0.1100 0.1121 
         101  1 0.1110 0.1110 0.1123 0.1108 0.1112 0.1116 0.1101 0.1109 0.1110 
         102  1 0.1117 0.1108 0.1096 0.1115 0.1121 0.1107 0.1120 0.1115 0.1101 
         103  1 0.1109 0.1106 0.1131 0.1103 0.1096 0.1115 0.1098 0.1118 0.1124 
         104  1 0.1105 0.1121 0.1146 0.1095 0.1099 0.1120 0.1102 0.1101 0.1110 
         105  1 0.1108 0.1105 0.1122 0.1113 0.1109 0.1109 0.1105 0.1118 0.1112 
         106  1 0.1105 0.1111 0.1114 0.1112 0.1109 0.1109 0.1115 0.1113 0.1114 
         107  1 0.1121 0.1111 0.1096 0.1119 0.1119 0.1111 0.1118 0.1109 0.1095 
         108  1 0.1107 0.1105 0.1118 0.1111 0.1110 0.1117 0.1109 0.1110 0.1112 
         109  1 0.1112 0.1105 0.1110 0.1111 0.1109 0.1107 0.1109 0.1125 0.1111 
         110  1 0.1111 0.1109 0.1101 0.1113 0.1112 0.1110 0.1116 0.1113 0.1115 
         111  1 0.1117 0.1109 0.1087 0.1123 0.1123 0.1098 0.1126 0.1114 0.1103 
         112  1 0.1111 0.1121 0.1133 0.1104 0.1101 0.1113 0.1106 0.1100 0.1111 
         113  1 0.1102 0.1114 0.1118 0.1108 0.1111 0.1101 0.1118 0.1108 0.1119 
         114  1 0.1110 0.1119 0.1141 0.1097 0.1097 0.1117 0.1098 0.1106 0.1115 
         115  1 0.1120 0.1111 0.1094 0.1119 0.1117 0.1102 0.1119 0.1110 0.1109 
         116  1 0.1109 0.1114 0.1130 0.1100 0.1101 0.1120 0.1102 0.1101 0.1125 
         117  1 0.1098 0.1117 0.1130 0.1101 0.1101 0.1121 0.1100 0.1108 0.1123 
         118  1 0.1114 0.1102 0.1107 0.1121 0.1124 0.1109 0.1115 0.1110 0.1098 
         119  1 0.1115 0.1108 0.1096 0.1115 0.1115 0.1113 0.1113 0.1108 0.1116 
         120  1 0.1115 0.1108 0.1123 0.1107 0.1105 0.1119 0.1105 0.1108 0.1110 
         121  1 0.1110 0.1110 0.1118 0.1110 0.1111 0.1118 0.1109 0.1106 0.1108 
         122  1 0.1117 0.1106 0.1090 0.1117 0.1122 0.1104 0.1117 0.1116 0.1114 
         123  1 0.1114 0.1115 0.1108 0.1116 0.1118 0.1104 0.1117 0.1107 0.1101 
         124  1 0.1105 0.1118 0.1126 0.1099 0.1097 0.1132 0.1099 0.1107 0.1118 
         125  1 0.1117 0.1115 0.1107 0.1118 0.1109 0.1099 0.1119 0.1111 0.1106 
         126  1 0.1113 0.1119 0.1087 0.1118 0.1123 0.1105 0.1124 0.1103 0.1107 
         127  1 0.1108 0.1114 0.1121 0.1105 0.1104 0.1108 0.1105 0.1115 0.1120 
         128  1 0.1111 0.1112 0.1107 0.1108 0.1108 0.1109 0.1109 0.1116 0.1121 
         129  1 0.1109 0.1115 0.1133 0.1104 0.1106 0.1116 0.1105 0.1106 0.1105 
         130  1 0.1120 0.1111 0.1103 0.1114 0.1112 0.1109 0.1112 0.1110 0.1109 
         131  1 0.1119 0.1105 0.1122 0.1110 0.1111 0.1099 0.1114 0.1114 0.1105 
         132  1 0.1113 0.1115 0.1125 0.1107 0.1100 0.1117 0.1097 0.1111 0.1116 
         133  1 0.1108 0.1113 0.1136 0.1104 0.1103 0.1108 0.1102 0.1113 0.1112 
         134  1 0.1110 0.1113 0.1080 0.1123 0.1123 0.1106 0.1126 0.1105 0.1113 
         135  1 0.1111 0.1109 0.1110 0.1117 0.1112 0.1102 0.1121 0.1114 0.1103 
         136  1 0.1111 0.1105 0.1106 0.1116 0.1111 0.1106 0.1115 0.1119 0.1111 
         137  1 0.1107 0.1108 0.1109 0.1110 0.1113 0.1123 0.1112 0.1108 0.1109 
         138  1 0.1103 0.1115 0.1133 0.1102 0.1102 0.1116 0.1104 0.1107 0.1117 
         139  1 0.1107 0.1116 0.1123 0.1101 0.1098 0.1118 0.1100 0.1115 0.1121 
         140  1 0.1109 0.1107 0.1117 0.1112 0.1110 0.1104 0.1114 0.1117 0.1113 
         141  1 0.1106 0.1106 0.1121 0.1103 0.1106 0.1108 0.1114 0.1118 0.1117 
         142  1 0.1105 0.1113 0.1124 0.1104 0.1107 0.1121 0.1108 0.1103 0.1117 
         143  1 0.1107 0.1119 0.1155 0.1093 0.1092 0.1118 0.1088 0.1110 0.1117 
         144  1 0.1112 0.1102 0.1105 0.1111 0.1118 0.1102 0.1114 0.1121 0.1115 
         145  1 0.1106 0.1107 0.1117 0.1109 0.1116 0.1101 0.1112 0.1112 0.1120 
         146  1 0.1120 0.1110 0.1103 0.1112 0.1119 0.1100 0.1116 0.1109 0.1111 
         147  1 0.1115 0.1110 0.1084 0.1120 0.1125 0.1102 0.1126 0.1116 0.1102 
         148  1 0.1110 0.1110 0.1092 0.1120 0.1124 0.1109 0.1124 0.1112 0.1100 
         149  1 0.1111 0.1111 0.1067 0.1129 0.1131 0.1098 0.1129 0.1116 0.1109 
         150  1 0.1114 0.1103 0.1104 0.1114 0.1114 0.1104 0.1115 0.1115 0.1117 
