

----------------------------------------------------
STRUCTURE by Pritchard, Stephens and Donnelly (2000)
     and Falush, Stephens and Pritchard (2003)
       Code by Pritchard, Falush and Hubisz
             Version 2.3.4 (Jul 2012)
----------------------------------------------------



Command line arguments:   /usr/local/bin/structure -m parameter_job_T5_2 
Input File:    /home/martin/bottleneck/structure_analysis/structure_4/data_job_T5_2

Run parameters:
   150 individuals
   14 loci
   5 populations assumed
   10000 Burn-in period
   100000 Reps


--------------------------------------------
Proportion of membership of each pre-defined
 population in each of the 5 clusters

Given    Inferred Clusters                     Number of
 Pop       1      2      3      4      5      Individuals

  1:     0.200  0.200  0.200  0.200  0.200      150
--------------------------------------------

Allele-freq. divergence among pops (Net nucleotide distance),
computed using point estimates of P.

      1       2       3       4       5      
 1      -    0.0028  0.0000  0.0062  0.0063  
 2   0.0028     -    0.0024  0.0008  0.0010  
 3   0.0000  0.0024     -    0.0057  0.0058  
 4   0.0062  0.0008  0.0057     -    0.0005  
 5   0.0063  0.0010  0.0058  0.0005     -    

Average distances (expected heterozygosity) between individuals in same cluster:
cluster  1  : 0.7747 
cluster  2  : 0.7277 
cluster  3  : 0.7712 
cluster  4  : 0.7021 
cluster  5  : 0.7052 

--------------------------------------------
Estimated Ln Prob of Data   = -7586.4
Mean value of ln likelihood = -7499.2
Variance of ln likelihood   = 174.4
Mean value of alpha         = 8.0512

Mean value of Fst_1         = 0.0020
Mean value of Fst_2         = 0.1195
Mean value of Fst_3         = 0.0102
Mean value of Fst_4         = 0.1756
Mean value of Fst_5         = 0.1715


Inferred ancestry of individuals:
        Label (%Miss) Pop:  Inferred clusters
  1        1    (0)    1 :  0.204 0.199 0.204 0.196 0.197 
  2        2    (0)    1 :  0.194 0.201 0.194 0.206 0.205 
  3        3    (0)    1 :  0.196 0.202 0.196 0.205 0.201 
  4        4    (0)    1 :  0.200 0.200 0.199 0.201 0.199 
  5        5    (0)    1 :  0.193 0.202 0.192 0.206 0.208 
  6        6    (0)    1 :  0.202 0.200 0.201 0.198 0.199 
  7        7    (0)    1 :  0.202 0.200 0.202 0.199 0.198 
  8        8    (0)    1 :  0.202 0.198 0.201 0.199 0.200 
  9        9    (0)    1 :  0.196 0.201 0.197 0.203 0.203 
 10       10    (0)    1 :  0.199 0.200 0.198 0.201 0.203 
 11       11   (14)    1 :  0.197 0.200 0.197 0.203 0.203 
 12       12    (0)    1 :  0.197 0.200 0.197 0.202 0.203 
 13       13    (0)    1 :  0.202 0.199 0.202 0.199 0.198 
 14       14    (0)    1 :  0.209 0.197 0.207 0.192 0.194 
 15       15    (0)    1 :  0.204 0.199 0.205 0.195 0.196 
 16       16    (0)    1 :  0.194 0.202 0.195 0.205 0.204 
 17       17    (0)    1 :  0.194 0.201 0.194 0.204 0.207 
 18       18    (0)    1 :  0.209 0.197 0.207 0.193 0.195 
 19       19    (0)    1 :  0.198 0.201 0.198 0.201 0.203 
 20       20    (0)    1 :  0.198 0.200 0.199 0.203 0.199 
 21       21    (0)    1 :  0.197 0.202 0.197 0.203 0.201 
 22       22    (0)    1 :  0.197 0.203 0.198 0.203 0.199 
 23       23    (0)    1 :  0.196 0.201 0.197 0.203 0.203 
 24       24    (0)    1 :  0.193 0.202 0.195 0.208 0.202 
 25       25    (0)    1 :  0.194 0.201 0.195 0.204 0.206 
 26       26    (0)    1 :  0.203 0.199 0.203 0.198 0.197 
 27       27    (0)    1 :  0.197 0.201 0.197 0.202 0.204 
 28       28    (0)    1 :  0.197 0.202 0.197 0.203 0.202 
 29       29    (0)    1 :  0.198 0.201 0.198 0.201 0.202 
 30       30    (0)    1 :  0.195 0.201 0.195 0.204 0.205 
 31       31    (0)    1 :  0.207 0.198 0.204 0.195 0.196 
 32       32    (0)    1 :  0.201 0.199 0.199 0.200 0.200 
 33       33    (0)    1 :  0.197 0.202 0.197 0.203 0.201 
 34       34    (0)    1 :  0.200 0.201 0.200 0.200 0.200 
 35       35    (0)    1 :  0.199 0.200 0.199 0.200 0.201 
 36       36    (0)    1 :  0.202 0.198 0.200 0.199 0.201 
 37       37    (0)    1 :  0.201 0.201 0.201 0.198 0.199 
 38       38    (0)    1 :  0.200 0.200 0.200 0.200 0.200 
 39       39    (0)    1 :  0.208 0.197 0.206 0.192 0.196 
 40       40    (0)    1 :  0.195 0.203 0.196 0.205 0.201 
 41       41    (0)    1 :  0.193 0.202 0.194 0.208 0.203 
 42       42    (0)    1 :  0.206 0.197 0.206 0.194 0.196 
 43       43    (0)    1 :  0.202 0.199 0.201 0.200 0.199 
 44       44    (0)    1 :  0.204 0.200 0.204 0.197 0.196 
 45       45    (0)    1 :  0.204 0.199 0.203 0.198 0.197 
 46       46    (0)    1 :  0.197 0.201 0.198 0.203 0.201 
 47       47    (0)    1 :  0.202 0.198 0.202 0.200 0.198 
 48       48    (0)    1 :  0.192 0.203 0.193 0.208 0.205 
 49       49    (0)    1 :  0.212 0.195 0.211 0.188 0.194 
 50       50    (0)    1 :  0.204 0.198 0.203 0.196 0.198 
 51       51    (0)    1 :  0.203 0.199 0.203 0.197 0.197 
 52       52    (0)    1 :  0.191 0.204 0.192 0.210 0.203 
 53       53    (0)    1 :  0.191 0.202 0.192 0.211 0.204 
 54       54    (0)    1 :  0.196 0.201 0.196 0.204 0.203 
 55       55    (0)    1 :  0.196 0.202 0.197 0.202 0.202 
 56       56    (0)    1 :  0.202 0.200 0.201 0.198 0.199 
 57       57    (0)    1 :  0.206 0.199 0.204 0.196 0.195 
 58       58    (0)    1 :  0.197 0.201 0.198 0.202 0.202 
 59       59    (0)    1 :  0.207 0.198 0.205 0.195 0.196 
 60       60    (0)    1 :  0.208 0.198 0.207 0.193 0.195 
 61       61    (0)    1 :  0.202 0.198 0.202 0.197 0.201 
 62       62    (0)    1 :  0.200 0.199 0.201 0.200 0.200 
 63       63    (0)    1 :  0.204 0.199 0.203 0.197 0.197 
 64       64    (0)    1 :  0.201 0.199 0.201 0.199 0.200 
 65       65    (0)    1 :  0.194 0.201 0.195 0.205 0.204 
 66       66    (0)    1 :  0.205 0.198 0.203 0.195 0.198 
 67       67    (0)    1 :  0.203 0.198 0.201 0.198 0.199 
 68       68    (0)    1 :  0.198 0.200 0.198 0.203 0.201 
 69       69    (0)    1 :  0.202 0.200 0.201 0.197 0.200 
 70       70    (0)    1 :  0.200 0.199 0.200 0.199 0.202 
 71       71    (0)    1 :  0.203 0.200 0.202 0.197 0.199 
 72       72    (0)    1 :  0.203 0.199 0.202 0.197 0.198 
 73       73    (0)    1 :  0.193 0.202 0.194 0.206 0.204 
 74       74    (0)    1 :  0.208 0.197 0.208 0.191 0.195 
 75       75    (0)    1 :  0.206 0.198 0.205 0.195 0.196 
 76       76    (0)    1 :  0.205 0.201 0.204 0.195 0.196 
 77       77    (0)    1 :  0.199 0.200 0.199 0.201 0.201 
 78       78    (0)    1 :  0.205 0.198 0.203 0.197 0.197 
 79       79    (0)    1 :  0.202 0.199 0.201 0.198 0.199 
 80       80    (0)    1 :  0.214 0.194 0.211 0.188 0.193 
 81       81    (0)    1 :  0.203 0.199 0.202 0.197 0.199 
 82       82    (0)    1 :  0.200 0.201 0.198 0.202 0.199 
 83       83    (0)    1 :  0.203 0.200 0.203 0.197 0.198 
 84       84    (0)    1 :  0.202 0.199 0.202 0.198 0.199 
 85       85    (0)    1 :  0.206 0.198 0.205 0.195 0.197 
 86       86    (7)    1 :  0.197 0.201 0.198 0.202 0.202 
 87       87    (0)    1 :  0.203 0.201 0.202 0.196 0.197 
 88       88    (7)    1 :  0.197 0.201 0.199 0.203 0.200 
 89       89    (0)    1 :  0.203 0.200 0.202 0.199 0.197 
 90       90    (0)    1 :  0.196 0.200 0.197 0.204 0.203 
 91       91    (0)    1 :  0.195 0.202 0.195 0.204 0.204 
 92       92    (0)    1 :  0.194 0.203 0.194 0.206 0.203 
 93       93    (7)    1 :  0.194 0.202 0.197 0.204 0.203 
 94       94    (0)    1 :  0.199 0.201 0.199 0.201 0.201 
 95       95    (0)    1 :  0.198 0.200 0.198 0.201 0.203 
 96       96    (0)    1 :  0.205 0.197 0.205 0.196 0.197 
 97       97    (7)    1 :  0.196 0.201 0.197 0.204 0.203 
 98       98    (0)    1 :  0.198 0.200 0.199 0.202 0.200 
 99       99    (7)    1 :  0.198 0.201 0.199 0.202 0.201 
100      100    (7)    1 :  0.193 0.201 0.193 0.208 0.205 
101      101    (7)    1 :  0.198 0.202 0.198 0.201 0.201 
102      102    (0)    1 :  0.204 0.198 0.204 0.197 0.198 
103      103    (0)    1 :  0.194 0.202 0.195 0.207 0.203 
104      104    (0)    1 :  0.193 0.203 0.194 0.207 0.204 
105      105    (0)    1 :  0.196 0.202 0.196 0.203 0.204 
106      106    (7)    1 :  0.202 0.199 0.201 0.197 0.201 
107      107    (0)    1 :  0.204 0.199 0.204 0.196 0.196 
108      108    (0)    1 :  0.200 0.201 0.200 0.202 0.197 
109      109    (0)    1 :  0.199 0.200 0.199 0.202 0.200 
110      110   (14)    1 :  0.201 0.200 0.201 0.198 0.200 
111      111   (14)    1 :  0.207 0.197 0.207 0.194 0.194 
112      112    (0)    1 :  0.196 0.202 0.197 0.202 0.203 
113      113   (14)    1 :  0.199 0.200 0.198 0.201 0.202 
114      114    (7)    1 :  0.196 0.202 0.196 0.206 0.200 
115      115    (0)    1 :  0.203 0.200 0.203 0.197 0.197 
116      116    (0)    1 :  0.195 0.202 0.196 0.205 0.201 
117      117    (0)    1 :  0.196 0.202 0.197 0.202 0.203 
118      118    (0)    1 :  0.203 0.199 0.203 0.197 0.198 
119      119    (0)    1 :  0.203 0.200 0.201 0.197 0.199 
120      120    (0)    1 :  0.198 0.200 0.199 0.203 0.200 
121      121    (7)    1 :  0.197 0.200 0.198 0.202 0.203 
122      122    (0)    1 :  0.205 0.199 0.204 0.195 0.196 
123      123    (0)    1 :  0.202 0.199 0.202 0.198 0.199 
124      124    (0)    1 :  0.194 0.201 0.196 0.205 0.204 
125      125    (0)    1 :  0.201 0.200 0.201 0.198 0.200 
126      126    (0)    1 :  0.206 0.197 0.205 0.193 0.199 
127      127    (0)    1 :  0.200 0.200 0.199 0.199 0.202 
128      128    (0)    1 :  0.200 0.200 0.201 0.199 0.199 
129      129    (7)    1 :  0.197 0.200 0.197 0.204 0.202 
130      130    (7)    1 :  0.201 0.200 0.200 0.200 0.198 
131      131    (7)    1 :  0.198 0.202 0.198 0.203 0.200 
132      132    (0)    1 :  0.196 0.200 0.196 0.203 0.204 
133      133    (0)    1 :  0.196 0.200 0.197 0.203 0.204 
134      134    (0)    1 :  0.208 0.197 0.207 0.191 0.197 
135      135    (0)    1 :  0.201 0.201 0.200 0.199 0.199 
136      136    (0)    1 :  0.202 0.200 0.203 0.198 0.198 
137      137    (7)    1 :  0.201 0.200 0.200 0.198 0.201 
138      138    (7)    1 :  0.194 0.202 0.194 0.205 0.205 
139      139    (0)    1 :  0.195 0.201 0.196 0.204 0.204 
140      140    (0)    1 :  0.199 0.200 0.199 0.200 0.201 
141      141   (14)    1 :  0.200 0.200 0.199 0.200 0.200 
142      142    (7)    1 :  0.198 0.202 0.198 0.201 0.201 
143      143    (0)    1 :  0.193 0.202 0.193 0.210 0.202 
144      144    (0)    1 :  0.201 0.199 0.200 0.200 0.200 
145      145    (0)    1 :  0.197 0.202 0.199 0.201 0.202 
146      146    (0)    1 :  0.203 0.199 0.202 0.198 0.198 
147      147    (0)    1 :  0.206 0.198 0.204 0.195 0.197 
148      148    (0)    1 :  0.205 0.197 0.204 0.195 0.199 
149      149    (0)    1 :  0.210 0.197 0.209 0.190 0.194 
150      150    (7)    1 :  0.203 0.200 0.202 0.198 0.197 


Estimated Allele Frequencies in each cluster
First column gives estimated ancestral frequencies


Locus 1 : 
23 alleles
0.0% missing data
 137   (0.108) 0.109 0.125 0.110 0.116 0.106 
 177   (0.022) 0.022 0.013 0.021 0.009 0.010 
 133   (0.139) 0.140 0.195 0.143 0.264 0.222 
 135   (0.168) 0.170 0.241 0.173 0.250 0.292 
 127   (0.047) 0.047 0.037 0.047 0.033 0.034 
 129   (0.089) 0.089 0.092 0.092 0.095 0.084 
 141   (0.048) 0.048 0.039 0.048 0.033 0.032 
 131   (0.077) 0.077 0.077 0.078 0.072 0.069 
 139   (0.041) 0.041 0.031 0.041 0.027 0.027 
 167   (0.028) 0.028 0.019 0.028 0.014 0.016 
 171   (0.034) 0.034 0.022 0.033 0.017 0.018 
 179   (0.018) 0.018 0.010 0.017 0.006 0.008 
 160   (0.030) 0.030 0.019 0.029 0.014 0.016 
 173   (0.010) 0.010 0.005 0.009 0.002 0.004 
 166   (0.022) 0.022 0.013 0.021 0.009 0.010 
 175   (0.014) 0.014 0.007 0.013 0.004 0.006 
 169   (0.010) 0.010 0.004 0.009 0.002 0.004 
 185   (0.014) 0.013 0.007 0.013 0.004 0.006 
 158   (0.018) 0.018 0.010 0.017 0.007 0.008 
 161   (0.022) 0.022 0.013 0.021 0.009 0.010 
 159   (0.018) 0.018 0.010 0.017 0.006 0.008 
 165   (0.010) 0.009 0.004 0.008 0.002 0.003 
 181   (0.014) 0.014 0.007 0.013 0.004 0.006 

Locus 2 : 
4 alleles
1.3% missing data
 155   (0.132) 0.131 0.118 0.131 0.106 0.110 
 157   (0.767) 0.768 0.809 0.771 0.830 0.825 
 159   (0.080) 0.080 0.062 0.079 0.056 0.056 
 161   (0.021) 0.020 0.011 0.019 0.007 0.009 

Locus 3 : 
21 alleles
0.7% missing data
 118   (0.088) 0.089 0.101 0.090 0.121 0.107 
  94   (0.041) 0.041 0.031 0.041 0.027 0.027 
 104   (0.064) 0.064 0.059 0.064 0.055 0.057 
 108   (0.088) 0.088 0.128 0.090 0.134 0.117 
 112   (0.074) 0.074 0.079 0.074 0.075 0.073 
 106   (0.013) 0.013 0.007 0.012 0.004 0.005 
 110   (0.084) 0.084 0.117 0.087 0.141 0.147 
 134   (0.010) 0.010 0.005 0.009 0.003 0.004 
 120   (0.050) 0.051 0.042 0.050 0.036 0.038 
 124   (0.048) 0.048 0.038 0.047 0.035 0.034 
 122   (0.053) 0.053 0.044 0.054 0.043 0.040 
 126   (0.048) 0.048 0.039 0.047 0.033 0.035 
 102   (0.036) 0.036 0.024 0.035 0.020 0.021 
 116   (0.079) 0.079 0.099 0.080 0.103 0.101 
 136   (0.014) 0.014 0.007 0.013 0.005 0.006 
 132   (0.031) 0.031 0.022 0.031 0.017 0.019 
 114   (0.082) 0.082 0.096 0.084 0.099 0.116 
 128   (0.039) 0.039 0.029 0.039 0.024 0.024 
 130   (0.033) 0.033 0.022 0.032 0.017 0.020 
 138   (0.014) 0.013 0.007 0.013 0.005 0.006 
 142   (0.010) 0.009 0.004 0.008 0.002 0.003 

Locus 4 : 
9 alleles
0.0% missing data
 165   (0.278) 0.279 0.302 0.281 0.330 0.332 
 167   (0.429) 0.431 0.482 0.436 0.492 0.481 
 169   (0.080) 0.080 0.061 0.078 0.052 0.054 
 171   (0.076) 0.076 0.060 0.074 0.050 0.050 
 161   (0.087) 0.087 0.071 0.086 0.062 0.064 
 175   (0.010) 0.010 0.005 0.009 0.003 0.004 
 173   (0.011) 0.010 0.005 0.009 0.003 0.004 
 168   (0.019) 0.019 0.010 0.018 0.007 0.008 
 156   (0.010) 0.010 0.004 0.009 0.003 0.004 

Locus 5 : 
9 alleles
2.0% missing data
 124   (0.547) 0.548 0.636 0.555 0.669 0.655 
 126   (0.095) 0.095 0.076 0.095 0.065 0.067 
 122   (0.144) 0.145 0.136 0.144 0.133 0.135 
 128   (0.094) 0.094 0.081 0.093 0.079 0.082 
 138   (0.055) 0.055 0.038 0.053 0.033 0.034 
 140   (0.015) 0.015 0.008 0.013 0.004 0.006 
 132   (0.015) 0.015 0.007 0.014 0.005 0.006 
 136   (0.015) 0.015 0.007 0.014 0.005 0.006 
 142   (0.020) 0.019 0.011 0.018 0.007 0.009 

Locus 6 : 
14 alleles
0.0% missing data
 105   (0.148) 0.148 0.181 0.151 0.201 0.182 
 101   (0.078) 0.078 0.071 0.077 0.071 0.070 
 103   (0.084) 0.084 0.079 0.084 0.079 0.074 
  99   (0.180) 0.181 0.245 0.183 0.264 0.297 
 107   (0.115) 0.115 0.126 0.117 0.118 0.117 
 119   (0.084) 0.084 0.071 0.084 0.077 0.067 
 111   (0.089) 0.089 0.077 0.089 0.075 0.070 
 117   (0.037) 0.037 0.025 0.036 0.019 0.021 
 113   (0.042) 0.042 0.028 0.041 0.022 0.024 
 115   (0.041) 0.041 0.029 0.040 0.023 0.024 
 109   (0.051) 0.051 0.038 0.051 0.032 0.033 
 121   (0.031) 0.031 0.019 0.030 0.014 0.016 
 123   (0.010) 0.010 0.004 0.009 0.002 0.004 
 125   (0.010) 0.009 0.005 0.009 0.003 0.004 

Locus 7 : 
11 alleles
1.3% missing data
 231   (0.085) 0.085 0.075 0.084 0.073 0.075 
 232   (0.330) 0.331 0.361 0.337 0.383 0.375 
 230   (0.250) 0.251 0.273 0.252 0.270 0.274 
 234   (0.166) 0.167 0.189 0.168 0.203 0.191 
 238   (0.024) 0.024 0.013 0.023 0.009 0.011 
 244   (0.014) 0.014 0.007 0.013 0.004 0.006 
 236   (0.050) 0.050 0.036 0.049 0.028 0.031 
 242   (0.023) 0.023 0.013 0.022 0.009 0.011 
 235   (0.010) 0.010 0.005 0.009 0.003 0.004 
 240   (0.036) 0.036 0.023 0.035 0.016 0.018 
 228   (0.010) 0.010 0.004 0.009 0.003 0.004 

Locus 8 : 
13 alleles
1.3% missing data
 129   (0.284) 0.286 0.348 0.290 0.395 0.371 
 133   (0.126) 0.127 0.128 0.128 0.127 0.130 
 125   (0.100) 0.100 0.095 0.100 0.087 0.090 
 127   (0.117) 0.118 0.116 0.119 0.114 0.117 
 119   (0.039) 0.039 0.025 0.038 0.020 0.022 
 131   (0.142) 0.142 0.164 0.143 0.163 0.168 
 135   (0.049) 0.049 0.037 0.049 0.030 0.028 
 121   (0.011) 0.010 0.005 0.009 0.003 0.004 
 137   (0.036) 0.036 0.023 0.035 0.016 0.018 
 139   (0.051) 0.051 0.038 0.050 0.033 0.035 
 123   (0.015) 0.014 0.007 0.013 0.005 0.006 
 141   (0.020) 0.019 0.011 0.018 0.007 0.008 
 149   (0.011) 0.010 0.005 0.009 0.003 0.004 

Locus 9 : 
6 alleles
0.7% missing data
 134   (0.768) 0.769 0.829 0.774 0.851 0.846 
 140   (0.045) 0.045 0.029 0.043 0.023 0.025 
 138   (0.121) 0.122 0.103 0.122 0.099 0.097 
 136   (0.039) 0.039 0.026 0.038 0.020 0.022 
 120   (0.016) 0.015 0.008 0.014 0.005 0.006 
 130   (0.011) 0.010 0.005 0.009 0.003 0.004 

Locus 10 : 
14 alleles
1.3% missing data
 113   (0.079) 0.079 0.073 0.079 0.065 0.062 
  93   (0.242) 0.243 0.319 0.248 0.356 0.348 
 115   (0.131) 0.131 0.141 0.132 0.158 0.156 
 119   (0.099) 0.099 0.097 0.099 0.097 0.091 
 109   (0.051) 0.051 0.039 0.051 0.032 0.035 
 121   (0.055) 0.055 0.042 0.055 0.036 0.036 
 125   (0.023) 0.023 0.013 0.022 0.009 0.011 
 111   (0.111) 0.111 0.131 0.113 0.135 0.140 
 103   (0.053) 0.053 0.042 0.052 0.037 0.038 
 107   (0.048) 0.048 0.036 0.047 0.029 0.029 
  95   (0.031) 0.031 0.019 0.030 0.014 0.015 
 117   (0.038) 0.038 0.025 0.037 0.020 0.022 
 127   (0.014) 0.014 0.007 0.013 0.004 0.006 
 123   (0.024) 0.023 0.014 0.022 0.009 0.011 

Locus 11 : 
11 alleles
7.3% missing data
 154   (0.167) 0.168 0.192 0.168 0.205 0.205 
 128   (0.082) 0.082 0.075 0.081 0.075 0.069 
 148   (0.041) 0.040 0.028 0.039 0.021 0.023 
 162   (0.137) 0.137 0.143 0.139 0.144 0.134 
 158   (0.055) 0.055 0.041 0.054 0.036 0.036 
 152   (0.158) 0.159 0.183 0.161 0.201 0.234 
 156   (0.094) 0.094 0.110 0.094 0.098 0.090 
 160   (0.090) 0.090 0.086 0.090 0.091 0.076 
 146   (0.081) 0.081 0.071 0.080 0.065 0.065 
 164   (0.074) 0.074 0.061 0.074 0.058 0.058 
 166   (0.021) 0.020 0.011 0.019 0.007 0.009 

Locus 12 : 
11 alleles
0.7% missing data
 278   (0.077) 0.077 0.061 0.076 0.054 0.057 
 288   (0.193) 0.194 0.196 0.195 0.190 0.172 
 290   (0.332) 0.333 0.425 0.338 0.479 0.487 
 292   (0.111) 0.111 0.111 0.111 0.112 0.107 
 296   (0.011) 0.010 0.005 0.009 0.003 0.004 
 286   (0.070) 0.070 0.056 0.070 0.044 0.048 
 294   (0.061) 0.061 0.046 0.060 0.037 0.039 
 287   (0.068) 0.068 0.055 0.067 0.050 0.049 
 289   (0.032) 0.031 0.019 0.030 0.014 0.016 
 280   (0.031) 0.031 0.020 0.030 0.014 0.016 
 291   (0.015) 0.015 0.007 0.014 0.005 0.006 

Locus 13 : 
14 alleles
0.7% missing data
 133   (0.035) 0.035 0.022 0.034 0.016 0.018 
 135   (0.304) 0.306 0.367 0.311 0.397 0.440 
 131   (0.068) 0.068 0.054 0.068 0.050 0.050 
 141   (0.162) 0.163 0.196 0.164 0.201 0.177 
 143   (0.096) 0.096 0.089 0.098 0.087 0.082 
 145   (0.143) 0.144 0.154 0.145 0.163 0.135 
 139   (0.053) 0.053 0.037 0.053 0.030 0.033 
 129   (0.049) 0.049 0.035 0.048 0.028 0.029 
 125   (0.019) 0.019 0.010 0.018 0.007 0.008 
 137   (0.019) 0.019 0.010 0.018 0.007 0.008 
 119   (0.010) 0.010 0.005 0.009 0.003 0.004 
 147   (0.015) 0.014 0.007 0.013 0.004 0.006 
 149   (0.010) 0.010 0.005 0.009 0.003 0.004 
 127   (0.015) 0.015 0.007 0.013 0.004 0.006 

Locus 14 : 
15 alleles
0.7% missing data
 176   (0.105) 0.105 0.096 0.106 0.095 0.097 
 194   (0.062) 0.062 0.052 0.062 0.046 0.047 
 186   (0.060) 0.060 0.049 0.060 0.044 0.042 
 192   (0.137) 0.137 0.181 0.138 0.189 0.210 
 190   (0.184) 0.185 0.217 0.188 0.254 0.237 
 188   (0.130) 0.130 0.145 0.131 0.148 0.138 
 196   (0.019) 0.018 0.010 0.018 0.007 0.008 
 178   (0.054) 0.054 0.041 0.053 0.035 0.036 
 184   (0.118) 0.119 0.130 0.123 0.128 0.121 
 174   (0.030) 0.030 0.019 0.029 0.015 0.016 
 200   (0.034) 0.034 0.023 0.033 0.017 0.018 
 198   (0.027) 0.027 0.016 0.026 0.011 0.013 
 180   (0.020) 0.019 0.011 0.018 0.007 0.008 
 204   (0.010) 0.010 0.005 0.009 0.003 0.004 
 202   (0.010) 0.010 0.005 0.009 0.003 0.004 

Values of parameters used in structure:
DATAFILE=/home/martin/bottleneck/structure_analysis/structure_4/data_job_T5_2,	OUTFILE=/home/martin/bottleneck/structure_analysis/structure_4/structure_results/leopard_seal/results_job_T5_2,	NUMINDS=150,	NUMLOCI=14,	MISSING=-9,	LABEL=1,	POPDATA=1,	POPFLAG=0,	PHENOTYPE=0,	EXTRACOLS=0,	MAXPOPS=5,	BURNIN=10000,	NUMREPS=100000,	USEPOPINFO=0,	INFERALPHA=1,	INFERLAMBDA=0,	POPSPECIFICLAMBDA=0,	POPALPHAS=0,	COMPUTEPROB=1,	NOADMIX=0,	ADMBURNIN=2500,	UPDATEFREQ=1,	PRINTLIKES=0,	INTERMEDSAVE=0,	PRINTKLD=0,	PRINTNET=0,	PRINTLAMBDA=0,	ANCESTDIST=0,	NUMBOXES=1000,	ANCESTPINT=0.90000,	GENSBACK=2,	MIGRPRIOR=0.05000,	PRINTQHAT=1,	PRINTQSUM=0,	ALPHA=1.0000,	FREQSCORR=1,	FPRIORMEAN=0.0100,	FPRIORSD=0.0500,	ONEFST=0,	LAMBDA=1.0000,	UNIFPRIORALPHA=1,	ALPHAMAX=10.0000,	ALPHAPRIORA=1.0000,	ALPHAPRIORB=2.0000,	ALPHAPROPSD=0.0250,	STARTATPOPINFO=0,	RANDOMIZE=1,	LINKAGE=0,	METROFREQ=10,	REPORTHITRATE=0,	MARKOVPHASE=-1,	PHASED=0,	PLOIDY=2,	PHASEINFO=0	LOCPRIOR=0, 	LOCPRIORINIT=1.000000, 	LOCDATA=0, 	LOCISPOP=0, 	LOCPRIORSTEP=0.100000, 	MAXLOCPRIOR=20.000000, 	SEED=1470515325,	
[STRAT parameters]:    NUMSIMSTATS=1000,	PHENOTYPECOL=-9,	POOLFREQ=10,	LOCUSxONLY=0,	EMERROR=0.00100,	MISSINGPHENO=-9,	