

----------------------------------------------------
STRUCTURE by Pritchard, Stephens and Donnelly (2000)
     and Falush, Stephens and Pritchard (2003)
       Code by Pritchard, Falush and Hubisz
             Version 2.3.4 (Jul 2012)
----------------------------------------------------



Command line arguments:   /usr/local/bin/structure -m parameter_job_T7_1 
Input File:    /home/martin/bottleneck/structure_analysis/structure_4/data_job_T7_1

Run parameters:
   150 individuals
   14 loci
   7 populations assumed
   10000 Burn-in period
   100000 Reps


--------------------------------------------
Proportion of membership of each pre-defined
 population in each of the 7 clusters

Given    Inferred Clusters                                   Number of
 Pop       1      2      3      4      5      6      7      Individuals

  1:     0.143  0.143  0.143  0.143  0.143  0.143  0.143      150
--------------------------------------------

Allele-freq. divergence among pops (Net nucleotide distance),
computed using point estimates of P.

      1       2       3       4       5       6       7      
 1      -    0.0006  0.0036  0.0024  0.0030  0.0000  0.0001  
 2   0.0006     -    0.0015  0.0008  0.0011  0.0006  0.0003  
 3   0.0036  0.0015     -    0.0004  0.0002  0.0036  0.0028  
 4   0.0024  0.0008  0.0004     -    0.0003  0.0024  0.0017  
 5   0.0030  0.0011  0.0002  0.0003     -    0.0030  0.0023  
 6   0.0000  0.0006  0.0036  0.0024  0.0030     -    0.0001  
 7   0.0001  0.0003  0.0028  0.0017  0.0023  0.0001     -    

Average distances (expected heterozygosity) between individuals in same cluster:
cluster  1  : 0.7619 
cluster  2  : 0.7421 
cluster  3  : 0.7103 
cluster  4  : 0.7213 
cluster  5  : 0.7154 
cluster  6  : 0.7619 
cluster  7  : 0.7554 

--------------------------------------------
Estimated Ln Prob of Data   = -8189.2
Mean value of ln likelihood = -7468.2
Variance of ln likelihood   = 1441.9
Mean value of alpha         = 2.5328

Mean value of Fst_1         = 0.0010
Mean value of Fst_2         = 0.0661
Mean value of Fst_3         = 0.1617
Mean value of Fst_4         = 0.1336
Mean value of Fst_5         = 0.1507
Mean value of Fst_6         = 0.0012
Mean value of Fst_7         = 0.0205


Inferred ancestry of individuals:
        Label (%Miss) Pop:  Inferred clusters
  1        1    (0)    1 :  0.150 0.144 0.135 0.137 0.139 0.149 0.146 
  2        2    (0)    1 :  0.134 0.145 0.147 0.153 0.149 0.133 0.139 
  3        3    (0)    1 :  0.134 0.140 0.147 0.151 0.158 0.134 0.135 
  4        4    (0)    1 :  0.141 0.143 0.142 0.147 0.146 0.141 0.139 
  5        5    (0)    1 :  0.132 0.144 0.153 0.152 0.152 0.132 0.135 
  6        6    (0)    1 :  0.145 0.143 0.140 0.143 0.140 0.144 0.145 
  7        7    (0)    1 :  0.146 0.143 0.139 0.140 0.139 0.147 0.146 
  8        8    (0)    1 :  0.148 0.140 0.138 0.144 0.139 0.146 0.145 
  9        9    (0)    1 :  0.138 0.142 0.147 0.147 0.151 0.137 0.139 
 10       10    (0)    1 :  0.141 0.144 0.148 0.142 0.141 0.142 0.142 
 11       11   (14)    1 :  0.134 0.142 0.148 0.150 0.155 0.135 0.136 
 12       12    (0)    1 :  0.140 0.144 0.146 0.141 0.147 0.140 0.141 
 13       13    (0)    1 :  0.147 0.145 0.141 0.140 0.137 0.145 0.146 
 14       14    (0)    1 :  0.156 0.142 0.132 0.133 0.131 0.155 0.152 
 15       15    (0)    1 :  0.148 0.145 0.140 0.138 0.136 0.148 0.146 
 16       16    (0)    1 :  0.133 0.141 0.154 0.149 0.155 0.133 0.136 
 17       17    (0)    1 :  0.132 0.143 0.151 0.146 0.157 0.134 0.137 
 18       18    (0)    1 :  0.151 0.141 0.136 0.139 0.135 0.151 0.148 
 19       19    (0)    1 :  0.140 0.142 0.144 0.144 0.149 0.139 0.142 
 20       20    (0)    1 :  0.143 0.141 0.144 0.143 0.145 0.142 0.143 
 21       21    (0)    1 :  0.138 0.145 0.146 0.143 0.146 0.139 0.143 
 22       22    (0)    1 :  0.139 0.146 0.147 0.143 0.145 0.141 0.140 
 23       23    (0)    1 :  0.139 0.144 0.148 0.146 0.145 0.139 0.140 
 24       24    (0)    1 :  0.135 0.141 0.145 0.148 0.156 0.135 0.140 
 25       25    (0)    1 :  0.133 0.142 0.148 0.153 0.151 0.136 0.137 
 26       26    (0)    1 :  0.148 0.144 0.138 0.141 0.138 0.146 0.145 
 27       27    (0)    1 :  0.138 0.141 0.146 0.147 0.149 0.138 0.141 
 28       28    (0)    1 :  0.139 0.143 0.147 0.144 0.149 0.139 0.140 
 29       29    (0)    1 :  0.142 0.144 0.145 0.139 0.146 0.141 0.143 
 30       30    (0)    1 :  0.137 0.140 0.147 0.152 0.147 0.137 0.140 
 31       31    (0)    1 :  0.153 0.141 0.134 0.140 0.132 0.151 0.148 
 32       32    (0)    1 :  0.140 0.137 0.141 0.147 0.155 0.140 0.140 
 33       33    (0)    1 :  0.140 0.143 0.145 0.146 0.141 0.141 0.142 
 34       34    (0)    1 :  0.139 0.144 0.143 0.141 0.154 0.137 0.142 
 35       35    (0)    1 :  0.144 0.145 0.142 0.138 0.143 0.145 0.143 
 36       36    (0)    1 :  0.147 0.143 0.140 0.143 0.137 0.147 0.144 
 37       37    (0)    1 :  0.146 0.145 0.139 0.143 0.138 0.146 0.144 
 38       38    (0)    1 :  0.145 0.142 0.142 0.141 0.139 0.145 0.146 
 39       39    (0)    1 :  0.150 0.144 0.137 0.136 0.136 0.151 0.147 
 40       40    (0)    1 :  0.136 0.141 0.150 0.149 0.152 0.135 0.138 
 41       41    (0)    1 :  0.132 0.141 0.155 0.150 0.155 0.132 0.134 
 42       42    (0)    1 :  0.149 0.142 0.135 0.138 0.137 0.151 0.148 
 43       43    (0)    1 :  0.145 0.144 0.139 0.145 0.140 0.144 0.143 
 44       44    (0)    1 :  0.147 0.141 0.142 0.143 0.137 0.146 0.145 
 45       45    (0)    1 :  0.149 0.138 0.139 0.141 0.139 0.148 0.146 
 46       46    (0)    1 :  0.139 0.141 0.144 0.151 0.146 0.140 0.139 
 47       47    (0)    1 :  0.147 0.144 0.143 0.141 0.133 0.146 0.147 
 48       48    (0)    1 :  0.132 0.142 0.154 0.154 0.151 0.133 0.135 
 49       49    (0)    1 :  0.158 0.142 0.130 0.133 0.126 0.159 0.151 
 50       50    (0)    1 :  0.151 0.144 0.135 0.139 0.132 0.150 0.148 
 51       51    (0)    1 :  0.147 0.144 0.142 0.136 0.139 0.146 0.146 
 52       52    (0)    1 :  0.129 0.138 0.153 0.151 0.168 0.129 0.132 
 53       53    (0)    1 :  0.128 0.140 0.157 0.154 0.159 0.129 0.133 
 54       54    (0)    1 :  0.140 0.143 0.147 0.143 0.148 0.140 0.139 
 55       55    (0)    1 :  0.136 0.144 0.146 0.148 0.149 0.138 0.139 
 56       56    (0)    1 :  0.145 0.148 0.140 0.138 0.140 0.143 0.145 
 57       57    (0)    1 :  0.151 0.142 0.135 0.139 0.133 0.151 0.149 
 58       58    (0)    1 :  0.138 0.145 0.145 0.151 0.141 0.138 0.143 
 59       59    (0)    1 :  0.154 0.142 0.134 0.138 0.133 0.152 0.147 
 60       60    (0)    1 :  0.153 0.143 0.134 0.137 0.134 0.152 0.148 
 61       61    (0)    1 :  0.146 0.144 0.141 0.138 0.137 0.147 0.147 
 62       62    (0)    1 :  0.141 0.141 0.142 0.144 0.145 0.144 0.142 
 63       63    (0)    1 :  0.147 0.141 0.138 0.144 0.140 0.147 0.144 
 64       64    (0)    1 :  0.144 0.140 0.143 0.142 0.141 0.147 0.142 
 65       65    (0)    1 :  0.131 0.142 0.154 0.150 0.158 0.131 0.134 
 66       66    (0)    1 :  0.150 0.142 0.137 0.138 0.136 0.148 0.148 
 67       67    (0)    1 :  0.149 0.143 0.137 0.139 0.134 0.150 0.148 
 68       68    (0)    1 :  0.140 0.140 0.144 0.147 0.148 0.140 0.141 
 69       69    (0)    1 :  0.147 0.147 0.141 0.138 0.137 0.145 0.145 
 70       70    (0)    1 :  0.142 0.145 0.145 0.140 0.140 0.143 0.145 
 71       71    (0)    1 :  0.149 0.141 0.138 0.138 0.137 0.149 0.147 
 72       72    (0)    1 :  0.146 0.144 0.140 0.141 0.137 0.147 0.146 
 73       73    (0)    1 :  0.136 0.143 0.149 0.146 0.152 0.136 0.138 
 74       74    (0)    1 :  0.155 0.144 0.132 0.134 0.131 0.153 0.151 
 75       75    (0)    1 :  0.153 0.143 0.134 0.136 0.133 0.152 0.149 
 76       76    (0)    1 :  0.147 0.142 0.140 0.139 0.139 0.147 0.146 
 77       77    (0)    1 :  0.143 0.141 0.145 0.144 0.145 0.142 0.141 
 78       78    (0)    1 :  0.151 0.143 0.137 0.136 0.134 0.151 0.149 
 79       79    (0)    1 :  0.146 0.145 0.141 0.140 0.138 0.146 0.145 
 80       80    (0)    1 :  0.159 0.138 0.129 0.135 0.128 0.159 0.151 
 81       81    (0)    1 :  0.148 0.142 0.140 0.139 0.137 0.148 0.146 
 82       82    (0)    1 :  0.143 0.142 0.144 0.145 0.145 0.142 0.140 
 83       83    (0)    1 :  0.146 0.143 0.138 0.143 0.136 0.148 0.145 
 84       84    (0)    1 :  0.146 0.143 0.143 0.138 0.140 0.143 0.147 
 85       85    (0)    1 :  0.152 0.142 0.137 0.136 0.132 0.152 0.149 
 86       86    (7)    1 :  0.140 0.141 0.144 0.146 0.147 0.141 0.141 
 87       87    (0)    1 :  0.146 0.140 0.140 0.142 0.139 0.147 0.146 
 88       88    (7)    1 :  0.142 0.145 0.145 0.141 0.140 0.141 0.146 
 89       89    (0)    1 :  0.145 0.142 0.139 0.143 0.140 0.147 0.144 
 90       90    (0)    1 :  0.138 0.142 0.146 0.150 0.147 0.139 0.138 
 91       91    (0)    1 :  0.136 0.142 0.152 0.146 0.148 0.136 0.139 
 92       92    (0)    1 :  0.136 0.144 0.146 0.152 0.149 0.135 0.138 
 93       93    (7)    1 :  0.133 0.138 0.149 0.151 0.160 0.132 0.136 
 94       94    (0)    1 :  0.143 0.142 0.144 0.143 0.145 0.143 0.140 
 95       95    (0)    1 :  0.140 0.141 0.149 0.145 0.145 0.140 0.141 
 96       96    (0)    1 :  0.149 0.145 0.137 0.137 0.135 0.150 0.148 
 97       97    (7)    1 :  0.140 0.144 0.148 0.145 0.143 0.140 0.141 
 98       98    (0)    1 :  0.140 0.141 0.143 0.145 0.150 0.140 0.140 
 99       99    (7)    1 :  0.134 0.140 0.147 0.151 0.157 0.134 0.137 
100      100    (7)    1 :  0.134 0.141 0.151 0.157 0.150 0.133 0.135 
101      101    (7)    1 :  0.144 0.145 0.143 0.141 0.143 0.142 0.143 
102      102    (0)    1 :  0.148 0.145 0.138 0.138 0.136 0.146 0.149 
103      103    (0)    1 :  0.134 0.141 0.147 0.151 0.155 0.135 0.135 
104      104    (0)    1 :  0.134 0.142 0.152 0.151 0.153 0.133 0.135 
105      105    (0)    1 :  0.137 0.146 0.150 0.144 0.145 0.136 0.141 
106      106    (7)    1 :  0.146 0.145 0.138 0.138 0.143 0.145 0.145 
107      107    (0)    1 :  0.146 0.144 0.137 0.142 0.141 0.145 0.144 
108      108    (0)    1 :  0.141 0.141 0.146 0.144 0.145 0.141 0.142 
109      109    (0)    1 :  0.136 0.144 0.152 0.143 0.149 0.136 0.140 
110      110   (14)    1 :  0.142 0.141 0.143 0.145 0.147 0.142 0.141 
111      111   (14)    1 :  0.152 0.142 0.135 0.137 0.134 0.152 0.148 
112      112    (0)    1 :  0.139 0.145 0.147 0.144 0.146 0.138 0.141 
113      113   (14)    1 :  0.148 0.142 0.141 0.139 0.138 0.147 0.145 
114      114    (7)    1 :  0.138 0.141 0.147 0.151 0.148 0.137 0.138 
115      115    (0)    1 :  0.145 0.143 0.141 0.139 0.142 0.144 0.145 
116      116    (0)    1 :  0.134 0.139 0.148 0.150 0.159 0.134 0.135 
117      117    (0)    1 :  0.137 0.138 0.148 0.147 0.158 0.136 0.137 
118      118    (0)    1 :  0.147 0.143 0.139 0.139 0.140 0.145 0.146 
119      119    (0)    1 :  0.146 0.145 0.140 0.137 0.143 0.146 0.143 
120      120    (0)    1 :  0.140 0.141 0.145 0.148 0.146 0.140 0.140 
121      121    (7)    1 :  0.141 0.141 0.147 0.144 0.146 0.140 0.140 
122      122    (0)    1 :  0.148 0.142 0.136 0.138 0.143 0.148 0.145 
123      123    (0)    1 :  0.148 0.144 0.137 0.140 0.137 0.147 0.148 
124      124    (0)    1 :  0.133 0.141 0.149 0.150 0.155 0.135 0.137 
125      125    (0)    1 :  0.145 0.144 0.141 0.139 0.139 0.146 0.145 
126      126    (0)    1 :  0.151 0.142 0.136 0.138 0.135 0.152 0.147 
127      127    (0)    1 :  0.139 0.143 0.142 0.141 0.152 0.141 0.142 
128      128    (0)    1 :  0.144 0.142 0.141 0.146 0.142 0.143 0.143 
129      129    (7)    1 :  0.137 0.143 0.144 0.151 0.147 0.138 0.139 
130      130    (7)    1 :  0.142 0.140 0.143 0.143 0.146 0.144 0.143 
131      131    (7)    1 :  0.140 0.144 0.143 0.145 0.145 0.140 0.142 
132      132    (0)    1 :  0.140 0.142 0.148 0.146 0.142 0.139 0.142 
133      133    (0)    1 :  0.139 0.145 0.150 0.142 0.143 0.139 0.141 
134      134    (0)    1 :  0.149 0.142 0.139 0.136 0.136 0.149 0.148 
135      135    (0)    1 :  0.144 0.144 0.144 0.141 0.140 0.144 0.143 
136      136    (0)    1 :  0.146 0.146 0.139 0.139 0.139 0.145 0.145 
137      137    (7)    1 :  0.144 0.142 0.140 0.144 0.139 0.146 0.145 
138      138    (7)    1 :  0.136 0.143 0.150 0.145 0.150 0.137 0.138 
139      139    (0)    1 :  0.137 0.146 0.145 0.146 0.146 0.138 0.141 
140      140    (0)    1 :  0.142 0.144 0.143 0.141 0.143 0.142 0.145 
141      141   (14)    1 :  0.146 0.143 0.138 0.140 0.144 0.144 0.146 
142      142    (7)    1 :  0.139 0.142 0.150 0.144 0.146 0.139 0.140 
143      143    (0)    1 :  0.133 0.141 0.151 0.153 0.153 0.133 0.136 
144      144    (0)    1 :  0.145 0.142 0.142 0.140 0.142 0.144 0.144 
145      145    (0)    1 :  0.142 0.145 0.142 0.144 0.142 0.143 0.141 
146      146    (0)    1 :  0.145 0.144 0.139 0.145 0.139 0.144 0.144 
147      147    (0)    1 :  0.152 0.142 0.135 0.138 0.132 0.152 0.149 
148      148    (0)    1 :  0.152 0.143 0.136 0.138 0.131 0.151 0.149 
149      149    (0)    1 :  0.157 0.145 0.128 0.133 0.127 0.157 0.152 
150      150    (7)    1 :  0.148 0.142 0.142 0.138 0.138 0.147 0.145 


Estimated Allele Frequencies in each cluster
First column gives estimated ancestral frequencies


Locus 1 : 
23 alleles
0.0% missing data
 137   (0.104) 0.104 0.116 0.119 0.109 0.131 0.104 0.103 
 177   (0.019) 0.019 0.015 0.010 0.012 0.010 0.019 0.018 
 133   (0.150) 0.151 0.178 0.236 0.237 0.223 0.151 0.160 
 135   (0.202) 0.203 0.230 0.249 0.233 0.245 0.203 0.210 
 127   (0.043) 0.043 0.040 0.034 0.038 0.037 0.043 0.043 
 129   (0.086) 0.086 0.091 0.099 0.089 0.098 0.086 0.090 
 141   (0.045) 0.045 0.043 0.034 0.035 0.034 0.045 0.044 
 131   (0.078) 0.078 0.074 0.072 0.073 0.071 0.078 0.079 
 139   (0.039) 0.039 0.035 0.028 0.031 0.029 0.039 0.039 
 167   (0.025) 0.025 0.022 0.017 0.018 0.017 0.025 0.023 
 171   (0.029) 0.029 0.025 0.019 0.020 0.020 0.029 0.028 
 179   (0.017) 0.017 0.012 0.007 0.010 0.007 0.017 0.015 
 160   (0.026) 0.026 0.022 0.016 0.018 0.016 0.026 0.025 
 173   (0.009) 0.009 0.006 0.003 0.004 0.003 0.009 0.008 
 166   (0.020) 0.020 0.015 0.011 0.012 0.010 0.020 0.018 
 175   (0.012) 0.012 0.009 0.005 0.007 0.006 0.012 0.011 
 169   (0.008) 0.008 0.005 0.003 0.004 0.003 0.008 0.007 
 185   (0.013) 0.013 0.009 0.005 0.007 0.006 0.013 0.012 
 158   (0.016) 0.015 0.012 0.008 0.010 0.008 0.015 0.014 
 161   (0.019) 0.019 0.015 0.010 0.011 0.010 0.019 0.018 
 159   (0.016) 0.016 0.012 0.008 0.009 0.008 0.016 0.014 
 165   (0.009) 0.009 0.006 0.003 0.004 0.003 0.009 0.008 
 181   (0.013) 0.013 0.009 0.005 0.007 0.005 0.013 0.012 

Locus 2 : 
4 alleles
1.3% missing data
 155   (0.128) 0.128 0.121 0.109 0.108 0.117 0.128 0.127 
 157   (0.782) 0.782 0.793 0.823 0.820 0.806 0.782 0.786 
 159   (0.071) 0.071 0.072 0.060 0.061 0.068 0.071 0.070 
 161   (0.019) 0.019 0.013 0.008 0.011 0.009 0.019 0.017 

Locus 3 : 
21 alleles
0.7% missing data
 118   (0.097) 0.097 0.100 0.105 0.105 0.109 0.097 0.098 
  94   (0.041) 0.041 0.036 0.026 0.028 0.027 0.041 0.039 
 104   (0.064) 0.064 0.060 0.050 0.058 0.062 0.064 0.065 
 108   (0.086) 0.086 0.104 0.154 0.120 0.130 0.086 0.090 
 112   (0.078) 0.078 0.079 0.069 0.075 0.072 0.079 0.078 
 106   (0.013) 0.013 0.009 0.005 0.008 0.006 0.013 0.012 
 110   (0.092) 0.092 0.101 0.143 0.146 0.132 0.092 0.095 
 134   (0.008) 0.008 0.005 0.003 0.004 0.003 0.008 0.007 
 120   (0.051) 0.051 0.045 0.036 0.039 0.037 0.051 0.050 
 124   (0.045) 0.045 0.041 0.035 0.035 0.035 0.045 0.045 
 122   (0.050) 0.050 0.048 0.040 0.047 0.044 0.050 0.049 
 126   (0.044) 0.044 0.041 0.036 0.036 0.038 0.044 0.044 
 102   (0.032) 0.032 0.028 0.022 0.024 0.023 0.032 0.031 
 116   (0.084) 0.084 0.102 0.091 0.086 0.098 0.084 0.088 
 136   (0.012) 0.012 0.009 0.005 0.007 0.005 0.012 0.011 
 132   (0.030) 0.030 0.025 0.019 0.020 0.018 0.030 0.028 
 114   (0.086) 0.086 0.095 0.105 0.100 0.106 0.086 0.088 
 128   (0.038) 0.038 0.033 0.025 0.028 0.025 0.038 0.037 
 130   (0.028) 0.028 0.025 0.021 0.023 0.021 0.028 0.028 
 138   (0.012) 0.012 0.008 0.005 0.007 0.005 0.012 0.011 
 142   (0.008) 0.008 0.005 0.003 0.004 0.003 0.008 0.007 

Locus 4 : 
9 alleles
0.0% missing data
 165   (0.275) 0.275 0.298 0.333 0.324 0.339 0.275 0.278 
 167   (0.448) 0.449 0.467 0.478 0.474 0.474 0.449 0.456 
 169   (0.076) 0.076 0.065 0.056 0.057 0.054 0.077 0.074 
 171   (0.071) 0.070 0.064 0.054 0.054 0.052 0.070 0.069 
 161   (0.087) 0.087 0.078 0.061 0.069 0.063 0.087 0.085 
 175   (0.009) 0.009 0.006 0.003 0.005 0.003 0.009 0.008 
 173   (0.009) 0.009 0.005 0.003 0.005 0.003 0.009 0.008 
 168   (0.016) 0.016 0.012 0.008 0.009 0.008 0.016 0.015 
 156   (0.009) 0.009 0.006 0.003 0.004 0.003 0.009 0.007 

Locus 5 : 
9 alleles
2.0% missing data
 124   (0.568) 0.568 0.604 0.658 0.637 0.651 0.569 0.582 
 126   (0.090) 0.090 0.082 0.069 0.070 0.072 0.090 0.086 
 122   (0.147) 0.147 0.140 0.125 0.138 0.128 0.148 0.147 
 128   (0.085) 0.085 0.088 0.087 0.085 0.089 0.085 0.083 
 138   (0.052) 0.051 0.045 0.036 0.038 0.035 0.052 0.049 
 140   (0.014) 0.014 0.009 0.006 0.008 0.006 0.013 0.012 
 132   (0.014) 0.014 0.009 0.006 0.008 0.006 0.014 0.012 
 136   (0.013) 0.013 0.009 0.006 0.007 0.005 0.013 0.012 
 142   (0.017) 0.017 0.012 0.008 0.010 0.008 0.017 0.016 

Locus 6 : 
14 alleles
0.0% missing data
 105   (0.164) 0.164 0.175 0.180 0.172 0.183 0.164 0.165 
 101   (0.074) 0.074 0.076 0.068 0.072 0.070 0.075 0.075 
 103   (0.081) 0.081 0.079 0.079 0.083 0.077 0.081 0.081 
  99   (0.202) 0.202 0.231 0.276 0.252 0.262 0.202 0.206 
 107   (0.102) 0.102 0.112 0.129 0.129 0.139 0.102 0.110 
 119   (0.086) 0.086 0.077 0.071 0.072 0.069 0.086 0.084 
 111   (0.086) 0.086 0.082 0.071 0.077 0.073 0.086 0.085 
 117   (0.035) 0.035 0.028 0.020 0.025 0.021 0.035 0.034 
 113   (0.038) 0.038 0.032 0.023 0.027 0.025 0.038 0.036 
 115   (0.038) 0.038 0.032 0.027 0.026 0.025 0.038 0.036 
 109   (0.049) 0.048 0.042 0.033 0.038 0.033 0.048 0.047 
 121   (0.028) 0.028 0.023 0.015 0.017 0.016 0.028 0.026 
 123   (0.009) 0.009 0.005 0.003 0.004 0.003 0.009 0.008 
 125   (0.009) 0.009 0.005 0.003 0.005 0.003 0.009 0.008 

Locus 7 : 
11 alleles
1.3% missing data
 231   (0.081) 0.081 0.084 0.073 0.075 0.076 0.081 0.084 
 232   (0.332) 0.332 0.357 0.390 0.356 0.381 0.333 0.339 
 230   (0.268) 0.268 0.261 0.257 0.269 0.257 0.269 0.269 
 234   (0.168) 0.168 0.180 0.197 0.204 0.201 0.168 0.170 
 238   (0.022) 0.022 0.016 0.010 0.013 0.010 0.022 0.020 
 244   (0.014) 0.014 0.009 0.006 0.008 0.006 0.014 0.012 
 236   (0.045) 0.045 0.039 0.033 0.034 0.032 0.045 0.043 
 242   (0.020) 0.020 0.016 0.010 0.012 0.011 0.020 0.019 
 235   (0.010) 0.009 0.006 0.004 0.005 0.003 0.009 0.008 
 240   (0.031) 0.031 0.026 0.018 0.020 0.019 0.031 0.029 
 228   (0.009) 0.009 0.006 0.003 0.004 0.003 0.009 0.008 

Locus 8 : 
13 alleles
1.3% missing data
 129   (0.313) 0.314 0.329 0.390 0.344 0.350 0.314 0.324 
 133   (0.121) 0.121 0.123 0.120 0.144 0.138 0.121 0.121 
 125   (0.094) 0.094 0.102 0.094 0.088 0.087 0.094 0.096 
 127   (0.121) 0.121 0.115 0.108 0.115 0.123 0.121 0.119 
 119   (0.035) 0.035 0.030 0.022 0.024 0.022 0.035 0.033 
 131   (0.144) 0.144 0.159 0.161 0.167 0.173 0.143 0.146 
 135   (0.043) 0.043 0.040 0.032 0.032 0.034 0.043 0.042 
 121   (0.009) 0.009 0.006 0.003 0.004 0.003 0.009 0.008 
 137   (0.032) 0.032 0.026 0.018 0.021 0.017 0.032 0.030 
 139   (0.047) 0.047 0.044 0.036 0.038 0.036 0.047 0.045 
 123   (0.013) 0.013 0.009 0.005 0.007 0.006 0.013 0.012 
 141   (0.017) 0.017 0.012 0.008 0.010 0.008 0.017 0.016 
 149   (0.009) 0.009 0.006 0.003 0.004 0.003 0.009 0.008 

Locus 9 : 
6 alleles
0.7% missing data
 134   (0.790) 0.790 0.813 0.833 0.836 0.840 0.790 0.799 
 140   (0.041) 0.040 0.033 0.025 0.028 0.024 0.040 0.039 
 138   (0.111) 0.111 0.110 0.110 0.099 0.104 0.111 0.107 
 136   (0.036) 0.036 0.030 0.023 0.025 0.022 0.036 0.035 
 120   (0.014) 0.014 0.009 0.005 0.008 0.005 0.014 0.012 
 130   (0.009) 0.009 0.006 0.003 0.005 0.004 0.009 0.008 

Locus 10 : 
14 alleles
1.3% missing data
 113   (0.071) 0.071 0.068 0.067 0.074 0.075 0.071 0.071 
  93   (0.261) 0.261 0.287 0.346 0.333 0.346 0.261 0.269 
 115   (0.133) 0.133 0.152 0.156 0.142 0.138 0.133 0.139 
 119   (0.101) 0.101 0.102 0.093 0.092 0.098 0.101 0.099 
 109   (0.048) 0.048 0.043 0.036 0.036 0.036 0.048 0.048 
 121   (0.052) 0.052 0.045 0.037 0.041 0.038 0.051 0.050 
 125   (0.020) 0.020 0.015 0.011 0.013 0.011 0.020 0.019 
 111   (0.121) 0.121 0.124 0.131 0.134 0.132 0.121 0.123 
 103   (0.050) 0.050 0.047 0.037 0.039 0.040 0.050 0.049 
 107   (0.045) 0.045 0.041 0.031 0.032 0.032 0.045 0.043 
  95   (0.028) 0.028 0.022 0.016 0.018 0.015 0.028 0.027 
 117   (0.034) 0.034 0.028 0.022 0.024 0.023 0.034 0.033 
 127   (0.014) 0.013 0.009 0.006 0.007 0.006 0.013 0.012 
 123   (0.020) 0.020 0.015 0.011 0.013 0.011 0.020 0.019 

Locus 11 : 
11 alleles
7.3% missing data
 154   (0.185) 0.185 0.198 0.191 0.184 0.197 0.185 0.184 
 128   (0.075) 0.075 0.076 0.069 0.079 0.079 0.075 0.075 
 148   (0.038) 0.038 0.031 0.024 0.027 0.025 0.038 0.036 
 162   (0.135) 0.135 0.133 0.146 0.143 0.138 0.135 0.139 
 158   (0.051) 0.051 0.045 0.036 0.040 0.038 0.051 0.049 
 152   (0.170) 0.171 0.182 0.203 0.206 0.204 0.171 0.175 
 156   (0.099) 0.099 0.103 0.097 0.099 0.086 0.099 0.100 
 160   (0.084) 0.084 0.083 0.094 0.084 0.089 0.084 0.085 
 146   (0.073) 0.073 0.069 0.070 0.072 0.078 0.073 0.071 
 164   (0.072) 0.072 0.066 0.062 0.056 0.057 0.073 0.071 
 166   (0.018) 0.018 0.013 0.009 0.010 0.009 0.018 0.016 

Locus 12 : 
11 alleles
0.7% missing data
 278   (0.072) 0.072 0.063 0.054 0.060 0.059 0.072 0.070 
 288   (0.195) 0.195 0.188 0.178 0.179 0.190 0.195 0.192 
 290   (0.364) 0.364 0.411 0.473 0.449 0.449 0.364 0.382 
 292   (0.104) 0.104 0.106 0.115 0.122 0.123 0.104 0.103 
 296   (0.010) 0.009 0.006 0.004 0.005 0.003 0.009 0.008 
 286   (0.066) 0.066 0.060 0.049 0.051 0.048 0.066 0.064 
 294   (0.055) 0.055 0.049 0.040 0.041 0.038 0.055 0.053 
 287   (0.065) 0.065 0.062 0.050 0.051 0.051 0.065 0.063 
 289   (0.028) 0.028 0.023 0.016 0.017 0.017 0.028 0.026 
 280   (0.029) 0.029 0.023 0.016 0.019 0.016 0.029 0.027 
 291   (0.013) 0.013 0.009 0.006 0.007 0.006 0.013 0.012 

Locus 13 : 
14 alleles
0.7% missing data
 133   (0.031) 0.031 0.026 0.018 0.021 0.019 0.031 0.029 
 135   (0.329) 0.330 0.364 0.400 0.384 0.407 0.330 0.340 
 131   (0.063) 0.063 0.060 0.051 0.054 0.050 0.063 0.062 
 141   (0.171) 0.172 0.181 0.187 0.201 0.175 0.172 0.175 
 143   (0.088) 0.088 0.091 0.093 0.091 0.092 0.088 0.087 
 145   (0.142) 0.142 0.144 0.154 0.139 0.161 0.142 0.144 
 139   (0.051) 0.051 0.043 0.033 0.035 0.033 0.051 0.049 
 129   (0.046) 0.046 0.039 0.032 0.034 0.030 0.046 0.044 
 125   (0.016) 0.016 0.012 0.008 0.009 0.008 0.016 0.015 
 137   (0.017) 0.017 0.012 0.008 0.010 0.008 0.017 0.016 
 119   (0.009) 0.009 0.006 0.003 0.004 0.003 0.009 0.008 
 147   (0.013) 0.013 0.009 0.005 0.007 0.005 0.013 0.011 
 149   (0.009) 0.009 0.006 0.003 0.005 0.003 0.009 0.008 
 127   (0.013) 0.013 0.009 0.005 0.007 0.005 0.013 0.012 

Locus 14 : 
15 alleles
0.7% missing data
 176   (0.103) 0.104 0.101 0.095 0.100 0.091 0.104 0.101 
 194   (0.060) 0.060 0.056 0.047 0.049 0.052 0.060 0.058 
 186   (0.057) 0.057 0.052 0.045 0.048 0.044 0.057 0.057 
 192   (0.138) 0.138 0.161 0.215 0.180 0.208 0.138 0.146 
 190   (0.188) 0.188 0.206 0.229 0.250 0.244 0.188 0.196 
 188   (0.139) 0.139 0.146 0.143 0.130 0.136 0.139 0.138 
 196   (0.017) 0.017 0.012 0.008 0.010 0.008 0.017 0.015 
 178   (0.054) 0.054 0.046 0.035 0.039 0.035 0.054 0.051 
 184   (0.128) 0.128 0.128 0.122 0.119 0.118 0.128 0.128 
 174   (0.027) 0.027 0.023 0.017 0.019 0.018 0.027 0.026 
 200   (0.032) 0.032 0.026 0.018 0.021 0.019 0.032 0.030 
 198   (0.024) 0.024 0.019 0.013 0.015 0.013 0.024 0.023 
 180   (0.017) 0.017 0.013 0.008 0.010 0.008 0.017 0.016 
 204   (0.009) 0.009 0.006 0.003 0.004 0.003 0.009 0.008 
 202   (0.009) 0.008 0.006 0.003 0.004 0.003 0.008 0.008 

Values of parameters used in structure:
DATAFILE=/home/martin/bottleneck/structure_analysis/structure_4/data_job_T7_1,	OUTFILE=/home/martin/bottleneck/structure_analysis/structure_4/structure_results/leopard_seal/results_job_T7_1,	NUMINDS=150,	NUMLOCI=14,	MISSING=-9,	LABEL=1,	POPDATA=1,	POPFLAG=0,	PHENOTYPE=0,	EXTRACOLS=0,	MAXPOPS=7,	BURNIN=10000,	NUMREPS=100000,	USEPOPINFO=0,	INFERALPHA=1,	INFERLAMBDA=0,	POPSPECIFICLAMBDA=0,	POPALPHAS=0,	COMPUTEPROB=1,	NOADMIX=0,	ADMBURNIN=2500,	UPDATEFREQ=1,	PRINTLIKES=0,	INTERMEDSAVE=0,	PRINTKLD=0,	PRINTNET=0,	PRINTLAMBDA=0,	ANCESTDIST=0,	NUMBOXES=1000,	ANCESTPINT=0.90000,	GENSBACK=2,	MIGRPRIOR=0.05000,	PRINTQHAT=1,	PRINTQSUM=0,	ALPHA=1.0000,	FREQSCORR=1,	FPRIORMEAN=0.0100,	FPRIORSD=0.0500,	ONEFST=0,	LAMBDA=1.0000,	UNIFPRIORALPHA=1,	ALPHAMAX=10.0000,	ALPHAPRIORA=1.0000,	ALPHAPRIORB=2.0000,	ALPHAPROPSD=0.0250,	STARTATPOPINFO=0,	RANDOMIZE=1,	LINKAGE=0,	METROFREQ=10,	REPORTHITRATE=0,	MARKOVPHASE=-1,	PHASED=0,	PLOIDY=2,	PHASEINFO=0	LOCPRIOR=0, 	LOCPRIORINIT=1.000000, 	LOCDATA=0, 	LOCISPOP=0, 	LOCPRIORSTEP=0.100000, 	MAXLOCPRIOR=20.000000, 	SEED=1470516755,	
[STRAT parameters]:    NUMSIMSTATS=1000,	PHENOTYPECOL=-9,	POOLFREQ=10,	LOCUSxONLY=0,	EMERROR=0.00100,	MISSINGPHENO=-9,	