           1  1 0.1108 0.1106 0.1111 0.1111 0.1115 0.1120 0.1113 0.1104 0.1111 
           2  1 0.1112 0.1114 0.1113 0.1107 0.1101 0.1113 0.1109 0.1120 0.1109 
           3  1 0.1112 0.1107 0.1110 0.1110 0.1118 0.1111 0.1114 0.1109 0.1109 
           4  1 0.1112 0.1114 0.1112 0.1109 0.1101 0.1116 0.1113 0.1110 0.1113 
           5  1 0.1114 0.1112 0.1116 0.1105 0.1102 0.1112 0.1116 0.1107 0.1115 
           6  1 0.1108 0.1110 0.1110 0.1116 0.1115 0.1107 0.1108 0.1114 0.1113 
           7  1 0.1113 0.1109 0.1108 0.1104 0.1135 0.1106 0.1109 0.1110 0.1107 
           8  1 0.1112 0.1106 0.1110 0.1109 0.1123 0.1112 0.1111 0.1109 0.1110 
           9  1 0.1112 0.1112 0.1110 0.1111 0.1107 0.1110 0.1111 0.1115 0.1112 
          10  1 0.1112 0.1106 0.1110 0.1111 0.1111 0.1111 0.1115 0.1114 0.1110 
          11  1 0.1111 0.1113 0.1118 0.1108 0.1101 0.1110 0.1113 0.1110 0.1116 
          12  1 0.1107 0.1105 0.1105 0.1118 0.1129 0.1107 0.1110 0.1112 0.1106 
          13  1 0.1109 0.1107 0.1108 0.1115 0.1122 0.1108 0.1107 0.1113 0.1112 
          14  1 0.1105 0.1110 0.1111 0.1113 0.1118 0.1108 0.1113 0.1112 0.1109 
          15  1 0.1106 0.1106 0.1109 0.1114 0.1123 0.1110 0.1114 0.1112 0.1107 
          16  1 0.1117 0.1119 0.1119 0.1101 0.1084 0.1117 0.1116 0.1109 0.1117 
          17  1 0.1113 0.1110 0.1109 0.1108 0.1119 0.1108 0.1112 0.1114 0.1107 
          18  1 0.1112 0.1110 0.1112 0.1114 0.1110 0.1115 0.1109 0.1110 0.1108 
          19  1 0.1112 0.1114 0.1117 0.1107 0.1098 0.1121 0.1114 0.1106 0.1111 
          20  1 0.1113 0.1113 0.1109 0.1111 0.1118 0.1103 0.1108 0.1115 0.1110 
          21  1 0.1117 0.1114 0.1121 0.1102 0.1094 0.1120 0.1112 0.1104 0.1118 
          22  1 0.1113 0.1102 0.1109 0.1118 0.1120 0.1110 0.1105 0.1115 0.1107 
          23  1 0.1110 0.1105 0.1114 0.1109 0.1117 0.1117 0.1106 0.1114 0.1110 
          24  1 0.1108 0.1110 0.1106 0.1115 0.1124 0.1106 0.1110 0.1112 0.1109 
          25  1 0.1109 0.1110 0.1106 0.1116 0.1130 0.1105 0.1110 0.1106 0.1108 
          26  1 0.1114 0.1112 0.1109 0.1114 0.1103 0.1113 0.1112 0.1115 0.1108 
          27  1 0.1113 0.1109 0.1109 0.1114 0.1114 0.1110 0.1106 0.1111 0.1113 
          28  1 0.1110 0.1111 0.1110 0.1114 0.1113 0.1107 0.1115 0.1110 0.1110 
          29  1 0.1116 0.1112 0.1112 0.1102 0.1102 0.1117 0.1111 0.1111 0.1116 
          30  1 0.1106 0.1107 0.1107 0.1117 0.1126 0.1103 0.1111 0.1115 0.1108 
          31  1 0.1114 0.1114 0.1117 0.1103 0.1101 0.1114 0.1115 0.1112 0.1111 
          32  1 0.1113 0.1113 0.1110 0.1113 0.1107 0.1111 0.1112 0.1111 0.1111 
          33  1 0.1108 0.1113 0.1111 0.1114 0.1102 0.1114 0.1111 0.1112 0.1115 
          34  1 0.1115 0.1112 0.1115 0.1105 0.1104 0.1116 0.1116 0.1110 0.1106 
          35  1 0.1107 0.1108 0.1107 0.1113 0.1121 0.1109 0.1115 0.1115 0.1106 
          36  1 0.1112 0.1116 0.1112 0.1108 0.1115 0.1110 0.1109 0.1112 0.1107 
          37  1 0.1112 0.1108 0.1103 0.1119 0.1122 0.1107 0.1109 0.1113 0.1106 
          38  1 0.1102 0.1107 0.1105 0.1118 0.1121 0.1110 0.1114 0.1112 0.1110 
          39  1 0.1116 0.1112 0.1117 0.1101 0.1095 0.1118 0.1116 0.1110 0.1115 
          40  1 0.1117 0.1113 0.1117 0.1103 0.1099 0.1117 0.1109 0.1112 0.1112 
          41  1 0.1111 0.1114 0.1117 0.1107 0.1108 0.1110 0.1111 0.1111 0.1110 
          42  1 0.1119 0.1111 0.1113 0.1101 0.1105 0.1115 0.1115 0.1113 0.1109 
          43  1 0.1107 0.1112 0.1109 0.1114 0.1124 0.1107 0.1109 0.1107 0.1111 
          44  1 0.1113 0.1111 0.1118 0.1107 0.1095 0.1117 0.1113 0.1109 0.1115 
          45  1 0.1113 0.1111 0.1110 0.1111 0.1117 0.1111 0.1107 0.1108 0.1113 
          46  1 0.1114 0.1112 0.1114 0.1109 0.1102 0.1112 0.1110 0.1113 0.1113 
          47  1 0.1109 0.1109 0.1106 0.1118 0.1112 0.1111 0.1110 0.1116 0.1108 
          48  1 0.1109 0.1112 0.1120 0.1111 0.1099 0.1117 0.1106 0.1110 0.1116 
          49  1 0.1106 0.1109 0.1102 0.1117 0.1146 0.1102 0.1105 0.1108 0.1105 
          50  1 0.1113 0.1112 0.1112 0.1112 0.1110 0.1109 0.1108 0.1110 0.1115 
          51  1 0.1110 0.1109 0.1114 0.1108 0.1105 0.1116 0.1112 0.1110 0.1117 
          52  1 0.1110 0.1110 0.1110 0.1110 0.1116 0.1110 0.1109 0.1114 0.1111 
          53  1 0.1114 0.1111 0.1113 0.1112 0.1104 0.1116 0.1110 0.1109 0.1110 
          54  1 0.1116 0.1111 0.1110 0.1113 0.1105 0.1108 0.1112 0.1116 0.1109 
          55  1 0.1118 0.1113 0.1119 0.1103 0.1094 0.1120 0.1110 0.1109 0.1115 
          56  1 0.1112 0.1117 0.1119 0.1106 0.1097 0.1113 0.1111 0.1111 0.1113 
          57  1 0.1105 0.1108 0.1109 0.1111 0.1113 0.1113 0.1119 0.1109 0.1113 
          58  1 0.1110 0.1110 0.1113 0.1113 0.1102 0.1116 0.1113 0.1110 0.1113 
          59  1 0.1113 0.1113 0.1105 0.1109 0.1122 0.1111 0.1112 0.1108 0.1106 
          60  1 0.1106 0.1106 0.1108 0.1112 0.1126 0.1110 0.1107 0.1113 0.1112 
          61  1 0.1109 0.1111 0.1110 0.1115 0.1105 0.1110 0.1114 0.1113 0.1114 
          62  1 0.1108 0.1112 0.1109 0.1110 0.1121 0.1108 0.1115 0.1111 0.1106 
          63  1 0.1116 0.1114 0.1117 0.1109 0.1083 0.1119 0.1115 0.1109 0.1117 
          64  1 0.1116 0.1118 0.1117 0.1104 0.1093 0.1115 0.1110 0.1108 0.1118 
          65  1 0.1112 0.1105 0.1107 0.1111 0.1117 0.1113 0.1113 0.1114 0.1108 
          66  1 0.1106 0.1108 0.1109 0.1112 0.1118 0.1116 0.1112 0.1108 0.1111 
          67  1 0.1108 0.1108 0.1108 0.1109 0.1114 0.1111 0.1115 0.1114 0.1113 
          68  1 0.1111 0.1113 0.1115 0.1113 0.1110 0.1107 0.1113 0.1111 0.1107 
          69  1 0.1109 0.1107 0.1111 0.1111 0.1122 0.1112 0.1108 0.1108 0.1113 
          70  1 0.1116 0.1110 0.1109 0.1112 0.1107 0.1110 0.1111 0.1113 0.1111 
          71  1 0.1110 0.1109 0.1104 0.1116 0.1120 0.1107 0.1113 0.1115 0.1107 
          72  1 0.1114 0.1107 0.1117 0.1109 0.1098 0.1115 0.1113 0.1117 0.1109 
          73  1 0.1113 0.1109 0.1111 0.1111 0.1103 0.1113 0.1112 0.1110 0.1118 
          74  1 0.1104 0.1111 0.1105 0.1116 0.1125 0.1110 0.1112 0.1107 0.1110 
          75  1 0.1106 0.1112 0.1112 0.1111 0.1105 0.1110 0.1114 0.1116 0.1114 
          76  1 0.1111 0.1110 0.1106 0.1115 0.1118 0.1109 0.1109 0.1111 0.1111 
          77  1 0.1112 0.1111 0.1113 0.1110 0.1120 0.1106 0.1110 0.1109 0.1107 
          78  1 0.1112 0.1111 0.1113 0.1113 0.1100 0.1112 0.1113 0.1112 0.1113 
          79  1 0.1109 0.1114 0.1111 0.1112 0.1119 0.1110 0.1112 0.1110 0.1104 
          80  1 0.1117 0.1112 0.1117 0.1105 0.1094 0.1120 0.1110 0.1111 0.1114 
          81  1 0.1111 0.1107 0.1110 0.1114 0.1114 0.1113 0.1114 0.1107 0.1110 
          82  1 0.1107 0.1116 0.1110 0.1116 0.1110 0.1106 0.1109 0.1110 0.1116 
          83  1 0.1108 0.1111 0.1113 0.1112 0.1115 0.1109 0.1111 0.1107 0.1115 
          84  1 0.1110 0.1106 0.1110 0.1114 0.1115 0.1111 0.1113 0.1108 0.1112 
          85  1 0.1111 0.1113 0.1112 0.1116 0.1103 0.1111 0.1112 0.1110 0.1111 
          86  1 0.1113 0.1118 0.1111 0.1107 0.1103 0.1111 0.1115 0.1111 0.1111 
          87  1 0.1120 0.1117 0.1124 0.1104 0.1079 0.1118 0.1110 0.1107 0.1120 
          88  1 0.1108 0.1107 0.1106 0.1115 0.1118 0.1111 0.1114 0.1109 0.1112 
          89  1 0.1119 0.1113 0.1119 0.1105 0.1103 0.1110 0.1109 0.1108 0.1114 
          90  1 0.1112 0.1113 0.1117 0.1111 0.1105 0.1114 0.1106 0.1109 0.1112 
          91  1 0.1116 0.1111 0.1110 0.1112 0.1108 0.1106 0.1115 0.1118 0.1104 
          92  1 0.1112 0.1113 0.1111 0.1112 0.1105 0.1108 0.1112 0.1116 0.1111 
          93  1 0.1112 0.1111 0.1110 0.1113 0.1112 0.1111 0.1111 0.1112 0.1109 
          94  1 0.1110 0.1111 0.1109 0.1112 0.1121 0.1109 0.1111 0.1109 0.1109 
          95  1 0.1109 0.1104 0.1107 0.1121 0.1121 0.1106 0.1113 0.1108 0.1110 
          96  1 0.1113 0.1111 0.1112 0.1110 0.1109 0.1112 0.1111 0.1111 0.1112 
          97  1 0.1120 0.1112 0.1122 0.1104 0.1080 0.1120 0.1113 0.1109 0.1118 
          98  1 0.1110 0.1109 0.1110 0.1113 0.1119 0.1109 0.1107 0.1113 0.1110 
          99  1 0.1106 0.1110 0.1104 0.1116 0.1129 0.1107 0.1114 0.1110 0.1104 
         100  1 0.1103 0.1106 0.1108 0.1116 0.1120 0.1115 0.1109 0.1109 0.1113 
         101  1 0.1108 0.1108 0.1107 0.1115 0.1125 0.1109 0.1109 0.1110 0.1109 
         102  1 0.1111 0.1110 0.1108 0.1112 0.1114 0.1113 0.1110 0.1110 0.1111 
         103  1 0.1112 0.1111 0.1115 0.1110 0.1108 0.1113 0.1113 0.1109 0.1110 
         104  1 0.1111 0.1109 0.1109 0.1116 0.1105 0.1112 0.1116 0.1114 0.1109 
         105  1 0.1114 0.1113 0.1115 0.1106 0.1098 0.1114 0.1116 0.1109 0.1116 
         106  1 0.1112 0.1114 0.1117 0.1105 0.1099 0.1110 0.1111 0.1117 0.1115 
         107  1 0.1108 0.1112 0.1114 0.1106 0.1104 0.1117 0.1115 0.1108 0.1116 
         108  1 0.1109 0.1113 0.1112 0.1104 0.1109 0.1114 0.1116 0.1108 0.1115 
         109  1 0.1106 0.1105 0.1111 0.1111 0.1123 0.1105 0.1113 0.1115 0.1110 
         110  1 0.1117 0.1111 0.1118 0.1108 0.1088 0.1123 0.1112 0.1108 0.1115 
         111  1 0.1109 0.1110 0.1108 0.1114 0.1113 0.1110 0.1108 0.1119 0.1108 
         112  1 0.1109 0.1109 0.1113 0.1108 0.1118 0.1113 0.1110 0.1109 0.1112 
         113  1 0.1112 0.1111 0.1111 0.1109 0.1102 0.1111 0.1117 0.1114 0.1113 
         114  1 0.1109 0.1104 0.1107 0.1120 0.1129 0.1107 0.1103 0.1114 0.1107 
         115  1 0.1107 0.1111 0.1107 0.1114 0.1118 0.1108 0.1109 0.1113 0.1114 
         116  1 0.1111 0.1115 0.1114 0.1106 0.1104 0.1109 0.1112 0.1114 0.1114 
         117  1 0.1110 0.1111 0.1114 0.1109 0.1108 0.1109 0.1115 0.1110 0.1113 
         118  1 0.1110 0.1113 0.1109 0.1110 0.1127 0.1105 0.1108 0.1108 0.1110 
         119  1 0.1114 0.1109 0.1112 0.1113 0.1104 0.1110 0.1111 0.1113 0.1114 
         120  1 0.1111 0.1112 0.1112 0.1112 0.1114 0.1106 0.1108 0.1113 0.1113 
         121  1 0.1109 0.1108 0.1107 0.1112 0.1119 0.1109 0.1116 0.1113 0.1108 
         122  1 0.1109 0.1112 0.1117 0.1109 0.1103 0.1113 0.1108 0.1113 0.1117 
         123  1 0.1113 0.1112 0.1112 0.1111 0.1107 0.1112 0.1111 0.1115 0.1108 
         124  1 0.1114 0.1110 0.1115 0.1111 0.1107 0.1111 0.1107 0.1111 0.1113 
         125  1 0.1114 0.1114 0.1112 0.1113 0.1113 0.1110 0.1109 0.1106 0.1109 
         126  1 0.1113 0.1109 0.1112 0.1116 0.1103 0.1116 0.1109 0.1112 0.1110 
         127  1 0.1116 0.1117 0.1119 0.1107 0.1093 0.1114 0.1113 0.1110 0.1111 
         128  1 0.1114 0.1115 0.1116 0.1109 0.1100 0.1115 0.1110 0.1112 0.1109 
         129  1 0.1116 0.1114 0.1117 0.1107 0.1101 0.1116 0.1111 0.1105 0.1115 
         130  1 0.1108 0.1112 0.1106 0.1121 0.1107 0.1115 0.1109 0.1109 0.1113 
         131  1 0.1113 0.1111 0.1118 0.1109 0.1100 0.1119 0.1107 0.1108 0.1116 
         132  1 0.1114 0.1111 0.1110 0.1112 0.1109 0.1106 0.1113 0.1115 0.1110 
         133  1 0.1110 0.1108 0.1108 0.1119 0.1120 0.1114 0.1108 0.1106 0.1107 
         134  1 0.1111 0.1110 0.1113 0.1115 0.1107 0.1113 0.1111 0.1109 0.1111 
         135  1 0.1112 0.1106 0.1107 0.1114 0.1114 0.1108 0.1116 0.1112 0.1110 
         136  1 0.1114 0.1112 0.1112 0.1110 0.1103 0.1113 0.1109 0.1110 0.1118 
         137  1 0.1107 0.1108 0.1106 0.1111 0.1132 0.1109 0.1113 0.1107 0.1109 
         138  1 0.1110 0.1109 0.1107 0.1113 0.1124 0.1107 0.1112 0.1111 0.1108 
         139  1 0.1106 0.1115 0.1110 0.1116 0.1111 0.1109 0.1107 0.1110 0.1117 
         140  1 0.1111 0.1110 0.1114 0.1110 0.1100 0.1113 0.1112 0.1111 0.1118 
         141  1 0.1105 0.1105 0.1111 0.1116 0.1118 0.1111 0.1110 0.1113 0.1111 
         142  1 0.1115 0.1120 0.1116 0.1104 0.1103 0.1116 0.1108 0.1105 0.1112 
         143  1 0.1109 0.1117 0.1109 0.1113 0.1108 0.1111 0.1111 0.1110 0.1111 
         144  1 0.1114 0.1110 0.1104 0.1118 0.1119 0.1110 0.1110 0.1111 0.1104 
         145  1 0.1111 0.1108 0.1113 0.1107 0.1119 0.1111 0.1108 0.1110 0.1113 
         146  1 0.1112 0.1115 0.1117 0.1107 0.1099 0.1110 0.1113 0.1114 0.1113 
         147  1 0.1105 0.1107 0.1105 0.1117 0.1122 0.1114 0.1113 0.1108 0.1109 
         148  1 0.1113 0.1115 0.1119 0.1103 0.1097 0.1115 0.1112 0.1111 0.1116 
         149  1 0.1112 0.1111 0.1112 0.1118 0.1106 0.1112 0.1110 0.1111 0.1110 
         150  1 0.1113 0.1113 0.1112 0.1109 0.1108 0.1109 0.1113 0.1111 0.1112 
         151  1 0.1106 0.1108 0.1107 0.1118 0.1117 0.1111 0.1111 0.1112 0.1110 
         152  1 0.1103 0.1105 0.1105 0.1109 0.1150 0.1109 0.1108 0.1108 0.1103 
         153  1 0.1104 0.1110 0.1107 0.1113 0.1134 0.1108 0.1106 0.1109 0.1109 
         154  1 0.1108 0.1109 0.1101 0.1117 0.1140 0.1103 0.1108 0.1108 0.1107 
         155  1 0.1114 0.1113 0.1112 0.1111 0.1109 0.1106 0.1112 0.1113 0.1110 
         156  1 0.1105 0.1109 0.1109 0.1110 0.1117 0.1114 0.1114 0.1112 0.1110 
         157  1 0.1106 0.1114 0.1114 0.1111 0.1110 0.1115 0.1108 0.1109 0.1113 
         158  1 0.1113 0.1111 0.1109 0.1114 0.1101 0.1115 0.1117 0.1109 0.1111 
         159  1 0.1107 0.1112 0.1109 0.1117 0.1118 0.1105 0.1113 0.1109 0.1110 
         160  1 0.1111 0.1118 0.1112 0.1104 0.1118 0.1107 0.1111 0.1113 0.1105 
         161  1 0.1109 0.1107 0.1114 0.1104 0.1126 0.1113 0.1109 0.1108 0.1110 
         162  1 0.1111 0.1110 0.1112 0.1110 0.1105 0.1113 0.1111 0.1114 0.1112 
         163  1 0.1105 0.1112 0.1105 0.1108 0.1131 0.1107 0.1116 0.1106 0.1109 
         164  1 0.1111 0.1111 0.1118 0.1104 0.1103 0.1121 0.1112 0.1108 0.1111 
         165  1 0.1111 0.1112 0.1111 0.1118 0.1114 0.1109 0.1107 0.1110 0.1108 
         166  1 0.1106 0.1114 0.1104 0.1113 0.1127 0.1109 0.1110 0.1110 0.1106 
         167  1 0.1120 0.1109 0.1108 0.1110 0.1110 0.1111 0.1110 0.1113 0.1109 
         168  1 0.1111 0.1113 0.1109 0.1114 0.1108 0.1115 0.1110 0.1112 0.1107 
         169  1 0.1111 0.1112 0.1110 0.1109 0.1126 0.1106 0.1114 0.1105 0.1107 
         170  1 0.1112 0.1114 0.1111 0.1108 0.1101 0.1114 0.1114 0.1110 0.1115 
         171  1 0.1111 0.1113 0.1112 0.1112 0.1116 0.1109 0.1107 0.1112 0.1108 
         172  1 0.1114 0.1112 0.1112 0.1107 0.1105 0.1113 0.1110 0.1112 0.1114 
         173  1 0.1111 0.1111 0.1111 0.1109 0.1109 0.1111 0.1110 0.1116 0.1112 
         174  1 0.1112 0.1110 0.1113 0.1111 0.1112 0.1110 0.1107 0.1115 0.1110 
         175  1 0.1114 0.1111 0.1119 0.1106 0.1100 0.1116 0.1114 0.1109 0.1111 
         176  1 0.1110 0.1112 0.1106 0.1110 0.1129 0.1110 0.1104 0.1111 0.1109 
         177  1 0.1111 0.1111 0.1114 0.1111 0.1102 0.1115 0.1114 0.1112 0.1109 
         178  1 0.1113 0.1112 0.1111 0.1109 0.1109 0.1113 0.1111 0.1111 0.1112 
         179  1 0.1111 0.1114 0.1113 0.1110 0.1097 0.1113 0.1115 0.1112 0.1115 
         180  1 0.1110 0.1113 0.1113 0.1104 0.1115 0.1115 0.1109 0.1109 0.1113 
         181  1 0.1110 0.1114 0.1110 0.1115 0.1110 0.1109 0.1114 0.1109 0.1109 
         182  1 0.1113 0.1113 0.1110 0.1110 0.1100 0.1113 0.1114 0.1118 0.1109 
         183  1 0.1120 0.1108 0.1106 0.1110 0.1110 0.1109 0.1111 0.1118 0.1107 
         184  1 0.1113 0.1111 0.1120 0.1106 0.1090 0.1117 0.1115 0.1112 0.1115 
         185  1 0.1107 0.1108 0.1107 0.1119 0.1112 0.1108 0.1112 0.1113 0.1114 
         186  1 0.1111 0.1111 0.1113 0.1109 0.1117 0.1109 0.1109 0.1113 0.1107 
         187  1 0.1116 0.1112 0.1118 0.1110 0.1093 0.1113 0.1113 0.1107 0.1118 
         188  1 0.1108 0.1109 0.1107 0.1116 0.1121 0.1110 0.1110 0.1110 0.1108 
         189  1 0.1108 0.1108 0.1104 0.1121 0.1120 0.1109 0.1109 0.1113 0.1108 
         190  1 0.1110 0.1112 0.1108 0.1110 0.1118 0.1111 0.1111 0.1112 0.1107 
         191  1 0.1112 0.1110 0.1110 0.1113 0.1114 0.1109 0.1108 0.1112 0.1111 
         192  1 0.1112 0.1111 0.1111 0.1107 0.1115 0.1113 0.1110 0.1113 0.1108 
         193  1 0.1113 0.1114 0.1114 0.1106 0.1103 0.1115 0.1110 0.1111 0.1113 
         194  1 0.1106 0.1109 0.1106 0.1117 0.1130 0.1109 0.1108 0.1111 0.1105 
         195  1 0.1107 0.1111 0.1109 0.1114 0.1117 0.1111 0.1109 0.1110 0.1111 
         196  1 0.1108 0.1112 0.1116 0.1110 0.1102 0.1113 0.1114 0.1108 0.1118 
         197  1 0.1111 0.1114 0.1111 0.1110 0.1108 0.1114 0.1111 0.1111 0.1111 
         198  1 0.1114 0.1112 0.1110 0.1110 0.1105 0.1107 0.1113 0.1117 0.1112 
         199  1 0.1113 0.1112 0.1111 0.1109 0.1116 0.1108 0.1108 0.1114 0.1107 
         200  1 0.1113 0.1109 0.1116 0.1110 0.1103 0.1117 0.1110 0.1107 0.1117 
         201  1 0.1109 0.1109 0.1111 0.1112 0.1110 0.1110 0.1110 0.1116 0.1112 
         202  1 0.1110 0.1110 0.1110 0.1115 0.1105 0.1111 0.1112 0.1117 0.1111 
         203  1 0.1115 0.1108 0.1114 0.1111 0.1096 0.1113 0.1115 0.1118 0.1110 
         204  1 0.1114 0.1110 0.1111 0.1113 0.1112 0.1112 0.1109 0.1111 0.1107 
         205  1 0.1119 0.1112 0.1113 0.1108 0.1103 0.1112 0.1108 0.1111 0.1114 
         206  1 0.1108 0.1112 0.1106 0.1113 0.1124 0.1105 0.1113 0.1109 0.1110 
         207  1 0.1118 0.1114 0.1118 0.1108 0.1090 0.1115 0.1110 0.1112 0.1115 
         208  1 0.1110 0.1109 0.1116 0.1106 0.1110 0.1113 0.1114 0.1112 0.1110 
         209  1 0.1110 0.1112 0.1113 0.1111 0.1112 0.1110 0.1110 0.1111 0.1112 
         210  1 0.1109 0.1113 0.1108 0.1111 0.1115 0.1112 0.1110 0.1110 0.1112 
         211  1 0.1109 0.1111 0.1107 0.1119 0.1125 0.1106 0.1109 0.1111 0.1105 
         212  1 0.1107 0.1110 0.1106 0.1118 0.1120 0.1106 0.1108 0.1115 0.1111 
         213  1 0.1112 0.1113 0.1109 0.1111 0.1112 0.1109 0.1108 0.1108 0.1116 
         214  1 0.1116 0.1109 0.1110 0.1115 0.1115 0.1107 0.1109 0.1113 0.1107 
         215  1 0.1105 0.1109 0.1104 0.1119 0.1116 0.1108 0.1115 0.1112 0.1113 
         216  1 0.1107 0.1111 0.1112 0.1114 0.1114 0.1112 0.1109 0.1111 0.1109 
         217  1 0.1110 0.1110 0.1110 0.1112 0.1127 0.1108 0.1107 0.1110 0.1107 
         218  1 0.1110 0.1109 0.1110 0.1106 0.1129 0.1109 0.1112 0.1105 0.1110 
         219  1 0.1109 0.1107 0.1109 0.1115 0.1117 0.1111 0.1111 0.1110 0.1111 
         220  1 0.1114 0.1115 0.1109 0.1109 0.1115 0.1111 0.1108 0.1107 0.1112 
         221  1 0.1105 0.1111 0.1104 0.1119 0.1127 0.1109 0.1107 0.1106 0.1112 
         222  1 0.1114 0.1115 0.1111 0.1109 0.1105 0.1109 0.1113 0.1114 0.1110 
         223  1 0.1111 0.1106 0.1111 0.1116 0.1111 0.1113 0.1113 0.1109 0.1111 
         224  1 0.1110 0.1114 0.1111 0.1119 0.1104 0.1109 0.1110 0.1112 0.1110 
         225  1 0.1112 0.1111 0.1110 0.1113 0.1112 0.1116 0.1109 0.1111 0.1107 
         226  1 0.1106 0.1107 0.1108 0.1117 0.1115 0.1108 0.1113 0.1115 0.1113 
         227  1 0.1111 0.1111 0.1116 0.1110 0.1105 0.1113 0.1117 0.1107 0.1109 
         228  1 0.1108 0.1115 0.1114 0.1112 0.1110 0.1110 0.1112 0.1108 0.1112 
         229  1 0.1116 0.1118 0.1121 0.1105 0.1085 0.1120 0.1116 0.1105 0.1114 
         230  1 0.1113 0.1114 0.1112 0.1111 0.1107 0.1111 0.1113 0.1111 0.1109 
         231  1 0.1112 0.1110 0.1108 0.1111 0.1117 0.1112 0.1115 0.1108 0.1109 
         232  1 0.1108 0.1108 0.1105 0.1114 0.1136 0.1106 0.1108 0.1108 0.1107 
         233  1 0.1107 0.1110 0.1105 0.1112 0.1128 0.1106 0.1112 0.1112 0.1108 
         234  1 0.1112 0.1113 0.1111 0.1112 0.1110 0.1110 0.1109 0.1113 0.1110 
         235  1 0.1109 0.1111 0.1111 0.1114 0.1104 0.1116 0.1111 0.1112 0.1112 
         236  1 0.1114 0.1111 0.1107 0.1110 0.1107 0.1115 0.1109 0.1111 0.1116 
         237  1 0.1107 0.1107 0.1107 0.1111 0.1121 0.1111 0.1111 0.1107 0.1117 
         238  1 0.1109 0.1110 0.1111 0.1111 0.1115 0.1111 0.1108 0.1114 0.1111 
         239  1 0.1111 0.1111 0.1107 0.1110 0.1128 0.1109 0.1110 0.1110 0.1104 
         240  1 0.1105 0.1112 0.1108 0.1115 0.1126 0.1107 0.1111 0.1105 0.1111 
         241  1 0.1114 0.1111 0.1115 0.1106 0.1107 0.1112 0.1111 0.1111 0.1114 
         242  1 0.1111 0.1112 0.1111 0.1113 0.1107 0.1112 0.1111 0.1113 0.1110 
         243  1 0.1110 0.1112 0.1108 0.1114 0.1113 0.1111 0.1112 0.1110 0.1110 
         244  1 0.1110 0.1109 0.1107 0.1110 0.1121 0.1109 0.1111 0.1112 0.1111 
         245  1 0.1115 0.1110 0.1109 0.1116 0.1106 0.1111 0.1115 0.1113 0.1106 
         246  1 0.1111 0.1111 0.1113 0.1109 0.1124 0.1103 0.1112 0.1110 0.1107 
         247  1 0.1111 0.1115 0.1113 0.1108 0.1107 0.1111 0.1115 0.1111 0.1108 
         248  1 0.1113 0.1115 0.1114 0.1103 0.1106 0.1108 0.1116 0.1115 0.1109 
         249  1 0.1110 0.1108 0.1107 0.1111 0.1134 0.1105 0.1106 0.1114 0.1106 
         250  1 0.1111 0.1110 0.1115 0.1109 0.1103 0.1117 0.1113 0.1111 0.1111 
         251  1 0.1110 0.1112 0.1110 0.1111 0.1118 0.1109 0.1111 0.1114 0.1105 
         252  1 0.1111 0.1113 0.1112 0.1111 0.1101 0.1112 0.1112 0.1113 0.1113 
         253  1 0.1113 0.1114 0.1111 0.1110 0.1101 0.1112 0.1116 0.1112 0.1111 
         254  1 0.1112 0.1113 0.1109 0.1115 0.1105 0.1110 0.1116 0.1111 0.1109 
         255  1 0.1110 0.1109 0.1106 0.1107 0.1133 0.1111 0.1109 0.1107 0.1107 
         256  1 0.1110 0.1111 0.1112 0.1110 0.1116 0.1105 0.1109 0.1115 0.1112 
         257  1 0.1116 0.1114 0.1113 0.1106 0.1101 0.1115 0.1112 0.1115 0.1108 
         258  1 0.1118 0.1115 0.1114 0.1106 0.1100 0.1112 0.1112 0.1111 0.1112 
         259  1 0.1106 0.1110 0.1112 0.1104 0.1122 0.1114 0.1114 0.1108 0.1110 
         260  1 0.1115 0.1112 0.1111 0.1108 0.1100 0.1113 0.1116 0.1109 0.1117 
         261  1 0.1112 0.1114 0.1116 0.1113 0.1101 0.1114 0.1112 0.1105 0.1112 
         262  1 0.1106 0.1111 0.1104 0.1118 0.1135 0.1104 0.1109 0.1109 0.1106 
         263  1 0.1111 0.1112 0.1115 0.1110 0.1112 0.1110 0.1111 0.1110 0.1109 
         264  1 0.1111 0.1110 0.1108 0.1118 0.1122 0.1104 0.1104 0.1111 0.1112 
         265  1 0.1113 0.1110 0.1113 0.1115 0.1105 0.1111 0.1109 0.1115 0.1110 
         266  1 0.1113 0.1113 0.1116 0.1112 0.1106 0.1112 0.1109 0.1108 0.1111 
         267  1 0.1110 0.1112 0.1111 0.1109 0.1111 0.1111 0.1112 0.1110 0.1114 
         268  1 0.1112 0.1109 0.1113 0.1110 0.1097 0.1119 0.1111 0.1114 0.1115 
         269  1 0.1115 0.1114 0.1121 0.1104 0.1093 0.1116 0.1107 0.1113 0.1118 
         270  1 0.1108 0.1108 0.1110 0.1109 0.1120 0.1115 0.1112 0.1109 0.1108 
         271  1 0.1112 0.1112 0.1115 0.1103 0.1104 0.1115 0.1116 0.1111 0.1112 
         272  1 0.1112 0.1107 0.1106 0.1115 0.1119 0.1109 0.1114 0.1114 0.1103 
         273  1 0.1113 0.1108 0.1110 0.1113 0.1115 0.1107 0.1111 0.1112 0.1111 
         274  1 0.1112 0.1111 0.1108 0.1119 0.1100 0.1110 0.1113 0.1114 0.1112 
         275  1 0.1108 0.1113 0.1108 0.1115 0.1104 0.1117 0.1111 0.1111 0.1113 
         276  1 0.1115 0.1113 0.1117 0.1113 0.1090 0.1115 0.1112 0.1109 0.1116 
         277  1 0.1113 0.1114 0.1112 0.1106 0.1099 0.1114 0.1114 0.1116 0.1112 
         278  1 0.1110 0.1110 0.1112 0.1113 0.1102 0.1115 0.1115 0.1110 0.1114 
         279  1 0.1112 0.1112 0.1115 0.1111 0.1102 0.1113 0.1109 0.1108 0.1119 
         280  1 0.1110 0.1110 0.1110 0.1107 0.1126 0.1109 0.1112 0.1108 0.1107 
         281  1 0.1113 0.1110 0.1112 0.1114 0.1100 0.1111 0.1109 0.1112 0.1118 
         282  1 0.1111 0.1109 0.1110 0.1115 0.1118 0.1110 0.1110 0.1109 0.1109 
         283  1 0.1108 0.1106 0.1102 0.1118 0.1124 0.1111 0.1107 0.1113 0.1109 
         284  1 0.1111 0.1111 0.1107 0.1114 0.1111 0.1113 0.1115 0.1109 0.1109 
         285  1 0.1113 0.1110 0.1112 0.1106 0.1113 0.1114 0.1109 0.1111 0.1112 
         286  1 0.1107 0.1111 0.1110 0.1119 0.1110 0.1110 0.1109 0.1114 0.1110 
         287  1 0.1107 0.1113 0.1111 0.1107 0.1125 0.1109 0.1107 0.1109 0.1111 
         288  1 0.1114 0.1109 0.1112 0.1117 0.1102 0.1111 0.1113 0.1111 0.1112 
         289  1 0.1109 0.1106 0.1106 0.1117 0.1124 0.1108 0.1110 0.1114 0.1106 
         290  1 0.1108 0.1107 0.1103 0.1115 0.1136 0.1111 0.1106 0.1110 0.1105 
         291  1 0.1108 0.1110 0.1109 0.1108 0.1127 0.1113 0.1111 0.1108 0.1107 
         292  1 0.1116 0.1116 0.1110 0.1110 0.1103 0.1112 0.1110 0.1111 0.1111 
         293  1 0.1116 0.1109 0.1108 0.1109 0.1107 0.1112 0.1110 0.1114 0.1114 
         294  1 0.1116 0.1111 0.1116 0.1112 0.1096 0.1117 0.1111 0.1108 0.1114 
         295  1 0.1123 0.1112 0.1119 0.1101 0.1092 0.1117 0.1115 0.1111 0.1109 
         296  1 0.1102 0.1109 0.1104 0.1125 0.1118 0.1112 0.1108 0.1112 0.1110 
         297  1 0.1108 0.1112 0.1114 0.1110 0.1111 0.1110 0.1114 0.1109 0.1111 
         298  1 0.1113 0.1111 0.1114 0.1111 0.1109 0.1106 0.1108 0.1110 0.1119 
         299  1 0.1109 0.1108 0.1109 0.1117 0.1119 0.1111 0.1112 0.1108 0.1108 
         300  1 0.1115 0.1115 0.1112 0.1110 0.1101 0.1117 0.1112 0.1106 0.1111 
         301  1 0.1116 0.1113 0.1118 0.1112 0.1094 0.1113 0.1112 0.1112 0.1111 
         302  1 0.1109 0.1110 0.1110 0.1114 0.1115 0.1110 0.1111 0.1109 0.1111 
         303  1 0.1108 0.1110 0.1109 0.1110 0.1122 0.1110 0.1112 0.1110 0.1108 
