

----------------------------------------------------
STRUCTURE by Pritchard, Stephens and Donnelly (2000)
     and Falush, Stephens and Pritchard (2003)
       Code by Pritchard, Falush and Hubisz
             Version 2.3.4 (Jul 2012)
----------------------------------------------------



Command line arguments:   /usr/local/bin/structure -m parameter_job_T3_2 
Input File:    /home/martin/bottleneck/structure_analysis/structure_4/data_job_T3_2

Run parameters:
   303 individuals
   7 loci
   3 populations assumed
   10000 Burn-in period
   100000 Reps


--------------------------------------------
Proportion of membership of each pre-defined
 population in each of the 3 clusters

Given    Inferred Clusters       Number of
 Pop       1      2      3      Individuals

  1:     0.333  0.333  0.334      303
--------------------------------------------

Allele-freq. divergence among pops (Net nucleotide distance),
computed using point estimates of P.

      1       2       3      
 1      -    0.0000  0.0031  
 2   0.0000     -    0.0030  
 3   0.0031  0.0030     -    

Average distances (expected heterozygosity) between individuals in same cluster:
cluster  1  : 0.8724 
cluster  2  : 0.8721 
cluster  3  : 0.8405 

--------------------------------------------
Estimated Ln Prob of Data   = -9960.2
Mean value of ln likelihood = -9683.3
Variance of ln likelihood   = 553.6
Mean value of alpha         = 2.3372

Mean value of Fst_1         = 0.0006
Mean value of Fst_2         = 0.0012
Mean value of Fst_3         = 0.0611


Inferred ancestry of individuals:
        Label (%Miss) Pop:  Inferred clusters
  1        1    (0)    1 :  0.345 0.342 0.313 
  2        2    (0)    1 :  0.343 0.343 0.315 
  3        3    (0)    1 :  0.341 0.342 0.317 
  4        4    (0)    1 :  0.354 0.353 0.293 
  5        5    (0)    1 :  0.359 0.353 0.287 
  6        6    (0)    1 :  0.319 0.321 0.361 
  7        7    (0)    1 :  0.318 0.323 0.359 
  8        8    (0)    1 :  0.307 0.308 0.385 
  9        9    (0)    1 :  0.337 0.337 0.326 
 10       10    (0)    1 :  0.332 0.333 0.335 
 11       11    (0)    1 :  0.350 0.348 0.302 
 12       12    (0)    1 :  0.294 0.299 0.406 
 13       13    (0)    1 :  0.314 0.318 0.367 
 14       14    (0)    1 :  0.326 0.324 0.350 
 15       15    (0)    1 :  0.314 0.314 0.372 
 16       16    (0)    1 :  0.369 0.368 0.263 
 17       17    (0)    1 :  0.329 0.327 0.344 
 18       18    (0)    1 :  0.333 0.334 0.332 
 19       19    (0)    1 :  0.357 0.360 0.282 
 20       20    (0)    1 :  0.328 0.330 0.341 
 21       21    (0)    1 :  0.375 0.367 0.257 
 22       22    (0)    1 :  0.319 0.318 0.363 
 23       23    (0)    1 :  0.333 0.332 0.335 
 24       24    (0)    1 :  0.318 0.325 0.357 
 25       25    (0)    1 :  0.304 0.308 0.387 
 26       26    (0)    1 :  0.335 0.341 0.324 
 27       27    (0)    1 :  0.348 0.347 0.305 
 28       28    (0)    1 :  0.319 0.320 0.361 
 29       29    (0)    1 :  0.364 0.359 0.277 
 30       30   (14)    1 :  0.311 0.312 0.377 
 31       31    (0)    1 :  0.348 0.344 0.308 
 32       32    (0)    1 :  0.318 0.318 0.365 
 33       33    (0)    1 :  0.336 0.339 0.325 
 34       34   (14)    1 :  0.347 0.346 0.307 
 35       35    (0)    1 :  0.306 0.310 0.383 
 36       36    (0)    1 :  0.339 0.335 0.325 
 37       37    (0)    1 :  0.297 0.298 0.405 
 38       38    (0)    1 :  0.298 0.298 0.404 
 39       39    (0)    1 :  0.366 0.363 0.271 
 40       40    (0)    1 :  0.362 0.359 0.278 
 41       41   (14)    1 :  0.341 0.340 0.319 
 42       42    (0)    1 :  0.345 0.344 0.311 
 43       43   (14)    1 :  0.312 0.312 0.376 
 44       44    (0)    1 :  0.359 0.350 0.291 
 45       45    (0)    1 :  0.340 0.338 0.322 
 46       46    (0)    1 :  0.360 0.358 0.282 
 47       47    (0)    1 :  0.324 0.323 0.353 
 48       48    (0)    1 :  0.347 0.351 0.302 
 49       49    (0)    1 :  0.281 0.285 0.434 
 50       50    (0)    1 :  0.339 0.341 0.320 
 51       51    (0)    1 :  0.347 0.348 0.305 
 52       52    (0)    1 :  0.329 0.326 0.345 
 53       53    (0)    1 :  0.336 0.332 0.331 
 54       54    (0)    1 :  0.329 0.330 0.341 
 55       55    (0)    1 :  0.378 0.377 0.245 
 56       56    (0)    1 :  0.363 0.359 0.278 
 57       57    (0)    1 :  0.317 0.317 0.366 
 58       58    (0)    1 :  0.338 0.338 0.323 
 59       59    (0)    1 :  0.331 0.334 0.335 
 60       60    (0)    1 :  0.310 0.310 0.380 
 61       61    (0)    1 :  0.348 0.349 0.302 
 62       62    (0)    1 :  0.329 0.330 0.341 
 63       63    (0)    1 :  0.374 0.372 0.254 
 64       64    (0)    1 :  0.364 0.365 0.272 
 65       65    (0)    1 :  0.326 0.330 0.344 
 66       66    (0)    1 :  0.327 0.329 0.343 
 67       67    (0)    1 :  0.330 0.329 0.341 
 68       68    (0)    1 :  0.324 0.320 0.356 
 69       69    (0)    1 :  0.338 0.335 0.327 
 70       70    (0)    1 :  0.342 0.344 0.314 
 71       71    (0)    1 :  0.322 0.325 0.353 
 72       72    (0)    1 :  0.356 0.360 0.283 
 73       73    (0)    1 :  0.347 0.349 0.304 
 74       74    (0)    1 :  0.304 0.311 0.385 
 75       75    (0)    1 :  0.326 0.326 0.348 
 76       76    (0)    1 :  0.311 0.311 0.377 
 77       77    (0)    1 :  0.314 0.314 0.372 
 78       78    (0)    1 :  0.355 0.355 0.290 
 79       79    (0)    1 :  0.328 0.327 0.345 
 80       80    (0)    1 :  0.371 0.368 0.260 
 81       81    (0)    1 :  0.316 0.322 0.362 
 82       82    (0)    1 :  0.323 0.321 0.356 
 83       83    (0)    1 :  0.341 0.336 0.323 
 84       84   (14)    1 :  0.326 0.326 0.348 
 85       85    (0)    1 :  0.314 0.318 0.368 
 86       86    (0)    1 :  0.345 0.343 0.313 
 87       87    (0)    1 :  0.383 0.371 0.245 
 88       88    (0)    1 :  0.324 0.322 0.354 
 89       89    (0)    1 :  0.354 0.351 0.295 
 90       90    (0)    1 :  0.349 0.340 0.310 
 91       91    (0)    1 :  0.337 0.336 0.327 
 92       92    (0)    1 :  0.328 0.332 0.341 
 93       93    (0)    1 :  0.333 0.332 0.335 
 94       94    (0)    1 :  0.299 0.300 0.401 
 95       95    (0)    1 :  0.309 0.314 0.377 
 96       96    (0)    1 :  0.333 0.333 0.335 
 97       97    (0)    1 :  0.379 0.374 0.247 
 98       98    (0)    1 :  0.317 0.320 0.364 
 99       99    (0)    1 :  0.297 0.301 0.402 
100      100    (0)    1 :  0.316 0.313 0.371 
101      101    (0)    1 :  0.312 0.313 0.374 
102      102    (0)    1 :  0.322 0.323 0.356 
103      103    (0)    1 :  0.354 0.354 0.292 
104      104    (0)    1 :  0.336 0.340 0.324 
105      105    (0)    1 :  0.351 0.347 0.302 
106      106    (0)    1 :  0.365 0.360 0.275 
107      107    (0)    1 :  0.348 0.345 0.307 
108      108    (0)    1 :  0.328 0.325 0.347 
109      109    (0)    1 :  0.328 0.333 0.339 
110      110    (0)    1 :  0.363 0.356 0.281 
111      111    (0)    1 :  0.311 0.313 0.376 
112      112    (0)    1 :  0.343 0.342 0.315 
113      113    (0)    1 :  0.336 0.339 0.324 
114      114    (0)    1 :  0.301 0.308 0.392 
115      115    (0)    1 :  0.326 0.326 0.348 
116      116    (0)    1 :  0.343 0.344 0.313 
117      117    (0)    1 :  0.339 0.340 0.322 
118      118   (28)    1 :  0.338 0.337 0.325 
119      119    (0)    1 :  0.351 0.348 0.301 
120      120    (0)    1 :  0.321 0.321 0.357 
121      121    (0)    1 :  0.326 0.330 0.344 
122      122    (0)    1 :  0.355 0.351 0.293 
123      123    (0)    1 :  0.351 0.351 0.297 
124      124    (0)    1 :  0.348 0.343 0.308 
125      125    (0)    1 :  0.342 0.336 0.322 
126      126    (0)    1 :  0.350 0.355 0.295 
127      127    (0)    1 :  0.361 0.355 0.284 
128      128    (0)    1 :  0.358 0.357 0.285 
129      129    (0)    1 :  0.362 0.364 0.274 
130      130    (0)    1 :  0.318 0.316 0.365 
131      131    (0)    1 :  0.366 0.358 0.276 
132      132    (0)    1 :  0.318 0.319 0.363 
133      133    (0)    1 :  0.316 0.316 0.368 
134      134    (0)    1 :  0.357 0.358 0.285 
135      135    (0)    1 :  0.308 0.310 0.382 
136      136    (0)    1 :  0.349 0.351 0.301 
137      137    (0)    1 :  0.304 0.307 0.389 
138      138    (0)    1 :  0.328 0.329 0.343 
139      139    (0)    1 :  0.327 0.322 0.351 
140      140    (0)    1 :  0.334 0.333 0.333 
141      141    (0)    1 :  0.331 0.332 0.337 
142      142    (0)    1 :  0.359 0.356 0.285 
143      143    (0)    1 :  0.336 0.332 0.333 
144      144    (0)    1 :  0.309 0.313 0.378 
145      145    (0)    1 :  0.336 0.332 0.332 
146      146    (0)    1 :  0.352 0.348 0.300 
147      147    (0)    1 :  0.320 0.317 0.362 
148      148    (0)    1 :  0.349 0.347 0.304 
149      149    (0)    1 :  0.344 0.343 0.313 
150      150    (0)    1 :  0.350 0.348 0.301 
151      151    (0)    1 :  0.309 0.310 0.381 
152      152    (0)    1 :  0.298 0.297 0.405 
153      153    (0)    1 :  0.291 0.298 0.411 
154      154    (0)    1 :  0.293 0.294 0.413 
155      155    (0)    1 :  0.314 0.316 0.370 
156      156    (0)    1 :  0.332 0.335 0.333 
157      157    (0)    1 :  0.353 0.350 0.297 
158      158    (0)    1 :  0.331 0.333 0.335 
159      159    (0)    1 :  0.315 0.315 0.370 
160      160    (0)    1 :  0.337 0.334 0.329 
161      161    (0)    1 :  0.338 0.338 0.323 
162      162    (0)    1 :  0.333 0.334 0.333 
163      163    (0)    1 :  0.304 0.307 0.389 
164      164    (0)    1 :  0.338 0.331 0.331 
165      165    (0)    1 :  0.311 0.316 0.373 
166      166    (0)    1 :  0.306 0.308 0.386 
167      167    (0)    1 :  0.339 0.343 0.318 
168      168    (0)    1 :  0.326 0.321 0.353 
169      169    (0)    1 :  0.323 0.323 0.354 
170      170    (0)    1 :  0.331 0.328 0.341 
171      171   (14)    1 :  0.332 0.334 0.334 
172      172    (0)    1 :  0.357 0.356 0.287 
173      173    (0)    1 :  0.341 0.336 0.323 
174      174    (0)    1 :  0.327 0.324 0.349 
175      175    (0)    1 :  0.365 0.360 0.275 
176      176    (0)    1 :  0.316 0.312 0.372 
177      177    (0)    1 :  0.345 0.344 0.311 
178      178    (0)    1 :  0.337 0.338 0.325 
179      179    (0)    1 :  0.345 0.341 0.314 
180      180    (0)    1 :  0.351 0.351 0.299 
181      181    (0)    1 :  0.331 0.332 0.336 
182      182    (0)    1 :  0.350 0.350 0.300 
183      183    (0)    1 :  0.332 0.332 0.337 
184      184    (0)    1 :  0.369 0.365 0.266 
185      185    (0)    1 :  0.313 0.313 0.374 
186      186   (14)    1 :  0.335 0.335 0.330 
187      187    (0)    1 :  0.357 0.355 0.287 
188      188    (0)    1 :  0.327 0.322 0.351 
189      189    (0)    1 :  0.323 0.323 0.354 
190      190    (0)    1 :  0.321 0.323 0.356 
191      191    (0)    1 :  0.325 0.323 0.353 
192      192    (0)    1 :  0.338 0.337 0.325 
193      193    (0)    1 :  0.359 0.356 0.285 
194      194    (0)    1 :  0.315 0.316 0.369 
195      195    (0)    1 :  0.317 0.321 0.363 
196      196    (0)    1 :  0.332 0.339 0.329 
197      197    (0)    1 :  0.326 0.323 0.352 
198      198   (14)    1 :  0.339 0.337 0.324 
199      199    (0)    1 :  0.328 0.330 0.343 
200      200    (0)    1 :  0.365 0.357 0.278 
201      201    (0)    1 :  0.336 0.334 0.330 
202      202    (0)    1 :  0.344 0.340 0.316 
203      203   (14)    1 :  0.352 0.350 0.298 
204      204   (14)    1 :  0.318 0.321 0.361 
205      205    (0)    1 :  0.350 0.352 0.298 
206      206    (0)    1 :  0.309 0.307 0.384 
207      207    (0)    1 :  0.366 0.370 0.264 
208      208    (0)    1 :  0.356 0.357 0.287 
209      209    (0)    1 :  0.334 0.330 0.336 
210      210    (0)    1 :  0.331 0.332 0.337 
211      211    (0)    1 :  0.303 0.307 0.390 
212      212    (0)    1 :  0.303 0.304 0.393 
213      213    (0)    1 :  0.311 0.311 0.378 
214      214    (0)    1 :  0.309 0.311 0.381 
215      215    (0)    1 :  0.312 0.309 0.379 
216      216    (0)    1 :  0.326 0.329 0.344 
217      217    (0)    1 :  0.331 0.330 0.339 
218      218   (14)    1 :  0.321 0.322 0.356 
219      219    (0)    1 :  0.319 0.317 0.365 
220      220    (0)    1 :  0.329 0.330 0.341 
221      221    (0)    1 :  0.310 0.311 0.379 
222      222    (0)    1 :  0.352 0.355 0.294 
223      223    (0)    1 :  0.329 0.333 0.338 
224      224    (0)    1 :  0.329 0.330 0.340 
225      225    (0)    1 :  0.333 0.338 0.329 
226      226   (28)    1 :  0.320 0.320 0.360 
227      227    (0)    1 :  0.333 0.335 0.331 
228      228    (0)    1 :  0.311 0.312 0.378 
229      229    (0)    1 :  0.367 0.368 0.265 
230      230    (0)    1 :  0.343 0.335 0.321 
231      231    (0)    1 :  0.302 0.305 0.393 
232      232    (0)    1 :  0.298 0.298 0.404 
233      233    (0)    1 :  0.312 0.310 0.378 
234      234    (0)    1 :  0.350 0.345 0.306 
235      235    (0)    1 :  0.348 0.347 0.305 
236      236    (0)    1 :  0.340 0.340 0.320 
237      237    (0)    1 :  0.329 0.328 0.342 
238      238    (0)    1 :  0.330 0.331 0.339 
239      239    (0)    1 :  0.310 0.311 0.379 
240      240    (0)    1 :  0.303 0.306 0.391 
241      241    (0)    1 :  0.355 0.352 0.292 
242      242    (0)    1 :  0.330 0.328 0.343 
243      243    (0)    1 :  0.308 0.311 0.380 
244      244    (0)    1 :  0.316 0.318 0.366 
245      245    (0)    1 :  0.325 0.323 0.352 
246      246    (0)    1 :  0.328 0.326 0.346 
247      247    (0)    1 :  0.323 0.326 0.351 
248      248    (0)    1 :  0.357 0.355 0.288 
249      249    (0)    1 :  0.311 0.315 0.374 
250      250    (0)    1 :  0.357 0.360 0.283 
251      251    (0)    1 :  0.323 0.327 0.350 
252      252    (0)    1 :  0.339 0.336 0.325 
253      253    (0)    1 :  0.335 0.332 0.333 
254      254    (0)    1 :  0.301 0.302 0.396 
255      255    (0)    1 :  0.317 0.318 0.365 
256      256    (0)    1 :  0.322 0.318 0.360 
257      257    (0)    1 :  0.339 0.347 0.314 
258      258    (0)    1 :  0.348 0.346 0.306 
259      259    (0)    1 :  0.346 0.343 0.311 
260      260    (0)    1 :  0.349 0.346 0.306 
261      261    (0)    1 :  0.346 0.344 0.310 
262      262    (0)    1 :  0.274 0.273 0.453 
263      263    (0)    1 :  0.338 0.337 0.326 
264      264    (0)    1 :  0.313 0.315 0.371 
265      265    (0)    1 :  0.333 0.334 0.334 
266      266    (0)    1 :  0.328 0.329 0.343 
267      267    (0)    1 :  0.349 0.345 0.305 
268      268    (0)    1 :  0.352 0.349 0.298 
269      269    (0)    1 :  0.353 0.350 0.296 
270      270    (0)    1 :  0.321 0.320 0.359 
271      271    (0)    1 :  0.364 0.363 0.274 
272      272    (0)    1 :  0.313 0.320 0.367 
273      273    (0)    1 :  0.334 0.337 0.329 
274      274    (0)    1 :  0.342 0.338 0.320 
275      275    (0)    1 :  0.325 0.328 0.347 
276      276    (0)    1 :  0.368 0.372 0.260 
277      277    (0)    1 :  0.346 0.347 0.307 
278      278    (0)    1 :  0.345 0.346 0.309 
279      279    (0)    1 :  0.349 0.343 0.308 
280      280    (0)    1 :  0.321 0.325 0.354 
281      281    (0)    1 :  0.354 0.351 0.295 
282      282    (0)    1 :  0.322 0.322 0.356 
283      283    (0)    1 :  0.288 0.292 0.420 
284      284    (0)    1 :  0.320 0.326 0.354 
285      285    (0)    1 :  0.353 0.354 0.293 
286      286    (0)    1 :  0.330 0.331 0.339 
287      287    (0)    1 :  0.331 0.334 0.335 
288      288    (0)    1 :  0.318 0.322 0.360 
289      289    (0)    1 :  0.317 0.315 0.368 
290      290    (0)    1 :  0.304 0.304 0.392 
291      291    (0)    1 :  0.334 0.337 0.329 
292      292    (0)    1 :  0.344 0.346 0.310 
293      293    (0)    1 :  0.341 0.341 0.318 
294      294    (0)    1 :  0.368 0.364 0.268 
295      295    (0)    1 :  0.360 0.358 0.282 
296      296    (0)    1 :  0.311 0.317 0.372 
297      297    (0)    1 :  0.345 0.341 0.314 
298      298    (0)    1 :  0.333 0.329 0.338 
299      299    (0)    1 :  0.309 0.311 0.380 
300      300    (0)    1 :  0.348 0.341 0.312 
301      301   (14)    1 :  0.360 0.359 0.281 
302      302    (0)    1 :  0.314 0.315 0.372 
303      303   (14)    1 :  0.317 0.319 0.364 


Estimated Allele Frequencies in each cluster
First column gives estimated ancestral frequencies


Locus 1 : 
20 alleles
1.3% missing data
 173   (0.108) 0.108 0.108 0.129 
 163   (0.083) 0.084 0.084 0.120 
 175   (0.093) 0.093 0.093 0.080 
 183   (0.010) 0.010 0.010 0.003 
 161   (0.056) 0.056 0.056 0.054 
 169   (0.107) 0.107 0.107 0.102 
 167   (0.087) 0.088 0.088 0.096 
 159   (0.056) 0.056 0.056 0.043 
 171   (0.120) 0.120 0.120 0.154 
 177   (0.062) 0.062 0.061 0.062 
 155   (0.026) 0.026 0.025 0.013 
 147   (0.018) 0.018 0.018 0.007 
 165   (0.083) 0.083 0.084 0.103 
 149   (0.004) 0.004 0.004 0.001 
 179   (0.027) 0.027 0.027 0.013 
 157   (0.029) 0.029 0.029 0.015 
 153   (0.011) 0.010 0.010 0.003 
 181   (0.010) 0.010 0.010 0.003 
 151   (0.005) 0.004 0.004 0.001 
 185   (0.004) 0.004 0.004 0.001 

Locus 2 : 
24 alleles
0.7% missing data
 115   (0.110) 0.110 0.111 0.144 
 117   (0.118) 0.118 0.119 0.186 
 105   (0.045) 0.045 0.044 0.030 
 113   (0.097) 0.097 0.097 0.106 
 121   (0.109) 0.110 0.109 0.103 
 119   (0.118) 0.118 0.118 0.149 
 111   (0.054) 0.054 0.054 0.050 
 141   (0.027) 0.027 0.027 0.018 
 123   (0.048) 0.048 0.048 0.049 
 139   (0.012) 0.012 0.012 0.004 
 145   (0.026) 0.026 0.026 0.015 
 101   (0.043) 0.043 0.043 0.028 
 125   (0.018) 0.018 0.018 0.008 
 103   (0.030) 0.030 0.030 0.026 
 107   (0.048) 0.048 0.048 0.043 
 127   (0.015) 0.015 0.015 0.007 
 109   (0.046) 0.046 0.046 0.027 
 137   (0.009) 0.008 0.008 0.002 
 133   (0.006) 0.006 0.006 0.001 
 131   (0.004) 0.004 0.004 0.001 
 135   (0.005) 0.004 0.004 0.001 
 147   (0.004) 0.004 0.004 0.001 
 129   (0.005) 0.004 0.004 0.001 
 143   (0.004) 0.004 0.004 0.001 

Locus 3 : 
16 alleles
0.7% missing data
 128   (0.111) 0.111 0.111 0.137 
 144   (0.172) 0.172 0.173 0.243 
 142   (0.098) 0.098 0.098 0.084 
 150   (0.048) 0.048 0.048 0.035 
 134   (0.051) 0.051 0.050 0.035 
 148   (0.095) 0.096 0.095 0.106 
 132   (0.024) 0.023 0.023 0.012 
 146   (0.147) 0.147 0.147 0.146 
 152   (0.033) 0.032 0.033 0.022 
 138   (0.068) 0.068 0.069 0.068 
 140   (0.060) 0.060 0.061 0.064 
 130   (0.032) 0.031 0.031 0.020 
 136   (0.029) 0.029 0.029 0.015 
 158   (0.005) 0.004 0.004 0.001 
 154   (0.023) 0.023 0.023 0.011 
 156   (0.005) 0.004 0.004 0.001 

Locus 4 : 
19 alleles
0.0% missing data
 241   (0.106) 0.106 0.106 0.159 
 247   (0.030) 0.030 0.030 0.016 
 211   (0.076) 0.076 0.076 0.068 
 243   (0.096) 0.096 0.097 0.157 
 215   (0.198) 0.198 0.199 0.216 
 221   (0.014) 0.014 0.014 0.005 
 245   (0.054) 0.054 0.054 0.045 
 229   (0.028) 0.027 0.027 0.016 
 235   (0.033) 0.033 0.033 0.020 
 237   (0.048) 0.048 0.048 0.044 
 239   (0.086) 0.086 0.086 0.097 
 233   (0.071) 0.071 0.071 0.065 
 217   (0.015) 0.014 0.014 0.005 
 227   (0.048) 0.048 0.048 0.037 
 223   (0.025) 0.025 0.025 0.013 
 219   (0.041) 0.041 0.041 0.027 
 251   (0.009) 0.008 0.008 0.002 
 231   (0.009) 0.009 0.008 0.002 
 225   (0.014) 0.014 0.014 0.005 

Locus 5 : 
14 alleles
1.0% missing data
 285   (0.188) 0.189 0.189 0.195 
 297   (0.287) 0.288 0.287 0.343 
 287   (0.066) 0.066 0.066 0.049 
 295   (0.091) 0.091 0.091 0.088 
 299   (0.174) 0.175 0.176 0.185 
 301   (0.106) 0.106 0.106 0.111 
 303   (0.033) 0.032 0.032 0.013 
 283   (0.011) 0.010 0.010 0.003 
 293   (0.007) 0.006 0.006 0.001 
 307   (0.006) 0.006 0.006 0.001 
 305   (0.018) 0.018 0.018 0.008 
 323   (0.005) 0.004 0.004 0.001 
 291   (0.005) 0.004 0.004 0.001 
 289   (0.005) 0.004 0.004 0.001 

Locus 6 : 
10 alleles
0.3% missing data
 134   (0.112) 0.112 0.112 0.098 
 140   (0.013) 0.013 0.013 0.004 
 128   (0.033) 0.032 0.032 0.018 
 130   (0.330) 0.330 0.332 0.398 
 132   (0.413) 0.413 0.413 0.427 
 136   (0.064) 0.064 0.064 0.046 
 124   (0.009) 0.009 0.009 0.002 
 138   (0.015) 0.015 0.015 0.005 
 126   (0.007) 0.006 0.006 0.001 
 120   (0.005) 0.004 0.004 0.001 

Locus 7 : 
21 alleles
1.7% missing data
 180   (0.011) 0.010 0.010 0.003 
 196   (0.070) 0.070 0.070 0.069 
 190   (0.121) 0.121 0.121 0.135 
 194   (0.073) 0.073 0.073 0.065 
 184   (0.053) 0.053 0.053 0.039 
 210   (0.017) 0.016 0.016 0.006 
 202   (0.050) 0.050 0.050 0.036 
 206   (0.035) 0.035 0.035 0.032 
 186   (0.079) 0.079 0.079 0.092 
 188   (0.103) 0.103 0.104 0.144 
 192   (0.099) 0.100 0.100 0.117 
 200   (0.037) 0.037 0.037 0.032 
 178   (0.034) 0.034 0.034 0.020 
 182   (0.035) 0.035 0.035 0.026 
 198   (0.058) 0.058 0.058 0.083 
 204   (0.061) 0.061 0.061 0.077 
 212   (0.015) 0.014 0.014 0.005 
 208   (0.025) 0.024 0.024 0.014 
 174   (0.008) 0.008 0.008 0.002 
 216   (0.009) 0.008 0.008 0.002 
 176   (0.009) 0.008 0.008 0.002 

Values of parameters used in structure:
DATAFILE=/home/martin/bottleneck/structure_analysis/structure_4/data_job_T3_2,	OUTFILE=/home/martin/bottleneck/structure_analysis/structure_4/structure_results/crabeater_seal/results_job_T3_2,	NUMINDS=303,	NUMLOCI=7,	MISSING=-9,	LABEL=1,	POPDATA=1,	POPFLAG=0,	PHENOTYPE=0,	EXTRACOLS=0,	MAXPOPS=3,	BURNIN=10000,	NUMREPS=100000,	USEPOPINFO=0,	INFERALPHA=1,	INFERLAMBDA=0,	POPSPECIFICLAMBDA=0,	POPALPHAS=0,	COMPUTEPROB=1,	NOADMIX=0,	ADMBURNIN=2500,	UPDATEFREQ=1,	PRINTLIKES=0,	INTERMEDSAVE=0,	PRINTKLD=0,	PRINTNET=0,	PRINTLAMBDA=0,	ANCESTDIST=0,	NUMBOXES=1000,	ANCESTPINT=0.90000,	GENSBACK=2,	MIGRPRIOR=0.05000,	PRINTQHAT=1,	PRINTQSUM=0,	ALPHA=1.0000,	FREQSCORR=1,	FPRIORMEAN=0.0100,	FPRIORSD=0.0500,	ONEFST=0,	LAMBDA=1.0000,	UNIFPRIORALPHA=1,	ALPHAMAX=10.0000,	ALPHAPRIORA=1.0000,	ALPHAPRIORB=2.0000,	ALPHAPROPSD=0.0250,	STARTATPOPINFO=0,	RANDOMIZE=1,	LINKAGE=0,	METROFREQ=10,	REPORTHITRATE=0,	MARKOVPHASE=-1,	PHASED=0,	PLOIDY=2,	PHASEINFO=0	LOCPRIOR=0, 	LOCPRIORINIT=1.000000, 	LOCDATA=0, 	LOCISPOP=0, 	LOCPRIORSTEP=0.100000, 	MAXLOCPRIOR=20.000000, 	SEED=1470505799,	
[STRAT parameters]:    NUMSIMSTATS=1000,	PHENOTYPECOL=-9,	POOLFREQ=10,	LOCUSxONLY=0,	EMERROR=0.00100,	MISSINGPHENO=-9,	