

----------------------------------------------------
STRUCTURE by Pritchard, Stephens and Donnelly (2000)
     and Falush, Stephens and Pritchard (2003)
       Code by Pritchard, Falush and Hubisz
             Version 2.3.4 (Jul 2012)
----------------------------------------------------



Command line arguments:   /usr/local/bin/structure -m parameter_job_T5_5 
Input File:    /home/martin/bottleneck/structure_analysis/structure_4/data_job_T5_5

Run parameters:
   303 individuals
   7 loci
   5 populations assumed
   10000 Burn-in period
   100000 Reps


--------------------------------------------
Proportion of membership of each pre-defined
 population in each of the 5 clusters

Given    Inferred Clusters                     Number of
 Pop       1      2      3      4      5      Individuals

  1:     0.200  0.200  0.200  0.200  0.200      303
--------------------------------------------

Allele-freq. divergence among pops (Net nucleotide distance),
computed using point estimates of P.

      1       2       3       4       5      
 1      -    0.0008  0.0005  0.0003  0.0003  
 2   0.0008     -    0.0021  0.0015  0.0008  
 3   0.0005  0.0021     -    0.0001  0.0010  
 4   0.0003  0.0015  0.0001     -    0.0007  
 5   0.0003  0.0008  0.0010  0.0007     -    

Average distances (expected heterozygosity) between individuals in same cluster:
cluster  1  : 0.8618 
cluster  2  : 0.8467 
cluster  3  : 0.8750 
cluster  4  : 0.8699 
cluster  5  : 0.8579 

--------------------------------------------
Estimated Ln Prob of Data   = -9888.0
Mean value of ln likelihood = -9699.2
Variance of ln likelihood   = 377.5
Mean value of alpha         = 5.5915

Mean value of Fst_1         = 0.0454
Mean value of Fst_2         = 0.0957
Mean value of Fst_3         = 0.0003
Mean value of Fst_4         = 0.0175
Mean value of Fst_5         = 0.0564


Inferred ancestry of individuals:
        Label (%Miss) Pop:  Inferred clusters
  1        1    (0)    1 :  0.198 0.198 0.202 0.201 0.201 
  2        2    (0)    1 :  0.200 0.198 0.201 0.202 0.199 
  3        3    (0)    1 :  0.199 0.199 0.201 0.199 0.202 
  4        4    (0)    1 :  0.200 0.196 0.205 0.202 0.198 
  5        5    (0)    1 :  0.199 0.194 0.206 0.203 0.198 
  6        6    (0)    1 :  0.201 0.205 0.196 0.199 0.200 
  7        7    (0)    1 :  0.200 0.205 0.196 0.197 0.201 
  8        8    (0)    1 :  0.199 0.206 0.197 0.198 0.200 
  9        9    (0)    1 :  0.200 0.200 0.201 0.201 0.199 
 10       10    (0)    1 :  0.199 0.201 0.198 0.200 0.202 
 11       11    (0)    1 :  0.199 0.198 0.202 0.202 0.199 
 12       12    (0)    1 :  0.202 0.205 0.195 0.197 0.201 
 13       13    (0)    1 :  0.202 0.203 0.197 0.198 0.201 
 14       14    (0)    1 :  0.200 0.201 0.198 0.200 0.200 
 15       15    (0)    1 :  0.201 0.205 0.195 0.197 0.202 
 16       16    (0)    1 :  0.198 0.192 0.208 0.204 0.198 
 17       17    (0)    1 :  0.202 0.204 0.198 0.199 0.198 
 18       18    (0)    1 :  0.200 0.200 0.200 0.200 0.201 
 19       19    (0)    1 :  0.198 0.194 0.206 0.201 0.200 
 20       20    (0)    1 :  0.199 0.202 0.198 0.199 0.201 
 21       21    (0)    1 :  0.197 0.190 0.211 0.205 0.197 
 22       22    (0)    1 :  0.200 0.203 0.196 0.197 0.205 
 23       23    (0)    1 :  0.198 0.200 0.198 0.197 0.206 
 24       24    (0)    1 :  0.200 0.204 0.197 0.198 0.201 
 25       25    (0)    1 :  0.201 0.204 0.196 0.197 0.202 
 26       26    (0)    1 :  0.201 0.198 0.201 0.201 0.199 
 27       27    (0)    1 :  0.200 0.196 0.201 0.200 0.203 
 28       28    (0)    1 :  0.201 0.203 0.198 0.198 0.200 
 29       29    (0)    1 :  0.197 0.194 0.206 0.204 0.199 
 30       30   (14)    1 :  0.202 0.203 0.195 0.197 0.203 
 31       31    (0)    1 :  0.200 0.196 0.203 0.203 0.198 
 32       32    (0)    1 :  0.200 0.203 0.198 0.199 0.200 
 33       33    (0)    1 :  0.200 0.197 0.202 0.201 0.200 
 34       34   (14)    1 :  0.199 0.197 0.204 0.203 0.197 
 35       35    (0)    1 :  0.201 0.206 0.197 0.199 0.198 
 36       36    (0)    1 :  0.199 0.199 0.200 0.200 0.202 
 37       37    (0)    1 :  0.200 0.206 0.194 0.195 0.205 
 38       38    (0)    1 :  0.199 0.207 0.195 0.196 0.204 
 39       39    (0)    1 :  0.198 0.192 0.208 0.204 0.198 
 40       40    (0)    1 :  0.199 0.193 0.207 0.204 0.197 
 41       41   (14)    1 :  0.200 0.195 0.202 0.202 0.200 
 42       42    (0)    1 :  0.198 0.198 0.202 0.203 0.199 
 43       43   (14)    1 :  0.199 0.204 0.197 0.199 0.200 
 44       44    (0)    1 :  0.200 0.196 0.205 0.202 0.198 
 45       45    (0)    1 :  0.199 0.202 0.199 0.201 0.200 
 46       46    (0)    1 :  0.200 0.196 0.203 0.203 0.197 
 47       47    (0)    1 :  0.203 0.202 0.197 0.199 0.199 
 48       48    (0)    1 :  0.199 0.196 0.205 0.201 0.199 
 49       49    (0)    1 :  0.201 0.209 0.193 0.195 0.202 
 50       50    (0)    1 :  0.201 0.200 0.199 0.200 0.200 
 51       51    (0)    1 :  0.199 0.197 0.203 0.203 0.198 
 52       52    (0)    1 :  0.200 0.203 0.199 0.199 0.200 
 53       53    (0)    1 :  0.201 0.199 0.199 0.200 0.200 
 54       54    (0)    1 :  0.202 0.203 0.198 0.198 0.199 
 55       55    (0)    1 :  0.197 0.188 0.211 0.205 0.200 
 56       56    (0)    1 :  0.199 0.192 0.206 0.204 0.199 
 57       57    (0)    1 :  0.200 0.204 0.197 0.199 0.200 
 58       58    (0)    1 :  0.201 0.198 0.200 0.200 0.201 
 59       59    (0)    1 :  0.199 0.203 0.199 0.200 0.199 
 60       60    (0)    1 :  0.200 0.206 0.194 0.197 0.203 
 61       61    (0)    1 :  0.200 0.197 0.201 0.201 0.200 
 62       62    (0)    1 :  0.200 0.199 0.198 0.199 0.203 
 63       63    (0)    1 :  0.200 0.192 0.207 0.204 0.197 
 64       64    (0)    1 :  0.198 0.194 0.207 0.203 0.198 
 65       65    (0)    1 :  0.199 0.205 0.198 0.199 0.200 
 66       66    (0)    1 :  0.200 0.202 0.200 0.199 0.199 
 67       67    (0)    1 :  0.197 0.203 0.199 0.200 0.200 
 68       68    (0)    1 :  0.201 0.201 0.200 0.200 0.197 
 69       69    (0)    1 :  0.200 0.198 0.202 0.200 0.201 
 70       70    (0)    1 :  0.200 0.200 0.199 0.200 0.201 
 71       71    (0)    1 :  0.199 0.204 0.195 0.197 0.204 
 72       72    (0)    1 :  0.201 0.196 0.203 0.201 0.198 
 73       73    (0)    1 :  0.200 0.197 0.202 0.201 0.200 
 74       74    (0)    1 :  0.202 0.204 0.195 0.198 0.201 
 75       75    (0)    1 :  0.202 0.200 0.199 0.199 0.200 
 76       76    (0)    1 :  0.202 0.205 0.197 0.199 0.198 
 77       77    (0)    1 :  0.201 0.203 0.198 0.198 0.200 
 78       78    (0)    1 :  0.199 0.195 0.203 0.202 0.201 
 79       79    (0)    1 :  0.201 0.203 0.198 0.197 0.200 
 80       80    (0)    1 :  0.200 0.192 0.207 0.204 0.197 
 81       81    (0)    1 :  0.200 0.205 0.197 0.199 0.199 
 82       82    (0)    1 :  0.201 0.203 0.196 0.198 0.202 
 83       83    (0)    1 :  0.200 0.198 0.201 0.200 0.202 
 84       84   (14)    1 :  0.201 0.201 0.198 0.200 0.200 
 85       85    (0)    1 :  0.201 0.203 0.200 0.200 0.196 
 86       86    (0)    1 :  0.201 0.197 0.202 0.201 0.199 
 87       87    (0)    1 :  0.199 0.187 0.211 0.205 0.198 
 88       88    (0)    1 :  0.200 0.204 0.196 0.199 0.201 
 89       89    (0)    1 :  0.199 0.194 0.205 0.204 0.198 
 90       90    (0)    1 :  0.202 0.195 0.203 0.201 0.199 
 91       91    (0)    1 :  0.201 0.199 0.200 0.200 0.201 
 92       92    (0)    1 :  0.201 0.201 0.200 0.199 0.200 
 93       93    (0)    1 :  0.199 0.201 0.201 0.200 0.200 
 94       94    (0)    1 :  0.200 0.208 0.195 0.196 0.201 
 95       95    (0)    1 :  0.202 0.203 0.195 0.197 0.204 
 96       96    (0)    1 :  0.200 0.202 0.199 0.199 0.200 
 97       97    (0)    1 :  0.198 0.188 0.210 0.206 0.197 
 98       98    (0)    1 :  0.201 0.201 0.198 0.199 0.200 
 99       99    (0)    1 :  0.200 0.210 0.193 0.196 0.201 
100      100    (0)    1 :  0.200 0.203 0.199 0.198 0.201 
101      101    (0)    1 :  0.200 0.203 0.197 0.197 0.203 
102      102    (0)    1 :  0.200 0.203 0.196 0.198 0.203 
103      103    (0)    1 :  0.199 0.195 0.203 0.203 0.199 
104      104    (0)    1 :  0.202 0.198 0.200 0.201 0.199 
105      105    (0)    1 :  0.199 0.196 0.203 0.202 0.200 
106      106    (0)    1 :  0.198 0.193 0.206 0.204 0.199 
107      107    (0)    1 :  0.198 0.199 0.204 0.202 0.197 
108      108    (0)    1 :  0.200 0.200 0.203 0.201 0.196 
109      109    (0)    1 :  0.201 0.202 0.197 0.199 0.201 
110      110    (0)    1 :  0.198 0.193 0.206 0.204 0.199 
111      111    (0)    1 :  0.202 0.203 0.196 0.197 0.201 
112      112    (0)    1 :  0.198 0.199 0.200 0.201 0.202 
113      113    (0)    1 :  0.200 0.200 0.202 0.201 0.198 
114      114    (0)    1 :  0.201 0.203 0.194 0.196 0.206 
115      115    (0)    1 :  0.201 0.203 0.196 0.198 0.201 
116      116    (0)    1 :  0.199 0.198 0.203 0.202 0.199 
117      117    (0)    1 :  0.200 0.201 0.201 0.201 0.197 
118      118   (28)    1 :  0.201 0.200 0.200 0.199 0.201 
119      119    (0)    1 :  0.200 0.197 0.202 0.201 0.201 
120      120    (0)    1 :  0.201 0.201 0.198 0.200 0.200 
121      121    (0)    1 :  0.200 0.202 0.198 0.199 0.201 
122      122    (0)    1 :  0.200 0.197 0.204 0.202 0.198 
123      123    (0)    1 :  0.200 0.197 0.201 0.202 0.200 
124      124    (0)    1 :  0.199 0.195 0.204 0.201 0.200 
125      125    (0)    1 :  0.201 0.198 0.200 0.201 0.200 
126      126    (0)    1 :  0.202 0.196 0.201 0.202 0.199 
127      127    (0)    1 :  0.198 0.191 0.207 0.205 0.199 
128      128    (0)    1 :  0.200 0.194 0.203 0.202 0.200 
129      129    (0)    1 :  0.199 0.192 0.206 0.203 0.200 
130      130    (0)    1 :  0.201 0.202 0.197 0.200 0.200 
131      131    (0)    1 :  0.198 0.194 0.206 0.202 0.200 
132      132    (0)    1 :  0.199 0.202 0.197 0.199 0.203 
133      133    (0)    1 :  0.202 0.202 0.197 0.198 0.202 
134      134    (0)    1 :  0.201 0.194 0.203 0.203 0.199 
135      135    (0)    1 :  0.200 0.207 0.197 0.198 0.198 
136      136    (0)    1 :  0.199 0.197 0.204 0.202 0.199 
137      137    (0)    1 :  0.201 0.208 0.195 0.196 0.200 
138      138    (0)    1 :  0.201 0.203 0.197 0.199 0.200 
139      139    (0)    1 :  0.201 0.200 0.200 0.200 0.199 
140      140    (0)    1 :  0.199 0.198 0.203 0.202 0.198 
141      141    (0)    1 :  0.200 0.203 0.197 0.197 0.202 
142      142    (0)    1 :  0.199 0.194 0.206 0.202 0.200 
143      143    (0)    1 :  0.201 0.198 0.201 0.201 0.198 
144      144    (0)    1 :  0.202 0.205 0.195 0.196 0.202 
145      145    (0)    1 :  0.199 0.198 0.203 0.201 0.199 
146      146    (0)    1 :  0.200 0.198 0.202 0.202 0.198 
147      147    (0)    1 :  0.201 0.203 0.196 0.197 0.203 
148      148    (0)    1 :  0.199 0.193 0.207 0.203 0.198 
149      149    (0)    1 :  0.202 0.198 0.200 0.200 0.200 
150      150    (0)    1 :  0.200 0.199 0.201 0.201 0.199 
151      151    (0)    1 :  0.201 0.205 0.197 0.196 0.200 
152      152    (0)    1 :  0.199 0.206 0.193 0.196 0.206 
153      153    (0)    1 :  0.200 0.207 0.196 0.197 0.200 
154      154    (0)    1 :  0.199 0.209 0.192 0.194 0.205 
155      155    (0)    1 :  0.201 0.203 0.198 0.199 0.199 
156      156    (0)    1 :  0.201 0.200 0.199 0.200 0.201 
157      157    (0)    1 :  0.200 0.196 0.203 0.201 0.200 
158      158    (0)    1 :  0.198 0.200 0.200 0.201 0.201 
159      159    (0)    1 :  0.202 0.201 0.197 0.199 0.200 
160      160    (0)    1 :  0.201 0.200 0.199 0.199 0.201 
161      161    (0)    1 :  0.199 0.198 0.202 0.200 0.201 
162      162    (0)    1 :  0.200 0.198 0.201 0.201 0.199 
163      163    (0)    1 :  0.199 0.208 0.196 0.198 0.199 
164      164    (0)    1 :  0.199 0.198 0.203 0.201 0.198 
165      165    (0)    1 :  0.202 0.204 0.195 0.198 0.201 
166      166    (0)    1 :  0.201 0.204 0.195 0.198 0.202 
167      167    (0)    1 :  0.200 0.200 0.200 0.200 0.200 
168      168    (0)    1 :  0.199 0.201 0.200 0.200 0.200 
169      169    (0)    1 :  0.199 0.203 0.199 0.200 0.200 
170      170    (0)    1 :  0.200 0.202 0.200 0.200 0.198 
171      171   (14)    1 :  0.202 0.199 0.199 0.199 0.201 
172      172    (0)    1 :  0.200 0.197 0.203 0.202 0.199 
173      173    (0)    1 :  0.201 0.199 0.199 0.201 0.200 
174      174    (0)    1 :  0.200 0.197 0.200 0.201 0.201 
175      175    (0)    1 :  0.200 0.193 0.206 0.203 0.198 
176      176    (0)    1 :  0.199 0.207 0.196 0.198 0.200 
177      177    (0)    1 :  0.201 0.195 0.203 0.201 0.201 
178      178    (0)    1 :  0.200 0.199 0.202 0.201 0.198 
179      179    (0)    1 :  0.200 0.199 0.202 0.201 0.199 
180      180    (0)    1 :  0.198 0.196 0.203 0.202 0.201 
181      181    (0)    1 :  0.200 0.200 0.199 0.200 0.200 
182      182    (0)    1 :  0.199 0.199 0.202 0.202 0.198 
183      183    (0)    1 :  0.200 0.204 0.197 0.199 0.199 
184      184    (0)    1 :  0.201 0.194 0.207 0.203 0.196 
185      185    (0)    1 :  0.201 0.206 0.195 0.197 0.202 
186      186   (14)    1 :  0.200 0.199 0.200 0.200 0.201 
187      187    (0)    1 :  0.200 0.194 0.204 0.202 0.199 
188      188    (0)    1 :  0.200 0.201 0.198 0.199 0.202 
189      189    (0)    1 :  0.201 0.204 0.196 0.198 0.201 
190      190    (0)    1 :  0.200 0.205 0.198 0.199 0.198 
191      191    (0)    1 :  0.200 0.200 0.199 0.200 0.201 
192      192    (0)    1 :  0.201 0.201 0.200 0.200 0.198 
193      193    (0)    1 :  0.199 0.197 0.203 0.203 0.198 
194      194    (0)    1 :  0.202 0.200 0.198 0.198 0.203 
195      195    (0)    1 :  0.202 0.201 0.198 0.199 0.199 
196      196    (0)    1 :  0.199 0.200 0.201 0.201 0.199 
197      197    (0)    1 :  0.198 0.203 0.198 0.201 0.199 
198      198   (14)    1 :  0.202 0.201 0.199 0.200 0.198 
199      199    (0)    1 :  0.200 0.201 0.198 0.198 0.203 
200      200    (0)    1 :  0.199 0.192 0.207 0.203 0.199 
201      201    (0)    1 :  0.199 0.200 0.199 0.201 0.202 
202      202    (0)    1 :  0.200 0.199 0.202 0.201 0.198 
203      203   (14)    1 :  0.200 0.193 0.204 0.203 0.199 
204      204   (14)    1 :  0.200 0.202 0.199 0.198 0.201 
205      205    (0)    1 :  0.198 0.196 0.205 0.202 0.199 
206      206    (0)    1 :  0.199 0.208 0.195 0.197 0.200 
207      207    (0)    1 :  0.198 0.191 0.207 0.203 0.200 
208      208    (0)    1 :  0.199 0.196 0.203 0.202 0.200 
209      209    (0)    1 :  0.200 0.201 0.199 0.200 0.200 
210      210    (0)    1 :  0.198 0.205 0.197 0.199 0.200 
211      211    (0)    1 :  0.202 0.205 0.195 0.196 0.202 
212      212    (0)    1 :  0.202 0.206 0.196 0.198 0.199 
213      213    (0)    1 :  0.201 0.205 0.197 0.199 0.198 
214      214    (0)    1 :  0.201 0.204 0.195 0.197 0.203 
215      215    (0)    1 :  0.201 0.206 0.197 0.198 0.198 
216      216    (0)    1 :  0.202 0.203 0.197 0.198 0.201 
217      217    (0)    1 :  0.199 0.201 0.199 0.198 0.202 
218      218   (14)    1 :  0.200 0.202 0.199 0.199 0.200 
219      219    (0)    1 :  0.200 0.204 0.198 0.199 0.199 
220      220    (0)    1 :  0.200 0.199 0.201 0.200 0.200 
221      221    (0)    1 :  0.200 0.204 0.196 0.198 0.202 
222      222    (0)    1 :  0.199 0.197 0.201 0.202 0.201 
223      223    (0)    1 :  0.199 0.203 0.200 0.199 0.199 
224      224    (0)    1 :  0.202 0.198 0.199 0.201 0.200 
225      225    (0)    1 :  0.199 0.198 0.199 0.199 0.204 
226      226   (28)    1 :  0.202 0.203 0.197 0.198 0.201 
227      227    (0)    1 :  0.202 0.200 0.200 0.200 0.199 
228      228    (0)    1 :  0.202 0.200 0.201 0.200 0.197 
229      229    (0)    1 :  0.200 0.190 0.208 0.204 0.198 
230      230    (0)    1 :  0.201 0.201 0.199 0.200 0.198 
231      231    (0)    1 :  0.200 0.206 0.196 0.197 0.201 
232      232    (0)    1 :  0.200 0.209 0.193 0.195 0.204 
233      233    (0)    1 :  0.201 0.208 0.195 0.197 0.200 
234      234    (0)    1 :  0.200 0.195 0.203 0.201 0.201 
235      235    (0)    1 :  0.200 0.196 0.202 0.203 0.199 
236      236    (0)    1 :  0.199 0.202 0.200 0.200 0.199 
237      237    (0)    1 :  0.198 0.202 0.198 0.199 0.203 
238      238    (0)    1 :  0.200 0.200 0.199 0.200 0.201 
239      239    (0)    1 :  0.200 0.205 0.196 0.197 0.202 
240      240    (0)    1 :  0.202 0.207 0.196 0.198 0.198 
241      241    (0)    1 :  0.198 0.197 0.203 0.201 0.201 
242      242    (0)    1 :  0.201 0.200 0.200 0.199 0.199 
243      243    (0)    1 :  0.201 0.206 0.195 0.199 0.199 
244      244    (0)    1 :  0.202 0.206 0.197 0.198 0.197 
245      245    (0)    1 :  0.201 0.200 0.200 0.200 0.200 
246      246    (0)    1 :  0.202 0.201 0.198 0.199 0.200 
247      247    (0)    1 :  0.200 0.199 0.201 0.201 0.198 
248      248    (0)    1 :  0.200 0.196 0.203 0.202 0.198 
249      249    (0)    1 :  0.198 0.205 0.195 0.197 0.204 
250      250    (0)    1 :  0.199 0.195 0.204 0.202 0.200 
251      251    (0)    1 :  0.200 0.201 0.198 0.198 0.203 
252      252    (0)    1 :  0.200 0.198 0.202 0.202 0.199 
253      253    (0)    1 :  0.198 0.199 0.201 0.201 0.201 
254      254    (0)    1 :  0.200 0.201 0.199 0.198 0.201 
255      255    (0)    1 :  0.200 0.205 0.196 0.198 0.200 
256      256    (0)    1 :  0.199 0.203 0.197 0.199 0.202 
257      257    (0)    1 :  0.201 0.198 0.201 0.203 0.197 
258      258    (0)    1 :  0.199 0.198 0.202 0.201 0.200 
259      259    (0)    1 :  0.198 0.200 0.202 0.200 0.199 
260      260    (0)    1 :  0.198 0.199 0.202 0.203 0.198 
261      261    (0)    1 :  0.199 0.196 0.204 0.202 0.199 
262      262    (0)    1 :  0.202 0.210 0.192 0.194 0.203 
263      263    (0)    1 :  0.200 0.198 0.202 0.201 0.199 
264      264    (0)    1 :  0.202 0.203 0.196 0.198 0.201 
265      265    (0)    1 :  0.200 0.201 0.200 0.200 0.199 
266      266    (0)    1 :  0.199 0.199 0.202 0.201 0.199 
267      267    (0)    1 :  0.200 0.197 0.202 0.203 0.198 
268      268    (0)    1 :  0.200 0.194 0.204 0.203 0.199 
269      269    (0)    1 :  0.197 0.196 0.205 0.201 0.201 
270      270    (0)    1 :  0.199 0.205 0.197 0.199 0.199 
271      271    (0)    1 :  0.201 0.193 0.205 0.203 0.198 
272      272    (0)    1 :  0.201 0.205 0.196 0.198 0.199 
273      273    (0)    1 :  0.200 0.202 0.199 0.199 0.200 
274      274    (0)    1 :  0.200 0.199 0.201 0.199 0.201 
275      275    (0)    1 :  0.201 0.204 0.199 0.200 0.197 
276      276    (0)    1 :  0.200 0.190 0.207 0.203 0.199 
277      277    (0)    1 :  0.199 0.198 0.203 0.204 0.196 
278      278    (0)    1 :  0.201 0.199 0.203 0.201 0.196 
279      279    (0)    1 :  0.199 0.194 0.204 0.203 0.200 
280      280    (0)    1 :  0.202 0.203 0.199 0.199 0.197 
281      281    (0)    1 :  0.200 0.196 0.202 0.201 0.201 
282      282    (0)    1 :  0.201 0.203 0.199 0.199 0.198 
283      283    (0)    1 :  0.201 0.210 0.194 0.196 0.199 
284      284    (0)    1 :  0.201 0.205 0.198 0.200 0.196 
285      285    (0)    1 :  0.199 0.195 0.204 0.203 0.199 
286      286    (0)    1 :  0.201 0.202 0.198 0.199 0.199 
287      287    (0)    1 :  0.200 0.200 0.200 0.201 0.199 
288      288    (0)    1 :  0.199 0.204 0.198 0.198 0.202 
289      289    (0)    1 :  0.201 0.205 0.195 0.197 0.201 
290      290    (0)    1 :  0.201 0.207 0.194 0.197 0.201 
291      291    (0)    1 :  0.202 0.202 0.199 0.199 0.198 
292      292    (0)    1 :  0.200 0.194 0.203 0.202 0.201 
293      293    (0)    1 :  0.198 0.200 0.200 0.201 0.200 
294      294    (0)    1 :  0.198 0.193 0.207 0.204 0.198 
295      295    (0)    1 :  0.199 0.194 0.206 0.203 0.198 
296      296    (0)    1 :  0.201 0.204 0.196 0.198 0.201 
297      297    (0)    1 :  0.201 0.197 0.202 0.200 0.200 
298      298    (0)    1 :  0.199 0.200 0.200 0.200 0.201 
299      299    (0)    1 :  0.202 0.204 0.197 0.198 0.199 
300      300    (0)    1 :  0.199 0.199 0.201 0.202 0.199 
301      301   (14)    1 :  0.202 0.195 0.205 0.202 0.197 
302      302    (0)    1 :  0.202 0.205 0.198 0.198 0.196 
303      303   (14)    1 :  0.200 0.202 0.197 0.197 0.203 


Estimated Allele Frequencies in each cluster
First column gives estimated ancestral frequencies


Locus 1 : 
20 alleles
1.3% missing data
 173   (0.100) 0.114 0.125 0.100 0.104 0.132 
 163   (0.091) 0.099 0.106 0.091 0.093 0.092 
 175   (0.092) 0.089 0.085 0.092 0.094 0.088 
 183   (0.011) 0.008 0.004 0.011 0.009 0.008 
 161   (0.057) 0.054 0.053 0.057 0.059 0.052 
 169   (0.106) 0.106 0.106 0.106 0.106 0.105 
 167   (0.089) 0.091 0.097 0.089 0.090 0.087 
 159   (0.056) 0.053 0.045 0.056 0.055 0.050 
 171   (0.114) 0.136 0.153 0.114 0.122 0.129 
 177   (0.063) 0.060 0.061 0.063 0.062 0.062 
 155   (0.025) 0.020 0.015 0.025 0.023 0.020 
 147   (0.019) 0.014 0.009 0.019 0.016 0.014 
 165   (0.085) 0.088 0.098 0.085 0.086 0.092 
 149   (0.005) 0.003 0.001 0.005 0.004 0.003 
 179   (0.028) 0.022 0.016 0.028 0.025 0.022 
 157   (0.029) 0.024 0.017 0.029 0.027 0.023 
 153   (0.011) 0.008 0.004 0.011 0.009 0.008 
 181   (0.011) 0.008 0.004 0.011 0.009 0.008 
 151   (0.005) 0.003 0.001 0.005 0.004 0.003 
 185   (0.005) 0.003 0.001 0.005 0.004 0.003 

Locus 2 : 
24 alleles
0.7% missing data
 115   (0.113) 0.132 0.123 0.113 0.118 0.130 
 117   (0.119) 0.137 0.182 0.119 0.127 0.139 
 105   (0.045) 0.040 0.033 0.045 0.043 0.040 
 113   (0.091) 0.104 0.111 0.091 0.095 0.092 
 121   (0.105) 0.104 0.113 0.105 0.110 0.110 
 119   (0.113) 0.126 0.145 0.113 0.117 0.140 
 111   (0.053) 0.051 0.050 0.053 0.053 0.054 
 141   (0.028) 0.024 0.018 0.028 0.026 0.023 
 123   (0.051) 0.048 0.045 0.051 0.049 0.044 
 139   (0.012) 0.009 0.005 0.012 0.011 0.009 
 145   (0.026) 0.022 0.017 0.026 0.024 0.021 
 101   (0.043) 0.038 0.031 0.043 0.041 0.038 
 125   (0.018) 0.014 0.009 0.018 0.016 0.014 
 103   (0.032) 0.029 0.023 0.032 0.031 0.028 
 107   (0.049) 0.048 0.043 0.049 0.049 0.043 
 127   (0.017) 0.012 0.008 0.016 0.015 0.012 
 109   (0.044) 0.039 0.034 0.044 0.044 0.039 
 137   (0.009) 0.006 0.003 0.009 0.007 0.006 
 133   (0.007) 0.004 0.002 0.007 0.005 0.004 
 131   (0.005) 0.003 0.001 0.005 0.004 0.003 
 135   (0.005) 0.003 0.001 0.005 0.004 0.003 
 147   (0.005) 0.003 0.001 0.004 0.003 0.003 
 129   (0.005) 0.003 0.001 0.005 0.004 0.003 
 143   (0.005) 0.003 0.001 0.005 0.004 0.003 

Locus 3 : 
16 alleles
0.7% missing data
 128   (0.111) 0.114 0.138 0.111 0.120 0.115 
 144   (0.169) 0.197 0.214 0.169 0.173 0.226 
 142   (0.096) 0.094 0.091 0.097 0.098 0.091 
 150   (0.049) 0.042 0.036 0.049 0.048 0.043 
 134   (0.050) 0.047 0.039 0.050 0.047 0.042 
 148   (0.093) 0.101 0.112 0.093 0.094 0.091 
 132   (0.024) 0.019 0.014 0.024 0.021 0.018 
 146   (0.143) 0.153 0.152 0.143 0.147 0.148 
 152   (0.035) 0.028 0.023 0.035 0.033 0.028 
 138   (0.071) 0.068 0.067 0.071 0.070 0.064 
 140   (0.063) 0.062 0.060 0.063 0.062 0.060 
 130   (0.033) 0.027 0.022 0.033 0.030 0.026 
 136   (0.030) 0.024 0.017 0.030 0.027 0.024 
 158   (0.005) 0.003 0.001 0.005 0.004 0.003 
 154   (0.024) 0.019 0.013 0.024 0.022 0.019 
 156   (0.005) 0.003 0.001 0.005 0.004 0.003 

Locus 4 : 
19 alleles
0.0% missing data
 241   (0.110) 0.117 0.155 0.110 0.115 0.120 
 247   (0.030) 0.024 0.021 0.030 0.028 0.024 
 211   (0.077) 0.073 0.071 0.077 0.078 0.071 
 243   (0.108) 0.119 0.134 0.108 0.110 0.117 
 215   (0.182) 0.211 0.212 0.182 0.191 0.223 
 221   (0.015) 0.011 0.006 0.015 0.013 0.011 
 245   (0.054) 0.051 0.049 0.054 0.053 0.048 
 229   (0.028) 0.024 0.017 0.028 0.026 0.023 
 235   (0.032) 0.028 0.024 0.032 0.031 0.028 
 237   (0.047) 0.046 0.046 0.047 0.046 0.044 
 239   (0.086) 0.091 0.092 0.086 0.088 0.092 
 233   (0.069) 0.071 0.069 0.069 0.070 0.065 
 217   (0.015) 0.010 0.006 0.015 0.013 0.011 
 227   (0.049) 0.043 0.039 0.049 0.047 0.047 
 223   (0.025) 0.020 0.015 0.025 0.023 0.019 
 219   (0.041) 0.036 0.030 0.041 0.039 0.035 
 251   (0.009) 0.006 0.003 0.009 0.007 0.006 
 231   (0.009) 0.006 0.003 0.009 0.007 0.006 
 225   (0.015) 0.011 0.006 0.015 0.013 0.011 

Locus 5 : 
14 alleles
1.0% missing data
 285   (0.184) 0.184 0.200 0.184 0.192 0.195 
 297   (0.287) 0.306 0.324 0.287 0.293 0.324 
 287   (0.067) 0.059 0.052 0.067 0.065 0.059 
 295   (0.089) 0.085 0.091 0.089 0.089 0.091 
 299   (0.175) 0.190 0.188 0.175 0.176 0.163 
 301   (0.107) 0.112 0.107 0.107 0.108 0.104 
 303   (0.031) 0.025 0.018 0.031 0.029 0.025 
 283   (0.011) 0.007 0.004 0.011 0.009 0.008 
 293   (0.007) 0.004 0.002 0.007 0.006 0.004 
 307   (0.007) 0.004 0.002 0.007 0.006 0.005 
 305   (0.019) 0.015 0.009 0.019 0.016 0.014 
 323   (0.005) 0.003 0.001 0.005 0.004 0.003 
 291   (0.005) 0.003 0.001 0.005 0.004 0.003 
 289   (0.005) 0.003 0.001 0.005 0.004 0.003 

Locus 6 : 
10 alleles
0.3% missing data
 134   (0.115) 0.109 0.098 0.115 0.113 0.104 
 140   (0.013) 0.009 0.005 0.013 0.012 0.009 
 128   (0.033) 0.027 0.019 0.033 0.031 0.027 
 130   (0.335) 0.353 0.396 0.335 0.341 0.343 
 132   (0.402) 0.420 0.421 0.402 0.410 0.434 
 136   (0.066) 0.058 0.049 0.066 0.064 0.057 
 124   (0.009) 0.006 0.003 0.009 0.007 0.006 
 138   (0.016) 0.011 0.006 0.015 0.013 0.011 
 126   (0.007) 0.004 0.002 0.007 0.006 0.005 
 120   (0.005) 0.003 0.001 0.005 0.004 0.003 

Locus 7 : 
21 alleles
1.7% missing data
 180   (0.011) 0.007 0.004 0.011 0.009 0.007 
 196   (0.071) 0.073 0.069 0.071 0.070 0.066 
 190   (0.108) 0.127 0.134 0.108 0.115 0.142 
 194   (0.070) 0.075 0.070 0.070 0.070 0.064 
 184   (0.053) 0.047 0.045 0.053 0.051 0.047 
 210   (0.016) 0.012 0.008 0.016 0.015 0.012 
 202   (0.047) 0.045 0.044 0.047 0.046 0.042 
 206   (0.039) 0.035 0.027 0.039 0.037 0.032 
 186   (0.078) 0.086 0.086 0.078 0.080 0.084 
 188   (0.104) 0.116 0.138 0.104 0.110 0.118 
 192   (0.097) 0.100 0.122 0.097 0.100 0.108 
 200   (0.040) 0.035 0.031 0.040 0.038 0.035 
 178   (0.034) 0.028 0.023 0.034 0.032 0.028 
 182   (0.036) 0.032 0.027 0.036 0.035 0.031 
 198   (0.065) 0.066 0.072 0.065 0.066 0.067 
 204   (0.063) 0.065 0.069 0.063 0.067 0.068 
 212   (0.015) 0.011 0.007 0.015 0.013 0.011 
 208   (0.026) 0.021 0.015 0.026 0.023 0.020 
 174   (0.009) 0.006 0.003 0.009 0.007 0.006 
 216   (0.009) 0.006 0.003 0.009 0.007 0.006 
 176   (0.009) 0.006 0.003 0.009 0.007 0.006 

Values of parameters used in structure:
DATAFILE=/home/martin/bottleneck/structure_analysis/structure_4/data_job_T5_5,	OUTFILE=/home/martin/bottleneck/structure_analysis/structure_4/structure_results/crabeater_seal/results_job_T5_5,	NUMINDS=303,	NUMLOCI=7,	MISSING=-9,	LABEL=1,	POPDATA=1,	POPFLAG=0,	PHENOTYPE=0,	EXTRACOLS=0,	MAXPOPS=5,	BURNIN=10000,	NUMREPS=100000,	USEPOPINFO=0,	INFERALPHA=1,	INFERLAMBDA=0,	POPSPECIFICLAMBDA=0,	POPALPHAS=0,	COMPUTEPROB=1,	NOADMIX=0,	ADMBURNIN=2500,	UPDATEFREQ=1,	PRINTLIKES=0,	INTERMEDSAVE=0,	PRINTKLD=0,	PRINTNET=0,	PRINTLAMBDA=0,	ANCESTDIST=0,	NUMBOXES=1000,	ANCESTPINT=0.90000,	GENSBACK=2,	MIGRPRIOR=0.05000,	PRINTQHAT=1,	PRINTQSUM=0,	ALPHA=1.0000,	FREQSCORR=1,	FPRIORMEAN=0.0100,	FPRIORSD=0.0500,	ONEFST=0,	LAMBDA=1.0000,	UNIFPRIORALPHA=1,	ALPHAMAX=10.0000,	ALPHAPRIORA=1.0000,	ALPHAPRIORB=2.0000,	ALPHAPROPSD=0.0250,	STARTATPOPINFO=0,	RANDOMIZE=1,	LINKAGE=0,	METROFREQ=10,	REPORTHITRATE=0,	MARKOVPHASE=-1,	PHASED=0,	PLOIDY=2,	PHASEINFO=0	LOCPRIOR=0, 	LOCPRIORINIT=1.000000, 	LOCDATA=0, 	LOCISPOP=0, 	LOCPRIORSTEP=0.100000, 	MAXLOCPRIOR=20.000000, 	SEED=1470506893,	
[STRAT parameters]:    NUMSIMSTATS=1000,	PHENOTYPECOL=-9,	POOLFREQ=10,	LOCUSxONLY=0,	EMERROR=0.00100,	MISSINGPHENO=-9,	