

----------------------------------------------------
STRUCTURE by Pritchard, Stephens and Donnelly (2000)
     and Falush, Stephens and Pritchard (2003)
       Code by Pritchard, Falush and Hubisz
             Version 2.3.4 (Jul 2012)
----------------------------------------------------



Command line arguments:   /usr/local/bin/structure -m parameter_job_T2_2 
Input File:    /home/martin/bottleneck/structure_analysis/structure_4/data_job_T2_2

Run parameters:
   303 individuals
   7 loci
   2 populations assumed
   10000 Burn-in period
   100000 Reps


--------------------------------------------
Proportion of membership of each pre-defined
 population in each of the 2 clusters

Given    Inferred Clusters       Number of
 Pop       1      2             Individuals

  1:     0.501  0.499             303
--------------------------------------------

Allele-freq. divergence among pops (Net nucleotide distance),
computed using point estimates of P.

      1       2      
 1      -    0.0023  
 2   0.0023     -    

Average distances (expected heterozygosity) between individuals in same cluster:
cluster  1  : 0.8465 
cluster  2  : 0.8768 

--------------------------------------------
Estimated Ln Prob of Data   = -9924.2
Mean value of ln likelihood = -9693.3
Variance of ln likelihood   = 461.9
Mean value of alpha         = 4.2789

Mean value of Fst_1         = 0.0420
Mean value of Fst_2         = 0.0018


Inferred ancestry of individuals:
        Label (%Miss) Pop:  Inferred clusters
  1        1    (0)    1 :  0.467 0.533 
  2        2    (0)    1 :  0.484 0.516 
  3        3    (0)    1 :  0.483 0.517 
  4        4    (0)    1 :  0.466 0.534 
  5        5    (0)    1 :  0.446 0.554 
  6        6    (0)    1 :  0.538 0.462 
  7        7    (0)    1 :  0.529 0.471 
  8        8    (0)    1 :  0.521 0.479 
  9        9    (0)    1 :  0.493 0.507 
 10       10    (0)    1 :  0.501 0.499 
 11       11    (0)    1 :  0.471 0.529 
 12       12    (0)    1 :  0.552 0.448 
 13       13    (0)    1 :  0.532 0.468 
 14       14    (0)    1 :  0.514 0.486 
 15       15    (0)    1 :  0.524 0.476 
 16       16    (0)    1 :  0.425 0.575 
 17       17    (0)    1 :  0.511 0.489 
 18       18    (0)    1 :  0.496 0.504 
 19       19    (0)    1 :  0.451 0.549 
 20       20    (0)    1 :  0.519 0.481 
 21       21    (0)    1 :  0.413 0.587 
 22       22    (0)    1 :  0.530 0.470 
 23       23    (0)    1 :  0.495 0.505 
 24       24    (0)    1 :  0.531 0.469 
 25       25    (0)    1 :  0.529 0.471 
 26       26    (0)    1 :  0.502 0.498 
 27       27    (0)    1 :  0.486 0.514 
 28       28    (0)    1 :  0.529 0.471 
 29       29    (0)    1 :  0.449 0.551 
 30       30   (14)    1 :  0.544 0.456 
 31       31    (0)    1 :  0.483 0.517 
 32       32    (0)    1 :  0.534 0.466 
 33       33    (0)    1 :  0.489 0.511 
 34       34   (14)    1 :  0.464 0.536 
 35       35    (0)    1 :  0.538 0.462 
 36       36    (0)    1 :  0.495 0.505 
 37       37    (0)    1 :  0.557 0.443 
 38       38    (0)    1 :  0.554 0.446 
 39       39    (0)    1 :  0.433 0.567 
 40       40    (0)    1 :  0.452 0.548 
 41       41   (14)    1 :  0.482 0.518 
 42       42    (0)    1 :  0.481 0.519 
 43       43   (14)    1 :  0.527 0.473 
 44       44    (0)    1 :  0.458 0.542 
 45       45    (0)    1 :  0.494 0.506 
 46       46    (0)    1 :  0.468 0.532 
 47       47    (0)    1 :  0.528 0.472 
 48       48    (0)    1 :  0.466 0.534 
 49       49    (0)    1 :  0.559 0.441 
 50       50    (0)    1 :  0.503 0.497 
 51       51    (0)    1 :  0.484 0.516 
 52       52    (0)    1 :  0.512 0.488 
 53       53    (0)    1 :  0.500 0.500 
 54       54    (0)    1 :  0.527 0.473 
 55       55    (0)    1 :  0.413 0.587 
 56       56    (0)    1 :  0.441 0.559 
 57       57    (0)    1 :  0.526 0.474 
 58       58    (0)    1 :  0.495 0.505 
 59       59    (0)    1 :  0.487 0.513 
 60       60    (0)    1 :  0.543 0.457 
 61       61    (0)    1 :  0.488 0.512 
 62       62    (0)    1 :  0.504 0.496 
 63       63    (0)    1 :  0.424 0.576 
 64       64    (0)    1 :  0.441 0.559 
 65       65    (0)    1 :  0.516 0.484 
 66       66    (0)    1 :  0.509 0.491 
 67       67    (0)    1 :  0.502 0.498 
 68       68    (0)    1 :  0.513 0.487 
 69       69    (0)    1 :  0.489 0.511 
 70       70    (0)    1 :  0.504 0.496 
 71       71    (0)    1 :  0.534 0.466 
 72       72    (0)    1 :  0.468 0.532 
 73       73    (0)    1 :  0.480 0.520 
 74       74    (0)    1 :  0.551 0.449 
 75       75    (0)    1 :  0.512 0.488 
 76       76    (0)    1 :  0.546 0.454 
 77       77    (0)    1 :  0.530 0.470 
 78       78    (0)    1 :  0.467 0.533 
 79       79    (0)    1 :  0.513 0.487 
 80       80    (0)    1 :  0.442 0.558 
 81       81    (0)    1 :  0.529 0.471 
 82       82    (0)    1 :  0.529 0.471 
 83       83    (0)    1 :  0.495 0.505 
 84       84   (14)    1 :  0.510 0.490 
 85       85    (0)    1 :  0.528 0.472 
 86       86    (0)    1 :  0.492 0.508 
 87       87    (0)    1 :  0.406 0.594 
 88       88    (0)    1 :  0.516 0.484 
 89       89    (0)    1 :  0.446 0.554 
 90       90    (0)    1 :  0.473 0.527 
 91       91    (0)    1 :  0.500 0.500 
 92       92    (0)    1 :  0.515 0.485 
 93       93    (0)    1 :  0.499 0.501 
 94       94    (0)    1 :  0.545 0.455 
 95       95    (0)    1 :  0.538 0.462 
 96       96    (0)    1 :  0.503 0.497 
 97       97    (0)    1 :  0.416 0.584 
 98       98    (0)    1 :  0.526 0.474 
 99       99    (0)    1 :  0.555 0.445 
100      100    (0)    1 :  0.519 0.481 
101      101    (0)    1 :  0.528 0.472 
102      102    (0)    1 :  0.533 0.467 
103      103    (0)    1 :  0.461 0.539 
104      104    (0)    1 :  0.497 0.503 
105      105    (0)    1 :  0.472 0.528 
106      106    (0)    1 :  0.448 0.552 
107      107    (0)    1 :  0.469 0.531 
108      108    (0)    1 :  0.498 0.502 
109      109    (0)    1 :  0.512 0.488 
110      110    (0)    1 :  0.440 0.560 
111      111    (0)    1 :  0.543 0.457 
112      112    (0)    1 :  0.481 0.519 
113      113    (0)    1 :  0.501 0.499 
114      114    (0)    1 :  0.552 0.448 
115      115    (0)    1 :  0.533 0.467 
116      116    (0)    1 :  0.474 0.526 
117      117    (0)    1 :  0.495 0.505 
118      118   (28)    1 :  0.495 0.505 
119      119    (0)    1 :  0.479 0.521 
120      120    (0)    1 :  0.525 0.475 
121      121    (0)    1 :  0.512 0.488 
122      122    (0)    1 :  0.471 0.529 
123      123    (0)    1 :  0.480 0.520 
124      124    (0)    1 :  0.473 0.527 
125      125    (0)    1 :  0.496 0.504 
126      126    (0)    1 :  0.477 0.523 
127      127    (0)    1 :  0.445 0.555 
128      128    (0)    1 :  0.458 0.542 
129      129    (0)    1 :  0.440 0.560 
130      130    (0)    1 :  0.527 0.473 
131      131    (0)    1 :  0.451 0.549 
132      132    (0)    1 :  0.528 0.472 
133      133    (0)    1 :  0.525 0.475 
134      134    (0)    1 :  0.464 0.536 
135      135    (0)    1 :  0.540 0.460 
136      136    (0)    1 :  0.476 0.524 
137      137    (0)    1 :  0.535 0.465 
138      138    (0)    1 :  0.513 0.487 
139      139    (0)    1 :  0.520 0.480 
140      140    (0)    1 :  0.497 0.503 
141      141    (0)    1 :  0.515 0.485 
142      142    (0)    1 :  0.452 0.548 
143      143    (0)    1 :  0.503 0.497 
144      144    (0)    1 :  0.543 0.457 
145      145    (0)    1 :  0.489 0.511 
146      146    (0)    1 :  0.483 0.517 
147      147    (0)    1 :  0.521 0.479 
148      148    (0)    1 :  0.456 0.544 
149      149    (0)    1 :  0.489 0.511 
150      150    (0)    1 :  0.486 0.514 
151      151    (0)    1 :  0.547 0.453 
152      152    (0)    1 :  0.548 0.452 
153      153    (0)    1 :  0.551 0.449 
154      154    (0)    1 :  0.568 0.432 
155      155    (0)    1 :  0.535 0.465 
156      156    (0)    1 :  0.504 0.496 
157      157    (0)    1 :  0.474 0.526 
158      158    (0)    1 :  0.498 0.502 
159      159    (0)    1 :  0.538 0.462 
160      160    (0)    1 :  0.507 0.493 
161      161    (0)    1 :  0.482 0.518 
162      162    (0)    1 :  0.501 0.499 
163      163    (0)    1 :  0.531 0.469 
164      164    (0)    1 :  0.481 0.519 
165      165    (0)    1 :  0.538 0.462 
166      166    (0)    1 :  0.545 0.455 
167      167    (0)    1 :  0.498 0.502 
168      168    (0)    1 :  0.506 0.494 
169      169    (0)    1 :  0.503 0.497 
170      170    (0)    1 :  0.514 0.486 
171      171   (14)    1 :  0.513 0.487 
172      172    (0)    1 :  0.474 0.526 
173      173    (0)    1 :  0.497 0.503 
174      174    (0)    1 :  0.505 0.495 
175      175    (0)    1 :  0.446 0.554 
176      176    (0)    1 :  0.531 0.469 
177      177    (0)    1 :  0.480 0.520 
178      178    (0)    1 :  0.496 0.504 
179      179    (0)    1 :  0.494 0.506 
180      180    (0)    1 :  0.459 0.541 
181      181    (0)    1 :  0.507 0.493 
182      182    (0)    1 :  0.486 0.514 
183      183    (0)    1 :  0.524 0.476 
184      184    (0)    1 :  0.432 0.568 
185      185    (0)    1 :  0.549 0.451 
186      186   (14)    1 :  0.499 0.501 
187      187    (0)    1 :  0.460 0.540 
188      188    (0)    1 :  0.511 0.489 
189      189    (0)    1 :  0.530 0.470 
190      190    (0)    1 :  0.523 0.477 
191      191    (0)    1 :  0.523 0.477 
192      192    (0)    1 :  0.500 0.500 
193      193    (0)    1 :  0.456 0.544 
194      194    (0)    1 :  0.526 0.474 
195      195    (0)    1 :  0.526 0.474 
196      196    (0)    1 :  0.507 0.493 
197      197    (0)    1 :  0.518 0.482 
198      198   (14)    1 :  0.509 0.491 
199      199    (0)    1 :  0.518 0.482 
200      200    (0)    1 :  0.434 0.566 
201      201    (0)    1 :  0.514 0.486 
202      202    (0)    1 :  0.491 0.509 
203      203   (14)    1 :  0.470 0.530 
204      204   (14)    1 :  0.513 0.487 
205      205    (0)    1 :  0.469 0.531 
206      206    (0)    1 :  0.535 0.465 
207      207    (0)    1 :  0.435 0.565 
208      208    (0)    1 :  0.455 0.545 
209      209    (0)    1 :  0.508 0.492 
210      210    (0)    1 :  0.522 0.478 
211      211    (0)    1 :  0.544 0.456 
212      212    (0)    1 :  0.547 0.453 
213      213    (0)    1 :  0.536 0.464 
214      214    (0)    1 :  0.543 0.457 
215      215    (0)    1 :  0.540 0.460 
216      216    (0)    1 :  0.522 0.478 
217      217    (0)    1 :  0.509 0.491 
218      218   (14)    1 :  0.497 0.503 
219      219    (0)    1 :  0.523 0.477 
220      220    (0)    1 :  0.498 0.502 
221      221    (0)    1 :  0.543 0.457 
222      222    (0)    1 :  0.471 0.529 
223      223    (0)    1 :  0.502 0.498 
224      224    (0)    1 :  0.504 0.496 
225      225    (0)    1 :  0.495 0.505 
226      226   (28)    1 :  0.533 0.467 
227      227    (0)    1 :  0.498 0.502 
228      228    (0)    1 :  0.522 0.478 
229      229    (0)    1 :  0.434 0.566 
230      230    (0)    1 :  0.500 0.500 
231      231    (0)    1 :  0.541 0.459 
232      232    (0)    1 :  0.552 0.448 
233      233    (0)    1 :  0.541 0.459 
234      234    (0)    1 :  0.478 0.522 
235      235    (0)    1 :  0.474 0.526 
236      236    (0)    1 :  0.499 0.501 
237      237    (0)    1 :  0.506 0.494 
238      238    (0)    1 :  0.513 0.487 
239      239    (0)    1 :  0.531 0.469 
240      240    (0)    1 :  0.542 0.458 
241      241    (0)    1 :  0.469 0.531 
242      242    (0)    1 :  0.515 0.485 
243      243    (0)    1 :  0.545 0.455 
244      244    (0)    1 :  0.541 0.459 
245      245    (0)    1 :  0.513 0.487 
246      246    (0)    1 :  0.509 0.491 
247      247    (0)    1 :  0.508 0.492 
248      248    (0)    1 :  0.475 0.525 
249      249    (0)    1 :  0.530 0.470 
250      250    (0)    1 :  0.456 0.544 
251      251    (0)    1 :  0.517 0.483 
252      252    (0)    1 :  0.499 0.501 
253      253    (0)    1 :  0.504 0.496 
254      254    (0)    1 :  0.532 0.468 
255      255    (0)    1 :  0.520 0.480 
256      256    (0)    1 :  0.532 0.468 
257      257    (0)    1 :  0.488 0.512 
258      258    (0)    1 :  0.466 0.534 
259      259    (0)    1 :  0.466 0.534 
260      260    (0)    1 :  0.482 0.518 
261      261    (0)    1 :  0.467 0.533 
262      262    (0)    1 :  0.576 0.424 
263      263    (0)    1 :  0.499 0.501 
264      264    (0)    1 :  0.535 0.465 
265      265    (0)    1 :  0.513 0.487 
266      266    (0)    1 :  0.506 0.494 
267      267    (0)    1 :  0.474 0.526 
268      268    (0)    1 :  0.465 0.535 
269      269    (0)    1 :  0.453 0.547 
270      270    (0)    1 :  0.516 0.484 
271      271    (0)    1 :  0.442 0.558 
272      272    (0)    1 :  0.536 0.464 
273      273    (0)    1 :  0.511 0.489 
274      274    (0)    1 :  0.495 0.505 
275      275    (0)    1 :  0.516 0.484 
276      276    (0)    1 :  0.432 0.568 
277      277    (0)    1 :  0.476 0.524 
278      278    (0)    1 :  0.485 0.515 
279      279    (0)    1 :  0.468 0.532 
280      280    (0)    1 :  0.517 0.483 
281      281    (0)    1 :  0.476 0.524 
282      282    (0)    1 :  0.523 0.477 
283      283    (0)    1 :  0.567 0.433 
284      284    (0)    1 :  0.533 0.467 
285      285    (0)    1 :  0.461 0.539 
286      286    (0)    1 :  0.511 0.489 
287      287    (0)    1 :  0.498 0.502 
288      288    (0)    1 :  0.519 0.481 
289      289    (0)    1 :  0.543 0.457 
290      290    (0)    1 :  0.538 0.462 
291      291    (0)    1 :  0.496 0.504 
292      292    (0)    1 :  0.471 0.529 
293      293    (0)    1 :  0.493 0.507 
294      294    (0)    1 :  0.439 0.561 
295      295    (0)    1 :  0.441 0.559 
296      296    (0)    1 :  0.531 0.469 
297      297    (0)    1 :  0.479 0.521 
298      298    (0)    1 :  0.497 0.503 
299      299    (0)    1 :  0.533 0.467 
300      300    (0)    1 :  0.487 0.513 
301      301   (14)    1 :  0.459 0.541 
302      302    (0)    1 :  0.536 0.464 
303      303   (14)    1 :  0.520 0.480 


Estimated Allele Frequencies in each cluster
First column gives estimated ancestral frequencies


Locus 1 : 
20 alleles
1.3% missing data
 173   (0.104) 0.126 0.105 
 163   (0.086) 0.105 0.087 
 175   (0.090) 0.086 0.091 
 183   (0.012) 0.004 0.012 
 161   (0.055) 0.056 0.054 
 169   (0.105) 0.104 0.106 
 167   (0.089) 0.091 0.090 
 159   (0.055) 0.049 0.055 
 171   (0.111) 0.151 0.112 
 177   (0.061) 0.062 0.061 
 155   (0.027) 0.015 0.027 
 147   (0.020) 0.009 0.020 
 165   (0.081) 0.098 0.081 
 149   (0.006) 0.001 0.005 
 179   (0.030) 0.015 0.030 
 157   (0.030) 0.018 0.030 
 153   (0.013) 0.004 0.012 
 181   (0.012) 0.004 0.012 
 151   (0.006) 0.001 0.005 
 185   (0.006) 0.001 0.005 

Locus 2 : 
24 alleles
0.7% missing data
 115   (0.105) 0.137 0.106 
 117   (0.122) 0.159 0.124 
 105   (0.046) 0.033 0.047 
 113   (0.087) 0.111 0.088 
 121   (0.100) 0.114 0.101 
 119   (0.110) 0.144 0.112 
 111   (0.054) 0.051 0.054 
 141   (0.030) 0.019 0.029 
 123   (0.050) 0.047 0.050 
 139   (0.014) 0.005 0.014 
 145   (0.027) 0.017 0.027 
 101   (0.044) 0.032 0.044 
 125   (0.019) 0.009 0.019 
 103   (0.032) 0.027 0.031 
 107   (0.048) 0.045 0.048 
 127   (0.017) 0.008 0.017 
 109   (0.047) 0.031 0.048 
 137   (0.010) 0.003 0.009 
 133   (0.008) 0.002 0.007 
 131   (0.006) 0.001 0.005 
 135   (0.006) 0.001 0.005 
 147   (0.006) 0.001 0.005 
 129   (0.006) 0.001 0.005 
 143   (0.006) 0.001 0.005 

Locus 3 : 
16 alleles
0.7% missing data
 128   (0.108) 0.131 0.108 
 144   (0.170) 0.222 0.171 
 142   (0.099) 0.087 0.101 
 150   (0.050) 0.037 0.050 
 134   (0.051) 0.040 0.051 
 148   (0.091) 0.106 0.092 
 132   (0.026) 0.013 0.026 
 146   (0.138) 0.155 0.140 
 152   (0.034) 0.024 0.034 
 138   (0.068) 0.068 0.068 
 140   (0.062) 0.062 0.062 
 130   (0.033) 0.022 0.033 
 136   (0.031) 0.016 0.031 
 158   (0.006) 0.001 0.005 
 154   (0.026) 0.014 0.025 
 156   (0.006) 0.001 0.005 

Locus 4 : 
19 alleles
0.0% missing data
 241   (0.105) 0.142 0.105 
 247   (0.033) 0.018 0.033 
 211   (0.075) 0.072 0.075 
 243   (0.099) 0.136 0.099 
 215   (0.181) 0.224 0.184 
 221   (0.016) 0.006 0.016 
 245   (0.056) 0.046 0.056 
 229   (0.030) 0.018 0.030 
 235   (0.034) 0.023 0.034 
 237   (0.046) 0.048 0.045 
 239   (0.083) 0.097 0.083 
 233   (0.070) 0.068 0.070 
 217   (0.017) 0.006 0.016 
 227   (0.049) 0.040 0.049 
 223   (0.027) 0.015 0.026 
 219   (0.043) 0.030 0.043 
 251   (0.010) 0.003 0.009 
 231   (0.010) 0.003 0.010 
 225   (0.016) 0.006 0.016 

Locus 5 : 
14 alleles
1.0% missing data
 285   (0.187) 0.193 0.189 
 297   (0.278) 0.332 0.281 
 287   (0.068) 0.052 0.069 
 295   (0.090) 0.090 0.090 
 299   (0.167) 0.187 0.168 
 301   (0.105) 0.110 0.105 
 303   (0.035) 0.016 0.035 
 283   (0.013) 0.004 0.012 
 293   (0.008) 0.002 0.007 
 307   (0.008) 0.002 0.007 
 305   (0.020) 0.009 0.020 
 323   (0.006) 0.001 0.005 
 291   (0.006) 0.001 0.005 
 289   (0.006) 0.001 0.005 

Locus 6 : 
10 alleles
0.3% missing data
 134   (0.114) 0.101 0.114 
 140   (0.015) 0.005 0.014 
 128   (0.036) 0.019 0.036 
 130   (0.325) 0.382 0.326 
 132   (0.401) 0.432 0.404 
 136   (0.068) 0.049 0.068 
 124   (0.011) 0.003 0.010 
 138   (0.017) 0.006 0.016 
 126   (0.008) 0.002 0.007 
 120   (0.006) 0.001 0.005 

Locus 7 : 
21 alleles
1.7% missing data
 180   (0.012) 0.004 0.012 
 196   (0.068) 0.070 0.069 
 190   (0.109) 0.140 0.110 
 194   (0.071) 0.068 0.071 
 184   (0.054) 0.042 0.055 
 210   (0.018) 0.008 0.018 
 202   (0.050) 0.041 0.050 
 206   (0.037) 0.031 0.037 
 186   (0.077) 0.089 0.077 
 188   (0.102) 0.131 0.103 
 192   (0.094) 0.116 0.095 
 200   (0.040) 0.032 0.039 
 178   (0.036) 0.022 0.036 
 182   (0.038) 0.027 0.038 
 198   (0.058) 0.076 0.057 
 204   (0.062) 0.072 0.062 
 212   (0.016) 0.006 0.016 
 208   (0.027) 0.015 0.026 
 174   (0.010) 0.003 0.010 
 216   (0.011) 0.003 0.010 
 176   (0.010) 0.003 0.010 

Values of parameters used in structure:
DATAFILE=/home/martin/bottleneck/structure_analysis/structure_4/data_job_T2_2,	OUTFILE=/home/martin/bottleneck/structure_analysis/structure_4/structure_results/crabeater_seal/results_job_T2_2,	NUMINDS=303,	NUMLOCI=7,	MISSING=-9,	LABEL=1,	POPDATA=1,	POPFLAG=0,	PHENOTYPE=0,	EXTRACOLS=0,	MAXPOPS=2,	BURNIN=10000,	NUMREPS=100000,	USEPOPINFO=0,	INFERALPHA=1,	INFERLAMBDA=0,	POPSPECIFICLAMBDA=0,	POPALPHAS=0,	COMPUTEPROB=1,	NOADMIX=0,	ADMBURNIN=2500,	UPDATEFREQ=1,	PRINTLIKES=0,	INTERMEDSAVE=0,	PRINTKLD=0,	PRINTNET=0,	PRINTLAMBDA=0,	ANCESTDIST=0,	NUMBOXES=1000,	ANCESTPINT=0.90000,	GENSBACK=2,	MIGRPRIOR=0.05000,	PRINTQHAT=1,	PRINTQSUM=0,	ALPHA=1.0000,	FREQSCORR=1,	FPRIORMEAN=0.0100,	FPRIORSD=0.0500,	ONEFST=0,	LAMBDA=1.0000,	UNIFPRIORALPHA=1,	ALPHAMAX=10.0000,	ALPHAPRIORA=1.0000,	ALPHAPRIORB=2.0000,	ALPHAPROPSD=0.0250,	STARTATPOPINFO=0,	RANDOMIZE=1,	LINKAGE=0,	METROFREQ=10,	REPORTHITRATE=0,	MARKOVPHASE=-1,	PHASED=0,	PLOIDY=2,	PHASEINFO=0	LOCPRIOR=0, 	LOCPRIORINIT=1.000000, 	LOCDATA=0, 	LOCISPOP=0, 	LOCPRIORSTEP=0.100000, 	MAXLOCPRIOR=20.000000, 	SEED=1470505279,	
[STRAT parameters]:    NUMSIMSTATS=1000,	PHENOTYPECOL=-9,	POOLFREQ=10,	LOCUSxONLY=0,	EMERROR=0.00100,	MISSINGPHENO=-9,	