           1  1 0.2457 0.2413 0.2505 0.2624 
           2  1 0.2495 0.2470 0.2482 0.2553 
           3  1 0.2465 0.2460 0.2512 0.2563 
           4  1 0.2424 0.2423 0.2557 0.2595 
           5  1 0.2421 0.2384 0.2529 0.2666 
           6  1 0.2564 0.2557 0.2480 0.2399 
           7  1 0.2540 0.2597 0.2464 0.2400 
           8  1 0.2565 0.2543 0.2454 0.2438 
           9  1 0.2519 0.2468 0.2506 0.2507 
          10  1 0.2496 0.2514 0.2481 0.2510 
          11  1 0.2470 0.2421 0.2538 0.2571 
          12  1 0.2573 0.2622 0.2459 0.2346 
          13  1 0.2548 0.2573 0.2465 0.2414 
          14  1 0.2515 0.2555 0.2466 0.2464 
          15  1 0.2549 0.2558 0.2483 0.2410 
          16  1 0.2381 0.2291 0.2580 0.2748 
          17  1 0.2569 0.2539 0.2444 0.2447 
          18  1 0.2487 0.2493 0.2509 0.2510 
          19  1 0.2415 0.2341 0.2539 0.2705 
          20  1 0.2526 0.2548 0.2488 0.2439 
          21  1 0.2352 0.2226 0.2605 0.2817 
          22  1 0.2540 0.2551 0.2488 0.2421 
          23  1 0.2503 0.2479 0.2502 0.2516 
          24  1 0.2520 0.2564 0.2494 0.2422 
          25  1 0.2551 0.2593 0.2474 0.2381 
          26  1 0.2483 0.2509 0.2514 0.2493 
          27  1 0.2449 0.2474 0.2524 0.2553 
          28  1 0.2526 0.2570 0.2474 0.2430 
          29  1 0.2430 0.2399 0.2517 0.2654 
          30  1 0.2564 0.2590 0.2477 0.2369 
          31  1 0.2455 0.2462 0.2519 0.2565 
          32  1 0.2577 0.2528 0.2492 0.2403 
          33  1 0.2460 0.2464 0.2540 0.2536 
          34  1 0.2455 0.2430 0.2535 0.2580 
          35  1 0.2556 0.2589 0.2449 0.2406 
          36  1 0.2485 0.2468 0.2526 0.2520 
          37  1 0.2609 0.2617 0.2449 0.2325 
          38  1 0.2562 0.2598 0.2457 0.2382 
          39  1 0.2397 0.2310 0.2575 0.2718 
          40  1 0.2420 0.2371 0.2562 0.2647 
          41  1 0.2495 0.2430 0.2524 0.2551 
          42  1 0.2479 0.2455 0.2518 0.2548 
          43  1 0.2561 0.2564 0.2450 0.2425 
          44  1 0.2401 0.2340 0.2574 0.2684 
          45  1 0.2520 0.2511 0.2494 0.2475 
          46  1 0.2432 0.2423 0.2548 0.2597 
          47  1 0.2507 0.2569 0.2507 0.2417 
          48  1 0.2444 0.2371 0.2542 0.2644 
          49  1 0.2641 0.2676 0.2406 0.2277 
          50  1 0.2476 0.2561 0.2500 0.2462 
          51  1 0.2442 0.2437 0.2523 0.2598 
          52  1 0.2538 0.2508 0.2507 0.2447 
          53  1 0.2507 0.2489 0.2514 0.2490 
          54  1 0.2503 0.2563 0.2501 0.2433 
          55  1 0.2331 0.2244 0.2608 0.2817 
          56  1 0.2446 0.2379 0.2536 0.2639 
          57  1 0.2520 0.2585 0.2468 0.2427 
          58  1 0.2475 0.2478 0.2501 0.2545 
          59  1 0.2516 0.2535 0.2470 0.2479 
          60  1 0.2556 0.2632 0.2448 0.2363 
          61  1 0.2475 0.2516 0.2492 0.2516 
          62  1 0.2493 0.2501 0.2502 0.2504 
          63  1 0.2401 0.2348 0.2561 0.2690 
          64  1 0.2418 0.2353 0.2551 0.2678 
          65  1 0.2517 0.2537 0.2465 0.2481 
          66  1 0.2499 0.2507 0.2501 0.2492 
          67  1 0.2506 0.2514 0.2490 0.2489 
          68  1 0.2560 0.2517 0.2457 0.2467 
          69  1 0.2499 0.2429 0.2519 0.2553 
          70  1 0.2516 0.2531 0.2467 0.2486 
          71  1 0.2537 0.2595 0.2462 0.2406 
          72  1 0.2429 0.2419 0.2551 0.2600 
          73  1 0.2453 0.2496 0.2487 0.2564 
          74  1 0.2554 0.2589 0.2492 0.2365 
          75  1 0.2498 0.2511 0.2494 0.2496 
          76  1 0.2576 0.2608 0.2442 0.2375 
          77  1 0.2551 0.2556 0.2460 0.2433 
          78  1 0.2437 0.2456 0.2515 0.2592 
          79  1 0.2516 0.2556 0.2488 0.2440 
          80  1 0.2413 0.2357 0.2570 0.2660 
          81  1 0.2542 0.2579 0.2460 0.2419 
          82  1 0.2532 0.2556 0.2497 0.2415 
          83  1 0.2474 0.2499 0.2501 0.2526 
          84  1 0.2503 0.2545 0.2479 0.2473 
          85  1 0.2510 0.2588 0.2475 0.2427 
          86  1 0.2484 0.2526 0.2507 0.2484 
          87  1 0.2361 0.2237 0.2601 0.2801 
          88  1 0.2508 0.2576 0.2470 0.2446 
          89  1 0.2432 0.2357 0.2561 0.2651 
          90  1 0.2454 0.2437 0.2531 0.2578 
          91  1 0.2536 0.2470 0.2488 0.2506 
          92  1 0.2532 0.2508 0.2490 0.2469 
          93  1 0.2475 0.2492 0.2512 0.2521 
          94  1 0.2579 0.2612 0.2451 0.2358 
          95  1 0.2551 0.2610 0.2447 0.2392 
          96  1 0.2535 0.2497 0.2489 0.2480 
          97  1 0.2366 0.2292 0.2594 0.2748 
          98  1 0.2580 0.2539 0.2452 0.2428 
          99  1 0.2602 0.2673 0.2395 0.2329 
         100  1 0.2517 0.2534 0.2492 0.2457 
         101  1 0.2532 0.2547 0.2483 0.2438 
         102  1 0.2523 0.2579 0.2486 0.2412 
         103  1 0.2456 0.2414 0.2539 0.2591 
         104  1 0.2514 0.2503 0.2473 0.2510 
         105  1 0.2435 0.2447 0.2531 0.2587 
         106  1 0.2445 0.2362 0.2541 0.2652 
         107  1 0.2428 0.2411 0.2517 0.2643 
         108  1 0.2491 0.2463 0.2509 0.2536 
         109  1 0.2521 0.2543 0.2469 0.2467 
         110  1 0.2427 0.2316 0.2556 0.2701 
         111  1 0.2582 0.2561 0.2476 0.2382 
         112  1 0.2484 0.2490 0.2489 0.2538 
         113  1 0.2480 0.2472 0.2526 0.2522 
         114  1 0.2566 0.2606 0.2480 0.2349 
         115  1 0.2516 0.2628 0.2464 0.2393 
         116  1 0.2471 0.2442 0.2505 0.2582 
         117  1 0.2481 0.2482 0.2507 0.2530 
         118  1 0.2496 0.2473 0.2508 0.2522 
         119  1 0.2473 0.2469 0.2496 0.2562 
         120  1 0.2499 0.2570 0.2488 0.2444 
         121  1 0.2508 0.2547 0.2493 0.2451 
         122  1 0.2449 0.2386 0.2534 0.2632 
         123  1 0.2490 0.2464 0.2504 0.2542 
         124  1 0.2438 0.2400 0.2542 0.2619 
         125  1 0.2499 0.2507 0.2494 0.2500 
         126  1 0.2473 0.2458 0.2518 0.2552 
         127  1 0.2437 0.2308 0.2566 0.2688 
         128  1 0.2455 0.2406 0.2545 0.2594 
         129  1 0.2385 0.2376 0.2565 0.2674 
         130  1 0.2502 0.2601 0.2480 0.2417 
         131  1 0.2428 0.2338 0.2577 0.2656 
         132  1 0.2546 0.2545 0.2471 0.2437 
         133  1 0.2549 0.2552 0.2479 0.2420 
         134  1 0.2434 0.2451 0.2534 0.2580 
         135  1 0.2538 0.2569 0.2480 0.2413 
         136  1 0.2423 0.2419 0.2559 0.2599 
         137  1 0.2564 0.2570 0.2450 0.2416 
         138  1 0.2518 0.2540 0.2475 0.2467 
         139  1 0.2504 0.2548 0.2500 0.2449 
         140  1 0.2467 0.2466 0.2523 0.2544 
         141  1 0.2531 0.2532 0.2486 0.2451 
         142  1 0.2425 0.2365 0.2547 0.2663 
         143  1 0.2523 0.2517 0.2484 0.2476 
         144  1 0.2595 0.2593 0.2462 0.2350 
         145  1 0.2497 0.2445 0.2512 0.2546 
         146  1 0.2493 0.2431 0.2524 0.2552 
         147  1 0.2509 0.2586 0.2468 0.2437 
         148  1 0.2428 0.2353 0.2558 0.2662 
         149  1 0.2495 0.2498 0.2512 0.2495 
         150  1 0.2485 0.2462 0.2505 0.2548 
         151  1 0.2553 0.2607 0.2459 0.2380 
         152  1 0.2593 0.2600 0.2448 0.2359 
         153  1 0.2575 0.2619 0.2445 0.2361 
         154  1 0.2599 0.2691 0.2413 0.2297 
         155  1 0.2557 0.2558 0.2481 0.2404 
         156  1 0.2501 0.2528 0.2493 0.2477 
         157  1 0.2463 0.2454 0.2522 0.2562 
         158  1 0.2486 0.2523 0.2491 0.2499 
         159  1 0.2553 0.2569 0.2476 0.2403 
         160  1 0.2514 0.2497 0.2518 0.2471 
         161  1 0.2485 0.2412 0.2518 0.2585 
         162  1 0.2497 0.2476 0.2499 0.2528 
         163  1 0.2560 0.2589 0.2456 0.2394 
         164  1 0.2488 0.2376 0.2508 0.2627 
         165  1 0.2565 0.2607 0.2452 0.2376 
         166  1 0.2572 0.2591 0.2464 0.2374 
         167  1 0.2484 0.2536 0.2506 0.2474 
         168  1 0.2526 0.2509 0.2509 0.2456 
         169  1 0.2513 0.2510 0.2494 0.2483 
         170  1 0.2473 0.2534 0.2515 0.2478 
         171  1 0.2535 0.2510 0.2499 0.2456 
         172  1 0.2431 0.2463 0.2520 0.2587 
         173  1 0.2482 0.2512 0.2511 0.2496 
         174  1 0.2523 0.2468 0.2501 0.2509 
         175  1 0.2436 0.2354 0.2536 0.2674 
         176  1 0.2539 0.2638 0.2452 0.2371 
         177  1 0.2431 0.2437 0.2543 0.2589 
         178  1 0.2512 0.2471 0.2517 0.2500 
         179  1 0.2482 0.2492 0.2513 0.2513 
         180  1 0.2456 0.2435 0.2513 0.2596 
         181  1 0.2537 0.2551 0.2465 0.2448 
         182  1 0.2475 0.2490 0.2507 0.2527 
         183  1 0.2552 0.2559 0.2484 0.2406 
         184  1 0.2396 0.2351 0.2555 0.2698 
         185  1 0.2538 0.2613 0.2457 0.2392 
         186  1 0.2485 0.2488 0.2525 0.2502 
         187  1 0.2419 0.2412 0.2535 0.2634 
         188  1 0.2534 0.2530 0.2471 0.2465 
         189  1 0.2533 0.2557 0.2491 0.2419 
         190  1 0.2540 0.2553 0.2477 0.2429 
         191  1 0.2551 0.2561 0.2471 0.2417 
         192  1 0.2522 0.2496 0.2504 0.2478 
         193  1 0.2458 0.2420 0.2527 0.2594 
         194  1 0.2542 0.2563 0.2492 0.2403 
         195  1 0.2520 0.2573 0.2502 0.2405 
         196  1 0.2503 0.2489 0.2485 0.2523 
         197  1 0.2533 0.2562 0.2479 0.2427 
         198  1 0.2495 0.2526 0.2493 0.2486 
         199  1 0.2509 0.2533 0.2503 0.2455 
         200  1 0.2364 0.2334 0.2590 0.2713 
         201  1 0.2506 0.2523 0.2504 0.2467 
         202  1 0.2488 0.2474 0.2509 0.2529 
         203  1 0.2437 0.2406 0.2558 0.2599 
         204  1 0.2534 0.2514 0.2496 0.2456 
         205  1 0.2429 0.2410 0.2539 0.2622 
         206  1 0.2540 0.2587 0.2456 0.2417 
         207  1 0.2407 0.2331 0.2553 0.2709 
         208  1 0.2439 0.2379 0.2543 0.2639 
         209  1 0.2477 0.2526 0.2524 0.2472 
         210  1 0.2530 0.2558 0.2479 0.2433 
         211  1 0.2565 0.2605 0.2457 0.2373 
         212  1 0.2569 0.2587 0.2449 0.2395 
         213  1 0.2556 0.2552 0.2484 0.2408 
         214  1 0.2587 0.2572 0.2465 0.2376 
         215  1 0.2548 0.2582 0.2468 0.2402 
         216  1 0.2515 0.2552 0.2501 0.2432 
         217  1 0.2521 0.2488 0.2488 0.2502 
         218  1 0.2522 0.2517 0.2472 0.2489 
         219  1 0.2515 0.2553 0.2477 0.2455 
         220  1 0.2505 0.2486 0.2523 0.2486 
         221  1 0.2566 0.2581 0.2460 0.2393 
         222  1 0.2480 0.2478 0.2518 0.2524 
         223  1 0.2477 0.2535 0.2484 0.2504 
         224  1 0.2523 0.2531 0.2493 0.2454 
         225  1 0.2487 0.2506 0.2495 0.2512 
         226  1 0.2512 0.2570 0.2478 0.2440 
         227  1 0.2485 0.2486 0.2510 0.2519 
         228  1 0.2542 0.2555 0.2461 0.2443 
         229  1 0.2401 0.2304 0.2596 0.2699 
         230  1 0.2511 0.2473 0.2514 0.2503 
         231  1 0.2568 0.2583 0.2449 0.2401 
         232  1 0.2590 0.2618 0.2450 0.2342 
         233  1 0.2539 0.2602 0.2458 0.2401 
         234  1 0.2474 0.2426 0.2521 0.2579 
         235  1 0.2484 0.2461 0.2492 0.2563 
         236  1 0.2487 0.2515 0.2498 0.2500 
         237  1 0.2486 0.2543 0.2482 0.2489 
         238  1 0.2529 0.2501 0.2516 0.2454 
         239  1 0.2558 0.2604 0.2452 0.2386 
         240  1 0.2564 0.2648 0.2422 0.2366 
         241  1 0.2460 0.2389 0.2546 0.2605 
         242  1 0.2503 0.2522 0.2484 0.2491 
         243  1 0.2560 0.2589 0.2477 0.2373 
         244  1 0.2561 0.2575 0.2474 0.2390 
         245  1 0.2505 0.2559 0.2485 0.2452 
         246  1 0.2514 0.2532 0.2494 0.2460 
         247  1 0.2520 0.2511 0.2494 0.2475 
         248  1 0.2454 0.2472 0.2526 0.2547 
         249  1 0.2573 0.2552 0.2471 0.2404 
         250  1 0.2428 0.2424 0.2530 0.2618 
         251  1 0.2552 0.2558 0.2464 0.2426 
         252  1 0.2481 0.2473 0.2516 0.2531 
         253  1 0.2492 0.2479 0.2505 0.2524 
         254  1 0.2567 0.2559 0.2464 0.2409 
         255  1 0.2538 0.2586 0.2468 0.2408 
         256  1 0.2526 0.2582 0.2480 0.2412 
         257  1 0.2478 0.2501 0.2524 0.2497 
         258  1 0.2456 0.2408 0.2548 0.2589 
         259  1 0.2446 0.2442 0.2526 0.2586 
         260  1 0.2464 0.2476 0.2509 0.2551 
         261  1 0.2445 0.2421 0.2518 0.2617 
         262  1 0.2667 0.2653 0.2422 0.2258 
         263  1 0.2481 0.2453 0.2529 0.2537 
         264  1 0.2555 0.2595 0.2472 0.2378 
         265  1 0.2509 0.2501 0.2506 0.2483 
         266  1 0.2516 0.2472 0.2499 0.2512 
         267  1 0.2467 0.2448 0.2523 0.2562 
         268  1 0.2433 0.2405 0.2540 0.2622 
         269  1 0.2429 0.2359 0.2561 0.2652 
         270  1 0.2535 0.2542 0.2466 0.2457 
         271  1 0.2410 0.2374 0.2572 0.2643 
         272  1 0.2544 0.2583 0.2486 0.2387 
         273  1 0.2501 0.2540 0.2470 0.2488 
         274  1 0.2472 0.2504 0.2491 0.2533 
         275  1 0.2497 0.2558 0.2515 0.2431 
         276  1 0.2399 0.2351 0.2567 0.2683 
         277  1 0.2475 0.2471 0.2499 0.2555 
         278  1 0.2448 0.2486 0.2518 0.2548 
         279  1 0.2449 0.2410 0.2533 0.2609 
         280  1 0.2538 0.2527 0.2485 0.2450 
         281  1 0.2444 0.2457 0.2524 0.2575 
         282  1 0.2541 0.2554 0.2483 0.2422 
         283  1 0.2579 0.2684 0.2427 0.2310 
         284  1 0.2518 0.2610 0.2474 0.2398 
         285  1 0.2447 0.2401 0.2551 0.2600 
         286  1 0.2523 0.2519 0.2495 0.2463 
         287  1 0.2493 0.2474 0.2510 0.2523 
         288  1 0.2516 0.2545 0.2470 0.2469 
         289  1 0.2550 0.2656 0.2436 0.2358 
         290  1 0.2572 0.2615 0.2461 0.2352 
         291  1 0.2520 0.2527 0.2490 0.2462 
         292  1 0.2468 0.2456 0.2512 0.2565 
         293  1 0.2490 0.2556 0.2480 0.2473 
         294  1 0.2401 0.2333 0.2560 0.2707 
         295  1 0.2403 0.2349 0.2561 0.2687 
         296  1 0.2552 0.2598 0.2454 0.2396 
         297  1 0.2457 0.2439 0.2536 0.2568 
         298  1 0.2506 0.2482 0.2486 0.2525 
         299  1 0.2519 0.2627 0.2469 0.2385 
         300  1 0.2484 0.2498 0.2489 0.2529 
         301  1 0.2422 0.2431 0.2540 0.2606 
         302  1 0.2524 0.2595 0.2479 0.2402 
         303  1 0.2544 0.2506 0.2500 0.2451 
