

----------------------------------------------------
STRUCTURE by Pritchard, Stephens and Donnelly (2000)
     and Falush, Stephens and Pritchard (2003)
       Code by Pritchard, Falush and Hubisz
             Version 2.3.4 (Jul 2012)
----------------------------------------------------



Command line arguments:   /usr/local/bin/structure -m parameter_job_T6_2 
Input File:    /home/martin/bottleneck/structure/data_job_T6_2

Run parameters:
   88 individuals
   37 loci
   6 populations assumed
   10000 Burn-in period
   100000 Reps


--------------------------------------------
Proportion of membership of each pre-defined
 population in each of the 6 clusters

Given    Inferred Clusters                            Number of
 Pop       1      2      3      4      5      6      Individuals

  1:     0.143  0.188  0.163  0.218  0.104  0.184       88
--------------------------------------------

Allele-freq. divergence among pops (Net nucleotide distance),
computed using point estimates of P.

      1       2       3       4       5       6      
 1      -    0.0362  0.0919  0.1486  0.0916  0.0578  
 2   0.0362     -    0.0596  0.0909  0.0523  0.0130  
 3   0.0919  0.0596     -    0.1811  0.1163  0.0815  
 4   0.1486  0.0909  0.1811     -    0.1498  0.1027  
 5   0.0916  0.0523  0.1163  0.1498     -    0.0763  
 6   0.0578  0.0130  0.0815  0.1027  0.0763     -    

Average distances (expected heterozygosity) between individuals in same cluster:
cluster  1  : 0.6524 
cluster  2  : 0.7623 
cluster  3  : 0.6132 
cluster  4  : 0.5769 
cluster  5  : 0.6183 
cluster  6  : 0.7173 

--------------------------------------------
Estimated Ln Prob of Data   = -10219.7
Mean value of ln likelihood = -9720.3
Variance of ln likelihood   = 998.7
Mean value of alpha         = 0.1026

Mean value of Fst_1         = 0.1571
Mean value of Fst_2         = 0.0010
Mean value of Fst_3         = 0.2236
Mean value of Fst_4         = 0.2804
Mean value of Fst_5         = 0.2176
Mean value of Fst_6         = 0.0802


Inferred ancestry of individuals:
        Label (%Miss) Pop:  Inferred clusters
  1        1    (0)    1 :  0.020 0.131 0.060 0.084 0.017 0.688 
  2        2    (0)    1 :  0.015 0.555 0.228 0.010 0.030 0.162 
  3        3    (8)    1 :  0.009 0.020 0.795 0.018 0.135 0.023 
  4        4    (0)    1 :  0.005 0.871 0.005 0.103 0.008 0.008 
  5        5    (0)    1 :  0.078 0.291 0.195 0.006 0.036 0.393 
  6        6    (0)    1 :  0.081 0.339 0.487 0.019 0.048 0.025 
  7        7    (2)    1 :  0.968 0.009 0.006 0.004 0.007 0.006 
  8        8    (2)    1 :  0.009 0.094 0.005 0.144 0.008 0.739 
  9        9    (0)    1 :  0.023 0.133 0.009 0.029 0.017 0.790 
 10       10    (0)    1 :  0.106 0.341 0.087 0.012 0.057 0.396 
 11       11    (0)    1 :  0.013 0.511 0.009 0.401 0.029 0.037 
 12       12    (0)    1 :  0.011 0.023 0.011 0.888 0.030 0.036 
 13       13    (2)    1 :  0.013 0.085 0.006 0.009 0.700 0.187 
 14       14    (0)    1 :  0.653 0.162 0.009 0.139 0.013 0.024 
 15       15    (0)    1 :  0.959 0.011 0.006 0.006 0.007 0.010 
 16       16    (0)    1 :  0.751 0.035 0.160 0.003 0.011 0.040 
 17       17    (0)    1 :  0.597 0.286 0.028 0.004 0.061 0.024 
 18       18    (2)    1 :  0.031 0.017 0.044 0.006 0.009 0.894 
 19       19    (0)    1 :  0.021 0.868 0.035 0.005 0.016 0.055 
 20       20    (2)    1 :  0.052 0.854 0.008 0.005 0.009 0.072 
 21       21    (2)    1 :  0.098 0.134 0.028 0.581 0.075 0.085 
 22       22    (0)    1 :  0.003 0.003 0.002 0.986 0.003 0.003 
 23       23    (0)    1 :  0.007 0.047 0.011 0.617 0.006 0.312 
 24       24    (2)    1 :  0.342 0.008 0.004 0.631 0.010 0.005 
 25       25    (0)    1 :  0.014 0.049 0.020 0.863 0.040 0.013 
 26       26    (0)    1 :  0.334 0.011 0.010 0.003 0.634 0.007 
 27       27    (2)    1 :  0.040 0.259 0.005 0.683 0.004 0.009 
 28       28    (0)    1 :  0.005 0.042 0.007 0.697 0.079 0.169 
 29       29    (0)    1 :  0.027 0.040 0.005 0.782 0.063 0.083 
 30       30    (2)    1 :  0.024 0.118 0.007 0.572 0.018 0.261 
 31       31    (2)    1 :  0.032 0.353 0.013 0.557 0.017 0.029 
 32       32    (0)    1 :  0.016 0.064 0.006 0.005 0.654 0.256 
 33       33    (0)    1 :  0.213 0.030 0.022 0.668 0.036 0.031 
 34       34    (0)    1 :  0.083 0.208 0.023 0.008 0.658 0.021 
 35       35    (0)    1 :  0.022 0.021 0.021 0.901 0.024 0.011 
 36       36    (0)    1 :  0.082 0.012 0.874 0.004 0.015 0.012 
 37       37    (0)    1 :  0.017 0.748 0.016 0.010 0.053 0.156 
 38       38    (8)    1 :  0.063 0.823 0.010 0.004 0.086 0.014 
 39       39    (0)    1 :  0.007 0.015 0.008 0.938 0.012 0.020 
 40       40    (0)    1 :  0.355 0.029 0.013 0.573 0.010 0.020 
 41       41    (0)    1 :  0.045 0.881 0.008 0.010 0.023 0.034 
 42       42    (0)    1 :  0.336 0.011 0.003 0.632 0.005 0.013 
 43       43    (0)    1 :  0.017 0.091 0.007 0.573 0.042 0.270 
 44       44    (2)    1 :  0.026 0.043 0.010 0.641 0.028 0.252 
 45       45    (2)    1 :  0.014 0.298 0.008 0.650 0.013 0.016 
 46       46    (2)    1 :  0.895 0.058 0.006 0.005 0.018 0.018 
 47       47    (2)    1 :  0.017 0.021 0.040 0.029 0.883 0.010 
 48       48    (5)    1 :  0.005 0.006 0.006 0.966 0.004 0.012 
 49       49    (2)    1 :  0.079 0.036 0.697 0.006 0.021 0.162 
 50       50    (2)    1 :  0.419 0.008 0.548 0.005 0.014 0.006 
 51       51    (0)    1 :  0.078 0.014 0.819 0.004 0.072 0.013 
 52       52    (2)    1 :  0.029 0.643 0.015 0.019 0.080 0.215 
 53       53    (0)    1 :  0.033 0.086 0.727 0.005 0.133 0.016 
 54       54    (0)    1 :  0.005 0.007 0.950 0.011 0.021 0.006 
 55       55    (0)    1 :  0.005 0.017 0.945 0.013 0.012 0.008 
 56       56    (0)    1 :  0.006 0.049 0.797 0.009 0.007 0.131 
 57       57    (2)    1 :  0.006 0.113 0.010 0.021 0.010 0.840 
 58       58    (0)    1 :  0.019 0.118 0.812 0.005 0.018 0.027 
 59       59    (2)    1 :  0.059 0.053 0.026 0.800 0.032 0.029 
 60       60    (0)    1 :  0.372 0.015 0.010 0.571 0.019 0.013 
 61       61    (0)    1 :  0.018 0.212 0.012 0.552 0.022 0.182 
 62       62    (0)    1 :  0.361 0.486 0.049 0.071 0.011 0.022 
 63       63   (21)    1 :  0.012 0.011 0.013 0.007 0.007 0.950 
 64       64    (0)    1 :  0.018 0.029 0.870 0.004 0.011 0.068 
 65       65    (0)    1 :  0.017 0.058 0.603 0.029 0.029 0.265 
 66       66    (5)    1 :  0.009 0.028 0.763 0.042 0.020 0.138 
 67       67    (0)    1 :  0.467 0.064 0.021 0.025 0.008 0.414 
 68       68    (0)    1 :  0.008 0.012 0.936 0.013 0.018 0.013 
 69       69    (2)    1 :  0.017 0.154 0.010 0.006 0.801 0.012 
 70       70    (8)    1 :  0.886 0.028 0.016 0.009 0.050 0.010 
 71       71    (0)    1 :  0.046 0.158 0.474 0.261 0.050 0.010 
 72       72    (0)    1 :  0.006 0.016 0.004 0.070 0.010 0.894 
 73       73    (2)    1 :  0.027 0.695 0.048 0.059 0.089 0.083 
 74       74    (0)    1 :  0.181 0.721 0.006 0.023 0.005 0.064 
 75       75    (5)    1 :  0.005 0.006 0.004 0.482 0.499 0.004 
 76       76    (0)    1 :  0.025 0.056 0.022 0.004 0.874 0.019 
 77       77    (2)    1 :  0.036 0.190 0.008 0.021 0.713 0.032 
 78       78    (2)    1 :  0.024 0.034 0.006 0.083 0.025 0.828 
 79       79    (2)    1 :  0.209 0.080 0.327 0.037 0.332 0.015 
 80       80    (2)    1 :  0.015 0.757 0.150 0.004 0.043 0.031 
 81       81    (5)    1 :  0.019 0.061 0.103 0.015 0.039 0.763 
 82       82    (8)    1 :  0.565 0.138 0.009 0.012 0.034 0.242 
 83       83    (2)    1 :  0.077 0.110 0.010 0.023 0.094 0.685 
 84       84   (10)    1 :  0.011 0.182 0.011 0.045 0.015 0.735 
 85       85   (18)    1 :  0.022 0.650 0.012 0.172 0.120 0.023 
 86       86    (0)    1 :  0.007 0.023 0.011 0.139 0.005 0.815 
 87       87    (0)    1 :  0.836 0.123 0.008 0.007 0.012 0.014 
 88       88    (0)    1 :  0.029 0.222 0.063 0.032 0.015 0.639 


Estimated Allele Frequencies in each cluster
First column gives estimated ancestral frequencies


Locus 1 : 
8 alleles
0.0% missing data
 172   (0.317) 0.380 0.316 0.623 0.085 0.420 0.447 
 174   (0.265) 0.314 0.267 0.124 0.137 0.177 0.272 
 180   (0.071) 0.018 0.071 0.019 0.435 0.020 0.045 
 176   (0.030) 0.006 0.029 0.032 0.002 0.015 0.023 
 168   (0.092) 0.077 0.093 0.122 0.008 0.076 0.037 
 170   (0.147) 0.165 0.146 0.071 0.318 0.140 0.151 
 178   (0.056) 0.033 0.056 0.007 0.008 0.147 0.018 
 166   (0.023) 0.006 0.023 0.003 0.006 0.004 0.006 

Locus 2 : 
10 alleles
1.1% missing data
 225   (0.236) 0.169 0.237 0.102 0.053 0.121 0.423 
 231   (0.258) 0.605 0.256 0.342 0.543 0.221 0.171 
 223   (0.114) 0.112 0.114 0.501 0.007 0.034 0.043 
 239   (0.079) 0.031 0.080 0.011 0.005 0.054 0.074 
 233   (0.035) 0.007 0.035 0.004 0.006 0.007 0.010 
 227   (0.058) 0.015 0.057 0.013 0.007 0.408 0.054 
 229   (0.117) 0.037 0.118 0.015 0.019 0.080 0.173 
 243   (0.035) 0.008 0.034 0.004 0.355 0.009 0.017 
 241   (0.046) 0.011 0.046 0.006 0.003 0.033 0.029 
 211   (0.023) 0.005 0.022 0.003 0.001 0.033 0.006 

Locus 3 : 
23 alleles
1.1% missing data
 180   (0.071) 0.032 0.071 0.009 0.187 0.035 0.102 
 198   (0.043) 0.085 0.042 0.059 0.006 0.009 0.034 
 208   (0.039) 0.009 0.038 0.429 0.003 0.008 0.055 
 220   (0.026) 0.006 0.026 0.005 0.006 0.006 0.023 
 192   (0.085) 0.292 0.085 0.106 0.039 0.022 0.096 
 176   (0.035) 0.021 0.036 0.004 0.003 0.008 0.020 
 184   (0.055) 0.062 0.054 0.113 0.446 0.014 0.024 
 168   (0.023) 0.005 0.023 0.003 0.002 0.005 0.042 
 196   (0.084) 0.107 0.086 0.015 0.006 0.064 0.095 
 188   (0.070) 0.110 0.069 0.014 0.201 0.219 0.039 
 162   (0.037) 0.009 0.037 0.004 0.005 0.008 0.031 
 194   (0.035) 0.008 0.035 0.021 0.002 0.007 0.037 
 212   (0.027) 0.008 0.027 0.004 0.002 0.037 0.015 
 164   (0.055) 0.058 0.056 0.011 0.049 0.032 0.025 
 186   (0.087) 0.049 0.087 0.140 0.019 0.211 0.096 
 166   (0.061) 0.071 0.062 0.042 0.010 0.014 0.028 
 214   (0.027) 0.007 0.028 0.003 0.002 0.006 0.008 
 172   (0.022) 0.004 0.021 0.002 0.002 0.233 0.006 
 182   (0.035) 0.038 0.035 0.004 0.005 0.044 0.011 
 178   (0.025) 0.005 0.024 0.003 0.002 0.005 0.144 
 206   (0.019) 0.004 0.020 0.003 0.001 0.004 0.006 
 170   (0.022) 0.005 0.022 0.003 0.002 0.005 0.044 
 190   (0.018) 0.004 0.018 0.003 0.001 0.004 0.019 

Locus 4 : 
12 alleles
3.4% missing data
 248   (0.169) 0.098 0.170 0.073 0.154 0.045 0.161 
 254   (0.177) 0.130 0.178 0.056 0.099 0.082 0.387 
 252   (0.202) 0.191 0.202 0.390 0.018 0.639 0.189 
 242   (0.047) 0.012 0.047 0.067 0.004 0.012 0.018 
 256   (0.132) 0.182 0.132 0.373 0.047 0.123 0.053 
 250   (0.025) 0.108 0.024 0.003 0.003 0.005 0.007 
 258   (0.057) 0.023 0.057 0.013 0.346 0.027 0.027 
 262   (0.033) 0.009 0.032 0.004 0.107 0.007 0.009 
 260   (0.050) 0.185 0.050 0.006 0.004 0.017 0.014 
 266   (0.033) 0.042 0.033 0.004 0.002 0.006 0.010 
 264   (0.054) 0.014 0.053 0.007 0.215 0.012 0.119 
 268   (0.022) 0.006 0.021 0.003 0.001 0.024 0.006 

Locus 5 : 
14 alleles
2.3% missing data
 144   (0.083) 0.023 0.084 0.052 0.011 0.038 0.189 
 150   (0.159) 0.100 0.159 0.062 0.507 0.297 0.199 
 180   (0.085) 0.177 0.085 0.149 0.012 0.025 0.057 
 168   (0.126) 0.204 0.126 0.165 0.023 0.393 0.115 
 148   (0.085) 0.113 0.085 0.021 0.222 0.087 0.061 
 158   (0.099) 0.035 0.099 0.179 0.096 0.024 0.122 
 166   (0.025) 0.103 0.024 0.003 0.002 0.005 0.007 
 156   (0.166) 0.097 0.168 0.261 0.093 0.062 0.110 
 154   (0.028) 0.085 0.028 0.020 0.004 0.006 0.008 
 152   (0.026) 0.022 0.025 0.073 0.002 0.005 0.011 
 188   (0.020) 0.017 0.020 0.003 0.001 0.005 0.006 
 146   (0.020) 0.006 0.020 0.002 0.006 0.004 0.006 
 170   (0.049) 0.011 0.050 0.007 0.016 0.010 0.094 
 172   (0.028) 0.007 0.028 0.003 0.007 0.039 0.016 

Locus 6 : 
12 alleles
1.1% missing data
 135   (0.368) 0.412 0.368 0.262 0.466 0.306 0.478 
 140   (0.213) 0.248 0.212 0.076 0.166 0.210 0.320 
 143   (0.039) 0.008 0.039 0.335 0.003 0.008 0.013 
 149   (0.097) 0.030 0.097 0.290 0.053 0.413 0.030 
 153   (0.022) 0.004 0.022 0.002 0.002 0.004 0.006 
 133   (0.037) 0.066 0.037 0.004 0.002 0.009 0.010 
 147   (0.051) 0.011 0.050 0.006 0.294 0.011 0.075 
 155   (0.052) 0.165 0.052 0.010 0.007 0.011 0.015 
 145   (0.042) 0.012 0.043 0.005 0.003 0.009 0.013 
 141   (0.035) 0.007 0.035 0.004 0.002 0.008 0.013 
 157   (0.022) 0.030 0.022 0.003 0.002 0.004 0.006 
 151   (0.023) 0.006 0.022 0.003 0.002 0.007 0.021 

Locus 7 : 
11 alleles
2.3% missing data
 174   (0.216) 0.311 0.217 0.495 0.021 0.120 0.240 
 196   (0.079) 0.025 0.078 0.029 0.350 0.017 0.082 
 190   (0.253) 0.122 0.255 0.172 0.229 0.715 0.146 
 194   (0.094) 0.223 0.094 0.047 0.008 0.032 0.065 
 188   (0.083) 0.016 0.083 0.162 0.164 0.019 0.052 
 172   (0.023) 0.004 0.023 0.003 0.002 0.004 0.007 
 192   (0.053) 0.215 0.053 0.008 0.006 0.010 0.032 
 182   (0.043) 0.008 0.042 0.019 0.200 0.008 0.034 
 184   (0.078) 0.053 0.077 0.032 0.006 0.025 0.275 
 200   (0.056) 0.020 0.056 0.029 0.014 0.022 0.060 
 186   (0.023) 0.004 0.022 0.003 0.001 0.029 0.007 

Locus 8 : 
14 alleles
0.0% missing data
 216   (0.098) 0.041 0.099 0.109 0.019 0.273 0.064 
 228   (0.117) 0.071 0.117 0.028 0.257 0.033 0.221 
 222   (0.138) 0.200 0.138 0.198 0.081 0.124 0.106 
 234   (0.141) 0.261 0.140 0.394 0.014 0.074 0.272 
 240   (0.051) 0.011 0.051 0.173 0.008 0.012 0.056 
 236   (0.077) 0.030 0.079 0.009 0.010 0.057 0.039 
 226   (0.091) 0.023 0.092 0.014 0.437 0.239 0.047 
 214   (0.048) 0.111 0.047 0.009 0.024 0.011 0.094 
 242   (0.067) 0.113 0.067 0.019 0.037 0.083 0.034 
 244   (0.021) 0.004 0.020 0.002 0.100 0.004 0.006 
 224   (0.080) 0.018 0.082 0.035 0.008 0.049 0.025 
 230   (0.030) 0.108 0.030 0.003 0.002 0.013 0.009 
 218   (0.020) 0.006 0.020 0.003 0.001 0.024 0.006 
 238   (0.020) 0.004 0.020 0.002 0.002 0.004 0.021 

Locus 9 : 
2 alleles
0.0% missing data
 149   (0.975) 0.995 0.975 0.997 0.998 0.993 0.993 
 125   (0.025) 0.005 0.025 0.003 0.002 0.007 0.007 

Locus 10 : 
6 alleles
1.1% missing data
 176   (0.325) 0.498 0.327 0.082 0.507 0.487 0.237 
 178   (0.330) 0.358 0.329 0.223 0.406 0.285 0.424 
 180   (0.081) 0.033 0.080 0.221 0.006 0.055 0.089 
 184   (0.061) 0.019 0.061 0.007 0.057 0.092 0.018 
 182   (0.117) 0.030 0.118 0.458 0.010 0.039 0.121 
 174   (0.086) 0.062 0.086 0.010 0.013 0.042 0.111 

Locus 11 : 
6 alleles
2.3% missing data
 218   (0.458) 0.857 0.459 0.695 0.124 0.483 0.296 
 220   (0.317) 0.086 0.317 0.242 0.511 0.258 0.544 
 214   (0.090) 0.030 0.090 0.015 0.353 0.024 0.081 
 216   (0.072) 0.014 0.071 0.009 0.008 0.215 0.053 
 210   (0.038) 0.007 0.038 0.022 0.003 0.007 0.017 
 200   (0.025) 0.006 0.025 0.018 0.002 0.012 0.008 

Locus 12 : 
15 alleles
1.1% missing data
 110   (0.230) 0.207 0.230 0.308 0.839 0.189 0.210 
 112   (0.153) 0.100 0.154 0.085 0.057 0.303 0.132 
 108   (0.064) 0.013 0.064 0.009 0.039 0.014 0.170 
 114   (0.054) 0.011 0.054 0.199 0.005 0.202 0.021 
 100   (0.031) 0.021 0.032 0.004 0.004 0.006 0.010 
 132   (0.049) 0.193 0.048 0.006 0.008 0.033 0.025 
 136   (0.058) 0.170 0.059 0.007 0.008 0.011 0.017 
 126   (0.049) 0.009 0.049 0.006 0.007 0.010 0.083 
 124   (0.068) 0.225 0.068 0.012 0.008 0.014 0.053 
 142   (0.033) 0.006 0.032 0.004 0.004 0.007 0.166 
 130   (0.023) 0.004 0.023 0.003 0.002 0.004 0.007 
 162   (0.045) 0.010 0.044 0.052 0.009 0.145 0.030 
 118   (0.022) 0.004 0.022 0.002 0.002 0.005 0.008 
 120   (0.086) 0.020 0.087 0.056 0.010 0.049 0.053 
 106   (0.035) 0.007 0.034 0.250 0.002 0.008 0.014 

Locus 13 : 
11 alleles
21.6% missing data
 120   (0.210) 0.116 0.212 0.333 0.189 0.066 0.175 
 126   (0.147) 0.082 0.146 0.117 0.343 0.054 0.251 
 118   (0.196) 0.388 0.199 0.056 0.038 0.143 0.182 
 122   (0.085) 0.023 0.085 0.056 0.007 0.567 0.084 
 112   (0.047) 0.011 0.046 0.007 0.026 0.043 0.135 
 132   (0.062) 0.023 0.062 0.071 0.065 0.018 0.037 
 114   (0.055) 0.023 0.054 0.326 0.145 0.017 0.022 
 116   (0.043) 0.117 0.043 0.006 0.004 0.011 0.016 
 136   (0.026) 0.034 0.025 0.008 0.002 0.007 0.010 
 128   (0.051) 0.037 0.050 0.009 0.034 0.055 0.028 
 124   (0.079) 0.146 0.078 0.012 0.147 0.021 0.060 

Locus 14 : 
10 alleles
0.0% missing data
 135   (0.171) 0.068 0.170 0.092 0.783 0.201 0.153 
 139   (0.269) 0.297 0.271 0.647 0.055 0.085 0.256 
 145   (0.240) 0.427 0.240 0.168 0.125 0.527 0.142 
 153   (0.022) 0.004 0.022 0.002 0.002 0.004 0.006 
 141   (0.070) 0.051 0.069 0.049 0.005 0.016 0.129 
 143   (0.074) 0.091 0.074 0.010 0.014 0.030 0.079 
 137   (0.077) 0.018 0.076 0.023 0.005 0.122 0.213 
 147   (0.033) 0.033 0.033 0.004 0.005 0.006 0.009 
 155   (0.023) 0.005 0.023 0.003 0.005 0.004 0.007 
 149   (0.021) 0.006 0.022 0.003 0.001 0.004 0.007 

Locus 15 : 
4 alleles
0.0% missing data
 192   (0.348) 0.388 0.347 0.586 0.368 0.582 0.301 
 196   (0.354) 0.265 0.355 0.358 0.481 0.240 0.322 
 194   (0.261) 0.340 0.262 0.051 0.132 0.170 0.326 
 198   (0.037) 0.008 0.036 0.004 0.020 0.009 0.051 

Locus 16 : 
17 alleles
0.0% missing data
 254   (0.237) 0.493 0.237 0.542 0.162 0.154 0.282 
 278   (0.049) 0.010 0.048 0.029 0.003 0.010 0.099 
 246   (0.030) 0.006 0.031 0.003 0.003 0.007 0.008 
 354   (0.057) 0.071 0.057 0.010 0.070 0.024 0.017 
 358   (0.071) 0.025 0.071 0.022 0.005 0.046 0.118 
 306   (0.037) 0.025 0.038 0.009 0.003 0.013 0.011 
 242   (0.198) 0.204 0.198 0.123 0.065 0.611 0.262 
 230   (0.030) 0.007 0.030 0.003 0.004 0.006 0.010 
 234   (0.031) 0.006 0.030 0.004 0.252 0.008 0.021 
 286   (0.052) 0.013 0.052 0.011 0.261 0.011 0.062 
 258   (0.020) 0.004 0.020 0.002 0.001 0.004 0.006 
 302   (0.027) 0.009 0.026 0.003 0.085 0.006 0.010 
 226   (0.026) 0.005 0.025 0.003 0.009 0.009 0.040 
 250   (0.073) 0.110 0.074 0.013 0.074 0.017 0.034 
 238   (0.023) 0.005 0.022 0.216 0.001 0.005 0.007 
 322   (0.020) 0.004 0.020 0.002 0.001 0.029 0.006 
 290   (0.020) 0.004 0.020 0.003 0.001 0.039 0.006 

Locus 17 : 
15 alleles
2.3% missing data
 131   (0.218) 0.161 0.219 0.436 0.096 0.172 0.196 
 133   (0.121) 0.039 0.121 0.097 0.535 0.047 0.179 
 137   (0.071) 0.016 0.071 0.046 0.007 0.451 0.039 
 129   (0.081) 0.018 0.082 0.011 0.080 0.019 0.096 
 139   (0.071) 0.029 0.073 0.010 0.008 0.015 0.054 
 127   (0.071) 0.030 0.070 0.063 0.149 0.134 0.038 
 135   (0.164) 0.657 0.164 0.053 0.027 0.117 0.214 
 113   (0.027) 0.008 0.027 0.034 0.003 0.008 0.008 
 107   (0.022) 0.004 0.021 0.003 0.002 0.004 0.024 
 125   (0.038) 0.013 0.038 0.005 0.084 0.009 0.016 
 121   (0.024) 0.006 0.023 0.230 0.002 0.005 0.007 
 117   (0.022) 0.004 0.022 0.003 0.001 0.004 0.006 
 109   (0.028) 0.006 0.027 0.003 0.002 0.006 0.096 
 123   (0.021) 0.004 0.021 0.003 0.001 0.004 0.006 
 115   (0.021) 0.005 0.021 0.003 0.001 0.004 0.019 

Locus 18 : 
8 alleles
0.0% missing data
 217   (0.288) 0.264 0.287 0.749 0.101 0.287 0.294 
 219   (0.387) 0.385 0.387 0.192 0.815 0.626 0.353 
 209   (0.022) 0.004 0.022 0.002 0.002 0.004 0.006 
 221   (0.123) 0.078 0.123 0.023 0.059 0.032 0.234 
 215   (0.101) 0.245 0.100 0.024 0.013 0.037 0.090 
 227   (0.023) 0.004 0.023 0.003 0.002 0.004 0.006 
 207   (0.023) 0.006 0.023 0.003 0.006 0.004 0.006 
 213   (0.034) 0.013 0.035 0.005 0.003 0.007 0.010 

Locus 19 : 
18 alleles
5.7% missing data
 258   (0.031) 0.006 0.031 0.004 0.005 0.007 0.086 
 268   (0.181) 0.294 0.181 0.065 0.160 0.528 0.186 
 262   (0.084) 0.017 0.085 0.045 0.010 0.021 0.106 
 250   (0.043) 0.014 0.043 0.098 0.003 0.050 0.013 
 266   (0.057) 0.020 0.057 0.100 0.004 0.040 0.055 
 280   (0.030) 0.009 0.030 0.004 0.002 0.006 0.091 
 272   (0.117) 0.261 0.116 0.092 0.028 0.091 0.204 
 276   (0.042) 0.088 0.041 0.055 0.006 0.011 0.013 
 274   (0.029) 0.006 0.029 0.004 0.003 0.006 0.029 
 278   (0.035) 0.008 0.035 0.004 0.205 0.007 0.039 
 256   (0.029) 0.006 0.030 0.004 0.009 0.007 0.010 
 264   (0.089) 0.024 0.090 0.013 0.538 0.046 0.064 
 246   (0.039) 0.185 0.038 0.005 0.008 0.013 0.026 
 240   (0.026) 0.021 0.025 0.042 0.002 0.006 0.011 
 270   (0.093) 0.021 0.096 0.027 0.010 0.145 0.037 
 260   (0.023) 0.004 0.022 0.371 0.002 0.005 0.007 
 248   (0.030) 0.006 0.030 0.064 0.003 0.007 0.015 
 254   (0.021) 0.010 0.021 0.003 0.002 0.004 0.006 

Locus 20 : 
8 alleles
2.3% missing data
 200   (0.299) 0.169 0.300 0.612 0.070 0.442 0.352 
 204   (0.089) 0.024 0.088 0.026 0.554 0.020 0.174 
 190   (0.084) 0.075 0.086 0.021 0.009 0.022 0.025 
 196   (0.125) 0.177 0.124 0.025 0.073 0.072 0.174 
 192   (0.062) 0.043 0.061 0.008 0.017 0.016 0.112 
 194   (0.063) 0.029 0.064 0.008 0.166 0.014 0.023 
 198   (0.235) 0.474 0.235 0.285 0.107 0.305 0.123 
 202   (0.042) 0.010 0.042 0.015 0.003 0.109 0.017 

Locus 21 : 
7 alleles
0.0% missing data
 113   (0.218) 0.307 0.219 0.095 0.128 0.049 0.227 
 117   (0.079) 0.225 0.078 0.018 0.006 0.023 0.146 
 109   (0.393) 0.207 0.395 0.478 0.301 0.791 0.327 
 111   (0.196) 0.081 0.197 0.066 0.427 0.085 0.263 
 107   (0.060) 0.015 0.059 0.336 0.134 0.013 0.023 
 103   (0.030) 0.160 0.029 0.005 0.003 0.010 0.008 
 105   (0.023) 0.005 0.023 0.003 0.002 0.029 0.006 

Locus 22 : 
7 alleles
3.4% missing data
 200   (0.149) 0.101 0.148 0.174 0.079 0.323 0.083 
 196   (0.137) 0.264 0.137 0.349 0.132 0.054 0.060 
 190   (0.131) 0.030 0.132 0.017 0.429 0.027 0.176 
 194   (0.132) 0.404 0.131 0.134 0.019 0.104 0.114 
 198   (0.210) 0.115 0.210 0.082 0.289 0.100 0.336 
 192   (0.179) 0.038 0.180 0.225 0.045 0.352 0.195 
 184   (0.062) 0.047 0.062 0.019 0.007 0.040 0.035 

Locus 23 : 
5 alleles
0.0% missing data
 233   (0.352) 0.356 0.352 0.182 0.517 0.427 0.429 
 237   (0.362) 0.410 0.362 0.353 0.177 0.217 0.435 
 241   (0.219) 0.194 0.218 0.458 0.296 0.341 0.115 
 245   (0.044) 0.035 0.044 0.005 0.008 0.010 0.013 
 229   (0.024) 0.005 0.024 0.003 0.002 0.005 0.009 

Locus 24 : 
13 alleles
1.1% missing data
 136   (0.217) 0.421 0.216 0.113 0.490 0.613 0.204 
 146   (0.139) 0.042 0.140 0.579 0.110 0.034 0.166 
 142   (0.125) 0.173 0.125 0.043 0.021 0.068 0.229 
 140   (0.054) 0.020 0.054 0.011 0.004 0.012 0.120 
 160   (0.031) 0.007 0.031 0.004 0.020 0.009 0.009 
 158   (0.022) 0.007 0.022 0.008 0.002 0.006 0.006 
 148   (0.094) 0.222 0.094 0.012 0.060 0.022 0.086 
 150   (0.051) 0.012 0.051 0.032 0.005 0.011 0.033 
 152   (0.062) 0.018 0.062 0.010 0.042 0.105 0.043 
 134   (0.054) 0.017 0.053 0.122 0.205 0.014 0.016 
 138   (0.031) 0.027 0.031 0.003 0.011 0.006 0.009 
 144   (0.060) 0.021 0.062 0.007 0.021 0.016 0.020 
 132   (0.061) 0.014 0.060 0.055 0.010 0.086 0.060 

Locus 25 : 
27 alleles
0.0% missing data
 220   (0.026) 0.007 0.025 0.003 0.002 0.005 0.133 
 228   (0.041) 0.036 0.041 0.028 0.003 0.009 0.034 
 252   (0.027) 0.005 0.027 0.005 0.002 0.007 0.013 
 282   (0.021) 0.004 0.021 0.004 0.001 0.005 0.009 
 222   (0.024) 0.005 0.023 0.210 0.002 0.006 0.007 
 214   (0.054) 0.018 0.056 0.007 0.011 0.014 0.030 
 224   (0.083) 0.027 0.083 0.012 0.667 0.229 0.093 
 206   (0.068) 0.114 0.068 0.065 0.007 0.063 0.062 
 204   (0.047) 0.188 0.047 0.006 0.005 0.288 0.015 
 212   (0.020) 0.243 0.020 0.003 0.001 0.004 0.005 
 244   (0.054) 0.034 0.055 0.007 0.016 0.012 0.084 
 256   (0.045) 0.014 0.045 0.291 0.005 0.056 0.017 
 270   (0.030) 0.007 0.030 0.004 0.035 0.008 0.026 
 216   (0.146) 0.063 0.150 0.042 0.015 0.071 0.179 
 230   (0.029) 0.066 0.028 0.003 0.070 0.008 0.009 
 210   (0.039) 0.091 0.039 0.005 0.003 0.119 0.011 
 258   (0.027) 0.008 0.026 0.003 0.132 0.006 0.010 
 226   (0.023) 0.005 0.023 0.004 0.006 0.012 0.036 
 260   (0.018) 0.004 0.019 0.002 0.004 0.004 0.006 
 218   (0.037) 0.008 0.037 0.004 0.005 0.021 0.114 
 202   (0.026) 0.005 0.025 0.264 0.002 0.005 0.007 
 276   (0.019) 0.004 0.019 0.002 0.001 0.005 0.008 
 242   (0.023) 0.004 0.022 0.003 0.002 0.005 0.068 
 254   (0.018) 0.004 0.017 0.018 0.001 0.004 0.006 
 280   (0.018) 0.004 0.018 0.002 0.001 0.027 0.005 
 236   (0.019) 0.004 0.019 0.003 0.001 0.004 0.005 
 200   (0.018) 0.026 0.018 0.002 0.001 0.004 0.005 

Locus 26 : 
8 alleles
0.0% missing data
 171   (0.099) 0.022 0.099 0.012 0.436 0.024 0.177 
 179   (0.172) 0.133 0.170 0.103 0.043 0.600 0.242 
 173   (0.268) 0.056 0.272 0.092 0.190 0.108 0.318 
 175   (0.296) 0.687 0.296 0.610 0.314 0.184 0.196 
 169   (0.043) 0.023 0.044 0.011 0.003 0.009 0.013 
 177   (0.062) 0.027 0.061 0.156 0.010 0.019 0.037 
 151   (0.030) 0.046 0.030 0.004 0.002 0.006 0.009 
 181   (0.029) 0.007 0.029 0.013 0.002 0.050 0.009 

Locus 27 : 
3 alleles
0.0% missing data
 216   (0.904) 0.970 0.904 0.978 0.725 0.950 0.950 
 218   (0.063) 0.022 0.063 0.008 0.273 0.016 0.031 
 214   (0.034) 0.008 0.033 0.014 0.003 0.033 0.019 

Locus 28 : 
12 alleles
0.0% missing data
 314   (0.202) 0.127 0.202 0.138 0.272 0.528 0.213 
 316   (0.270) 0.419 0.270 0.320 0.161 0.137 0.380 
 318   (0.097) 0.023 0.099 0.014 0.006 0.020 0.178 
 328   (0.031) 0.006 0.030 0.073 0.002 0.009 0.020 
 324   (0.083) 0.063 0.084 0.024 0.008 0.152 0.027 
 336   (0.060) 0.064 0.059 0.345 0.007 0.041 0.022 
 338   (0.056) 0.169 0.055 0.007 0.132 0.011 0.037 
 322   (0.066) 0.065 0.065 0.013 0.398 0.014 0.063 
 310   (0.053) 0.013 0.054 0.055 0.003 0.059 0.018 
 308   (0.039) 0.015 0.039 0.005 0.008 0.020 0.030 
 326   (0.022) 0.031 0.022 0.003 0.001 0.005 0.007 
 340   (0.022) 0.004 0.022 0.003 0.001 0.004 0.006 

Locus 29 : 
6 alleles
0.0% missing data
 206   (0.589) 0.837 0.589 0.620 0.755 0.515 0.615 
 208   (0.124) 0.043 0.123 0.315 0.135 0.060 0.107 
 216   (0.073) 0.024 0.073 0.011 0.005 0.037 0.081 
 210   (0.063) 0.013 0.063 0.022 0.007 0.013 0.115 
 204   (0.047) 0.010 0.047 0.006 0.072 0.014 0.016 
 212   (0.104) 0.072 0.103 0.026 0.026 0.361 0.066 

Locus 30 : 
4 alleles
3.4% missing data
 125   (0.630) 0.420 0.630 0.649 0.919 0.651 0.720 
 129   (0.024) 0.005 0.024 0.003 0.002 0.005 0.007 
 123   (0.218) 0.357 0.218 0.319 0.025 0.240 0.181 
 127   (0.128) 0.219 0.128 0.029 0.054 0.104 0.092 

Locus 31 : 
6 alleles
1.1% missing data
 153   (0.203) 0.150 0.202 0.103 0.324 0.156 0.274 
 155   (0.638) 0.811 0.638 0.627 0.655 0.811 0.643 
 157   (0.035) 0.008 0.035 0.004 0.008 0.006 0.010 
 151   (0.052) 0.012 0.052 0.006 0.007 0.012 0.050 
 149   (0.050) 0.015 0.050 0.257 0.005 0.010 0.017 
 159   (0.023) 0.004 0.023 0.003 0.002 0.004 0.007 

Locus 32 : 
21 alleles
1.1% missing data
 202   (0.090) 0.088 0.089 0.190 0.073 0.064 0.132 
 242   (0.019) 0.004 0.018 0.003 0.002 0.004 0.021 
 204   (0.163) 0.274 0.164 0.192 0.280 0.118 0.143 
 210   (0.080) 0.102 0.083 0.040 0.005 0.055 0.027 
 198   (0.077) 0.041 0.078 0.038 0.028 0.037 0.068 
 200   (0.079) 0.270 0.079 0.016 0.174 0.045 0.037 
 240   (0.029) 0.006 0.028 0.004 0.002 0.024 0.050 
 196   (0.036) 0.009 0.037 0.004 0.006 0.008 0.031 
 208   (0.068) 0.085 0.068 0.045 0.007 0.020 0.138 
 254   (0.024) 0.006 0.024 0.016 0.002 0.007 0.028 
 166   (0.028) 0.007 0.028 0.003 0.343 0.006 0.019 
 274   (0.021) 0.004 0.020 0.002 0.002 0.203 0.006 
 188   (0.026) 0.024 0.026 0.003 0.010 0.006 0.008 
 206   (0.090) 0.043 0.089 0.162 0.046 0.288 0.146 
 184   (0.034) 0.007 0.034 0.004 0.005 0.027 0.068 
 232   (0.021) 0.004 0.021 0.262 0.001 0.004 0.006 
 278   (0.028) 0.006 0.028 0.003 0.002 0.039 0.010 
 180   (0.020) 0.004 0.020 0.002 0.001 0.005 0.006 
 212   (0.031) 0.008 0.031 0.004 0.009 0.007 0.046 
 276   (0.017) 0.004 0.017 0.002 0.001 0.027 0.006 
 172   (0.019) 0.004 0.019 0.002 0.002 0.006 0.005 

Locus 33 : 
14 alleles
3.4% missing data
 120   (0.031) 0.007 0.030 0.057 0.002 0.006 0.032 
 142   (0.061) 0.026 0.062 0.008 0.005 0.013 0.108 
 124   (0.191) 0.278 0.192 0.093 0.093 0.261 0.124 
 130   (0.098) 0.025 0.098 0.094 0.073 0.094 0.093 
 134   (0.141) 0.048 0.141 0.308 0.069 0.428 0.143 
 118   (0.020) 0.004 0.021 0.002 0.002 0.004 0.006 
 128   (0.034) 0.007 0.034 0.008 0.071 0.008 0.010 
 122   (0.078) 0.204 0.078 0.010 0.030 0.017 0.085 
 144   (0.072) 0.232 0.072 0.023 0.005 0.108 0.022 
 106   (0.063) 0.027 0.063 0.019 0.044 0.015 0.133 
 138   (0.071) 0.017 0.070 0.359 0.372 0.016 0.082 
 132   (0.059) 0.013 0.060 0.008 0.227 0.014 0.036 
 140   (0.045) 0.104 0.045 0.006 0.003 0.010 0.014 
 126   (0.036) 0.007 0.035 0.004 0.003 0.008 0.113 

Locus 34 : 
15 alleles
1.1% missing data
 188   (0.057) 0.018 0.056 0.006 0.396 0.012 0.171 
 194   (0.129) 0.249 0.129 0.045 0.343 0.041 0.179 
 190   (0.120) 0.095 0.120 0.434 0.009 0.038 0.161 
 196   (0.244) 0.076 0.247 0.169 0.183 0.434 0.173 
 180   (0.022) 0.004 0.022 0.002 0.002 0.004 0.006 
 182   (0.041) 0.077 0.040 0.006 0.005 0.032 0.028 
 198   (0.036) 0.008 0.035 0.268 0.002 0.008 0.024 
 186   (0.035) 0.216 0.034 0.004 0.002 0.007 0.013 
 184   (0.055) 0.014 0.054 0.018 0.012 0.033 0.092 
 192   (0.064) 0.132 0.063 0.010 0.021 0.246 0.021 
 200   (0.022) 0.022 0.022 0.002 0.002 0.005 0.007 
 172   (0.112) 0.074 0.114 0.013 0.019 0.093 0.103 
 208   (0.021) 0.005 0.021 0.017 0.001 0.005 0.007 
 202   (0.022) 0.006 0.022 0.002 0.001 0.004 0.007 
 206   (0.021) 0.005 0.021 0.003 0.001 0.039 0.007 

Locus 35 : 
14 alleles
1.1% missing data
 146   (0.067) 0.026 0.069 0.024 0.011 0.018 0.069 
 158   (0.119) 0.052 0.120 0.058 0.016 0.201 0.136 
 140   (0.071) 0.034 0.072 0.014 0.022 0.016 0.059 
 162   (0.040) 0.017 0.040 0.171 0.003 0.010 0.022 
 166   (0.022) 0.004 0.021 0.063 0.002 0.006 0.006 
 138   (0.174) 0.235 0.173 0.366 0.049 0.386 0.140 
 152   (0.083) 0.045 0.083 0.021 0.047 0.019 0.222 
 136   (0.038) 0.009 0.038 0.006 0.003 0.031 0.029 
 168   (0.053) 0.284 0.053 0.014 0.005 0.022 0.022 
 130   (0.114) 0.206 0.114 0.184 0.024 0.059 0.151 
 154   (0.042) 0.031 0.042 0.005 0.005 0.009 0.053 
 142   (0.060) 0.015 0.060 0.007 0.036 0.122 0.045 
 160   (0.088) 0.025 0.089 0.065 0.771 0.058 0.033 
 128   (0.029) 0.019 0.028 0.003 0.008 0.043 0.014 

Locus 36 : 
9 alleles
2.3% missing data
 244   (0.166) 0.064 0.166 0.091 0.784 0.195 0.161 
 248   (0.279) 0.304 0.281 0.646 0.055 0.086 0.275 
 254   (0.254) 0.427 0.254 0.170 0.124 0.533 0.155 
 262   (0.024) 0.005 0.025 0.003 0.002 0.004 0.007 
 250   (0.066) 0.054 0.065 0.050 0.004 0.016 0.084 
 252   (0.076) 0.091 0.076 0.010 0.015 0.034 0.056 
 246   (0.081) 0.019 0.080 0.024 0.006 0.121 0.246 
 256   (0.031) 0.032 0.031 0.004 0.005 0.006 0.009 
 264   (0.022) 0.004 0.022 0.003 0.005 0.004 0.007 

Locus 37 : 
3 alleles
8.0% missing data
 307   (0.829) 0.925 0.829 0.941 0.795 0.851 0.937 
 331   (0.119) 0.039 0.119 0.053 0.150 0.137 0.048 
 295   (0.052) 0.036 0.052 0.006 0.055 0.012 0.016 

Values of parameters used in structure:
DATAFILE=/home/martin/bottleneck/structure/data_job_T6_2,	OUTFILE=/home/martin/bottleneck/structure/structure_results/subantarctic_fur_seal/results_job_T6_2,	NUMINDS=88,	NUMLOCI=37,	MISSING=-9,	LABEL=1,	POPDATA=1,	POPFLAG=0,	PHENOTYPE=0,	EXTRACOLS=0,	MAXPOPS=6,	BURNIN=10000,	NUMREPS=100000,	USEPOPINFO=0,	INFERALPHA=1,	INFERLAMBDA=0,	POPSPECIFICLAMBDA=0,	POPALPHAS=0,	COMPUTEPROB=1,	NOADMIX=0,	ADMBURNIN=2500,	UPDATEFREQ=1,	PRINTLIKES=0,	INTERMEDSAVE=0,	PRINTKLD=0,	PRINTNET=0,	PRINTLAMBDA=0,	ANCESTDIST=0,	NUMBOXES=1000,	ANCESTPINT=0.90000,	GENSBACK=2,	MIGRPRIOR=0.05000,	PRINTQHAT=1,	PRINTQSUM=0,	ALPHA=1.0000,	FREQSCORR=1,	FPRIORMEAN=0.0100,	FPRIORSD=0.0500,	ONEFST=0,	LAMBDA=1.0000,	UNIFPRIORALPHA=1,	ALPHAMAX=10.0000,	ALPHAPRIORA=1.0000,	ALPHAPRIORB=2.0000,	ALPHAPROPSD=0.0250,	STARTATPOPINFO=0,	RANDOMIZE=1,	LINKAGE=0,	METROFREQ=10,	REPORTHITRATE=0,	MARKOVPHASE=-1,	PHASED=0,	PLOIDY=2,	PHASEINFO=0	LOCPRIOR=0, 	LOCPRIORINIT=1.000000, 	LOCDATA=0, 	LOCISPOP=0, 	LOCPRIORSTEP=0.100000, 	MAXLOCPRIOR=20.000000, 	SEED=1506951519,	
[STRAT parameters]:    NUMSIMSTATS=1000,	PHENOTYPECOL=-9,	POOLFREQ=10,	LOCUSxONLY=0,	EMERROR=0.00100,	MISSINGPHENO=-9,	