title																						
pv9																						
hg63																						
Lw10																						
Hg810																						
Aa4																						
PvcA																						
PvcE																						
Hg13																						
M11a																						
Orr16																						
Orr8																						
Lw8																						
Hg610																						
Orr7																						
Lw15																						
Orr1																						
Agaz1																						
Agaz2																						
Ag10																						
Zcwb07																						
Zcwg04																						
Pop																						
1	,	7082	7789	7678	6666	5666	3749	4478	4458	6668	5254	6262	8284	4860	7878	3850	5656	4446	3840	1222	5866	4886
2	,	7484	7983	7684	6464	5668	3749	7686	5058	7680	5050	6264	8484	4664	8486	5462	4458	4250	3840	2022	5860	4848
3	,	6868	7995	5260	6466	5668	3743	8094	4460	5480	5254	6270	7686	4674	8082	5056	5660	5458	3840	2022	5870	6888
4	,	6670	8383	6066	6266	5664	4349	7480	5262	6274	5254	6272	7490	6474	7886	5664	4656	4646	3436	1624	5468	5080
5	,	6876	8395	8090	6466	5666	4545	7694	6062	4884	5254	7072	7684	6474	7880	3850	4648	5052	4048	1220	5660	7286
6	,	6868	7795	7684	6466	6868	4549	7680	6062	6680	0000	6274	6676	4650	8488	5050	5656	4652	3034	2020	6670	7486
7	,	6870	8991	8286	6464	5666	4953	7682	5262	6880	5254	6470	6482	4664	7678	3852	4456	5052	3438	1212	5870	7888
8	,	6884	8387	7884	6666	5666	4549	7686	4860	5474	5052	6270	7488	4868	7486	6266	4856	5258	4040	1212	5458	7282
9	,	7676	8995	6680	6466	5666	4949	8080	5260	6484	5254	6270	7878	4664	7678	5062	5456	5050	4040	1220	5658	8888
10	,	6868	7983	8084	6466	6466	4949	7482	6060	5470	5054	6270	7276	4256	7880	6270	5456	5050	3040	1220	5260	7678
11	,	6868	8795	7678	6466	6668	4949	7688	5460	5878	5254	6062	7886	4664	7886	5270	5656	5858	3638	1820	6668	4876
12	,	6868	7987	7678	6466	5868	3749	7682	5062	6678	5256	7072	6682	4264	7884	5670	5658	4246	3036	1620	6870	8286
13	,	6868	8395	6490	6466	5656	4349	7488	5060	5478	5252	6262	7482	4660	8288	5054	5460	4852	0000	1820	5664	4880
14	,	6882	8387	6060	6464	5666	4951	8288	3456	6876	0000	6470	8490	4244	8496	3856	5256	5050	3638	1222	5860	5072
15	,	7884	8787	8488	6666	5656	4553	8090	4448	5482	5254	7070	6476	4668	7682	5656	5454	4250	3438	2020	5862	7278
16	,	6870	7783	8090	6466	6668	4749	9090	5660	7880	5254	6472	8890	4250	7694	5664	5256	5054	3638	1218	5052	7892
17	,	6668	8389	8286	6466	6666	4549	4482	5660	4860	5254	6670	8890	4668	7676	5062	5458	4652	3436	2024	6068	7686
18	,	8486	7791	5280	6466	5456	4949	7888	6062	8084	5050	6264	7488	4860	7886	5664	5454	4850	3438	2222	5868	8888
19	,	6870	8387	6478	6464	5668	4953	7676	5258	8080	5254	6472	8688	4664	8284	3840	5454	4448	3440	1220	5868	7686
20	,	6668	6595	6666	6466	5656	4549	8288	4460	5480	5254	6074	7486	6472	7884	5064	5456	4248	3838	1224	5870	7678
21	,	6668	7783	7686	6466	5666	4749	7688	5462	6678	5254	7070	8890	4650	8484	3850	4854	4658	3032	2022	5460	7476
22	,	6870	6589	8286	6466	6668	4949	9090	5254	5480	5454	6072	8290	4444	7882	5056	5256	5254	3640	1212	5868	4888
23	,	6678	7781	7676	6666	5666	4545	7882	5860	7480	5252	7282	6874	6064	7678	5670	4456	5054	3440	1216	5668	4882
24	,	7072	8383	7886	6466	5656	4747	8888	6262	5266	5254	6270	7690	4664	7484	3852	4454	4650	3038	2024	5668	4850
25	,	6870	8387	7880	6484	5668	3753	8288	3462	5474	5254	6262	7690	4646	7884	5254	4456	4650	3040	1220	5870	7888
26	,	6670	7789	8486	6466	5668	4949	4474	4848	6674	5254	6474	8286	4246	7882	4040	4658	4648	3840	1222	5658	4886
27	,	6668	8787	7686	6466	5668	3749	4498	4852	5466	5454	6264	7682	5060	7878	4052	5658	4646	3440	2022	7070	7886
28	,	6868	6995	6682	6466	6668	4749	7474	6060	6468	5254	6470	7888	4664	8284	3852	5662	4252	3434	2020	5658	7682
29	,	6886	8391	5280	6464	6666	4949	7682	3458	6872	5052	7274	6678	4646	8286	3850	4454	4654	3434	1218	5870	7278
30	,	6876	8795	5266	6466	5656	4347	8290	6060	8082	5254	6470	8490	4266	7682	3856	5656	4252	3438	2020	5454	4878
31	,	6668	7777	5264	6264	5666	4347	7484	4852	8080	5052	6482	7288	4448	7486	3850	5454	4648	2038	1820	5258	8688
32	,	6868	6987	5274	6666	6668	4549	7480	4860	6466	0000	6262	6486	4266	7478	5264	4456	4246	3434	1220	5866	4878
33	,	6668	8185	8082	6666	6666	4549	7680	4458	8082	5052	6472	6488	4272	8486	5262	4658	5058	3438	1220	5660	4872
34	,	6668	8395	6074	6466	5668	4349	4476	5862	6470	5252	6270	8686	4664	7878	6264	5454	4250	3436	1224	5672	4848
35	,	6668	7781	6086	6464	5668	4349	7680	5860	6870	5254	6270	7682	4464	7886	5456	5660	2854	3440	2020	6070	7272
36	,	6868	7983	7684	6466	6868	4749	8088	6262	6680	5454	7272	6688	4646	8488	5252	4656	3842	3438	1224	7070	7886
37	,	6882	7195	7680	6466	5664	4349	8686	5056	5476	5252	6264	7684	4460	7688	6464	4456	2854	3434	1420	5870	4878
38	,	6870	8795	7680	6466	5666	4349	8082	5058	7080	5256	6274	7484	4260	7884	6470	5656	5060	3032	1220	5052	7678
39	,	6672	8383	6680	6666	6666	3747	7482	5260	6674	5254	6264	8090	4646	7884	4052	5454	2852	3034	1224	5458	7274
40	,	6886	7783	8284	6464	6668	4951	4486	5060	7070	5252	6264	6474	6060	7884	5264	5658	5458	3840	1212	5068	4876
41	,	6868	7595	6476	6464	6868	4747	8890	6666	5270	5254	7272	6482	5064	7682	3652	5656	4654	3438	2020	5870	4874
42	,	6668	7581	5282	6266	5668	4749	8284	5262	6480	5254	6470	6488	4264	8086	3856	5460	4248	3038	2224	6066	8892
43	,	7084	7781	6076	6466	5658	4345	7682	3460	5270	5454	6270	7486	4864	7884	3840	4652	4646	3234	2022	5670	7288
44	,	6870	8787	7886	6466	5456	4545	7482	5054	7074	5252	6270	8484	4246	7884	5662	4656	5454	2038	2020	5668	4892
45	,	6872	7787	6086	6466	5656	4749	7682	6060	7482	5252	7274	6490	4244	7888	5256	4454	4254	3438	2020	5466	7278
46	,	6678	7981	5266	6466	5666	4753	8082	5658	5864	5254	6264	8088	4668	7880	3852	4460	4252	3636	1212	5870	4886
47	,	6668	8389	7880	6466	6668	4549	7680	3458	7074	5252	6270	6476	4264	8284	4054	6060	4858	3638	2020	5258	7488
48	,	6870	8387	7690	6464	5656	4951	4476	4858	6684	5252	6262	6878	4660	7678	5254	5656	4858	3440	1220	5670	7278
49	,	6872	8195	8688	6466	6668	3745	7680	5858	6470	5454	6264	7678	4864	8284	3838	5660	3846	3436	1220	5658	8692
50	,	6876	6581	7884	6464	6666	4949	8084	3458	6074	5252	6072	7678	0000	7886	4052	5660	4658	3438	2022	6068	4878
51	,	6674	7795	6684	6466	5666	4349	8088	6062	7480	5252	6262	6888	7274	7484	3840	4654	4650	3036	2224	5660	7478
52	,	7476	7787	7680	6464	5666	3749	8288	4462	5478	5252	7072	6490	6674	7882	0000	4456	4652	3434	1818	5670	7288
53	,	6668	8187	6080	6464	5656	4747	7482	5860	7884	5054	6270	8488	4444	7684	3852	5860	5050	3234	1820	5870	7486
54	,	6684	8795	5274	6464	5656	4949	7690	6062	7478	5252	7072	8688	5660	8484	5656	5456	5054	3436	1220	5660	4874
55	,	6868	8181	7886	6466	6466	4551	7682	5862	5466	5054	6272	8890	4860	7882	5454	5460	5058	3640	2022	5668	6678
56	,	6684	8391	5278	6466	5466	4951	4482	0000	4860	5252	6264	7688	4446	7896	6264	5454	4658	3438	1220	5660	4874
57	,	6682	8391	5090	6464	6666	4545	8288	6060	8082	5254	7072	7290	6672	7482	5256	4458	4252	3438	1220	5660	7276
58	,	7276	7791	7886	6466	6666	4747	8888	6062	6474	5254	7074	8088	4664	7684	3840	5456	4658	3636	1824	5456	4874
59	,	6870	7777	7880	6466	5668	4545	7682	6066	5454	5254	6262	7882	4260	7688	5052	5658	4458	3444	1218	5668	4892
60	,	6668	8787	7676	6666	6666	4553	7684	5862	4854	5454	6472	7276	4866	7878	5254	5454	3858	3438	2024	5070	4876
61	,	6874	9195	7680	6666	6668	4547	8088	3460	6268	5456	6272	7476	4264	7478	3854	5456	5052	3040	1820	5256	6676
62	,	6884	8991	7680	6466	5666	4549	7682	5660	7480	5252	6470	6468	6064	7882	4040	5456	5050	3638	2024	5868	8892
63	,	6666	7783	6676	6666	5666	4349	8288	5256	6682	5252	6264	8488	4664	8084	3854	4646	4646	3436	1220	5656	7274
64	,	6878	6983	6686	6466	5656	4545	8294	6062	7280	5254	7070	7688	4674	7884	6264	5456	5052	3638	1220	5666	4866
65	,	6868	8391	8282	6466	5466	4347	7694	3448	7480	5454	7072	8284	4860	7882	3864	4456	5052	3434	1820	5258	7690
66	,	6670	7783	5090	6666	6668	4549	8286	5056	5280	5254	6262	6484	4650	7882	3850	5256	5252	3434	2020	5868	6878
67	,	6678	9595	8080	6466	5666	4749	7688	5458	7680	5454	6270	6482	4464	7882	3840	5454	4852	3840	1820	5858	8084
68	,	6868	6989	5280	0000	6668	4553	7680	5658	7480	5254	6464	6490	4664	8284	5256	5460	4854	3030	1824	5870	4880
69	,	6878	8389	7678	6464	6868	4951	7686	3450	7074	5252	6474	7682	6474	8082	6264	5660	3850	4044	1224	5054	7686
70	,	6868	8189	6082	6464	5866	4547	8486	5658	5480	5052	6264	8488	4444	7880	5254	5460	4258	3234	2024	5866	4850
71	,	6872	8395	6482	6464	5668	5151	8082	4860	6874	5256	7072	7678	4674	7486	5062	4454	4654	3440	1224	6668	6892
72	,	6868	6995	6680	6484	5668	4547	7886	5260	6068	5456	7082	6682	4660	7484	5052	4654	4254	3434	2020	5670	6474
73	,	6872	8195	7878	6466	5666	4749	7686	6062	6072	5254	7082	6472	4464	8696	5064	5656	3846	3434	1222	5668	6678
74	,	6682	8387	7486	6464	6666	3749	7482	4450	5474	5252	6264	6468	6472	7884	3864	5258	4650	3438	2022	5868	4888
75	,	6870	7983	8490	6464	5858	4349	7882	3462	6674	5252	6470	7884	4464	8496	5670	5662	3852	2238	2020	5858	7680
76	,	6872	7585	7690	6466	5664	4949	8092	5866	5464	5252	6472	7678	6466	7480	5254	5456	4650	3440	2022	5858	4892
77	,	6868	8995	6680	6466	6668	4949	8088	5658	6666	5254	6062	7290	4264	7682	5256	4454	5254	3840	2020	5270	4886
78	,	6876	8787	6064	6466	5666	4953	7680	5468	8080	5256	6282	7884	4272	8284	3852	5260	4658	3638	2022	6870	7890
79	,	6868	8395	6480	6464	5666	3749	8694	3458	6878	5254	6282	7476	4246	8284	5454	5454	4652	3638	1822	5056	6678
80	,	6868	6995	5274	6464	5666	4953	7682	5860	5860	5052	6470	6484	4666	8286	3856	5258	3850	3434	2222	5658	7272
81	,	6882	7777	6466	6466	5666	4751	7494	5862	6870	5254	6262	8290	4466	8488	0000	5254	2852	3030	1222	5058	7892
82	,	6868	8387	8086	6464	5868	4749	7682	3458	6680	5454	7072	7288	4672	8282	3856	5658	3852	3640	1222	0000	7892
83	,	6872	7785	5276	6464	5658	3745	4480	6276	5468	5454	6272	8090	6464	7884	3850	5458	4646	3436	1218	5658	7676
84	,	6872	8787	6080	6666	5656	4749	8088	4456	7080	5252	6264	8490	4648	8296	0000	5656	4850	3438	1222	5260	4850
85	,	6868	0000	6690	6466	5656	4949	7676	0000	7082	5252	0000	0000	0000	8080	4052	0000	5052	0000	2224	0000	0000
86	,	7076	9595	7680	6466	5868	4753	8288	5060	5280	5254	6262	9090	4246	8084	5456	4658	4254	3434	1220	5858	6872
87	,	7086	7981	8890	6464	5668	3747	7688	4858	8082	5454	6270	7688	4464	8284	0000	4460	4456	3638	1224	5858	4878
88	,	0000	0000	0000	6466	5454	0000	8690	0000	7880	0000	0000	0000	4244	7682	5256	0000	4858	0000	1820	0000	0000
89	,	6868	8395	6676	6466	5658	3743	4488	3460	6876	5054	7070	7676	4464	8284	0000	5862	4254	3438	2022	5870	7678
90	,	6868	8787	8284	6466	5666	3749	7688	5260	7280	5454	6274	7684	4648	7678	0000	5054	4852	3438	2222	5258	4878
91	,	7074	7983	5266	6666	5866	4349	4474	4862	6674	5052	6272	7284	4674	8486	0000	4656	0000	3440	1616	5056	7886
92	,	0000	0000	6486	6464	6668	4547	7690	0000	7482	5252	0000	0000	6464	7880	6464	0000	5454	3440	2424	5258	0000
93	,	6868	8387	7880	6464	6668	4549	8090	5056	6474	5456	7072	7290	4264	7878	3858	5658	5052	3040	1212	5468	7692
94	,	6868	6969	6276	6466	5668	4949	8082	6060	6868	5454	6274	7890	4264	8284	5464	5456	5254	3636	1820	5870	7278
95	,	7078	8395	7880	6464	6668	3753	7680	3454	5478	5254	6270	8890	6064	7678	0000	4654	4850	3440	1222	5868	7278
96	,	7086	0000	8082	6464	5868	4949	7482	5660	7680	0000	0000	0000	0000	8484	3838	0000	0000	0000	1818	0000	0000
97	,	6870	7781	7882	6464	5658	4949	7678	5460	6480	5252	7072	8690	4450	8284	5464	5656	5052	3638	2024	5868	4878
98	,	6884	8185	6290	6466	5666	3737	7686	4858	7070	5254	6272	7690	6466	7686	3852	5858	5458	3038	1220	5668	7686
99	,	6874	6583	7680	6464	6666	4953	8082	5858	5480	5456	6474	6472	4650	7682	5454	4854	5858	2034	2020	6066	4848
100	,	6676	6583	7880	6466	5666	3743	7694	3456	4884	5454	7072	7276	4650	7686	7070	5256	5058	3438	1214	6668	4878
101	,	6874	8391	7880	6466	6666	4547	8488	6060	8080	5254	6262	7888	4668	8086	3850	5454	5860	3434	1820	5870	4878
102	,	6870	8789	8080	6464	5658	4953	7476	4862	5252	5254	6264	7678	4674	8488	3856	5656	4852	3434	1212	5252	7292
103	,	6870	7783	7878	6466	5656	4749	7482	6062	8080	5254	6270	7882	4668	8681	4064	5454	4246	3436	1220	5668	7292
104	,	7082	7987	5064	6466	6668	4749	7890	6062	8080	5052	6264	6884	4648	7880	3854	4454	4652	3440	1824	6070	6886
105	,	6672	8383	8080	6666	6666	3749	4480	5258	7480	5254	6464	7478	4460	7680	5254	5456	4648	3838	2020	0000	4890
106	,	6872	8591	8282	6464	6666	4949	7688	5662	4878	5254	6470	7886	4252	8086	3840	5458	4646	2236	1224	5058	7892
107	,	6876	9595	8084	6466	5656	3747	8286	3462	7080	5050	6474	7482	6466	8282	3838	4456	5252	3434	1218	5870	4872
108	,	6874	8391	7682	6464	5666	4949	7282	5860	5480	5252	6482	8290	4666	7878	5062	5456	5052	3438	1820	5868	6872
109	,	6868	7595	6080	6464	5668	4545	7476	6062	4878	5254	6270	7684	4664	8282	4062	5660	4650	3844	1820	5858	6868
110	,	6870	8391	6490	6264	5868	4553	8688	6276	6880	5254	7070	8690	4646	7884	4052	5454	4658	3840	1220	5668	7886
111	,	6870	8383	8086	6466	6666	3749	8080	3456	5878	5254	6270	6490	4666	8486	5656	4658	5052	3440	1820	5658	7892
112	,	6874	8183	6264	6466	6668	4953	8088	4862	4878	5454	6474	6476	4242	8486	4044	5658	4848	3034	1820	6266	4866
113	,	6868	6983	8090	6464	5868	4547	7884	6062	5478	5252	6464	7284	5064	7882	3852	5456	4254	3434	2020	5658	4878
114	,	6668	8389	5282	6466	6668	4949	7882	5860	7078	5254	7274	7688	4446	8484	3862	5658	3850	3438	1222	5258	4868
115	,	6870	7577	8282	6466	5668	4749	4478	5456	7480	5254	7072	8290	4446	8084	0000	4658	4850	3440	1220	5458	7676
116	,	6868	8195	5276	6466	6468	4351	8290	5266	5468	5254	6464	7276	4650	7880	6470	5454	5050	3438	2022	5870	6888
117	,	6868	8395	6676	6466	6668	5153	8286	5660	6468	5054	6272	7690	4664	7684	4056	5458	3838	3844	1224	5870	4888
118	,	6884	6579	6478	6464	6668	4349	8888	3434	6078	5454	7282	8484	5064	7884	6464	4654	3852	3638	1222	7070	6678
119	,	6668	8787	6284	6464	5656	4949	7688	5258	6670	5254	6264	7480	4264	8296	3852	5254	5058	3440	1220	0000	4876
120	,	6666	7791	7680	6464	5668	3747	8282	5262	4878	5254	6262	6878	4260	8080	5670	4654	5254	3436	1824	0000	7278
121	,	6868	8183	6080	6464	5668	3749	4486	5876	5260	5254	7070	7290	4246	8082	4064	5660	4652	3238	1220	0000	4874
122	,	6868	8185	7480	6666	5468	4949	8898	3460	5870	5254	7072	7890	4664	8484	0000	4454	4254	3440	1222	0000	7676
123	,	6886	7985	7882	6464	5866	4949	7686	6262	5468	5052	6272	7688	4664	7884	5252	5454	5060	3234	2020	0000	7682
124	,	6668	6569	6090	6464	5664	4951	8082	5658	5454	5254	6272	7288	4460	7474	6264	5656	4246	0000	2024	0000	7892
125	,	6670	6591	5278	6464	5656	4749	8688	6262	5280	5454	6472	6484	4248	7880	3670	4454	4858	3438	1820	0000	7488
126	,	6868	7781	6076	6466	6868	4751	8298	5666	5274	5254	6672	8288	4460	8286	6464	5660	5054	2234	2222	0000	7282
127	,	6670	7581	7680	6466	6468	4749	8292	5660	7070	5254	6272	8282	4664	7682	3870	5454	4646	3638	1224	0000	6678
128	,	6876	7995	6476	6464	5658	4953	4476	4458	4880	5252	7074	8088	4864	7882	5052	5058	3850	3840	0000	0000	7682
129	,	7676	7583	6084	6464	6666	4345	4476	5662	5682	5252	7070	6482	4266	7488	5454	5454	5858	3438	1218	0000	7884
130	,	6874	7783	8484	6464	5658	5153	8088	5458	6468	5254	6270	8890	4660	7884	5056	5656	5050	3036	1220	0000	4848
131	,	6876	8387	5264	6464	5668	4347	8298	5860	8080	5454	6274	7678	4264	7882	3862	5054	4448	3434	2020	0000	7272
132	,	7078	8595	7880	6464	6668	5153	8294	4850	4860	5254	6270	7884	4274	7878	5470	5656	4852	3438	1820	0000	7678
133	,	6872	8995	7476	6464	5658	3747	7480	6060	7080	5254	6270	7284	6464	8088	3840	5462	4850	3038	1818	0000	7276
134	,	6668	8183	7484	6684	5656	3749	8294	3452	7274	5254	6270	8890	5064	7880	5252	5454	5050	3438	1820	0000	8290
135	,	7274	7983	8690	6464	5466	4347	8082	6062	5254	5254	6270	7488	4446	7678	5662	5456	5050	3234	2022	0000	7890
136	,	6676	8389	7478	6466	5458	3749	8082	3450	5474	5454	6274	6472	6474	7880	3844	6062	4850	3840	1218	0000	7878
137	,	7078	6983	6482	6466	6666	4345	8082	4454	4854	5254	6470	6684	6464	7884	5264	5460	4258	3436	1220	0000	6872
138	,	7476	6583	5266	6666	5666	3747	7676	6066	5482	5254	6272	8490	4264	7684	3638	5660	5056	3038	2024	0000	4868
139	,	6668	8183	7476	6464	6668	3745	7480	5256	6676	5454	6262	8488	4472	8082	5454	5456	5058	3838	1620	0000	7482
140	,	7476	8395	8090	6466	5664	4949	8082	5658	4866	5252	6264	7886	4646	8488	5052	5660	4852	3030	1222	0000	4892
141	,	6872	6583	7680	6684	5466	4553	8290	5258	5664	5252	7072	7488	6064	7884	6064	5454	5460	3440	1822	0000	7688
142	,	7284	7781	7676	6464	6466	3749	7680	6060	7680	5054	6272	8288	4660	7888	6264	4650	4250	3438	2024	0000	4876
143	,	6870	9595	7684	6666	5868	4545	8082	6062	7678	5254	6272	7276	4660	8484	4062	5656	5052	2034	1824	5670	6886
144	,	6668	7795	6076	6466	5656	4949	8088	5662	4872	5254	0000	7690	0000	7882	5270	5454	4252	3840	2022	5860	6878
145	,	6676	8383	5292	6466	6466	4545	7698	6062	6882	5252	6470	0000	4264	7688	5456	5456	4650	3038	1222	5866	7878
146	,	6668	8387	7682	6466	5656	4951	8286	5662	7078	5254	6282	7884	4248	7684	5052	4456	3850	3838	1822	5668	6692
147	,	6872	7795	6078	6464	6868	4549	7476	3460	6880	5254	6262	7690	4648	7488	4062	4460	5058	3438	2020	5658	6680
148	,	6878	8395	5084	6266	6666	4551	8086	5260	4860	5254	0000	8288	4264	7484	5454	5458	4446	3636	1822	5858	4876
149	,	6684	8395	6484	6464	5668	4547	8082	5056	6876	5052	6272	8088	4248	7686	3650	5454	5458	3840	1222	5466	7486
150	,	7070	8791	7884	6464	5456	4749	8282	5860	6674	5252	6272	7682	4660	7676	5464	4656	5254	3038	1624	5860	5068
151	,	6668	8187	5266	6466	6668	4749	7880	5254	6680	5254	6474	7274	4660	7884	3856	0000	5858	3434	1224	5868	7686
152	,	6876	8395	7484	6466	5658	4949	7686	5258	5484	5454	6282	9090	4648	7878	3844	5454	5052	3440	1212	5658	7276
153	,	8286	7783	5278	6466	5668	4753	7880	5860	6070	5252	6474	8486	6472	7884	5252	5660	4854	3438	1212	5470	7272
154	,	6884	8183	6290	6464	6668	3749	7486	5454	5468	5252	6470	7684	4664	7880	5670	5860	4246	3034	1822	5666	7492
155	,	6878	8991	7890	6464	5668	4547	4476	6060	6674	5252	6270	6476	6464	8696	5262	5656	2858	3440	2022	6870	7276
156	,	6872	8183	8080	6466	6666	3749	8894	5662	5274	5254	6472	7284	4246	7480	3852	5456	4254	3636	1822	6668	7688
157	,	6876	7777	8080	6466	6668	4949	7680	5462	7476	5054	7072	7884	4446	8486	5252	5656	5050	3434	2020	5658	7878
158	,	6872	7995	7680	6464	5666	4949	7678	5658	5860	5252	6272	7890	4446	7884	5262	5656	4860	3638	1222	6066	7690
159	,	7686	8183	7480	6464	5658	3753	8086	5662	7884	5254	6264	7688	4860	7678	7070	5456	5858	3838	2022	6064	4886
160	,	7286	6579	7680	6668	5868	4953	7888	5260	7478	5054	6282	0000	4664	7482	4050	4454	4854	3234	1220	5658	7492
161	,	6884	9595	7478	6464	5656	4549	7680	6062	4884	5054	6266	7690	4664	7882	4054	4456	0000	3038	2020	0000	0000
162	,	6878	8385	6476	6464	5668	4949	7484	3460	6680	5254	6270	8484	4874	7482	3854	5254	4650	3438	1220	5870	4882
163	,	8284	8383	6686	6464	5656	4747	7482	5662	6080	5454	6274	7688	6468	7482	5254	5254	5052	3040	1822	6670	4874
164	,	7884	7989	6076	6466	6466	4549	7680	3460	7680	5252	6264	7490	6464	7880	3870	5454	5252	3636	2022	5862	5078
165	,	6868	8995	6490	6464	5456	3747	8282	5660	6880	5252	6470	7490	4648	8490	3864	0000	5050	3436	2020	0000	7292
166	,	6868	8387	8082	6668	6668	4549	8694	3448	6880	5454	6270	7690	4246	7480	5670	5462	5050	3840	1220	0000	8282
167	,	6874	8395	8890	6466	6668	4747	8082	5656	6868	5254	6470	6888	4860	7884	5264	4456	4250	3434	1212	0000	7474
168	,	6868	9595	7890	0000	5658	4549	7894	5260	5864	5254	7070	8288	4664	7884	5464	5460	5256	0000	2024	5666	8692
169	,	6872	7795	6688	6666	6666	4949	8086	4852	6874	5254	6282	8284	4668	7878	3852	4456	4448	3234	1820	5866	8088
170	,	6872	7787	8084	6464	5458	4953	4486	5660	8084	5254	7070	7690	4668	7882	3850	5458	4848	3032	2222	5870	5072
171	,	6882	6581	6676	6466	5664	4551	7686	3456	6672	5254	7474	7884	4446	7682	5052	4454	5052	3032	1224	5668	8286
172	,	7886	8395	7878	6464	5658	4747	8688	4852	6474	5052	6472	7484	4446	7688	5262	5658	3842	4040	1218	5058	7886
173	,	6876	6583	6676	6464	5658	4953	7692	6262	7476	5254	6274	9090	4866	7678	5662	5458	4652	3640	1222	5668	7092
174	,	6868	8589	8490	6466	5866	4949	8080	5666	7074	5252	7070	7684	4674	8488	5056	5458	5454	3440	2224	5070	4886
175	,	6878	7787	7686	6464	5666	4351	8082	5660	5456	5254	6270	8688	4664	7476	3852	5660	4850	3440	2020	5670	4892
176	,	7278	8185	7686	6464	6666	3749	7882	6060	5454	5254	6470	6476	4664	8082	5052	5860	5050	3838	1218	5662	4866
177	,	6868	6565	7878	6266	6666	4951	7682	4856	6474	5252	7070	7888	4864	7896	3838	5456	5052	3638	1212	5458	4848
178	,	6872	8189	7882	6684	5456	3753	7686	4454	8284	5052	6264	8890	4664	7884	4052	5454	5254	3438	1220	5866	7274
179	,	6882	6581	6676	6466	5664	4551	7686	3456	6672	5254	7474	7884	4446	7682	5052	4454	5052	3032	1224	5668	8286
180	,	6874	8389	7676	6466	5656	4549	7480	5060	5280	5254	6270	7290	4466	7886	3852	4446	5252	3438	1624	5056	6666
181	,	6876	6983	5272	6466	6666	4951	8098	5260	5284	5254	7072	8490	4446	8688	5056	5658	4258	3638	1818	5666	8688
182	,	6668	8187	7690	6464	6466	4747	7682	5658	7280	5454	6274	8090	4446	7678	5256	5656	3852	3034	1620	5860	7278
183	,	7682	7783	8082	6464	5668	4949	7680	4856	6680	5254	6264	7272	4648	8688	3862	4454	4658	3040	2020	5658	7878
184	,	6870	8189	6666	6684	6666	4751	7680	5262	7076	5254	6262	7888	4246	8084	6464	5454	4850	3038	1624	5866	6686
185	,	7284	7777	8290	6464	5666	4949	8294	5054	5468	5254	6470	7886	4674	8086	6262	5860	2838	3440	2022	6066	4882
186	,	7278	8395	6676	6666	6668	4349	8686	3462	7278	5252	6270	8490	6068	7884	4052	4458	4654	3434	1820	5460	4848
187	,	6882	8383	5282	6466	5656	4747	7280	6066	7074	5256	6264	6882	4468	8284	5262	5454	5058	3440	1820	5066	7878
188	,	6878	8183	6682	6464	5456	4749	8688	5660	7274	5054	7282	7888	4274	7886	5054	5456	4258	3238	2222	6870	4886
189	,	6868	8389	7882	6464	5668	4547	8088	5460	6468	5252	6472	8486	4464	8088	3870	5456	4242	3436	1220	5868	8288
190	,	6868	8787	6682	6464	6868	4549	8286	5256	7484	5456	6282	7890	5066	7474	4050	5456	5050	3436	2022	5866	7488
191	,	6668	8383	7682	6466	5466	4549	8088	5860	7280	5252	7072	6684	6674	7684	5050	5656	3846	3844	1820	5870	4872
192	,	6672	7787	7878	6466	5668	4951	4486	6060	6880	5254	6472	8288	4646	7884	5662	4454	5052	3838	1216	6068	6874
193	,	6878	8795	6078	6466	6668	4553	7676	4450	5468	5252	7282	8690	4664	7882	5454	5656	4650	3038	1212	5670	5076
194	,	6868	8183	8286	6466	5668	4353	8282	6266	6080	5254	7072	7690	4264	9696	3854	5662	4458	3440	1224	6070	7276
195	,	6870	8795	6084	6264	5668	4749	8082	5860	8484	5252	6264	7884	4878	7878	3856	5454	2854	0000	1214	5858	7478
196	,	6868	8795	7690	6666	5666	4551	7676	6062	5860	5256	6270	7680	4864	7684	5254	5456	4658	3840	1820	5666	7678
197	,	6868	8991	6472	6464	5656	4549	7680	6062	6668	5252	6262	6476	4446	8282	3862	5456	5052	3640	2020	5254	5068
198	,	6886	9595	7880	6464	5658	4949	7678	4860	6674	5254	6264	8288	6466	8284	5052	4656	4852	3640	1224	5870	4878
199	,	6868	7795	7678	6466	5656	4749	8080	3466	6072	5052	6264	6488	4648	8082	4050	5454	3850	3440	1212	5660	7278
200	,	6668	8187	7676	6464	5668	3749	4490	5260	8080	5254	6264	7288	4664	8484	5256	5456	4658	3840	2022	5868	4848
201	,	7072	8387	7680	6464	5864	4549	4476	5060	8080	5256	6264	8488	4246	8284	5062	5256	4650	3436	1220	5666	4882
202	,	6670	9195	5084	6466	6466	4549	8084	5660	6884	5254	7072	7688	4246	8484	3862	4456	4650	3434	1216	5068	7286
203	,	6666	8195	7280	6464	5668	3745	7686	3434	6666	5256	6262	0000	4650	8496	0000	5656	4848	3434	1212	7070	0000
204	,	6682	7785	6066	6466	5666	4549	8686	4460	6276	5254	6274	7686	6874	8284	3856	5660	4856	3640	1218	5658	7678
205	,	7276	8383	5082	6466	5466	4747	8888	4462	5474	5252	6270	6876	4464	8084	4040	5256	5058	3436	1220	5056	7278
206	,	6668	7991	8486	6484	6668	4949	8094	5858	5466	5254	6470	7282	4246	7682	3838	5454	3838	3234	1216	5862	6692
207	,	6882	8795	7676	6464	5456	4553	8690	5660	7878	5252	6270	7474	4664	7482	5456	5454	3650	3838	1218	5460	4882
208	,	7276	8383	5082	6466	5466	4747	8888	4462	5474	5252	6270	6876	4464	8084	4040	5256	5058	3436	1220	5056	7278
209	,	6668	7577	6680	6466	6468	4551	7676	5662	6084	5254	7070	7882	6472	7884	3652	4652	5458	3438	1220	5470	7692
210	,	6670	8183	6066	6464	6868	4749	7476	6262	7084	5254	7074	0000	4664	8082	3650	5656	4658	3038	1218	5456	4892
211	,	7274	8183	8084	6262	5666	4751	7682	5056	7074	5052	7474	7684	4246	7884	3844	4856	4852	2234	2020	5858	7292
212	,	6886	8795	5278	6466	5656	5153	7680	5252	7880	5656	6274	7880	4666	7882	5858	4446	4258	3438	1220	5660	7474
213	,	6882	8389	6678	6464	6466	4545	7482	6060	7074	5252	7070	6478	6466	7882	5254	5454	4454	3438	1224	7072	7686
214	,	6882	8395	7476	6264	5656	5151	8082	5260	5466	5252	7070	7690	4246	8282	3854	5458	5858	3436	1820	5456	7478
215	,	6668	8387	7678	6464	5668	4547	8094	6060	5478	5254	7072	7290	4646	7678	3864	5454	4252	2040	2020	5070	4886
216	,	6868	7783	6466	6466	5666	4949	7688	6060	6080	5252	6270	6488	4664	8282	5664	5458	5860	3638	1218	5058	7492
217	,	6872	8387	7878	6466	5666	4749	8088	5262	6868	5254	6282	6868	6464	7882	3858	5460	4660	3636	1224	5858	6674
218	,	6870	8795	6076	6466	6468	4749	7682	5254	8082	5254	6264	7286	6466	7888	3852	4444	4242	3638	1222	5858	7278
219	,	7684	7783	6478	6464	6666	4953	7490	6060	5880	5254	6282	7486	4646	8080	6470	4456	3852	3840	2022	5868	8288
220	,	6872	8195	7686	6466	6668	3747	8086	5862	5482	5252	6270	6476	6464	7480	3870	4448	4848	3034	1216	5056	4848
221	,	6876	6589	7888	6464	5656	4749	8292	6066	5278	5252	6270	6872	4446	8488	5254	5454	4850	3838	1222	5860	7274
222	,	6874	7781	8082	6466	5658	4749	8294	5660	7280	5052	6472	6676	4668	7882	6464	4660	5052	3840	1820	5060	7276
223	,	0000	0000	0000	6666	5666	0000	0000	0000	0000	0000	0000	0000	0000	0000	0000	0000	0000	0000	0000	0000	0000
224	,	7878	8387	5286	6466	5666	3745	8288	5458	4864	5052	6472	8290	4664	8082	5252	0000	4454	3440	1220	5860	8288
225	,	6868	8995	8290	6464	5666	4751	8288	5460	7682	5254	6472	7890	4464	7880	5456	5456	4242	3434	1220	5058	7682
226	,	6682	8387	7480	6464	6668	4547	8282	5656	5680	5254	6470	8084	4666	7882	5656	5460	4658	3640	1222	5858	7482
227	,	6878	9595	6690	6466	6668	4749	8282	4856	5464	5454	6264	7884	6674	8284	5050	5454	4852	3640	1222	5056	7482
228	,	7676	8391	6480	6466	5668	4749	7486	4452	5254	5052	6270	6688	4674	7880	6262	4456	5050	3240	1220	5270	7888
229	,	6878	8389	7684	6466	6466	4749	8890	5660	6880	5252	6472	7882	6464	8288	5056	5458	4258	3438	2222	5858	7272
230	,	6682	8787	7690	6464	6666	4349	8288	5260	6478	5254	6472	7684	4264	8084	5462	5458	4850	3840	1220	5058	7274
231	,	6882	6595	7682	6466	6868	4953	8892	4460	6680	5252	6262	7888	6466	7888	5256	5860	4244	3434	1820	5666	7478
232	,	6882	7783	8090	6464	6668	4749	8894	5052	7880	5252	6270	7684	4646	8288	3852	5458	5058	3636	2020	5868	7278
233	,	6868	7795	7682	6466	5656	4545	8292	5860	5484	0000	6262	8288	4246	8494	3852	5456	5858	3436	1824	5866	4874
234	,	6874	6983	7282	6466	5668	3745	7682	5460	6080	5254	6262	8688	4248	8288	3838	5454	4250	4044	2224	5660	5074
235	,	6678	7791	8490	6464	6666	4949	7682	4856	5480	5252	7474	8290	6060	7486	3852	5656	5052	3638	1224	5658	5078
236	,	6868	6579	7678	6464	5656	4753	7682	5254	6084	5254	6274	6872	4660	7680	3854	4654	4858	3038	2020	5270	4878
237	,	6878	8195	7678	6266	5656	4951	8082	5060	5470	5254	6264	8488	4246	7896	5454	5660	4852	3638	1224	5068	4866
238	,	6874	7787	7478	6464	5666	4547	8690	6062	5272	5252	6474	7290	4474	8088	5052	5454	4858	3444	1220	5666	4872
239	,	6868	6595	6466	6464	5668	4549	8294	5662	7072	5254	6474	7484	6464	7882	5252	4452	4652	3434	1212	5870	7688
240	,	6868	8787	7878	6466	5866	3749	8288	5658	5478	5052	6264	7682	6464	8082	4054	5458	5052	3838	2024	5070	4890
241	,	6872	7783	7890	6464	5466	4951	8282	4444	6876	5252	6470	8490	4450	8286	3862	4454	3854	3438	2020	5468	4888
242	,	6872	7783	7478	6466	5866	4749	7682	6262	6874	5254	6270	8490	4650	7482	4040	5252	4252	3234	1220	7070	7688
243	,	6872	6583	5266	6464	6868	4547	8888	5262	7480	5252	6270	7888	4248	7878	3838	5458	4650	3438	1620	5858	5078
244	,	6868	8389	6486	6466	5656	4551	8694	4860	7680	5054	7074	7882	6074	8284	5052	4656	5058	3438	1212	5668	5074
245	,	6882	7791	7680	6466	5668	4549	8486	5258	6070	5252	6262	9090	6464	8082	5656	5656	5052	3638	1220	5058	4866
246	,	7086	6983	7680	6666	6668	4749	7682	5054	4882	5252	6272	7684	4264	8486	5456	5252	4850	3040	1820	5670	7878																					
																						
																						
																						
																						
																						
																						
																						
																						
																						
																						
																						
																						
																						
																						
																						
																						
																						
																						
																						
																						
																						
																						
																						
																						
																						
																						
																						
																						
																						
																						
																						
																						
																						
																						
																						
																						
																						
																						
																						
																						
																						
																						
																						
																						
																						
																						
																						
																						
																						
																						
																						
																						
																						
																						
																						
																						
																						
																						
																						
																						
																						
																						
																						
																						
																						
																						
																						
																						
																						
																						
																						
																						
																						
																						
																						
																						
																						
																						
																						
																						
																						
																						
																						
																						
																						
																						
																						
																						
																						
																						
																						
																						
																						
																						
																						
																						
																						
																						
																						
																						
																						
																						
																						
																						
																						
																						
																						
																						
																						
																						
																						
																						
																						
																						
																						
																						
																						
																						
																						
																						
																						
																						
																						
																						
																						
																						
																						
																						
																						
																						
																						
																						
																						
																						
																						
																						
																						
																						
																						
																						
																						
																						
																						
																						
																						
																						
																						
																						
																						
																						
																						
																						
																						
																						
																						
																						
																						
																						
																						
																						
																						
																						
																						
																						
																						
																						
																						
																						
																						
																						
																						
																						
																						
																						
																						
																						
																						
																						
																						
																						
																						
																						
																						
																						
																						
																						
																						
																						
																						
																						
																						
																						
																						
																						
																						
