

----------------------------------------------------
STRUCTURE by Pritchard, Stephens and Donnelly (2000)
     and Falush, Stephens and Pritchard (2003)
       Code by Pritchard, Falush and Hubisz
             Version 2.3.4 (Jul 2012)
----------------------------------------------------



Command line arguments:   /usr/local/bin/structure -m parameter_job_T5_4 
Input File:    /home/martin/bottleneck/structure_analysis/structure_4/data_job_T5_4

Run parameters:
   492 individuals
   8 loci
   5 populations assumed
   10000 Burn-in period
   100000 Reps


--------------------------------------------
Proportion of membership of each pre-defined
 population in each of the 5 clusters

Given    Inferred Clusters                     Number of
 Pop       1      2      3      4      5      Individuals

  1:     0.198  0.199  0.196  0.208  0.198      492
--------------------------------------------

Allele-freq. divergence among pops (Net nucleotide distance),
computed using point estimates of P.

      1       2       3       4       5      
 1      -    0.0270  0.0448  0.0420  0.0235  
 2   0.0270     -    0.0363  0.0390  0.0009  
 3   0.0448  0.0363     -    0.0478  0.0306  
 4   0.0420  0.0390  0.0478     -    0.0329  
 5   0.0235  0.0009  0.0306  0.0329     -    

Average distances (expected heterozygosity) between individuals in same cluster:
cluster  1  : 0.7689 
cluster  2  : 0.8026 
cluster  3  : 0.7689 
cluster  4  : 0.7659 
cluster  5  : 0.8173 

--------------------------------------------
Estimated Ln Prob of Data   = -16524.5
Mean value of ln likelihood = -15123.3
Variance of ln likelihood   = 2802.5
Mean value of alpha         = 0.1436

Mean value of Fst_1         = 0.0607
Mean value of Fst_2         = 0.0221
Mean value of Fst_3         = 0.0541
Mean value of Fst_4         = 0.0656
Mean value of Fst_5         = 0.0165


Inferred ancestry of individuals:
        Label (%Miss) Pop:  Inferred clusters
  1        1    (0)    1 :  0.106 0.065 0.670 0.075 0.083 
  2        2    (0)    1 :  0.696 0.074 0.098 0.068 0.064 
  3        3    (0)    1 :  0.164 0.453 0.063 0.052 0.268 
  4        4   (12)    1 :  0.039 0.063 0.747 0.084 0.067 
  5        5    (0)    1 :  0.046 0.059 0.800 0.032 0.064 
  6        6   (12)    1 :  0.168 0.387 0.075 0.086 0.283 
  7        7    (0)    1 :  0.451 0.214 0.066 0.101 0.168 
  8        8    (0)    1 :  0.038 0.048 0.804 0.060 0.050 
  9        9   (37)    1 :  0.105 0.506 0.050 0.036 0.302 
 10       10    (0)    1 :  0.043 0.082 0.733 0.044 0.098 
 11       11    (0)    1 :  0.068 0.078 0.043 0.716 0.095 
 12       12    (0)    1 :  0.484 0.079 0.302 0.057 0.078 
 13       13    (0)    1 :  0.160 0.104 0.281 0.308 0.147 
 14       14    (0)    1 :  0.082 0.315 0.289 0.072 0.242 
 15       15    (0)    1 :  0.162 0.339 0.058 0.149 0.293 
 16       16   (87)    1 :  0.085 0.097 0.377 0.331 0.111 
 17       17   (37)    1 :  0.282 0.072 0.065 0.504 0.078 
 18       18    (0)    1 :  0.129 0.078 0.635 0.071 0.087 
 19       19    (0)    1 :  0.183 0.324 0.108 0.127 0.258 
 20       20    (0)    1 :  0.074 0.232 0.417 0.070 0.208 
 21       21    (0)    1 :  0.066 0.122 0.511 0.161 0.140 
 22       22   (25)    1 :  0.053 0.334 0.109 0.121 0.382 
 23       23    (0)    1 :  0.745 0.073 0.040 0.074 0.068 
 24       24    (0)    1 :  0.180 0.336 0.039 0.051 0.393 
 25       25    (0)    1 :  0.046 0.081 0.085 0.688 0.099 
 26       26    (0)    1 :  0.588 0.150 0.076 0.048 0.139 
 27       27    (0)    1 :  0.051 0.137 0.433 0.208 0.172 
 28       28    (0)    1 :  0.102 0.244 0.048 0.292 0.313 
 29       29    (0)    1 :  0.159 0.404 0.117 0.044 0.276 
 30       30    (0)    1 :  0.110 0.279 0.083 0.163 0.365 
 31       31    (0)    1 :  0.334 0.148 0.077 0.268 0.173 
 32       32    (0)    1 :  0.083 0.330 0.061 0.117 0.408 
 33       33   (12)    1 :  0.175 0.212 0.051 0.351 0.211 
 34       34   (62)    1 :  0.237 0.174 0.104 0.280 0.206 
 35       35   (37)    1 :  0.118 0.117 0.603 0.039 0.123 
 36       36    (0)    1 :  0.143 0.372 0.055 0.061 0.370 
 37       37    (0)    1 :  0.205 0.113 0.105 0.469 0.109 
 38       38    (0)    1 :  0.147 0.315 0.038 0.046 0.454 
 39       39    (0)    1 :  0.050 0.241 0.353 0.126 0.229 
 40       40    (0)    1 :  0.079 0.066 0.051 0.724 0.079 
 41       41    (0)    1 :  0.135 0.358 0.149 0.049 0.310 
 42       42    (0)    1 :  0.195 0.155 0.047 0.466 0.137 
 43       43    (0)    1 :  0.842 0.064 0.022 0.027 0.045 
 44       44    (0)    1 :  0.683 0.119 0.032 0.077 0.088 
 45       45    (0)    1 :  0.048 0.066 0.756 0.071 0.059 
 46       46    (0)    1 :  0.758 0.075 0.036 0.065 0.065 
 47       47    (0)    1 :  0.062 0.088 0.707 0.054 0.089 
 48       48    (0)    1 :  0.122 0.414 0.045 0.085 0.333 
 49       49    (0)    1 :  0.270 0.211 0.145 0.055 0.319 
 50       50    (0)    1 :  0.066 0.138 0.470 0.105 0.221 
 51       51    (0)    1 :  0.090 0.225 0.167 0.195 0.323 
 52       52   (12)    1 :  0.078 0.088 0.071 0.668 0.094 
 53       53    (0)    1 :  0.053 0.322 0.084 0.061 0.480 
 54       54    (0)    1 :  0.147 0.110 0.499 0.096 0.148 
 55       55    (0)    1 :  0.163 0.097 0.125 0.512 0.104 
 56       56    (0)    1 :  0.251 0.262 0.053 0.135 0.299 
 57       57    (0)    1 :  0.437 0.231 0.061 0.043 0.228 
 58       58    (0)    1 :  0.200 0.425 0.042 0.043 0.291 
 59       59    (0)    1 :  0.088 0.427 0.060 0.052 0.373 
 60       60    (0)    1 :  0.223 0.309 0.106 0.067 0.294 
 61       61    (0)    1 :  0.034 0.052 0.066 0.784 0.064 
 62       62    (0)    1 :  0.173 0.460 0.037 0.054 0.276 
 63       63    (0)    1 :  0.041 0.105 0.565 0.146 0.142 
 64       64    (0)    1 :  0.077 0.268 0.157 0.077 0.421 
 65       65    (0)    1 :  0.095 0.242 0.041 0.250 0.371 
 66       66    (0)    1 :  0.075 0.169 0.433 0.096 0.227 
 67       67    (0)    1 :  0.669 0.098 0.056 0.092 0.086 
 68       68    (0)    1 :  0.182 0.406 0.057 0.067 0.287 
 69       69    (0)    1 :  0.023 0.041 0.836 0.053 0.047 
 70       70   (12)    1 :  0.546 0.243 0.026 0.027 0.157 
 71       71   (25)    1 :  0.058 0.396 0.113 0.051 0.382 
 72       72    (0)    1 :  0.195 0.380 0.116 0.046 0.263 
 73       73    (0)    1 :  0.097 0.042 0.712 0.101 0.048 
 74       74    (0)    1 :  0.059 0.299 0.195 0.066 0.382 
 75       75    (0)    1 :  0.041 0.074 0.069 0.737 0.079 
 76       76    (0)    1 :  0.435 0.162 0.127 0.101 0.175 
 77       77   (25)    1 :  0.092 0.443 0.098 0.072 0.294 
 78       78    (0)    1 :  0.126 0.088 0.052 0.629 0.104 
 79       79    (0)    1 :  0.049 0.061 0.144 0.689 0.058 
 80       80    (0)    1 :  0.145 0.427 0.042 0.049 0.338 
 81       81    (0)    1 :  0.040 0.234 0.274 0.067 0.384 
 82       82    (0)    1 :  0.196 0.126 0.316 0.203 0.160 
 83       83    (0)    1 :  0.215 0.372 0.107 0.061 0.245 
 84       84    (0)    1 :  0.140 0.304 0.195 0.110 0.250 
 85       85    (0)    1 :  0.078 0.109 0.657 0.045 0.111 
 86       86   (12)    1 :  0.325 0.215 0.127 0.125 0.207 
 87       87    (0)    1 :  0.222 0.256 0.109 0.079 0.335 
 88       88    (0)    1 :  0.185 0.316 0.078 0.123 0.299 
 89       89    (0)    1 :  0.051 0.056 0.048 0.791 0.054 
 90       90    (0)    1 :  0.700 0.092 0.051 0.052 0.106 
 91       91    (0)    1 :  0.033 0.164 0.122 0.461 0.220 
 92       92    (0)    1 :  0.677 0.090 0.108 0.046 0.078 
 93       93    (0)    1 :  0.117 0.266 0.069 0.071 0.476 
 94       94    (0)    1 :  0.069 0.156 0.517 0.058 0.199 
 95       95    (0)    1 :  0.150 0.313 0.068 0.057 0.412 
 96       96    (0)    1 :  0.040 0.145 0.046 0.588 0.181 
 97       97    (0)    1 :  0.800 0.071 0.034 0.040 0.055 
 98       98    (0)    1 :  0.088 0.155 0.070 0.533 0.154 
 99       99    (0)    1 :  0.175 0.255 0.055 0.255 0.259 
100      100    (0)    1 :  0.032 0.047 0.062 0.810 0.050 
101      101    (0)    1 :  0.084 0.496 0.074 0.052 0.293 
102      102    (0)    1 :  0.034 0.290 0.086 0.110 0.480 
103      103    (0)    1 :  0.297 0.291 0.081 0.082 0.249 
104      104    (0)    1 :  0.072 0.040 0.062 0.784 0.042 
105      105    (0)    1 :  0.052 0.039 0.039 0.828 0.043 
106      106    (0)    1 :  0.082 0.307 0.102 0.038 0.472 
107      107    (0)    1 :  0.085 0.067 0.734 0.037 0.077 
108      108    (0)    1 :  0.026 0.033 0.056 0.845 0.040 
109      109    (0)    1 :  0.106 0.082 0.065 0.667 0.080 
110      110    (0)    1 :  0.510 0.089 0.139 0.174 0.087 
111      111    (0)    1 :  0.083 0.098 0.099 0.573 0.148 
112      112    (0)    1 :  0.076 0.116 0.596 0.092 0.119 
113      113    (0)    1 :  0.582 0.100 0.051 0.174 0.094 
114      114    (0)    1 :  0.436 0.060 0.057 0.383 0.063 
115      115    (0)    1 :  0.033 0.095 0.692 0.044 0.136 
116      116    (0)    1 :  0.041 0.120 0.632 0.044 0.163 
117      117    (0)    1 :  0.210 0.364 0.049 0.072 0.305 
118      118    (0)    1 :  0.067 0.099 0.621 0.088 0.124 
119      119    (0)    1 :  0.056 0.200 0.073 0.471 0.200 
120      120    (0)    1 :  0.161 0.267 0.088 0.067 0.417 
121      121    (0)    1 :  0.104 0.401 0.049 0.060 0.386 
122      122   (50)    1 :  0.478 0.161 0.062 0.080 0.218 
123      123    (0)    1 :  0.783 0.077 0.042 0.035 0.063 
124      124    (0)    1 :  0.295 0.309 0.048 0.062 0.286 
125      125    (0)    1 :  0.652 0.061 0.174 0.053 0.060 
126      126    (0)    1 :  0.098 0.433 0.123 0.064 0.283 
127      127   (25)    1 :  0.116 0.302 0.103 0.132 0.347 
128      128    (0)    1 :  0.085 0.092 0.128 0.574 0.122 
129      129    (0)    1 :  0.498 0.158 0.059 0.074 0.211 
130      130    (0)    1 :  0.069 0.363 0.167 0.053 0.349 
131      131    (0)    1 :  0.756 0.075 0.034 0.071 0.064 
132      132    (0)    1 :  0.043 0.272 0.122 0.207 0.355 
133      133    (0)    1 :  0.038 0.042 0.049 0.825 0.046 
134      134    (0)    1 :  0.173 0.324 0.059 0.039 0.405 
135      135   (12)    1 :  0.055 0.471 0.053 0.042 0.379 
136      136    (0)    1 :  0.127 0.097 0.563 0.074 0.139 
137      137    (0)    1 :  0.114 0.251 0.113 0.108 0.414 
138      138    (0)    1 :  0.156 0.088 0.047 0.607 0.102 
139      139    (0)    1 :  0.091 0.062 0.724 0.064 0.060 
140      140    (0)    1 :  0.125 0.447 0.054 0.049 0.325 
141      141    (0)    1 :  0.093 0.336 0.130 0.088 0.354 
142      142    (0)    1 :  0.070 0.186 0.102 0.420 0.222 
143      143    (0)    1 :  0.066 0.324 0.160 0.121 0.329 
144      144    (0)    1 :  0.035 0.413 0.087 0.085 0.380 
145      145    (0)    1 :  0.574 0.137 0.089 0.059 0.141 
146      146    (0)    1 :  0.072 0.414 0.094 0.070 0.351 
147      147   (12)    1 :  0.572 0.109 0.103 0.113 0.104 
148      148    (0)    1 :  0.140 0.442 0.049 0.072 0.296 
149      149    (0)    1 :  0.207 0.093 0.056 0.546 0.099 
150      150   (12)    1 :  0.055 0.246 0.066 0.331 0.303 
151      151    (0)    1 :  0.049 0.047 0.080 0.779 0.045 
152      152    (0)    1 :  0.125 0.384 0.055 0.044 0.393 
153      153   (12)    1 :  0.035 0.060 0.166 0.672 0.067 
154      154    (0)    1 :  0.085 0.306 0.063 0.096 0.451 
155      155    (0)    1 :  0.071 0.361 0.063 0.051 0.454 
156      156    (0)    1 :  0.043 0.320 0.181 0.165 0.291 
157      157   (12)    1 :  0.597 0.089 0.104 0.121 0.089 
158      158   (25)    1 :  0.142 0.234 0.119 0.257 0.248 
159      159   (12)    1 :  0.130 0.122 0.545 0.072 0.131 
160      160    (0)    1 :  0.053 0.070 0.751 0.048 0.077 
161      161   (12)    1 :  0.083 0.078 0.676 0.091 0.072 
162      162    (0)    1 :  0.099 0.431 0.060 0.074 0.337 
163      163    (0)    1 :  0.595 0.118 0.046 0.108 0.133 
164      164   (50)    1 :  0.051 0.053 0.783 0.058 0.055 
165      165   (12)    1 :  0.183 0.278 0.098 0.224 0.217 
166      166   (75)    1 :  0.098 0.161 0.113 0.395 0.234 
167      167   (62)    1 :  0.085 0.279 0.061 0.336 0.239 
168      168   (50)    1 :  0.063 0.296 0.218 0.111 0.312 
169      169   (25)    1 :  0.030 0.067 0.798 0.038 0.068 
170      170   (25)    1 :  0.071 0.161 0.539 0.061 0.169 
171      171   (62)    1 :  0.576 0.133 0.044 0.096 0.151 
172      172   (50)    1 :  0.040 0.054 0.064 0.783 0.058 
173      173   (12)    1 :  0.033 0.088 0.052 0.703 0.125 
174      174   (75)    1 :  0.226 0.186 0.174 0.226 0.188 
175      175   (50)    1 :  0.545 0.126 0.086 0.088 0.155 
176      176   (62)    1 :  0.073 0.124 0.617 0.042 0.143 
177      177   (75)    1 :  0.314 0.208 0.156 0.111 0.211 
178      178   (50)    1 :  0.103 0.101 0.056 0.642 0.097 
179      179    (0)    1 :  0.251 0.109 0.096 0.403 0.140 
180      180   (37)    1 :  0.048 0.174 0.459 0.063 0.256 
181      181    (0)    1 :  0.189 0.247 0.101 0.055 0.407 
182      182    (0)    1 :  0.161 0.068 0.101 0.602 0.069 
183      183    (0)    1 :  0.046 0.052 0.760 0.088 0.054 
184      184   (87)    1 :  0.220 0.207 0.127 0.219 0.227 
185      185   (25)    1 :  0.269 0.120 0.373 0.092 0.145 
186      186   (12)    1 :  0.076 0.199 0.334 0.135 0.255 
187      187    (0)    1 :  0.334 0.305 0.041 0.048 0.272 
188      188   (12)    1 :  0.031 0.040 0.823 0.064 0.042 
189      189   (37)    1 :  0.186 0.238 0.265 0.111 0.199 
190      190   (12)    1 :  0.041 0.331 0.130 0.139 0.359 
191      191    (0)    1 :  0.060 0.071 0.047 0.736 0.086 
192      192    (0)    1 :  0.414 0.077 0.353 0.067 0.089 
193      193   (75)    1 :  0.117 0.190 0.311 0.200 0.182 
194      194    (0)    1 :  0.082 0.422 0.067 0.050 0.380 
195      195   (12)    1 :  0.142 0.104 0.049 0.578 0.127 
196      196    (0)    1 :  0.094 0.213 0.364 0.043 0.285 
197      197    (0)    1 :  0.090 0.407 0.062 0.123 0.318 
198      198    (0)    1 :  0.047 0.062 0.043 0.787 0.061 
199      199   (12)    1 :  0.779 0.060 0.046 0.059 0.055 
200      200   (25)    1 :  0.061 0.051 0.028 0.808 0.052 
201      201    (0)    1 :  0.034 0.095 0.700 0.044 0.127 
202      202    (0)    1 :  0.327 0.312 0.086 0.085 0.191 
203      203   (50)    1 :  0.123 0.407 0.061 0.053 0.356 
204      204   (37)    1 :  0.248 0.201 0.054 0.255 0.243 
205      205    (0)    1 :  0.800 0.072 0.041 0.033 0.054 
206      206    (0)    1 :  0.147 0.445 0.064 0.058 0.285 
207      207    (0)    1 :  0.222 0.213 0.057 0.236 0.271 
208      208    (0)    1 :  0.060 0.051 0.034 0.803 0.052 
209      209    (0)    1 :  0.068 0.117 0.138 0.577 0.100 
210      210    (0)    1 :  0.135 0.328 0.111 0.083 0.344 
211      211    (0)    1 :  0.052 0.106 0.078 0.661 0.102 
212      212   (12)    1 :  0.049 0.043 0.040 0.818 0.050 
213      213    (0)    1 :  0.072 0.378 0.220 0.063 0.267 
214      214    (0)    1 :  0.085 0.462 0.049 0.032 0.372 
215      215    (0)    1 :  0.076 0.143 0.073 0.515 0.193 
216      216    (0)    1 :  0.055 0.112 0.075 0.618 0.140 
217      217    (0)    1 :  0.522 0.146 0.126 0.051 0.154 
218      218    (0)    1 :  0.718 0.081 0.063 0.066 0.072 
219      219    (0)    1 :  0.037 0.100 0.075 0.636 0.152 
220      220    (0)    1 :  0.348 0.185 0.075 0.119 0.272 
221      221    (0)    1 :  0.069 0.412 0.057 0.039 0.423 
222      222    (0)    1 :  0.211 0.211 0.100 0.074 0.403 
223      223    (0)    1 :  0.050 0.469 0.065 0.065 0.351 
224      224   (25)    1 :  0.146 0.240 0.139 0.228 0.247 
225      225    (0)    1 :  0.052 0.099 0.667 0.066 0.115 
226      226   (50)    1 :  0.134 0.173 0.238 0.251 0.205 
227      227    (0)    1 :  0.753 0.110 0.030 0.031 0.076 
228      228    (0)    1 :  0.537 0.152 0.052 0.113 0.146 
229      229    (0)    1 :  0.135 0.114 0.469 0.139 0.144 
230      230    (0)    1 :  0.433 0.128 0.066 0.241 0.132 
231      231    (0)    1 :  0.027 0.054 0.039 0.812 0.068 
232      232    (0)    1 :  0.455 0.054 0.062 0.375 0.053 
233      233    (0)    1 :  0.056 0.092 0.051 0.678 0.123 
234      234    (0)    1 :  0.080 0.094 0.080 0.663 0.083 
235      235    (0)    1 :  0.045 0.218 0.413 0.039 0.284 
236      236    (0)    1 :  0.148 0.361 0.081 0.071 0.339 
237      237    (0)    1 :  0.220 0.118 0.117 0.420 0.126 
238      238    (0)    1 :  0.116 0.415 0.072 0.039 0.358 
239      239    (0)    1 :  0.384 0.064 0.426 0.063 0.063 
240      240    (0)    1 :  0.168 0.265 0.152 0.052 0.363 
241      241    (0)    1 :  0.070 0.278 0.129 0.119 0.404 
242      242    (0)    1 :  0.088 0.092 0.617 0.104 0.098 
243      243    (0)    1 :  0.164 0.219 0.062 0.360 0.195 
244      244    (0)    1 :  0.555 0.189 0.029 0.051 0.176 
245      245    (0)    1 :  0.042 0.079 0.242 0.534 0.103 
246      246    (0)    1 :  0.410 0.088 0.057 0.338 0.107 
247      247    (0)    1 :  0.056 0.164 0.517 0.060 0.203 
248      248    (0)    1 :  0.081 0.159 0.475 0.076 0.209 
249      249    (0)    1 :  0.061 0.116 0.052 0.642 0.129 
250      250    (0)    1 :  0.059 0.223 0.255 0.112 0.351 
251      251   (12)    1 :  0.065 0.034 0.068 0.798 0.034 
252      252    (0)    1 :  0.090 0.388 0.097 0.078 0.346 
253      253    (0)    1 :  0.611 0.183 0.040 0.030 0.135 
254      254   (12)    1 :  0.121 0.269 0.208 0.045 0.357 
255      255    (0)    1 :  0.376 0.111 0.049 0.343 0.121 
256      256    (0)    1 :  0.083 0.500 0.043 0.050 0.324 
257      257    (0)    1 :  0.070 0.119 0.331 0.327 0.154 
258      258    (0)    1 :  0.038 0.078 0.754 0.042 0.089 
259      259   (12)    1 :  0.038 0.047 0.809 0.050 0.057 
260      260    (0)    1 :  0.080 0.316 0.125 0.088 0.391 
261      261    (0)    1 :  0.665 0.104 0.063 0.063 0.105 
262      262    (0)    1 :  0.524 0.170 0.090 0.060 0.155 
263      263    (0)    1 :  0.052 0.368 0.090 0.065 0.425 
264      264    (0)    1 :  0.580 0.197 0.042 0.032 0.149 
265      265    (0)    1 :  0.367 0.076 0.386 0.084 0.086 
266      266    (0)    1 :  0.067 0.246 0.274 0.090 0.323 
267      267    (0)    1 :  0.045 0.075 0.051 0.743 0.085 
268      268    (0)    1 :  0.065 0.116 0.063 0.653 0.103 
269      269    (0)    1 :  0.066 0.128 0.441 0.201 0.163 
270      270    (0)    1 :  0.034 0.137 0.582 0.056 0.191 
271      271    (0)    1 :  0.237 0.384 0.036 0.086 0.257 
272      272    (0)    1 :  0.511 0.173 0.096 0.073 0.147 
273      273    (0)    1 :  0.069 0.075 0.078 0.699 0.079 
274      274    (0)    1 :  0.037 0.082 0.730 0.056 0.095 
275      275   (12)    1 :  0.092 0.192 0.086 0.454 0.175 
276      276   (50)    1 :  0.089 0.237 0.204 0.134 0.337 
277      277    (0)    1 :  0.070 0.519 0.083 0.041 0.287 
278      278   (62)    1 :  0.128 0.155 0.107 0.431 0.180 
279      279    (0)    1 :  0.179 0.257 0.314 0.027 0.223 
280      280   (37)    1 :  0.174 0.267 0.142 0.078 0.339 
281      281   (37)    1 :  0.050 0.062 0.099 0.721 0.069 
282      282    (0)    1 :  0.117 0.496 0.056 0.036 0.296 
283      283    (0)    1 :  0.628 0.095 0.093 0.098 0.085 
284      284   (25)    1 :  0.247 0.152 0.178 0.258 0.164 
285      285   (37)    1 :  0.171 0.197 0.174 0.275 0.183 
286      286   (37)    1 :  0.094 0.275 0.359 0.059 0.212 
287      287    (0)    1 :  0.352 0.261 0.042 0.103 0.243 
288      288   (12)    1 :  0.109 0.409 0.100 0.072 0.310 
289      289    (0)    1 :  0.172 0.274 0.066 0.128 0.360 
290      290   (12)    1 :  0.426 0.256 0.049 0.054 0.215 
291      291    (0)    1 :  0.113 0.501 0.045 0.034 0.308 
292      292    (0)    1 :  0.532 0.049 0.046 0.324 0.050 
293      293    (0)    1 :  0.043 0.092 0.147 0.605 0.113 
294      294    (0)    1 :  0.075 0.463 0.103 0.046 0.313 
295      295    (0)    1 :  0.747 0.066 0.071 0.053 0.063 
296      296    (0)    1 :  0.202 0.413 0.052 0.067 0.265 
297      297    (0)    1 :  0.753 0.083 0.046 0.048 0.070 
298      298    (0)    1 :  0.025 0.078 0.666 0.114 0.116 
299      299    (0)    1 :  0.081 0.232 0.324 0.054 0.310 
300      300    (0)    1 :  0.030 0.076 0.741 0.054 0.100 
301      301    (0)    1 :  0.272 0.173 0.291 0.060 0.204 
302      302    (0)    1 :  0.027 0.092 0.743 0.046 0.092 
303      303    (0)    1 :  0.120 0.346 0.065 0.035 0.434 
304      304    (0)    1 :  0.079 0.166 0.397 0.064 0.294 
305      305    (0)    1 :  0.172 0.223 0.254 0.114 0.237 
306      306    (0)    1 :  0.061 0.282 0.058 0.196 0.402 
307      307    (0)    1 :  0.047 0.437 0.053 0.081 0.383 
308      308   (25)    1 :  0.072 0.209 0.395 0.126 0.198 
309      309    (0)    1 :  0.077 0.213 0.210 0.167 0.333 
310      310    (0)    1 :  0.072 0.068 0.127 0.638 0.095 
311      311    (0)    1 :  0.067 0.097 0.177 0.533 0.126 
312      312    (0)    1 :  0.019 0.040 0.870 0.025 0.046 
313      313    (0)    1 :  0.734 0.069 0.099 0.047 0.051 
314      314    (0)    1 :  0.125 0.081 0.614 0.090 0.090 
315      315    (0)    1 :  0.027 0.042 0.847 0.039 0.045 
316      316    (0)    1 :  0.079 0.045 0.044 0.786 0.046 
317      317   (12)    1 :  0.039 0.097 0.101 0.666 0.097 
318      318    (0)    1 :  0.101 0.128 0.599 0.042 0.131 
319      319    (0)    1 :  0.032 0.039 0.043 0.850 0.036 
320      320    (0)    1 :  0.033 0.073 0.792 0.036 0.065 
321      321    (0)    1 :  0.598 0.105 0.100 0.098 0.099 
322      322    (0)    1 :  0.079 0.352 0.093 0.104 0.372 
323      323    (0)    1 :  0.077 0.426 0.112 0.085 0.301 
324      324    (0)    1 :  0.055 0.064 0.732 0.070 0.080 
325      325    (0)    1 :  0.038 0.064 0.063 0.766 0.069 
326      326    (0)    1 :  0.117 0.365 0.121 0.111 0.286 
327      327   (12)    1 :  0.175 0.097 0.048 0.587 0.092 
328      328    (0)    1 :  0.038 0.452 0.118 0.050 0.342 
329      329    (0)    1 :  0.061 0.476 0.098 0.047 0.318 
330      330    (0)    1 :  0.119 0.442 0.085 0.055 0.299 
331      331    (0)    1 :  0.228 0.267 0.082 0.101 0.322 
332      332    (0)    1 :  0.133 0.447 0.050 0.065 0.305 
333      333    (0)    1 :  0.276 0.087 0.423 0.098 0.116 
334      334    (0)    1 :  0.051 0.048 0.052 0.796 0.053 
335      335    (0)    1 :  0.073 0.117 0.176 0.500 0.133 
336      336    (0)    1 :  0.168 0.297 0.075 0.074 0.387 
337      337    (0)    1 :  0.129 0.118 0.570 0.066 0.117 
338      338    (0)    1 :  0.035 0.436 0.057 0.072 0.400 
339      339    (0)    1 :  0.059 0.080 0.052 0.724 0.085 
340      340    (0)    1 :  0.293 0.311 0.092 0.067 0.237 
341      341    (0)    1 :  0.074 0.470 0.105 0.041 0.310 
342      342    (0)    1 :  0.783 0.079 0.036 0.044 0.058 
343      343    (0)    1 :  0.074 0.058 0.674 0.134 0.059 
344      344    (0)    1 :  0.040 0.369 0.104 0.090 0.396 
345      345    (0)    1 :  0.057 0.064 0.049 0.765 0.064 
346      346    (0)    1 :  0.089 0.056 0.751 0.045 0.060 
347      347    (0)    1 :  0.059 0.262 0.058 0.272 0.349 
348      348    (0)    1 :  0.195 0.090 0.091 0.518 0.105 
349      349    (0)    1 :  0.195 0.101 0.095 0.469 0.139 
350      350    (0)    1 :  0.092 0.145 0.174 0.431 0.158 
351      351    (0)    1 :  0.074 0.362 0.088 0.138 0.338 
352      352    (0)    1 :  0.216 0.331 0.036 0.095 0.321 
353      353    (0)    1 :  0.089 0.064 0.064 0.708 0.075 
354      354    (0)    1 :  0.382 0.103 0.109 0.286 0.121 
355      355    (0)    1 :  0.084 0.175 0.033 0.527 0.181 
356      356    (0)    1 :  0.045 0.044 0.834 0.029 0.048 
357      357    (0)    1 :  0.759 0.087 0.042 0.045 0.067 
358      358    (0)    1 :  0.107 0.149 0.495 0.087 0.162 
359      359    (0)    1 :  0.167 0.113 0.541 0.066 0.113 
360      360    (0)    1 :  0.599 0.139 0.058 0.089 0.115 
361      361    (0)    1 :  0.086 0.122 0.635 0.041 0.116 
362      362    (0)    1 :  0.163 0.325 0.067 0.070 0.375 
363      363    (0)    1 :  0.049 0.439 0.038 0.044 0.430 
364      364    (0)    1 :  0.320 0.197 0.082 0.082 0.320 
365      365    (0)    1 :  0.034 0.255 0.167 0.224 0.321 
366      366    (0)    1 :  0.120 0.168 0.446 0.087 0.179 
367      367    (0)    1 :  0.065 0.278 0.125 0.123 0.409 
368      368    (0)    1 :  0.059 0.313 0.034 0.190 0.404 
369      369    (0)    1 :  0.515 0.209 0.058 0.056 0.162 
370      370    (0)    1 :  0.070 0.174 0.111 0.479 0.167 
371      371    (0)    1 :  0.590 0.144 0.059 0.076 0.130 
372      372    (0)    1 :  0.637 0.113 0.043 0.076 0.131 
373      373    (0)    1 :  0.132 0.253 0.356 0.092 0.167 
374      374   (12)    1 :  0.074 0.112 0.569 0.107 0.137 
375      375    (0)    1 :  0.812 0.067 0.032 0.029 0.060 
376      376    (0)    1 :  0.081 0.131 0.066 0.593 0.129 
377      377    (0)    1 :  0.061 0.083 0.731 0.047 0.078 
378      378    (0)    1 :  0.110 0.064 0.709 0.058 0.058 
379      379    (0)    1 :  0.087 0.067 0.035 0.736 0.075 
380      380    (0)    1 :  0.373 0.130 0.159 0.183 0.155 
381      381    (0)    1 :  0.182 0.228 0.273 0.072 0.245 
382      382    (0)    1 :  0.786 0.058 0.044 0.066 0.047 
383      383    (0)    1 :  0.047 0.476 0.038 0.073 0.366 
384      384    (0)    1 :  0.129 0.147 0.519 0.065 0.140 
385      385    (0)    1 :  0.072 0.099 0.279 0.435 0.116 
386      386    (0)    1 :  0.073 0.420 0.057 0.083 0.367 
387      387    (0)    1 :  0.091 0.492 0.043 0.035 0.339 
388      388    (0)    1 :  0.545 0.090 0.207 0.060 0.097 
389      389    (0)    1 :  0.422 0.081 0.053 0.357 0.088 
390      390    (0)    1 :  0.622 0.136 0.050 0.065 0.126 
391      391    (0)    1 :  0.250 0.288 0.069 0.131 0.262 
392      392    (0)    1 :  0.146 0.221 0.317 0.055 0.260 
393      393   (87)    1 :  0.223 0.185 0.204 0.207 0.181 
394      394    (0)    1 :  0.062 0.132 0.062 0.599 0.145 
395      395   (25)    1 :  0.122 0.341 0.041 0.040 0.455 
396      396    (0)    1 :  0.604 0.069 0.196 0.064 0.067 
397      397    (0)    1 :  0.197 0.398 0.109 0.047 0.249 
398      398    (0)    1 :  0.101 0.236 0.371 0.039 0.252 
399      399    (0)    1 :  0.607 0.141 0.052 0.049 0.151 
400      400    (0)    1 :  0.135 0.387 0.082 0.112 0.285 
401      401    (0)    1 :  0.065 0.464 0.068 0.042 0.361 
402      402    (0)    1 :  0.085 0.097 0.082 0.643 0.093 
403      403    (0)    1 :  0.050 0.205 0.506 0.064 0.175 
404      404   (37)    1 :  0.114 0.310 0.078 0.122 0.375 
405      405    (0)    1 :  0.210 0.109 0.176 0.374 0.131 
406      406    (0)    1 :  0.754 0.068 0.062 0.054 0.062 
407      407    (0)    1 :  0.532 0.165 0.041 0.110 0.153 
408      408    (0)    1 :  0.049 0.206 0.341 0.080 0.325 
409      409    (0)    1 :  0.187 0.235 0.077 0.181 0.320 
410      410    (0)    1 :  0.289 0.344 0.054 0.045 0.269 
411      411    (0)    1 :  0.075 0.417 0.169 0.073 0.265 
412      412    (0)    1 :  0.151 0.195 0.152 0.237 0.266 
413      413   (12)    1 :  0.163 0.132 0.120 0.417 0.168 
414      414   (87)    1 :  0.150 0.206 0.162 0.251 0.232 
415      415    (0)    1 :  0.044 0.077 0.739 0.059 0.081 
416      416    (0)    1 :  0.069 0.060 0.039 0.761 0.070 
417      417    (0)    1 :  0.159 0.367 0.086 0.092 0.296 
418      418    (0)    1 :  0.125 0.272 0.054 0.211 0.338 
419      419    (0)    1 :  0.572 0.102 0.107 0.111 0.108 
420      420    (0)    1 :  0.182 0.373 0.118 0.052 0.276 
421      421    (0)    1 :  0.156 0.202 0.109 0.317 0.216 
422      422    (0)    1 :  0.063 0.241 0.168 0.265 0.263 
423      423    (0)    1 :  0.071 0.433 0.029 0.038 0.430 
424      424    (0)    1 :  0.045 0.057 0.799 0.041 0.058 
425      425    (0)    1 :  0.275 0.290 0.159 0.060 0.216 
426      426    (0)    1 :  0.089 0.210 0.097 0.404 0.201 
427      427    (0)    1 :  0.238 0.238 0.058 0.178 0.287 
428      428    (0)    1 :  0.144 0.415 0.070 0.081 0.291 
429      429   (37)    1 :  0.095 0.444 0.043 0.051 0.366 
430      430    (0)    1 :  0.039 0.049 0.825 0.035 0.052 
431      431    (0)    1 :  0.059 0.338 0.076 0.070 0.457 
432      432    (0)    1 :  0.048 0.069 0.058 0.756 0.069 
433      433   (12)    1 :  0.740 0.062 0.069 0.072 0.057 
434      434    (0)    1 :  0.085 0.073 0.359 0.405 0.077 
435      435    (0)    1 :  0.301 0.276 0.053 0.052 0.319 
436      436    (0)    1 :  0.583 0.097 0.073 0.153 0.094 
437      437   (12)    1 :  0.069 0.078 0.729 0.048 0.077 
438      438    (0)    1 :  0.056 0.113 0.271 0.413 0.146 
439      439    (0)    1 :  0.256 0.325 0.070 0.046 0.302 
440      440    (0)    1 :  0.035 0.068 0.758 0.065 0.073 
441      441    (0)    1 :  0.245 0.092 0.048 0.510 0.105 
442      442    (0)    1 :  0.539 0.098 0.184 0.061 0.118 
443      443    (0)    1 :  0.772 0.080 0.034 0.045 0.068 
444      444    (0)    1 :  0.094 0.483 0.068 0.050 0.304 
445      445    (0)    1 :  0.260 0.259 0.055 0.044 0.381 
446      446    (0)    1 :  0.044 0.072 0.036 0.778 0.071 
447      447    (0)    1 :  0.245 0.358 0.075 0.041 0.282 
448      448    (0)    1 :  0.050 0.144 0.508 0.107 0.190 
449      449    (0)    1 :  0.071 0.050 0.776 0.050 0.053 
450      450    (0)    1 :  0.072 0.036 0.048 0.807 0.037 
451      451    (0)    1 :  0.074 0.069 0.054 0.725 0.078 
452      452    (0)    1 :  0.808 0.058 0.037 0.036 0.060 
453      453    (0)    1 :  0.060 0.050 0.055 0.780 0.056 
454      454    (0)    1 :  0.147 0.188 0.077 0.365 0.223 
455      455    (0)    1 :  0.100 0.415 0.048 0.101 0.337 
456      456    (0)    1 :  0.077 0.078 0.057 0.704 0.084 
457      457    (0)    1 :  0.086 0.078 0.672 0.089 0.075 
458      458    (0)    1 :  0.078 0.515 0.073 0.038 0.296 
459      459    (0)    1 :  0.145 0.054 0.048 0.685 0.068 
460      460    (0)    1 :  0.183 0.445 0.047 0.041 0.284 
461      461    (0)    1 :  0.075 0.058 0.732 0.077 0.059 
462      462    (0)    1 :  0.072 0.048 0.046 0.786 0.047 
463      463    (0)    1 :  0.082 0.145 0.177 0.409 0.187 
464      464    (0)    1 :  0.191 0.389 0.099 0.067 0.254 
465      465    (0)    1 :  0.045 0.101 0.154 0.593 0.107 
466      466    (0)    1 :  0.255 0.311 0.057 0.119 0.258 
467      467    (0)    1 :  0.777 0.066 0.034 0.066 0.057 
468      468    (0)    1 :  0.092 0.375 0.068 0.072 0.393 
469      469    (0)    1 :  0.782 0.095 0.025 0.033 0.065 
470      470   (12)    1 :  0.066 0.206 0.174 0.281 0.274 
471      471   (12)    1 :  0.171 0.291 0.158 0.059 0.321 
472      472   (25)    1 :  0.068 0.382 0.132 0.108 0.310 
473      473   (25)    1 :  0.051 0.441 0.085 0.071 0.352 
474      474    (0)    1 :  0.202 0.361 0.053 0.045 0.339 
475      475    (0)    1 :  0.078 0.275 0.220 0.030 0.397 
476      476    (0)    1 :  0.032 0.113 0.068 0.663 0.123 
477      477    (0)    1 :  0.044 0.427 0.121 0.041 0.368 
478      478   (37)    1 :  0.045 0.055 0.803 0.042 0.056 
479      479    (0)    1 :  0.257 0.358 0.064 0.072 0.250 
480      480    (0)    1 :  0.794 0.060 0.054 0.041 0.051 
481      481    (0)    1 :  0.138 0.127 0.497 0.094 0.144 
482      482    (0)    1 :  0.098 0.080 0.674 0.060 0.088 
483      483    (0)    1 :  0.174 0.316 0.102 0.148 0.260 
484      484   (12)    1 :  0.398 0.280 0.072 0.040 0.211 
485      485    (0)    1 :  0.753 0.089 0.042 0.035 0.082 
486      486    (0)    1 :  0.102 0.040 0.037 0.781 0.039 
487      487    (0)    1 :  0.554 0.159 0.063 0.085 0.139 
488      488    (0)    1 :  0.080 0.440 0.032 0.060 0.388 
489      489    (0)    1 :  0.100 0.306 0.115 0.095 0.384 
490      490    (0)    1 :  0.196 0.331 0.075 0.069 0.330 
491      491   (62)    1 :  0.753 0.081 0.045 0.054 0.067 
492      492    (0)    1 :  0.762 0.096 0.044 0.028 0.069 


Estimated Allele Frequencies in each cluster
First column gives estimated ancestral frequencies


Locus 1 : 
16 alleles
3.7% missing data
 240   (0.055) 0.015 0.027 0.499 0.012 0.037 
 250   (0.062) 0.408 0.044 0.015 0.021 0.045 
 246   (0.326) 0.124 0.525 0.072 0.054 0.429 
 196   (0.103) 0.025 0.070 0.295 0.018 0.089 
 248   (0.075) 0.041 0.044 0.017 0.505 0.054 
 244   (0.056) 0.011 0.033 0.014 0.332 0.042 
 256   (0.012) 0.002 0.007 0.002 0.003 0.007 
 238   (0.028) 0.219 0.017 0.007 0.005 0.018 
 252   (0.072) 0.078 0.073 0.017 0.010 0.074 
 242   (0.099) 0.044 0.079 0.035 0.019 0.112 
 234   (0.011) 0.003 0.008 0.002 0.001 0.007 
 194   (0.041) 0.019 0.034 0.008 0.012 0.037 
 254   (0.026) 0.006 0.022 0.006 0.003 0.026 
 198   (0.019) 0.003 0.012 0.006 0.004 0.016 
 192   (0.008) 0.001 0.004 0.001 0.001 0.004 
 262   (0.008) 0.001 0.003 0.004 0.001 0.003 

Locus 2 : 
19 alleles
7.5% missing data
 382   (0.134) 0.136 0.120 0.136 0.199 0.130 
 380   (0.237) 0.275 0.292 0.316 0.267 0.270 
 394   (0.196) 0.240 0.226 0.160 0.212 0.218 
 384   (0.032) 0.017 0.025 0.070 0.016 0.026 
 388   (0.032) 0.023 0.021 0.056 0.020 0.024 
 392   (0.106) 0.128 0.091 0.129 0.134 0.097 
 386   (0.074) 0.066 0.083 0.047 0.059 0.076 
 390   (0.027) 0.010 0.019 0.032 0.011 0.022 
 398   (0.017) 0.003 0.010 0.004 0.019 0.014 
 387   (0.006) 0.001 0.003 0.001 0.001 0.004 
 396   (0.035) 0.025 0.029 0.024 0.041 0.030 
 395   (0.021) 0.014 0.017 0.008 0.004 0.022 
 378   (0.029) 0.040 0.029 0.006 0.007 0.029 
 397   (0.011) 0.003 0.008 0.002 0.004 0.009 
 389   (0.007) 0.001 0.006 0.001 0.001 0.006 
 391   (0.014) 0.016 0.009 0.004 0.005 0.010 
 381   (0.009) 0.001 0.006 0.002 0.001 0.008 
 376   (0.006) 0.001 0.004 0.001 0.001 0.004 
 400   (0.006) 0.001 0.002 0.001 0.001 0.004 

Locus 3 : 
17 alleles
6.3% missing data
 162   (0.083) 0.120 0.083 0.051 0.071 0.083 
 174   (0.104) 0.149 0.092 0.176 0.146 0.095 
 168   (0.129) 0.107 0.126 0.189 0.190 0.132 
 176   (0.049) 0.063 0.062 0.023 0.073 0.051 
 160   (0.034) 0.012 0.030 0.024 0.020 0.031 
 166   (0.063) 0.028 0.057 0.074 0.066 0.063 
 158   (0.020) 0.028 0.012 0.015 0.008 0.013 
 182   (0.065) 0.056 0.077 0.075 0.031 0.068 
 170   (0.066) 0.035 0.074 0.074 0.078 0.070 
 152   (0.017) 0.003 0.024 0.017 0.002 0.018 
 172   (0.143) 0.176 0.154 0.119 0.150 0.154 
 180   (0.035) 0.054 0.023 0.030 0.022 0.028 
 178   (0.101) 0.112 0.098 0.083 0.114 0.103 
 164   (0.047) 0.046 0.055 0.033 0.015 0.050 
 188   (0.006) 0.001 0.003 0.001 0.000 0.004 
 184   (0.019) 0.007 0.017 0.007 0.004 0.021 
 186   (0.018) 0.003 0.015 0.010 0.009 0.016 

Locus 4 : 
23 alleles
3.0% missing data
  99   (0.176) 0.336 0.201 0.167 0.155 0.198 
 103   (0.077) 0.042 0.070 0.168 0.148 0.073 
  91   (0.093) 0.037 0.091 0.174 0.117 0.101 
 113   (0.038) 0.041 0.034 0.043 0.017 0.033 
 115   (0.087) 0.080 0.107 0.087 0.112 0.096 
  87   (0.046) 0.035 0.047 0.055 0.063 0.044 
 105   (0.046) 0.027 0.053 0.022 0.030 0.049 
 119   (0.012) 0.011 0.011 0.002 0.001 0.010 
 107   (0.054) 0.042 0.046 0.049 0.079 0.050 
  85   (0.038) 0.025 0.041 0.036 0.008 0.038 
  95   (0.041) 0.045 0.048 0.014 0.050 0.043 
  97   (0.049) 0.041 0.043 0.032 0.031 0.047 
  93   (0.039) 0.041 0.031 0.028 0.032 0.037 
 117   (0.074) 0.124 0.083 0.052 0.103 0.073 
 121   (0.015) 0.010 0.014 0.007 0.002 0.014 
 101   (0.032) 0.009 0.029 0.017 0.024 0.030 
  89   (0.007) 0.001 0.005 0.001 0.001 0.005 
 127   (0.010) 0.002 0.008 0.001 0.001 0.009 
 123   (0.025) 0.039 0.017 0.017 0.008 0.019 
 111   (0.010) 0.002 0.004 0.019 0.005 0.005 
 109   (0.007) 0.001 0.005 0.001 0.001 0.005 
 125   (0.017) 0.009 0.011 0.006 0.010 0.014 
 114   (0.006) 0.001 0.002 0.001 0.001 0.003 

Locus 5 : 
19 alleles
3.0% missing data
 138   (0.007) 0.001 0.002 0.008 0.001 0.003 
 160   (0.185) 0.257 0.198 0.209 0.258 0.194 
 168   (0.026) 0.028 0.024 0.010 0.009 0.023 
 164   (0.074) 0.078 0.078 0.081 0.041 0.075 
 162   (0.126) 0.184 0.143 0.124 0.101 0.133 
 158   (0.124) 0.068 0.138 0.193 0.133 0.134 
 142   (0.083) 0.098 0.085 0.050 0.116 0.085 
 134   (0.044) 0.018 0.039 0.041 0.039 0.045 
 140   (0.060) 0.042 0.049 0.044 0.059 0.057 
 156   (0.086) 0.153 0.073 0.100 0.116 0.077 
 166   (0.047) 0.019 0.039 0.035 0.069 0.047 
 152   (0.019) 0.003 0.019 0.015 0.004 0.020 
 170   (0.008) 0.002 0.004 0.002 0.008 0.005 
 172   (0.009) 0.002 0.005 0.006 0.001 0.006 
 154   (0.031) 0.033 0.047 0.019 0.010 0.036 
 148   (0.031) 0.010 0.031 0.031 0.017 0.031 
 144   (0.019) 0.004 0.012 0.019 0.008 0.015 
 150   (0.011) 0.002 0.005 0.012 0.007 0.006 
 146   (0.009) 0.001 0.008 0.001 0.001 0.007 

Locus 6 : 
17 alleles
7.5% missing data
 187   (0.100) 0.092 0.107 0.076 0.128 0.104 
 201   (0.042) 0.055 0.036 0.025 0.014 0.039 
 189   (0.089) 0.117 0.105 0.094 0.079 0.093 
 193   (0.142) 0.157 0.157 0.166 0.106 0.148 
 185   (0.152) 0.216 0.160 0.117 0.245 0.166 
 191   (0.078) 0.080 0.086 0.102 0.065 0.076 
 197   (0.114) 0.104 0.118 0.102 0.109 0.121 
 205   (0.015) 0.002 0.009 0.041 0.002 0.011 
 195   (0.100) 0.061 0.102 0.130 0.086 0.104 
 199   (0.057) 0.089 0.050 0.050 0.102 0.051 
 207   (0.008) 0.003 0.004 0.001 0.004 0.004 
 179   (0.018) 0.007 0.012 0.014 0.007 0.014 
 183   (0.031) 0.011 0.022 0.031 0.019 0.026 
 177   (0.025) 0.005 0.020 0.010 0.020 0.025 
 203   (0.014) 0.002 0.007 0.006 0.012 0.010 
 181   (0.009) 0.001 0.003 0.033 0.002 0.004 
 175   (0.006) 0.001 0.002 0.002 0.001 0.003 

Locus 7 : 
13 alleles
10.2% missing data
 230   (0.114) 0.147 0.116 0.059 0.152 0.113 
 238   (0.123) 0.119 0.108 0.213 0.177 0.113 
 240   (0.104) 0.119 0.121 0.090 0.044 0.114 
 234   (0.211) 0.199 0.224 0.311 0.223 0.219 
 236   (0.148) 0.089 0.154 0.145 0.202 0.154 
 228   (0.076) 0.142 0.070 0.062 0.035 0.072 
 232   (0.077) 0.085 0.073 0.037 0.087 0.077 
 250   (0.029) 0.028 0.023 0.010 0.005 0.028 
 242   (0.057) 0.038 0.064 0.045 0.058 0.061 
 254   (0.009) 0.009 0.005 0.001 0.001 0.005 
 244   (0.020) 0.019 0.017 0.005 0.002 0.018 
 246   (0.025) 0.005 0.023 0.018 0.011 0.023 
 248   (0.008) 0.002 0.003 0.004 0.003 0.004 

Locus 8 : 
12 alleles
4.1% missing data
 160   (0.727) 0.878 0.760 0.837 0.825 0.750 
 176   (0.043) 0.034 0.036 0.056 0.028 0.036 
 184   (0.072) 0.044 0.072 0.056 0.033 0.075 
 172   (0.011) 0.001 0.006 0.002 0.008 0.008 
 156   (0.030) 0.005 0.026 0.012 0.022 0.028 
 162   (0.006) 0.001 0.003 0.001 0.001 0.004 
 174   (0.022) 0.012 0.020 0.016 0.006 0.018 
 188   (0.008) 0.001 0.003 0.001 0.028 0.003 
 180   (0.014) 0.004 0.009 0.003 0.010 0.010 
 178   (0.034) 0.014 0.029 0.010 0.034 0.034 
 182   (0.018) 0.004 0.024 0.003 0.002 0.022 
 186   (0.015) 0.002 0.013 0.003 0.004 0.013 

Values of parameters used in structure:
DATAFILE=/home/martin/bottleneck/structure_analysis/structure_4/data_job_T5_4,	OUTFILE=/home/martin/bottleneck/structure_analysis/structure_4/structure_results/northern_fur_seal/results_job_T5_4,	NUMINDS=492,	NUMLOCI=8,	MISSING=-9,	LABEL=1,	POPDATA=1,	POPFLAG=0,	PHENOTYPE=0,	EXTRACOLS=0,	MAXPOPS=5,	BURNIN=10000,	NUMREPS=100000,	USEPOPINFO=0,	INFERALPHA=1,	INFERLAMBDA=0,	POPSPECIFICLAMBDA=0,	POPALPHAS=0,	COMPUTEPROB=1,	NOADMIX=0,	ADMBURNIN=2500,	UPDATEFREQ=1,	PRINTLIKES=0,	INTERMEDSAVE=0,	PRINTKLD=0,	PRINTNET=0,	PRINTLAMBDA=0,	ANCESTDIST=0,	NUMBOXES=1000,	ANCESTPINT=0.90000,	GENSBACK=2,	MIGRPRIOR=0.05000,	PRINTQHAT=1,	PRINTQSUM=0,	ALPHA=1.0000,	FREQSCORR=1,	FPRIORMEAN=0.0100,	FPRIORSD=0.0500,	ONEFST=0,	LAMBDA=1.0000,	UNIFPRIORALPHA=1,	ALPHAMAX=10.0000,	ALPHAPRIORA=1.0000,	ALPHAPRIORB=2.0000,	ALPHAPROPSD=0.0250,	STARTATPOPINFO=0,	RANDOMIZE=1,	LINKAGE=0,	METROFREQ=10,	REPORTHITRATE=0,	MARKOVPHASE=-1,	PHASED=0,	PLOIDY=2,	PHASEINFO=0	LOCPRIOR=0, 	LOCPRIORINIT=1.000000, 	LOCDATA=0, 	LOCISPOP=0, 	LOCPRIORSTEP=0.100000, 	MAXLOCPRIOR=20.000000, 	SEED=1470571510,	
[STRAT parameters]:    NUMSIMSTATS=1000,	PHENOTYPECOL=-9,	POOLFREQ=10,	LOCUSxONLY=0,	EMERROR=0.00100,	MISSINGPHENO=-9,	