

----------------------------------------------------
STRUCTURE by Pritchard, Stephens and Donnelly (2000)
     and Falush, Stephens and Pritchard (2003)
       Code by Pritchard, Falush and Hubisz
             Version 2.3.4 (Jul 2012)
----------------------------------------------------



Command line arguments:   /usr/local/bin/structure -m parameter_job_T6_4 
Input File:    /home/martin/bottleneck/structure_analysis/structure_4/data_job_T6_4

Run parameters:
   492 individuals
   8 loci
   6 populations assumed
   10000 Burn-in period
   100000 Reps


--------------------------------------------
Proportion of membership of each pre-defined
 population in each of the 6 clusters

Given    Inferred Clusters                            Number of
 Pop       1      2      3      4      5      6      Individuals

  1:     0.166  0.165  0.168  0.163  0.169  0.169      492
--------------------------------------------

Allele-freq. divergence among pops (Net nucleotide distance),
computed using point estimates of P.

      1       2       3       4       5       6      
 1      -    0.0629  0.0420  0.0450  0.0406  0.0581  
 2   0.0629     -    0.0480  0.0504  0.0466  0.0582  
 3   0.0420  0.0480     -    0.0296  0.0001  0.0364  
 4   0.0450  0.0504  0.0296     -    0.0283  0.0427  
 5   0.0406  0.0466  0.0001  0.0283     -    0.0354  
 6   0.0581  0.0582  0.0364  0.0427  0.0354     -    

Average distances (expected heterozygosity) between individuals in same cluster:
cluster  1  : 0.7556 
cluster  2  : 0.7510 
cluster  3  : 0.8032 
cluster  4  : 0.7843 
cluster  5  : 0.8065 
cluster  6  : 0.7538 

--------------------------------------------
Estimated Ln Prob of Data   = -17221.6
Mean value of ln likelihood = -15029.9
Variance of ln likelihood   = 4383.4
Mean value of alpha         = 0.1721

Mean value of Fst_1         = 0.0704
Mean value of Fst_2         = 0.0721
Mean value of Fst_3         = 0.0285
Mean value of Fst_4         = 0.0632
Mean value of Fst_5         = 0.0242
Mean value of Fst_6         = 0.0815


Inferred ancestry of individuals:
        Label (%Miss) Pop:  Inferred clusters
  1        1    (0)    1 :  0.530 0.079 0.078 0.117 0.088 0.108 
  2        2    (0)    1 :  0.103 0.052 0.059 0.108 0.063 0.615 
  3        3    (0)    1 :  0.063 0.047 0.361 0.088 0.337 0.104 
  4        4   (12)    1 :  0.627 0.106 0.076 0.073 0.076 0.041 
  5        5    (0)    1 :  0.661 0.044 0.083 0.076 0.084 0.051 
  6        6   (12)    1 :  0.078 0.103 0.317 0.072 0.298 0.132 
  7        7    (0)    1 :  0.077 0.254 0.164 0.030 0.191 0.285 
  8        8    (0)    1 :  0.684 0.068 0.056 0.097 0.057 0.038 
  9        9   (37)    1 :  0.055 0.041 0.394 0.058 0.368 0.084 
 10       10    (0)    1 :  0.546 0.065 0.121 0.097 0.126 0.045 
 11       11    (0)    1 :  0.041 0.684 0.070 0.074 0.071 0.060 
 12       12    (0)    1 :  0.274 0.041 0.073 0.108 0.075 0.428 
 13       13    (0)    1 :  0.253 0.321 0.085 0.126 0.098 0.116 
 14       14    (0)    1 :  0.175 0.043 0.231 0.261 0.234 0.056 
 15       15    (0)    1 :  0.060 0.050 0.249 0.193 0.316 0.131 
 16       16   (87)    1 :  0.319 0.370 0.082 0.073 0.089 0.067 
 17       17   (37)    1 :  0.066 0.506 0.062 0.080 0.065 0.222 
 18       18    (0)    1 :  0.544 0.056 0.076 0.123 0.075 0.125 
 19       19    (0)    1 :  0.110 0.156 0.249 0.082 0.261 0.142 
 20       20    (0)    1 :  0.347 0.120 0.218 0.051 0.206 0.059 
 21       21    (0)    1 :  0.343 0.112 0.137 0.205 0.137 0.066 
 22       22   (25)    1 :  0.101 0.058 0.232 0.274 0.291 0.043 
 23       23    (0)    1 :  0.040 0.098 0.070 0.055 0.067 0.670 
 24       24    (0)    1 :  0.038 0.099 0.344 0.085 0.279 0.155 
 25       25    (0)    1 :  0.102 0.618 0.081 0.064 0.093 0.041 
 26       26    (0)    1 :  0.068 0.070 0.140 0.047 0.129 0.546 
 27       27    (0)    1 :  0.340 0.088 0.134 0.233 0.153 0.052 
 28       28    (0)    1 :  0.042 0.364 0.162 0.156 0.206 0.069 
 29       29    (0)    1 :  0.088 0.042 0.351 0.075 0.337 0.108 
 30       30    (0)    1 :  0.085 0.058 0.275 0.179 0.302 0.101 
 31       31    (0)    1 :  0.070 0.403 0.106 0.068 0.110 0.243 
 32       32    (0)    1 :  0.054 0.073 0.292 0.120 0.386 0.075 
 33       33   (12)    1 :  0.054 0.114 0.166 0.335 0.168 0.163 
 34       34   (62)    1 :  0.098 0.193 0.171 0.128 0.192 0.218 
 35       35   (37)    1 :  0.416 0.043 0.145 0.113 0.151 0.132 
 36       36    (0)    1 :  0.057 0.070 0.312 0.135 0.309 0.118 
 37       37    (0)    1 :  0.088 0.595 0.075 0.044 0.080 0.119 
 38       38    (0)    1 :  0.040 0.076 0.356 0.050 0.367 0.112 
 39       39    (0)    1 :  0.321 0.131 0.220 0.089 0.192 0.046 
 40       40    (0)    1 :  0.049 0.079 0.067 0.657 0.065 0.083 
 41       41    (0)    1 :  0.132 0.045 0.285 0.119 0.312 0.106 
 42       42    (0)    1 :  0.049 0.434 0.161 0.072 0.142 0.141 
 43       43    (0)    1 :  0.026 0.031 0.044 0.037 0.045 0.817 
 44       44    (0)    1 :  0.036 0.111 0.109 0.051 0.104 0.589 
 45       45    (0)    1 :  0.701 0.063 0.067 0.051 0.068 0.050 
 46       46    (0)    1 :  0.038 0.063 0.057 0.088 0.058 0.698 
 47       47    (0)    1 :  0.602 0.076 0.101 0.058 0.099 0.063 
 48       48    (0)    1 :  0.039 0.095 0.356 0.085 0.318 0.107 
 49       49    (0)    1 :  0.086 0.051 0.112 0.437 0.145 0.169 
 50       50    (0)    1 :  0.285 0.105 0.108 0.330 0.115 0.057 
 51       51    (0)    1 :  0.065 0.052 0.092 0.651 0.091 0.049 
 52       52   (12)    1 :  0.089 0.090 0.123 0.472 0.122 0.105 
 53       53    (0)    1 :  0.065 0.087 0.224 0.321 0.254 0.048 
 54       54    (0)    1 :  0.330 0.054 0.096 0.317 0.094 0.107 
 55       55    (0)    1 :  0.093 0.483 0.089 0.107 0.089 0.139 
 56       56    (0)    1 :  0.053 0.204 0.257 0.065 0.213 0.208 
 57       57    (0)    1 :  0.055 0.051 0.187 0.114 0.181 0.412 
 58       58    (0)    1 :  0.046 0.041 0.345 0.087 0.319 0.161 
 59       59    (0)    1 :  0.052 0.055 0.349 0.125 0.360 0.059 
 60       60    (0)    1 :  0.119 0.090 0.235 0.129 0.244 0.182 
 61       61    (0)    1 :  0.058 0.771 0.042 0.057 0.044 0.029 
 62       62    (0)    1 :  0.039 0.065 0.378 0.053 0.339 0.127 
 63       63    (0)    1 :  0.415 0.146 0.144 0.113 0.141 0.041 
 64       64    (0)    1 :  0.061 0.045 0.089 0.663 0.093 0.050 
 65       65    (0)    1 :  0.035 0.114 0.139 0.512 0.126 0.073 
 66       66    (0)    1 :  0.307 0.069 0.169 0.193 0.191 0.071 
 67       67    (0)    1 :  0.051 0.155 0.082 0.057 0.078 0.577 
 68       68    (0)    1 :  0.053 0.067 0.335 0.084 0.314 0.148 
 69       69    (0)    1 :  0.717 0.071 0.055 0.078 0.055 0.024 
 70       70   (12)    1 :  0.029 0.034 0.253 0.033 0.189 0.462 
 71       71   (25)    1 :  0.127 0.066 0.354 0.091 0.309 0.054 
 72       72    (0)    1 :  0.089 0.041 0.317 0.078 0.353 0.122 
 73       73    (0)    1 :  0.641 0.091 0.044 0.073 0.046 0.104 
 74       74    (0)    1 :  0.142 0.204 0.269 0.058 0.283 0.044 
 75       75    (0)    1 :  0.068 0.677 0.065 0.087 0.066 0.038 
 76       76    (0)    1 :  0.124 0.128 0.163 0.065 0.164 0.355 
 77       77   (25)    1 :  0.095 0.060 0.351 0.114 0.317 0.063 
 78       78    (0)    1 :  0.052 0.631 0.073 0.056 0.076 0.111 
 79       79    (0)    1 :  0.156 0.385 0.095 0.194 0.104 0.065 
 80       80    (0)    1 :  0.040 0.061 0.355 0.094 0.324 0.126 
 81       81    (0)    1 :  0.171 0.092 0.158 0.398 0.147 0.033 
 82       82    (0)    1 :  0.246 0.211 0.107 0.156 0.105 0.174 
 83       83    (0)    1 :  0.108 0.071 0.292 0.068 0.314 0.147 
 84       84    (0)    1 :  0.149 0.091 0.256 0.145 0.234 0.125 
 85       85    (0)    1 :  0.571 0.050 0.117 0.070 0.121 0.071 
 86       86   (12)    1 :  0.095 0.085 0.189 0.190 0.175 0.266 
 87       87    (0)    1 :  0.070 0.053 0.146 0.437 0.145 0.150 
 88       88    (0)    1 :  0.068 0.147 0.212 0.214 0.229 0.130 
 89       89    (0)    1 :  0.053 0.687 0.061 0.082 0.060 0.058 
 90       90    (0)    1 :  0.050 0.063 0.061 0.162 0.060 0.605 
 91       91    (0)    1 :  0.119 0.073 0.172 0.433 0.170 0.032 
 92       92    (0)    1 :  0.119 0.058 0.081 0.049 0.088 0.606 
 93       93    (0)    1 :  0.055 0.087 0.204 0.327 0.231 0.096 
 94       94    (0)    1 :  0.355 0.106 0.190 0.079 0.191 0.078 
 95       95    (0)    1 :  0.062 0.086 0.323 0.091 0.295 0.144 
 96       96    (0)    1 :  0.044 0.521 0.124 0.160 0.113 0.038 
 97       97    (0)    1 :  0.038 0.050 0.057 0.039 0.059 0.756 
 98       98    (0)    1 :  0.079 0.114 0.142 0.442 0.138 0.085 
 99       99    (0)    1 :  0.055 0.330 0.193 0.083 0.214 0.125 
100      100    (0)    1 :  0.061 0.259 0.055 0.535 0.057 0.034 
101      101    (0)    1 :  0.075 0.062 0.391 0.054 0.355 0.063 
102      102    (0)    1 :  0.070 0.123 0.250 0.244 0.284 0.029 
103      103    (0)    1 :  0.071 0.133 0.228 0.067 0.240 0.260 
104      104    (0)    1 :  0.070 0.702 0.047 0.056 0.052 0.074 
105      105    (0)    1 :  0.037 0.122 0.045 0.691 0.052 0.052 
106      106    (0)    1 :  0.071 0.048 0.342 0.071 0.380 0.087 
107      107    (0)    1 :  0.592 0.042 0.093 0.069 0.103 0.101 
108      108    (0)    1 :  0.076 0.117 0.044 0.688 0.044 0.032 
109      109    (0)    1 :  0.058 0.680 0.067 0.047 0.067 0.080 
110      110    (0)    1 :  0.146 0.183 0.077 0.093 0.078 0.423 
111      111    (0)    1 :  0.071 0.408 0.085 0.278 0.090 0.069 
112      112    (0)    1 :  0.492 0.102 0.117 0.089 0.122 0.078 
113      113    (0)    1 :  0.048 0.183 0.092 0.083 0.091 0.503 
114      114    (0)    1 :  0.069 0.383 0.054 0.092 0.061 0.342 
115      115    (0)    1 :  0.459 0.067 0.178 0.053 0.209 0.035 
116      116    (0)    1 :  0.519 0.049 0.139 0.094 0.161 0.038 
117      117    (0)    1 :  0.046 0.177 0.303 0.056 0.259 0.160 
118      118    (0)    1 :  0.538 0.099 0.101 0.101 0.101 0.060 
119      119    (0)    1 :  0.065 0.551 0.132 0.077 0.128 0.046 
120      120    (0)    1 :  0.052 0.044 0.113 0.562 0.129 0.100 
121      121    (0)    1 :  0.051 0.082 0.334 0.143 0.300 0.090 
122      122   (50)    1 :  0.060 0.085 0.132 0.225 0.142 0.356 
123      123    (0)    1 :  0.048 0.039 0.062 0.046 0.066 0.740 
124      124    (0)    1 :  0.050 0.083 0.250 0.093 0.245 0.279 
125      125    (0)    1 :  0.224 0.065 0.052 0.055 0.056 0.548 
126      126    (0)    1 :  0.140 0.062 0.346 0.077 0.307 0.067 
127      127   (25)    1 :  0.082 0.192 0.200 0.242 0.205 0.079 
128      128    (0)    1 :  0.107 0.062 0.088 0.560 0.099 0.084 
129      129    (0)    1 :  0.052 0.073 0.093 0.342 0.097 0.342 
130      130    (0)    1 :  0.139 0.090 0.309 0.067 0.336 0.061 
131      131    (0)    1 :  0.035 0.082 0.055 0.088 0.060 0.680 
132      132    (0)    1 :  0.114 0.178 0.223 0.218 0.226 0.042 
133      133    (0)    1 :  0.063 0.665 0.048 0.129 0.051 0.043 
134      134    (0)    1 :  0.052 0.065 0.255 0.197 0.293 0.139 
135      135   (12)    1 :  0.057 0.049 0.402 0.053 0.398 0.040 
136      136    (0)    1 :  0.442 0.064 0.110 0.141 0.122 0.121 
137      137    (0)    1 :  0.093 0.117 0.174 0.348 0.168 0.099 
138      138    (0)    1 :  0.064 0.096 0.098 0.475 0.101 0.167 
139      139    (0)    1 :  0.625 0.054 0.067 0.086 0.067 0.101 
140      140    (0)    1 :  0.052 0.071 0.364 0.053 0.360 0.101 
141      141    (0)    1 :  0.118 0.144 0.213 0.229 0.227 0.069 
142      142    (0)    1 :  0.071 0.562 0.126 0.060 0.124 0.056 
143      143    (0)    1 :  0.129 0.067 0.193 0.392 0.171 0.048 
144      144    (0)    1 :  0.090 0.098 0.319 0.180 0.282 0.032 
145      145    (0)    1 :  0.091 0.079 0.109 0.098 0.125 0.498 
146      146    (0)    1 :  0.095 0.150 0.322 0.060 0.314 0.059 
147      147   (12)    1 :  0.101 0.091 0.089 0.142 0.094 0.482 
148      148    (0)    1 :  0.046 0.055 0.352 0.132 0.328 0.088 
149      149    (0)    1 :  0.063 0.451 0.081 0.121 0.090 0.193 
150      150   (12)    1 :  0.061 0.485 0.168 0.070 0.172 0.043 
151      151    (0)    1 :  0.097 0.703 0.048 0.059 0.047 0.046 
152      152    (0)    1 :  0.060 0.048 0.389 0.077 0.314 0.112 
153      153   (12)    1 :  0.148 0.059 0.051 0.658 0.050 0.034 
154      154    (0)    1 :  0.052 0.164 0.255 0.189 0.264 0.075 
155      155    (0)    1 :  0.057 0.087 0.272 0.258 0.261 0.066 
156      156    (0)    1 :  0.163 0.177 0.224 0.165 0.232 0.039 
157      157   (12)    1 :  0.108 0.139 0.082 0.075 0.083 0.512 
158      158   (25)    1 :  0.104 0.198 0.159 0.270 0.162 0.108 
159      159   (12)    1 :  0.391 0.092 0.138 0.096 0.140 0.142 
160      160    (0)    1 :  0.665 0.072 0.074 0.061 0.078 0.051 
161      161   (12)    1 :  0.587 0.090 0.082 0.071 0.086 0.083 
162      162    (0)    1 :  0.061 0.051 0.350 0.104 0.354 0.080 
163      163    (0)    1 :  0.052 0.188 0.109 0.053 0.122 0.475 
164      164   (50)    1 :  0.723 0.059 0.055 0.052 0.057 0.054 
165      165   (12)    1 :  0.091 0.313 0.207 0.063 0.203 0.123 
166      166   (75)    1 :  0.064 0.059 0.072 0.669 0.075 0.060 
167      167   (62)    1 :  0.063 0.116 0.244 0.248 0.250 0.078 
168      168   (50)    1 :  0.186 0.104 0.283 0.102 0.272 0.054 
169      169   (25)    1 :  0.717 0.044 0.080 0.046 0.081 0.032 
170      170   (25)    1 :  0.400 0.069 0.159 0.147 0.154 0.070 
171      171   (62)    1 :  0.046 0.103 0.130 0.129 0.120 0.473 
172      172   (50)    1 :  0.069 0.083 0.057 0.692 0.058 0.042 
173      173   (12)    1 :  0.038 0.060 0.055 0.760 0.060 0.028 
174      174   (75)    1 :  0.154 0.187 0.153 0.166 0.148 0.192 
175      175   (50)    1 :  0.071 0.085 0.086 0.247 0.092 0.420 
176      176   (62)    1 :  0.450 0.062 0.162 0.079 0.174 0.073 
177      177   (75)    1 :  0.118 0.097 0.159 0.220 0.158 0.247 
178      178   (50)    1 :  0.067 0.083 0.106 0.528 0.108 0.108 
179      179    (0)    1 :  0.082 0.395 0.086 0.146 0.089 0.203 
180      180   (37)    1 :  0.286 0.091 0.223 0.102 0.252 0.046 
181      181    (0)    1 :  0.083 0.132 0.214 0.189 0.237 0.145 
182      182    (0)    1 :  0.100 0.635 0.054 0.053 0.056 0.101 
183      183    (0)    1 :  0.671 0.076 0.060 0.085 0.058 0.049 
184      184   (87)    1 :  0.111 0.263 0.168 0.124 0.171 0.163 
185      185   (25)    1 :  0.332 0.087 0.123 0.074 0.150 0.234 
186      186   (12)    1 :  0.184 0.083 0.165 0.323 0.176 0.069 
187      187    (0)    1 :  0.045 0.059 0.245 0.097 0.240 0.315 
188      188   (12)    1 :  0.737 0.059 0.048 0.076 0.045 0.034 
189      189   (37)    1 :  0.228 0.124 0.206 0.079 0.211 0.152 
190      190   (12)    1 :  0.094 0.131 0.201 0.341 0.198 0.034 
191      191    (0)    1 :  0.046 0.073 0.065 0.678 0.072 0.065 
192      192    (0)    1 :  0.293 0.063 0.067 0.117 0.072 0.388 
193      193   (75)    1 :  0.275 0.182 0.158 0.130 0.161 0.093 
194      194    (0)    1 :  0.070 0.068 0.335 0.074 0.381 0.072 
195      195   (12)    1 :  0.049 0.600 0.072 0.108 0.084 0.087 
196      196    (0)    1 :  0.200 0.058 0.253 0.084 0.317 0.087 
197      197    (0)    1 :  0.058 0.133 0.305 0.139 0.300 0.065 
198      198    (0)    1 :  0.061 0.150 0.113 0.503 0.103 0.070 
199      199   (12)    1 :  0.050 0.070 0.058 0.053 0.061 0.708 
200      200   (25)    1 :  0.033 0.656 0.070 0.101 0.066 0.075 
201      201    (0)    1 :  0.494 0.039 0.121 0.171 0.140 0.035 
202      202    (0)    1 :  0.084 0.091 0.266 0.058 0.254 0.247 
203      203   (50)    1 :  0.064 0.069 0.337 0.095 0.324 0.111 
204      204   (37)    1 :  0.054 0.210 0.161 0.222 0.162 0.190 
205      205    (0)    1 :  0.044 0.038 0.069 0.037 0.069 0.742 
206      206    (0)    1 :  0.063 0.062 0.343 0.088 0.340 0.104 
207      207    (0)    1 :  0.048 0.447 0.149 0.070 0.166 0.120 
208      208    (0)    1 :  0.042 0.696 0.059 0.074 0.058 0.072 
209      209    (0)    1 :  0.175 0.082 0.151 0.390 0.129 0.074 
210      210    (0)    1 :  0.098 0.069 0.324 0.122 0.269 0.117 
211      211    (0)    1 :  0.066 0.065 0.106 0.601 0.112 0.050 
212      212   (12)    1 :  0.053 0.102 0.062 0.662 0.055 0.066 
213      213    (0)    1 :  0.238 0.096 0.288 0.053 0.278 0.047 
214      214    (0)    1 :  0.054 0.045 0.367 0.065 0.390 0.079 
215      215    (0)    1 :  0.057 0.661 0.084 0.059 0.083 0.056 
216      216    (0)    1 :  0.068 0.626 0.093 0.085 0.087 0.041 
217      217    (0)    1 :  0.092 0.050 0.135 0.094 0.138 0.490 
218      218    (0)    1 :  0.069 0.132 0.073 0.040 0.076 0.611 
219      219    (0)    1 :  0.061 0.051 0.082 0.688 0.085 0.033 
220      220    (0)    1 :  0.044 0.073 0.068 0.573 0.074 0.169 
221      221    (0)    1 :  0.061 0.057 0.330 0.125 0.358 0.068 
222      222    (0)    1 :  0.079 0.060 0.139 0.408 0.169 0.145 
223      223    (0)    1 :  0.064 0.062 0.393 0.086 0.356 0.039 
224      224   (25)    1 :  0.107 0.120 0.188 0.291 0.183 0.110 
225      225    (0)    1 :  0.454 0.069 0.107 0.208 0.112 0.050 
226      226   (50)    1 :  0.178 0.170 0.135 0.271 0.141 0.105 
227      227    (0)    1 :  0.030 0.036 0.097 0.040 0.099 0.698 
228      228    (0)    1 :  0.050 0.182 0.131 0.079 0.125 0.433 
229      229    (0)    1 :  0.387 0.156 0.108 0.117 0.109 0.123 
230      230    (0)    1 :  0.065 0.317 0.101 0.096 0.103 0.319 
231      231    (0)    1 :  0.039 0.718 0.050 0.115 0.050 0.028 
232      232    (0)    1 :  0.069 0.379 0.051 0.074 0.052 0.375 
233      233    (0)    1 :  0.058 0.067 0.089 0.630 0.092 0.065 
234      234    (0)    1 :  0.091 0.544 0.098 0.090 0.100 0.077 
235      235    (0)    1 :  0.248 0.097 0.269 0.055 0.288 0.043 
236      236    (0)    1 :  0.071 0.055 0.277 0.214 0.278 0.105 
237      237    (0)    1 :  0.117 0.442 0.100 0.073 0.101 0.167 
238      238    (0)    1 :  0.069 0.045 0.316 0.101 0.369 0.099 
239      239    (0)    1 :  0.421 0.069 0.058 0.057 0.056 0.339 
240      240    (0)    1 :  0.134 0.074 0.277 0.047 0.316 0.153 
241      241    (0)    1 :  0.088 0.088 0.222 0.274 0.264 0.063 
242      242    (0)    1 :  0.534 0.063 0.096 0.134 0.094 0.080 
243      243    (0)    1 :  0.063 0.408 0.182 0.061 0.167 0.119 
244      244    (0)    1 :  0.032 0.062 0.178 0.044 0.202 0.482 
245      245    (0)    1 :  0.250 0.412 0.089 0.094 0.110 0.045 
246      246    (0)    1 :  0.055 0.373 0.072 0.091 0.073 0.338 
247      247    (0)    1 :  0.427 0.088 0.186 0.061 0.182 0.057 
248      248    (0)    1 :  0.264 0.090 0.197 0.146 0.217 0.086 
249      249    (0)    1 :  0.047 0.745 0.064 0.040 0.062 0.042 
250      250    (0)    1 :  0.102 0.059 0.097 0.595 0.104 0.043 
251      251   (12)    1 :  0.112 0.628 0.041 0.098 0.041 0.080 
252      252    (0)    1 :  0.097 0.117 0.320 0.091 0.306 0.068 
253      253    (0)    1 :  0.043 0.037 0.159 0.060 0.162 0.539 
254      254   (12)    1 :  0.122 0.043 0.174 0.376 0.196 0.089 
255      255    (0)    1 :  0.048 0.394 0.083 0.087 0.086 0.302 
256      256    (0)    1 :  0.040 0.046 0.402 0.069 0.384 0.060 
257      257    (0)    1 :  0.269 0.077 0.107 0.369 0.112 0.067 
258      258    (0)    1 :  0.641 0.060 0.097 0.043 0.117 0.042 
259      259   (12)    1 :  0.706 0.057 0.058 0.070 0.067 0.043 
260      260    (0)    1 :  0.079 0.063 0.273 0.216 0.304 0.065 
261      261    (0)    1 :  0.054 0.043 0.093 0.162 0.092 0.556 
262      262    (0)    1 :  0.092 0.065 0.165 0.078 0.158 0.441 
263      263    (0)    1 :  0.085 0.085 0.282 0.225 0.274 0.050 
264      264    (0)    1 :  0.044 0.065 0.182 0.035 0.179 0.495 
265      265    (0)    1 :  0.317 0.095 0.074 0.089 0.081 0.344 
266      266    (0)    1 :  0.196 0.129 0.218 0.160 0.237 0.060 
267      267    (0)    1 :  0.065 0.088 0.079 0.643 0.078 0.047 
268      268    (0)    1 :  0.063 0.606 0.101 0.069 0.100 0.061 
269      269    (0)    1 :  0.257 0.106 0.145 0.271 0.153 0.068 
270      270    (0)    1 :  0.395 0.095 0.191 0.078 0.206 0.036 
271      271    (0)    1 :  0.036 0.163 0.292 0.068 0.264 0.178 
272      272    (0)    1 :  0.093 0.105 0.167 0.064 0.158 0.412 
273      273    (0)    1 :  0.082 0.668 0.060 0.066 0.062 0.063 
274      274    (0)    1 :  0.574 0.075 0.108 0.096 0.109 0.038 
275      275   (12)    1 :  0.094 0.107 0.177 0.357 0.182 0.084 
276      276   (50)    1 :  0.156 0.109 0.239 0.181 0.234 0.082 
277      277    (0)    1 :  0.076 0.057 0.404 0.050 0.373 0.041 
278      278   (62)    1 :  0.087 0.229 0.116 0.345 0.122 0.101 
279      279    (0)    1 :  0.251 0.038 0.239 0.048 0.263 0.161 
280      280   (37)    1 :  0.112 0.066 0.192 0.300 0.201 0.129 
281      281   (37)    1 :  0.092 0.712 0.050 0.056 0.051 0.039 
282      282    (0)    1 :  0.054 0.040 0.401 0.046 0.385 0.075 
283      283    (0)    1 :  0.083 0.150 0.080 0.077 0.084 0.527 
284      284   (25)    1 :  0.135 0.311 0.119 0.133 0.120 0.182 
285      285   (37)    1 :  0.146 0.185 0.184 0.207 0.155 0.123 
286      286   (37)    1 :  0.323 0.058 0.255 0.063 0.221 0.080 
287      287    (0)    1 :  0.041 0.096 0.251 0.127 0.179 0.305 
288      288   (12)    1 :  0.090 0.071 0.275 0.185 0.287 0.091 
289      289    (0)    1 :  0.060 0.392 0.184 0.088 0.191 0.086 
290      290   (12)    1 :  0.050 0.059 0.270 0.078 0.197 0.346 
291      291    (0)    1 :  0.044 0.046 0.420 0.040 0.363 0.087 
292      292    (0)    1 :  0.052 0.252 0.049 0.127 0.050 0.469 
293      293    (0)    1 :  0.114 0.046 0.080 0.639 0.081 0.041 
294      294    (0)    1 :  0.102 0.063 0.374 0.051 0.356 0.053 
295      295    (0)    1 :  0.074 0.051 0.057 0.069 0.058 0.692 
296      296    (0)    1 :  0.059 0.118 0.314 0.061 0.292 0.156 
297      297    (0)    1 :  0.054 0.061 0.077 0.054 0.085 0.669 
298      298    (0)    1 :  0.405 0.061 0.069 0.366 0.075 0.024 
299      299    (0)    1 :  0.240 0.074 0.265 0.068 0.279 0.074 
300      300    (0)    1 :  0.601 0.057 0.093 0.100 0.117 0.031 
301      301    (0)    1 :  0.241 0.062 0.148 0.151 0.160 0.238 
302      302    (0)    1 :  0.623 0.055 0.114 0.054 0.125 0.030 
303      303    (0)    1 :  0.072 0.082 0.342 0.066 0.326 0.113 
304      304    (0)    1 :  0.226 0.047 0.088 0.499 0.095 0.045 
305      305    (0)    1 :  0.235 0.167 0.161 0.167 0.153 0.117 
306      306    (0)    1 :  0.051 0.063 0.183 0.457 0.194 0.051 
307      307    (0)    1 :  0.061 0.145 0.354 0.068 0.332 0.040 
308      308   (25)    1 :  0.410 0.143 0.153 0.082 0.149 0.063 
309      309    (0)    1 :  0.171 0.123 0.195 0.237 0.209 0.064 
310      310    (0)    1 :  0.117 0.066 0.063 0.627 0.063 0.064 
311      311    (0)    1 :  0.099 0.038 0.062 0.673 0.065 0.062 
312      312    (0)    1 :  0.766 0.030 0.060 0.068 0.054 0.023 
313      313    (0)    1 :  0.120 0.065 0.064 0.042 0.065 0.643 
314      314    (0)    1 :  0.501 0.074 0.079 0.146 0.081 0.119 
315      315    (0)    1 :  0.737 0.034 0.053 0.095 0.053 0.029 
316      316    (0)    1 :  0.066 0.137 0.063 0.551 0.064 0.119 
317      317   (12)    1 :  0.078 0.278 0.090 0.426 0.092 0.035 
318      318    (0)    1 :  0.523 0.059 0.134 0.047 0.151 0.086 
319      319    (0)    1 :  0.059 0.414 0.057 0.365 0.066 0.040 
320      320    (0)    1 :  0.724 0.045 0.079 0.035 0.082 0.035 
321      321    (0)    1 :  0.103 0.122 0.094 0.081 0.095 0.504 
322      322    (0)    1 :  0.090 0.068 0.261 0.199 0.325 0.057 
323      323    (0)    1 :  0.101 0.052 0.306 0.174 0.308 0.059 
324      324    (0)    1 :  0.561 0.065 0.071 0.175 0.072 0.057 
325      325    (0)    1 :  0.077 0.465 0.070 0.278 0.072 0.038 
326      326    (0)    1 :  0.104 0.068 0.268 0.241 0.240 0.079 
327      327   (12)    1 :  0.048 0.056 0.104 0.498 0.100 0.193 
328      328    (0)    1 :  0.120 0.047 0.360 0.078 0.365 0.030 
329      329    (0)    1 :  0.096 0.056 0.366 0.061 0.382 0.040 
330      330    (0)    1 :  0.098 0.046 0.337 0.093 0.339 0.087 
331      331    (0)    1 :  0.069 0.258 0.198 0.112 0.207 0.156 
332      332    (0)    1 :  0.046 0.066 0.368 0.067 0.346 0.107 
333      333    (0)    1 :  0.358 0.136 0.083 0.081 0.090 0.252 
334      334    (0)    1 :  0.050 0.047 0.050 0.753 0.048 0.053 
335      335    (0)    1 :  0.132 0.591 0.091 0.047 0.093 0.047 
336      336    (0)    1 :  0.059 0.073 0.172 0.396 0.185 0.115 
337      337    (0)    1 :  0.500 0.074 0.126 0.058 0.116 0.126 
338      338    (0)    1 :  0.060 0.077 0.340 0.150 0.340 0.034 
339      339    (0)    1 :  0.053 0.713 0.065 0.061 0.062 0.047 
340      340    (0)    1 :  0.081 0.067 0.245 0.151 0.242 0.214 
341      341    (0)    1 :  0.111 0.047 0.383 0.071 0.338 0.051 
342      342    (0)    1 :  0.041 0.052 0.065 0.041 0.065 0.736 
343      343    (0)    1 :  0.602 0.134 0.057 0.082 0.056 0.069 
344      344    (0)    1 :  0.101 0.228 0.267 0.050 0.317 0.036 
345      345    (0)    1 :  0.051 0.725 0.060 0.054 0.059 0.051 
346      346    (0)    1 :  0.663 0.061 0.059 0.058 0.062 0.098 
347      347    (0)    1 :  0.049 0.386 0.156 0.171 0.193 0.045 
348      348    (0)    1 :  0.094 0.193 0.101 0.303 0.112 0.197 
349      349    (0)    1 :  0.082 0.457 0.083 0.122 0.093 0.162 
350      350    (0)    1 :  0.151 0.045 0.106 0.519 0.103 0.076 
351      351    (0)    1 :  0.077 0.097 0.251 0.264 0.253 0.059 
352      352    (0)    1 :  0.038 0.096 0.276 0.149 0.264 0.177 
353      353    (0)    1 :  0.051 0.051 0.049 0.723 0.048 0.078 
354      354    (0)    1 :  0.104 0.125 0.109 0.185 0.117 0.359 
355      355    (0)    1 :  0.033 0.055 0.117 0.584 0.126 0.085 
356      356    (0)    1 :  0.763 0.034 0.050 0.045 0.051 0.056 
357      357    (0)    1 :  0.048 0.053 0.079 0.066 0.084 0.669 
358      358    (0)    1 :  0.321 0.070 0.142 0.210 0.163 0.094 
359      359    (0)    1 :  0.489 0.063 0.117 0.056 0.116 0.159 
360      360    (0)    1 :  0.051 0.054 0.129 0.134 0.129 0.502 
361      361    (0)    1 :  0.475 0.044 0.139 0.092 0.148 0.102 
362      362    (0)    1 :  0.071 0.114 0.311 0.062 0.300 0.141 
363      363    (0)    1 :  0.039 0.057 0.377 0.094 0.386 0.047 
364      364    (0)    1 :  0.069 0.073 0.165 0.252 0.186 0.256 
365      365    (0)    1 :  0.136 0.489 0.143 0.053 0.152 0.027 
366      366    (0)    1 :  0.355 0.059 0.157 0.167 0.155 0.108 
367      367    (0)    1 :  0.074 0.061 0.149 0.498 0.160 0.058 
368      368    (0)    1 :  0.035 0.291 0.236 0.110 0.274 0.054 
369      369    (0)    1 :  0.066 0.065 0.217 0.040 0.180 0.432 
370      370    (0)    1 :  0.117 0.117 0.149 0.397 0.150 0.069 
371      371    (0)    1 :  0.064 0.114 0.135 0.066 0.124 0.497 
372      372    (0)    1 :  0.043 0.092 0.106 0.095 0.104 0.560 
373      373    (0)    1 :  0.303 0.073 0.216 0.106 0.211 0.090 
374      374   (12)    1 :  0.435 0.152 0.121 0.082 0.131 0.079 
375      375    (0)    1 :  0.035 0.046 0.059 0.036 0.061 0.763 
376      376    (0)    1 :  0.060 0.568 0.127 0.073 0.110 0.062 
377      377    (0)    1 :  0.657 0.065 0.095 0.042 0.083 0.059 
378      378    (0)    1 :  0.635 0.080 0.068 0.040 0.067 0.110 
379      379    (0)    1 :  0.038 0.086 0.080 0.613 0.079 0.104 
380      380    (0)    1 :  0.114 0.123 0.097 0.274 0.110 0.281 
381      381    (0)    1 :  0.196 0.082 0.267 0.067 0.227 0.162 
382      382    (0)    1 :  0.050 0.058 0.047 0.057 0.053 0.735 
383      383    (0)    1 :  0.040 0.137 0.373 0.052 0.356 0.043 
384      384    (0)    1 :  0.448 0.106 0.139 0.045 0.140 0.122 
385      385    (0)    1 :  0.200 0.533 0.083 0.040 0.086 0.058 
386      386    (0)    1 :  0.062 0.248 0.297 0.058 0.277 0.058 
387      387    (0)    1 :  0.041 0.041 0.380 0.080 0.395 0.063 
388      388    (0)    1 :  0.150 0.076 0.088 0.074 0.091 0.521 
389      389    (0)    1 :  0.053 0.413 0.066 0.085 0.068 0.315 
390      390    (0)    1 :  0.050 0.090 0.127 0.055 0.125 0.554 
391      391    (0)    1 :  0.067 0.301 0.194 0.073 0.195 0.169 
392      392    (0)    1 :  0.240 0.071 0.196 0.176 0.181 0.137 
393      393   (87)    1 :  0.174 0.167 0.156 0.162 0.156 0.184 
394      394    (0)    1 :  0.060 0.580 0.093 0.125 0.098 0.044 
395      395   (25)    1 :  0.041 0.058 0.352 0.075 0.358 0.116 
396      396    (0)    1 :  0.210 0.063 0.061 0.064 0.060 0.541 
397      397    (0)    1 :  0.108 0.058 0.356 0.051 0.295 0.132 
398      398    (0)    1 :  0.304 0.060 0.223 0.061 0.257 0.094 
399      399    (0)    1 :  0.053 0.056 0.144 0.094 0.155 0.497 
400      400    (0)    1 :  0.088 0.110 0.316 0.092 0.302 0.092 
401      401    (0)    1 :  0.066 0.053 0.390 0.060 0.376 0.054 
402      402    (0)    1 :  0.073 0.633 0.084 0.055 0.085 0.071 
403      403    (0)    1 :  0.387 0.066 0.180 0.141 0.182 0.044 
404      404   (37)    1 :  0.067 0.375 0.199 0.076 0.220 0.063 
405      405    (0)    1 :  0.161 0.456 0.085 0.051 0.094 0.153 
406      406    (0)    1 :  0.064 0.079 0.070 0.045 0.068 0.674 
407      407    (0)    1 :  0.043 0.089 0.155 0.148 0.148 0.418 
408      408    (0)    1 :  0.283 0.111 0.110 0.326 0.131 0.039 
409      409    (0)    1 :  0.062 0.298 0.141 0.231 0.150 0.117 
410      410    (0)    1 :  0.057 0.046 0.334 0.064 0.280 0.219 
411      411    (0)    1 :  0.169 0.088 0.326 0.070 0.293 0.053 
412      412    (0)    1 :  0.120 0.073 0.162 0.307 0.213 0.124 
413      413   (12)    1 :  0.099 0.468 0.091 0.151 0.091 0.100 
414      414   (87)    1 :  0.125 0.253 0.152 0.192 0.160 0.118 
415      415    (0)    1 :  0.651 0.087 0.083 0.050 0.084 0.045 
416      416    (0)    1 :  0.038 0.743 0.045 0.069 0.047 0.057 
417      417    (0)    1 :  0.090 0.086 0.307 0.113 0.261 0.144 
418      418    (0)    1 :  0.048 0.200 0.171 0.319 0.179 0.083 
419      419    (0)    1 :  0.102 0.104 0.089 0.107 0.093 0.505 
420      420    (0)    1 :  0.110 0.071 0.294 0.076 0.299 0.151 
421      421    (0)    1 :  0.099 0.344 0.187 0.056 0.197 0.117 
422      422    (0)    1 :  0.156 0.176 0.210 0.185 0.217 0.056 
423      423    (0)    1 :  0.031 0.053 0.381 0.042 0.416 0.079 
424      424    (0)    1 :  0.712 0.069 0.069 0.037 0.066 0.046 
425      425    (0)    1 :  0.147 0.072 0.242 0.073 0.240 0.227 
426      426    (0)    1 :  0.083 0.488 0.139 0.088 0.137 0.066 
427      427    (0)    1 :  0.041 0.106 0.113 0.492 0.115 0.133 
428      428    (0)    1 :  0.062 0.060 0.319 0.152 0.301 0.107 
429      429   (37)    1 :  0.044 0.088 0.363 0.073 0.349 0.082 
430      430    (0)    1 :  0.669 0.035 0.068 0.115 0.069 0.045 
431      431    (0)    1 :  0.068 0.079 0.365 0.071 0.367 0.050 
432      432    (0)    1 :  0.057 0.257 0.081 0.466 0.088 0.051 
433      433   (12)    1 :  0.070 0.069 0.053 0.074 0.055 0.679 
434      434    (0)    1 :  0.329 0.379 0.068 0.069 0.073 0.082 
435      435    (0)    1 :  0.047 0.096 0.196 0.209 0.241 0.211 
436      436    (0)    1 :  0.076 0.123 0.079 0.163 0.080 0.480 
437      437   (12)    1 :  0.626 0.051 0.087 0.072 0.086 0.078 
438      438    (0)    1 :  0.127 0.071 0.083 0.586 0.086 0.048 
439      439    (0)    1 :  0.072 0.079 0.284 0.059 0.328 0.178 
440      440    (0)    1 :  0.672 0.055 0.073 0.088 0.076 0.036 
441      441    (0)    1 :  0.045 0.635 0.057 0.053 0.054 0.155 
442      442    (0)    1 :  0.114 0.045 0.089 0.193 0.099 0.458 
443      443    (0)    1 :  0.040 0.055 0.072 0.042 0.080 0.711 
444      444    (0)    1 :  0.069 0.081 0.380 0.055 0.347 0.067 
445      445    (0)    1 :  0.047 0.072 0.256 0.115 0.293 0.218 
446      446    (0)    1 :  0.039 0.666 0.067 0.109 0.071 0.047 
447      447    (0)    1 :  0.069 0.057 0.266 0.110 0.302 0.197 
448      448    (0)    1 :  0.314 0.097 0.174 0.201 0.167 0.047 
449      449    (0)    1 :  0.710 0.078 0.049 0.045 0.052 0.067 
450      450    (0)    1 :  0.067 0.639 0.053 0.093 0.051 0.096 
451      451    (0)    1 :  0.059 0.675 0.058 0.087 0.056 0.065 
452      452    (0)    1 :  0.039 0.043 0.053 0.057 0.053 0.754 
453      453    (0)    1 :  0.061 0.068 0.053 0.702 0.052 0.064 
454      454    (0)    1 :  0.074 0.200 0.135 0.333 0.140 0.118 
455      455    (0)    1 :  0.043 0.059 0.279 0.272 0.271 0.077 
456      456    (0)    1 :  0.059 0.635 0.065 0.110 0.063 0.067 
457      457    (0)    1 :  0.584 0.087 0.094 0.083 0.079 0.073 
458      458    (0)    1 :  0.081 0.043 0.420 0.045 0.364 0.047 
459      459    (0)    1 :  0.055 0.472 0.053 0.227 0.055 0.138 
460      460    (0)    1 :  0.047 0.048 0.374 0.075 0.333 0.123 
461      461    (0)    1 :  0.651 0.071 0.060 0.079 0.059 0.081 
462      462    (0)    1 :  0.053 0.078 0.059 0.662 0.057 0.091 
463      463    (0)    1 :  0.146 0.474 0.109 0.087 0.122 0.062 
464      464    (0)    1 :  0.097 0.088 0.306 0.080 0.281 0.149 
465      465    (0)    1 :  0.154 0.578 0.082 0.061 0.086 0.039 
466      466    (0)    1 :  0.060 0.111 0.284 0.118 0.238 0.189 
467      467    (0)    1 :  0.037 0.063 0.064 0.056 0.066 0.714 
468      468    (0)    1 :  0.056 0.205 0.285 0.054 0.330 0.070 
469      469    (0)    1 :  0.028 0.039 0.088 0.032 0.075 0.739 
470      470   (12)    1 :  0.124 0.193 0.208 0.182 0.224 0.069 
471      471   (12)    1 :  0.117 0.099 0.258 0.081 0.278 0.167 
472      472   (25)    1 :  0.129 0.143 0.279 0.124 0.269 0.057 
473      473   (25)    1 :  0.092 0.129 0.339 0.079 0.322 0.040 
474      474    (0)    1 :  0.054 0.113 0.327 0.048 0.294 0.164 
475      475    (0)    1 :  0.134 0.040 0.347 0.042 0.363 0.073 
476      476    (0)    1 :  0.071 0.502 0.136 0.124 0.137 0.031 
477      477    (0)    1 :  0.096 0.074 0.341 0.052 0.397 0.039 
478      478   (37)    1 :  0.719 0.048 0.064 0.061 0.060 0.049 
479      479    (0)    1 :  0.064 0.088 0.302 0.077 0.262 0.207 
480      480    (0)    1 :  0.062 0.049 0.057 0.051 0.061 0.720 
481      481    (0)    1 :  0.332 0.110 0.135 0.145 0.148 0.129 
482      482    (0)    1 :  0.585 0.093 0.075 0.087 0.077 0.083 
483      483    (0)    1 :  0.089 0.089 0.232 0.235 0.226 0.129 
484      484   (12)    1 :  0.080 0.045 0.290 0.046 0.217 0.322 
485      485    (0)    1 :  0.042 0.051 0.084 0.033 0.078 0.711 
486      486    (0)    1 :  0.042 0.720 0.038 0.063 0.039 0.097 
487      487    (0)    1 :  0.065 0.092 0.131 0.081 0.127 0.505 
488      488    (0)    1 :  0.033 0.065 0.457 0.045 0.328 0.072 
489      489    (0)    1 :  0.126 0.177 0.224 0.141 0.271 0.062 
490      490    (0)    1 :  0.063 0.267 0.223 0.062 0.263 0.122 
491      491   (62)    1 :  0.049 0.073 0.063 0.059 0.066 0.689 
492      492    (0)    1 :  0.052 0.041 0.082 0.035 0.081 0.708 


Estimated Allele Frequencies in each cluster
First column gives estimated ancestral frequencies


Locus 1 : 
16 alleles
3.7% missing data
 240   (0.058) 0.576 0.016 0.034 0.020 0.037 0.013 
 250   (0.064) 0.013 0.034 0.038 0.028 0.043 0.467 
 246   (0.325) 0.067 0.085 0.529 0.139 0.515 0.088 
 196   (0.140) 0.256 0.028 0.096 0.091 0.100 0.027 
 248   (0.047) 0.008 0.714 0.024 0.028 0.030 0.014 
 244   (0.051) 0.010 0.016 0.031 0.454 0.034 0.008 
 256   (0.012) 0.002 0.004 0.007 0.002 0.007 0.002 
 238   (0.025) 0.006 0.008 0.015 0.005 0.016 0.258 
 252   (0.080) 0.017 0.019 0.090 0.020 0.074 0.077 
 242   (0.082) 0.019 0.022 0.053 0.176 0.058 0.022 
 234   (0.010) 0.002 0.001 0.008 0.002 0.010 0.002 
 194   (0.040) 0.007 0.041 0.029 0.015 0.030 0.011 
 254   (0.030) 0.006 0.006 0.026 0.006 0.024 0.006 
 198   (0.020) 0.006 0.005 0.013 0.011 0.013 0.003 
 192   (0.008) 0.001 0.001 0.004 0.001 0.005 0.001 
 262   (0.008) 0.003 0.001 0.003 0.001 0.004 0.001 

Locus 2 : 
19 alleles
7.5% missing data
 382   (0.134) 0.132 0.209 0.114 0.170 0.112 0.135 
 380   (0.227) 0.326 0.279 0.291 0.263 0.284 0.260 
 394   (0.200) 0.156 0.206 0.227 0.207 0.225 0.251 
 384   (0.029) 0.087 0.014 0.024 0.018 0.025 0.014 
 388   (0.032) 0.057 0.009 0.020 0.040 0.023 0.023 
 392   (0.105) 0.125 0.144 0.091 0.103 0.092 0.136 
 386   (0.077) 0.044 0.041 0.089 0.067 0.089 0.065 
 390   (0.029) 0.030 0.015 0.023 0.010 0.023 0.009 
 398   (0.016) 0.003 0.019 0.010 0.013 0.011 0.002 
 387   (0.006) 0.001 0.001 0.003 0.002 0.004 0.001 
 396   (0.035) 0.018 0.033 0.029 0.045 0.031 0.024 
 395   (0.020) 0.006 0.005 0.015 0.026 0.014 0.012 
 378   (0.030) 0.005 0.006 0.029 0.018 0.029 0.046 
 397   (0.011) 0.002 0.009 0.008 0.002 0.008 0.002 
 389   (0.008) 0.001 0.001 0.006 0.002 0.007 0.001 
 391   (0.015) 0.003 0.005 0.009 0.008 0.010 0.016 
 381   (0.010) 0.002 0.001 0.007 0.002 0.007 0.001 
 376   (0.006) 0.001 0.001 0.004 0.001 0.004 0.001 
 400   (0.006) 0.001 0.001 0.003 0.003 0.003 0.001 

Locus 3 : 
17 alleles
6.3% missing data
 162   (0.082) 0.052 0.079 0.078 0.079 0.078 0.127 
 174   (0.106) 0.186 0.114 0.088 0.160 0.091 0.153 
 168   (0.125) 0.187 0.190 0.118 0.193 0.118 0.093 
 176   (0.049) 0.020 0.075 0.064 0.042 0.063 0.064 
 160   (0.033) 0.022 0.037 0.029 0.010 0.030 0.010 
 166   (0.068) 0.078 0.045 0.061 0.077 0.059 0.026 
 158   (0.020) 0.016 0.018 0.012 0.004 0.014 0.027 
 182   (0.062) 0.078 0.057 0.078 0.018 0.080 0.051 
 170   (0.065) 0.072 0.056 0.073 0.097 0.072 0.027 
 152   (0.017) 0.017 0.002 0.025 0.003 0.025 0.002 
 172   (0.144) 0.117 0.147 0.163 0.129 0.156 0.191 
 180   (0.034) 0.030 0.014 0.022 0.038 0.024 0.058 
 178   (0.101) 0.080 0.129 0.098 0.096 0.097 0.114 
 164   (0.050) 0.029 0.014 0.060 0.024 0.059 0.048 
 188   (0.006) 0.001 0.001 0.003 0.001 0.003 0.001 
 184   (0.019) 0.006 0.005 0.014 0.022 0.014 0.006 
 186   (0.018) 0.008 0.017 0.015 0.005 0.016 0.003 

Locus 4 : 
23 alleles
3.0% missing data
  99   (0.165) 0.154 0.150 0.192 0.225 0.188 0.356 
 103   (0.075) 0.172 0.094 0.063 0.176 0.067 0.035 
  91   (0.092) 0.187 0.102 0.085 0.139 0.083 0.032 
 113   (0.038) 0.044 0.008 0.034 0.038 0.037 0.039 
 115   (0.088) 0.088 0.115 0.116 0.066 0.113 0.079 
  87   (0.049) 0.063 0.070 0.050 0.027 0.050 0.034 
 105   (0.040) 0.020 0.066 0.048 0.014 0.047 0.020 
 119   (0.013) 0.002 0.002 0.012 0.003 0.013 0.009 
 107   (0.054) 0.050 0.089 0.047 0.057 0.046 0.035 
  85   (0.040) 0.036 0.012 0.040 0.022 0.043 0.023 
  95   (0.043) 0.014 0.022 0.051 0.062 0.047 0.045 
  97   (0.050) 0.028 0.062 0.045 0.014 0.044 0.037 
  93   (0.040) 0.023 0.045 0.028 0.034 0.031 0.042 
 117   (0.077) 0.054 0.092 0.086 0.067 0.087 0.137 
 121   (0.016) 0.006 0.003 0.015 0.006 0.015 0.010 
 101   (0.033) 0.013 0.027 0.032 0.019 0.030 0.008 
  89   (0.008) 0.001 0.002 0.005 0.002 0.006 0.001 
 127   (0.011) 0.001 0.001 0.009 0.002 0.009 0.002 
 123   (0.025) 0.017 0.008 0.017 0.012 0.018 0.045 
 111   (0.012) 0.018 0.008 0.006 0.002 0.007 0.002 
 109   (0.008) 0.001 0.001 0.005 0.003 0.006 0.001 
 125   (0.017) 0.006 0.021 0.011 0.007 0.011 0.006 
 114   (0.006) 0.001 0.001 0.003 0.002 0.003 0.001 

Locus 5 : 
19 alleles
3.0% missing data
 138   (0.007) 0.006 0.001 0.003 0.001 0.004 0.001 
 160   (0.179) 0.207 0.207 0.187 0.294 0.188 0.263 
 168   (0.026) 0.010 0.007 0.024 0.016 0.027 0.027 
 164   (0.076) 0.080 0.053 0.084 0.036 0.085 0.082 
 162   (0.124) 0.130 0.106 0.149 0.085 0.146 0.200 
 158   (0.126) 0.209 0.148 0.140 0.107 0.142 0.053 
 142   (0.087) 0.046 0.145 0.084 0.073 0.085 0.093 
 134   (0.042) 0.036 0.049 0.032 0.057 0.034 0.014 
 140   (0.060) 0.037 0.062 0.046 0.076 0.047 0.037 
 156   (0.087) 0.105 0.125 0.069 0.090 0.070 0.166 
 166   (0.046) 0.028 0.049 0.039 0.086 0.037 0.015 
 152   (0.020) 0.016 0.008 0.019 0.008 0.018 0.003 
 170   (0.009) 0.003 0.004 0.004 0.006 0.005 0.002 
 172   (0.009) 0.005 0.001 0.005 0.004 0.006 0.001 
 154   (0.029) 0.020 0.009 0.056 0.008 0.046 0.030 
 148   (0.031) 0.028 0.011 0.031 0.035 0.032 0.007 
 144   (0.019) 0.020 0.006 0.013 0.013 0.013 0.003 
 150   (0.012) 0.012 0.006 0.006 0.003 0.007 0.002 
 146   (0.009) 0.001 0.002 0.008 0.001 0.008 0.001 

Locus 6 : 
17 alleles
7.5% missing data
 187   (0.099) 0.073 0.138 0.105 0.103 0.105 0.089 
 201   (0.044) 0.022 0.018 0.035 0.030 0.037 0.057 
 189   (0.091) 0.092 0.060 0.112 0.086 0.111 0.123 
 193   (0.151) 0.165 0.114 0.172 0.091 0.166 0.163 
 185   (0.145) 0.107 0.173 0.149 0.292 0.148 0.222 
 191   (0.076) 0.113 0.085 0.090 0.037 0.089 0.072 
 197   (0.115) 0.097 0.137 0.117 0.098 0.113 0.103 
 205   (0.017) 0.041 0.006 0.010 0.007 0.011 0.002 
 195   (0.097) 0.147 0.108 0.096 0.080 0.097 0.050 
 199   (0.060) 0.055 0.101 0.046 0.069 0.048 0.095 
 207   (0.008) 0.001 0.004 0.004 0.001 0.005 0.003 
 179   (0.019) 0.010 0.016 0.013 0.005 0.014 0.006 
 183   (0.027) 0.022 0.010 0.019 0.052 0.020 0.007 
 177   (0.024) 0.007 0.011 0.018 0.038 0.019 0.004 
 203   (0.013) 0.005 0.015 0.007 0.008 0.008 0.002 
 181   (0.009) 0.038 0.002 0.004 0.001 0.005 0.001 
 175   (0.006) 0.002 0.001 0.003 0.001 0.003 0.001 

Locus 7 : 
13 alleles
10.2% missing data
 230   (0.118) 0.056 0.162 0.114 0.108 0.114 0.156 
 238   (0.130) 0.226 0.144 0.111 0.169 0.112 0.119 
 240   (0.100) 0.086 0.048 0.120 0.088 0.119 0.122 
 234   (0.204) 0.335 0.225 0.220 0.217 0.221 0.189 
 236   (0.147) 0.138 0.219 0.156 0.156 0.152 0.075 
 228   (0.078) 0.057 0.064 0.069 0.037 0.070 0.157 
 232   (0.077) 0.035 0.088 0.071 0.076 0.071 0.090 
 250   (0.031) 0.010 0.010 0.026 0.010 0.025 0.029 
 242   (0.051) 0.032 0.019 0.061 0.117 0.062 0.027 
 254   (0.009) 0.001 0.002 0.005 0.002 0.006 0.010 
 244   (0.021) 0.005 0.003 0.018 0.008 0.018 0.020 
 246   (0.026) 0.016 0.015 0.026 0.007 0.025 0.004 
 248   (0.008) 0.003 0.001 0.004 0.005 0.005 0.002 

Locus 8 : 
12 alleles
4.1% missing data
 160   (0.727) 0.844 0.824 0.756 0.795 0.756 0.892 
 176   (0.044) 0.061 0.031 0.040 0.018 0.039 0.034 
 184   (0.068) 0.048 0.031 0.065 0.087 0.067 0.039 
 172   (0.010) 0.001 0.001 0.005 0.017 0.005 0.001 
 156   (0.032) 0.012 0.023 0.032 0.011 0.028 0.005 
 162   (0.006) 0.001 0.001 0.003 0.001 0.004 0.001 
 174   (0.021) 0.015 0.009 0.022 0.005 0.022 0.010 
 188   (0.010) 0.002 0.017 0.005 0.015 0.006 0.001 
 180   (0.013) 0.003 0.021 0.008 0.003 0.008 0.003 
 178   (0.034) 0.008 0.036 0.026 0.038 0.027 0.010 
 182   (0.019) 0.003 0.003 0.026 0.004 0.024 0.004 
 186   (0.016) 0.003 0.004 0.013 0.006 0.013 0.002 

Values of parameters used in structure:
DATAFILE=/home/martin/bottleneck/structure_analysis/structure_4/data_job_T6_4,	OUTFILE=/home/martin/bottleneck/structure_analysis/structure_4/structure_results/northern_fur_seal/results_job_T6_4,	NUMINDS=492,	NUMLOCI=8,	MISSING=-9,	LABEL=1,	POPDATA=1,	POPFLAG=0,	PHENOTYPE=0,	EXTRACOLS=0,	MAXPOPS=6,	BURNIN=10000,	NUMREPS=100000,	USEPOPINFO=0,	INFERALPHA=1,	INFERLAMBDA=0,	POPSPECIFICLAMBDA=0,	POPALPHAS=0,	COMPUTEPROB=1,	NOADMIX=0,	ADMBURNIN=2500,	UPDATEFREQ=1,	PRINTLIKES=0,	INTERMEDSAVE=0,	PRINTKLD=0,	PRINTNET=0,	PRINTLAMBDA=0,	ANCESTDIST=0,	NUMBOXES=1000,	ANCESTPINT=0.90000,	GENSBACK=2,	MIGRPRIOR=0.05000,	PRINTQHAT=1,	PRINTQSUM=0,	ALPHA=1.0000,	FREQSCORR=1,	FPRIORMEAN=0.0100,	FPRIORSD=0.0500,	ONEFST=0,	LAMBDA=1.0000,	UNIFPRIORALPHA=1,	ALPHAMAX=10.0000,	ALPHAPRIORA=1.0000,	ALPHAPRIORB=2.0000,	ALPHAPROPSD=0.0250,	STARTATPOPINFO=0,	RANDOMIZE=1,	LINKAGE=0,	METROFREQ=10,	REPORTHITRATE=0,	MARKOVPHASE=-1,	PHASED=0,	PLOIDY=2,	PHASEINFO=0	LOCPRIOR=0, 	LOCPRIORINIT=1.000000, 	LOCDATA=0, 	LOCISPOP=0, 	LOCPRIORSTEP=0.100000, 	MAXLOCPRIOR=20.000000, 	SEED=1470572193,	
[STRAT parameters]:    NUMSIMSTATS=1000,	PHENOTYPECOL=-9,	POOLFREQ=10,	LOCUSxONLY=0,	EMERROR=0.00100,	MISSINGPHENO=-9,	