

----------------------------------------------------
STRUCTURE by Pritchard, Stephens and Donnelly (2000)
     and Falush, Stephens and Pritchard (2003)
       Code by Pritchard, Falush and Hubisz
             Version 2.3.4 (Jul 2012)
----------------------------------------------------



Command line arguments:   /usr/local/bin/structure -m parameter_job_T6_3 
Input File:    /home/martin/bottleneck/structure_analysis/structure_4/data_job_T6_3

Run parameters:
   492 individuals
   8 loci
   6 populations assumed
   10000 Burn-in period
   100000 Reps


--------------------------------------------
Proportion of membership of each pre-defined
 population in each of the 6 clusters

Given    Inferred Clusters                            Number of
 Pop       1      2      3      4      5      6      Individuals

  1:     0.167  0.165  0.167  0.163  0.168  0.169      492
--------------------------------------------

Allele-freq. divergence among pops (Net nucleotide distance),
computed using point estimates of P.

      1       2       3       4       5       6      
 1      -    0.0631  0.0396  0.0444  0.0415  0.0558  
 2   0.0631     -    0.0481  0.0526  0.0503  0.0580  
 3   0.0396  0.0481     -    0.0288  0.0001  0.0335  
 4   0.0444  0.0526  0.0288     -    0.0309  0.0415  
 5   0.0415  0.0503  0.0001  0.0309     -    0.0352  
 6   0.0558  0.0580  0.0335  0.0415  0.0352     -    

Average distances (expected heterozygosity) between individuals in same cluster:
cluster  1  : 0.7583 
cluster  2  : 0.7495 
cluster  3  : 0.8071 
cluster  4  : 0.7838 
cluster  5  : 0.8002 
cluster  6  : 0.7565 

--------------------------------------------
Estimated Ln Prob of Data   = -16552.4
Mean value of ln likelihood = -15007.4
Variance of ln likelihood   = 3090.2
Mean value of alpha         = 0.1609

Mean value of Fst_1         = 0.0666
Mean value of Fst_2         = 0.0705
Mean value of Fst_3         = 0.0246
Mean value of Fst_4         = 0.0609
Mean value of Fst_5         = 0.0289
Mean value of Fst_6         = 0.0774


Inferred ancestry of individuals:
        Label (%Miss) Pop:  Inferred clusters
  1        1    (0)    1 :  0.563 0.072 0.078 0.110 0.071 0.107 
  2        2    (0)    1 :  0.101 0.055 0.062 0.117 0.057 0.607 
  3        3    (0)    1 :  0.060 0.048 0.324 0.076 0.381 0.112 
  4        4   (12)    1 :  0.641 0.099 0.073 0.072 0.075 0.039 
  5        5    (0)    1 :  0.655 0.040 0.088 0.080 0.085 0.051 
  6        6   (12)    1 :  0.075 0.110 0.289 0.057 0.327 0.141 
  7        7    (0)    1 :  0.075 0.267 0.176 0.027 0.168 0.288 
  8        8    (0)    1 :  0.707 0.062 0.050 0.090 0.054 0.037 
  9        9   (37)    1 :  0.055 0.036 0.372 0.056 0.397 0.085 
 10       10    (0)    1 :  0.566 0.057 0.116 0.099 0.119 0.043 
 11       11    (0)    1 :  0.041 0.708 0.067 0.063 0.066 0.056 
 12       12    (0)    1 :  0.278 0.042 0.071 0.116 0.074 0.420 
 13       13    (0)    1 :  0.247 0.330 0.095 0.123 0.088 0.117 
 14       14    (0)    1 :  0.172 0.042 0.225 0.244 0.262 0.055 
 15       15    (0)    1 :  0.057 0.045 0.302 0.193 0.276 0.127 
 16       16   (87)    1 :  0.319 0.387 0.081 0.069 0.080 0.065 
 17       17   (37)    1 :  0.062 0.531 0.061 0.075 0.060 0.210 
 18       18    (0)    1 :  0.572 0.055 0.071 0.116 0.070 0.116 
 19       19    (0)    1 :  0.101 0.161 0.257 0.081 0.257 0.143 
 20       20    (0)    1 :  0.334 0.111 0.219 0.048 0.228 0.059 
 21       21    (0)    1 :  0.347 0.111 0.138 0.200 0.135 0.068 
 22       22   (25)    1 :  0.103 0.055 0.257 0.297 0.244 0.044 
 23       23    (0)    1 :  0.035 0.092 0.065 0.050 0.067 0.691 
 24       24    (0)    1 :  0.037 0.090 0.321 0.079 0.309 0.164 
 25       25    (0)    1 :  0.101 0.656 0.075 0.053 0.074 0.042 
 26       26    (0)    1 :  0.069 0.068 0.132 0.045 0.146 0.540 
 27       27    (0)    1 :  0.369 0.075 0.154 0.235 0.122 0.045 
 28       28    (0)    1 :  0.040 0.374 0.187 0.173 0.153 0.073 
 29       29    (0)    1 :  0.086 0.038 0.325 0.069 0.369 0.114 
 30       30    (0)    1 :  0.088 0.052 0.304 0.189 0.270 0.096 
 31       31    (0)    1 :  0.070 0.414 0.110 0.065 0.101 0.240 
 32       32    (0)    1 :  0.059 0.075 0.358 0.119 0.306 0.083 
 33       33   (12)    1 :  0.050 0.105 0.172 0.348 0.161 0.164 
 34       34   (62)    1 :  0.098 0.211 0.169 0.126 0.161 0.235 
 35       35   (37)    1 :  0.421 0.039 0.146 0.110 0.148 0.135 
 36       36    (0)    1 :  0.055 0.064 0.317 0.118 0.328 0.118 
 37       37    (0)    1 :  0.073 0.621 0.072 0.039 0.076 0.118 
 38       38    (0)    1 :  0.038 0.067 0.388 0.043 0.349 0.115 
 39       39    (0)    1 :  0.322 0.124 0.207 0.085 0.219 0.044 
 40       40    (0)    1 :  0.050 0.071 0.059 0.682 0.061 0.077 
 41       41    (0)    1 :  0.137 0.040 0.306 0.117 0.288 0.110 
 42       42    (0)    1 :  0.049 0.461 0.135 0.065 0.141 0.149 
 43       43    (0)    1 :  0.024 0.032 0.047 0.038 0.041 0.817 
 44       44    (0)    1 :  0.035 0.111 0.100 0.051 0.104 0.598 
 45       45    (0)    1 :  0.707 0.062 0.066 0.050 0.067 0.047 
 46       46    (0)    1 :  0.036 0.063 0.057 0.094 0.055 0.695 
 47       47    (0)    1 :  0.625 0.071 0.093 0.052 0.094 0.066 
 48       48    (0)    1 :  0.041 0.092 0.315 0.083 0.355 0.113 
 49       49    (0)    1 :  0.095 0.039 0.109 0.502 0.105 0.150 
 50       50    (0)    1 :  0.265 0.096 0.109 0.366 0.109 0.054 
 51       51    (0)    1 :  0.063 0.046 0.075 0.686 0.081 0.049 
 52       52   (12)    1 :  0.083 0.086 0.122 0.489 0.110 0.110 
 53       53    (0)    1 :  0.064 0.074 0.260 0.320 0.235 0.047 
 54       54    (0)    1 :  0.343 0.052 0.093 0.311 0.097 0.104 
 55       55    (0)    1 :  0.088 0.513 0.082 0.100 0.085 0.132 
 56       56    (0)    1 :  0.055 0.221 0.230 0.060 0.223 0.210 
 57       57    (0)    1 :  0.060 0.049 0.172 0.113 0.195 0.411 
 58       58    (0)    1 :  0.045 0.035 0.307 0.084 0.361 0.168 
 59       59    (0)    1 :  0.052 0.050 0.341 0.105 0.391 0.061 
 60       60    (0)    1 :  0.108 0.082 0.248 0.144 0.244 0.173 
 61       61    (0)    1 :  0.053 0.787 0.041 0.047 0.043 0.029 
 62       62    (0)    1 :  0.039 0.062 0.334 0.048 0.371 0.146 
 63       63    (0)    1 :  0.426 0.137 0.140 0.114 0.142 0.040 
 64       64    (0)    1 :  0.062 0.037 0.089 0.680 0.084 0.048 
 65       65    (0)    1 :  0.035 0.100 0.127 0.534 0.128 0.076 
 66       66    (0)    1 :  0.295 0.067 0.182 0.212 0.171 0.073 
 67       67    (0)    1 :  0.052 0.149 0.082 0.054 0.081 0.582 
 68       68    (0)    1 :  0.053 0.063 0.308 0.078 0.349 0.149 
 69       69    (0)    1 :  0.739 0.064 0.053 0.072 0.049 0.023 
 70       70   (12)    1 :  0.028 0.032 0.200 0.030 0.222 0.489 
 71       71   (25)    1 :  0.114 0.060 0.357 0.084 0.331 0.054 
 72       72    (0)    1 :  0.090 0.039 0.306 0.066 0.368 0.132 
 73       73    (0)    1 :  0.655 0.090 0.043 0.067 0.043 0.103 
 74       74    (0)    1 :  0.150 0.188 0.305 0.053 0.263 0.042 
 75       75    (0)    1 :  0.068 0.688 0.064 0.078 0.066 0.035 
 76       76    (0)    1 :  0.114 0.125 0.166 0.061 0.168 0.366 
 77       77   (25)    1 :  0.087 0.058 0.315 0.105 0.369 0.065 
 78       78    (0)    1 :  0.051 0.651 0.075 0.049 0.069 0.106 
 79       79    (0)    1 :  0.161 0.424 0.088 0.176 0.088 0.063 
 80       80    (0)    1 :  0.043 0.059 0.317 0.086 0.377 0.118 
 81       81    (0)    1 :  0.176 0.075 0.153 0.419 0.144 0.032 
 82       82    (0)    1 :  0.244 0.233 0.101 0.162 0.099 0.161 
 83       83    (0)    1 :  0.099 0.064 0.281 0.061 0.349 0.146 
 84       84    (0)    1 :  0.150 0.080 0.244 0.160 0.237 0.130 
 85       85    (0)    1 :  0.578 0.046 0.116 0.069 0.118 0.073 
 86       86   (12)    1 :  0.098 0.084 0.181 0.186 0.179 0.272 
 87       87    (0)    1 :  0.069 0.048 0.140 0.456 0.140 0.146 
 88       88    (0)    1 :  0.070 0.141 0.216 0.210 0.232 0.131 
 89       89    (0)    1 :  0.050 0.708 0.055 0.077 0.057 0.053 
 90       90    (0)    1 :  0.050 0.065 0.064 0.159 0.061 0.601 
 91       91    (0)    1 :  0.115 0.068 0.176 0.468 0.143 0.030 
 92       92    (0)    1 :  0.114 0.054 0.080 0.051 0.081 0.620 
 93       93    (0)    1 :  0.064 0.073 0.213 0.370 0.187 0.094 
 94       94    (0)    1 :  0.345 0.091 0.211 0.074 0.208 0.071 
 95       95    (0)    1 :  0.057 0.075 0.350 0.086 0.302 0.131 
 96       96    (0)    1 :  0.043 0.531 0.125 0.147 0.118 0.036 
 97       97    (0)    1 :  0.037 0.050 0.056 0.037 0.058 0.761 
 98       98    (0)    1 :  0.078 0.120 0.153 0.414 0.147 0.088 
 99       99    (0)    1 :  0.049 0.350 0.200 0.083 0.190 0.129 
100      100    (0)    1 :  0.063 0.261 0.055 0.537 0.052 0.033 
101      101    (0)    1 :  0.080 0.059 0.386 0.047 0.359 0.069 
102      102    (0)    1 :  0.067 0.113 0.267 0.281 0.244 0.028 
103      103    (0)    1 :  0.066 0.126 0.235 0.064 0.255 0.255 
104      104    (0)    1 :  0.069 0.735 0.042 0.039 0.043 0.071 
105      105    (0)    1 :  0.036 0.128 0.045 0.697 0.044 0.049 
106      106    (0)    1 :  0.075 0.043 0.374 0.066 0.357 0.085 
107      107    (0)    1 :  0.609 0.039 0.091 0.072 0.087 0.101 
108      108    (0)    1 :  0.075 0.106 0.041 0.706 0.041 0.031 
109      109    (0)    1 :  0.056 0.715 0.060 0.037 0.061 0.073 
110      110    (0)    1 :  0.140 0.183 0.083 0.088 0.081 0.426 
111      111    (0)    1 :  0.070 0.400 0.094 0.285 0.084 0.067 
112      112    (0)    1 :  0.501 0.094 0.114 0.088 0.122 0.081 
113      113    (0)    1 :  0.049 0.177 0.094 0.076 0.090 0.514 
114      114    (0)    1 :  0.067 0.412 0.054 0.086 0.055 0.326 
115      115    (0)    1 :  0.507 0.057 0.182 0.050 0.170 0.035 
116      116    (0)    1 :  0.558 0.048 0.143 0.094 0.119 0.037 
117      117    (0)    1 :  0.047 0.164 0.265 0.048 0.299 0.177 
118      118    (0)    1 :  0.557 0.098 0.095 0.092 0.098 0.061 
119      119    (0)    1 :  0.061 0.579 0.123 0.067 0.127 0.043 
120      120    (0)    1 :  0.054 0.039 0.104 0.598 0.108 0.097 
121      121    (0)    1 :  0.048 0.071 0.305 0.132 0.359 0.086 
122      122   (50)    1 :  0.059 0.080 0.135 0.254 0.130 0.343 
123      123    (0)    1 :  0.045 0.037 0.061 0.046 0.063 0.748 
124      124    (0)    1 :  0.047 0.084 0.239 0.095 0.266 0.268 
125      125    (0)    1 :  0.209 0.063 0.052 0.060 0.056 0.560 
126      126    (0)    1 :  0.129 0.059 0.306 0.066 0.371 0.070 
127      127   (25)    1 :  0.087 0.187 0.201 0.235 0.207 0.082 
128      128    (0)    1 :  0.104 0.062 0.093 0.581 0.085 0.075 
129      129    (0)    1 :  0.054 0.068 0.084 0.390 0.085 0.318 
130      130    (0)    1 :  0.127 0.076 0.331 0.060 0.345 0.061 
131      131    (0)    1 :  0.033 0.075 0.059 0.091 0.054 0.689 
132      132    (0)    1 :  0.113 0.181 0.237 0.201 0.229 0.039 
133      133    (0)    1 :  0.062 0.700 0.046 0.101 0.050 0.042 
134      134    (0)    1 :  0.051 0.053 0.272 0.215 0.256 0.153 
135      135   (12)    1 :  0.057 0.049 0.401 0.050 0.400 0.043 
136      136    (0)    1 :  0.464 0.066 0.109 0.138 0.105 0.118 
137      137    (0)    1 :  0.089 0.104 0.184 0.368 0.167 0.088 
138      138    (0)    1 :  0.058 0.092 0.105 0.476 0.099 0.170 
139      139    (0)    1 :  0.644 0.053 0.065 0.075 0.060 0.104 
140      140    (0)    1 :  0.053 0.068 0.392 0.045 0.338 0.104 
141      141    (0)    1 :  0.113 0.127 0.222 0.258 0.209 0.070 
142      142    (0)    1 :  0.076 0.579 0.128 0.053 0.113 0.052 
143      143    (0)    1 :  0.127 0.064 0.187 0.388 0.188 0.046 
144      144    (0)    1 :  0.081 0.085 0.322 0.152 0.328 0.031 
145      145    (0)    1 :  0.091 0.073 0.115 0.101 0.113 0.507 
146      146    (0)    1 :  0.093 0.126 0.328 0.053 0.342 0.058 
147      147   (12)    1 :  0.100 0.088 0.093 0.151 0.091 0.478 
148      148    (0)    1 :  0.044 0.054 0.328 0.104 0.373 0.098 
149      149    (0)    1 :  0.063 0.477 0.081 0.120 0.076 0.183 
150      150   (12)    1 :  0.058 0.483 0.179 0.057 0.178 0.044 
151      151    (0)    1 :  0.086 0.737 0.045 0.043 0.045 0.044 
152      152    (0)    1 :  0.056 0.044 0.367 0.068 0.347 0.118 
153      153   (12)    1 :  0.146 0.054 0.047 0.671 0.048 0.034 
154      154    (0)    1 :  0.055 0.151 0.257 0.211 0.255 0.072 
155      155    (0)    1 :  0.055 0.073 0.282 0.240 0.283 0.066 
156      156    (0)    1 :  0.162 0.186 0.219 0.164 0.230 0.039 
157      157   (12)    1 :  0.108 0.136 0.080 0.067 0.083 0.525 
158      158   (25)    1 :  0.101 0.193 0.161 0.259 0.179 0.107 
159      159   (12)    1 :  0.385 0.082 0.151 0.093 0.145 0.144 
160      160    (0)    1 :  0.686 0.069 0.068 0.057 0.070 0.051 
161      161   (12)    1 :  0.601 0.091 0.077 0.067 0.084 0.081 
162      162    (0)    1 :  0.062 0.049 0.337 0.104 0.362 0.086 
163      163    (0)    1 :  0.050 0.191 0.120 0.053 0.105 0.481 
164      164   (50)    1 :  0.731 0.057 0.051 0.050 0.055 0.055 
165      165   (12)    1 :  0.086 0.310 0.205 0.055 0.222 0.122 
166      166   (75)    1 :  0.062 0.050 0.066 0.703 0.063 0.056 
167      167   (62)    1 :  0.059 0.107 0.260 0.236 0.263 0.076 
168      168   (50)    1 :  0.191 0.101 0.281 0.102 0.269 0.056 
169      169   (25)    1 :  0.736 0.041 0.076 0.043 0.074 0.031 
170      170   (25)    1 :  0.384 0.062 0.164 0.146 0.176 0.068 
171      171   (62)    1 :  0.045 0.101 0.127 0.120 0.126 0.482 
172      172   (50)    1 :  0.070 0.080 0.052 0.708 0.051 0.039 
173      173   (12)    1 :  0.035 0.054 0.054 0.782 0.050 0.026 
174      174   (75)    1 :  0.149 0.190 0.151 0.169 0.153 0.188 
175      175   (50)    1 :  0.073 0.081 0.087 0.269 0.088 0.401 
176      176   (62)    1 :  0.452 0.054 0.173 0.077 0.170 0.074 
177      177   (75)    1 :  0.118 0.092 0.158 0.224 0.166 0.242 
178      178   (50)    1 :  0.064 0.082 0.108 0.545 0.101 0.099 
179      179    (0)    1 :  0.082 0.417 0.089 0.131 0.080 0.201 
180      180   (37)    1 :  0.309 0.085 0.236 0.104 0.222 0.045 
181      181    (0)    1 :  0.090 0.120 0.226 0.220 0.207 0.137 
182      182    (0)    1 :  0.095 0.676 0.049 0.042 0.048 0.091 
183      183    (0)    1 :  0.701 0.077 0.055 0.066 0.056 0.046 
184      184   (87)    1 :  0.108 0.260 0.175 0.126 0.170 0.161 
185      185   (25)    1 :  0.340 0.085 0.137 0.082 0.126 0.230 
186      186   (12)    1 :  0.184 0.074 0.172 0.343 0.162 0.064 
187      187    (0)    1 :  0.042 0.054 0.246 0.101 0.234 0.323 
188      188   (12)    1 :  0.752 0.060 0.044 0.069 0.043 0.032 
189      189   (37)    1 :  0.218 0.128 0.202 0.076 0.218 0.158 
190      190   (12)    1 :  0.099 0.111 0.207 0.329 0.220 0.034 
191      191    (0)    1 :  0.045 0.068 0.064 0.697 0.061 0.065 
192      192    (0)    1 :  0.305 0.060 0.070 0.115 0.070 0.380 
193      193   (75)    1 :  0.266 0.176 0.162 0.135 0.166 0.094 
194      194    (0)    1 :  0.068 0.062 0.384 0.070 0.345 0.072 
195      195   (12)    1 :  0.048 0.619 0.078 0.098 0.071 0.086 
196      196    (0)    1 :  0.252 0.055 0.280 0.078 0.248 0.087 
197      197    (0)    1 :  0.055 0.128 0.310 0.130 0.308 0.069 
198      198    (0)    1 :  0.056 0.156 0.095 0.520 0.108 0.066 
199      199   (12)    1 :  0.050 0.070 0.060 0.051 0.057 0.712 
200      200   (25)    1 :  0.031 0.693 0.060 0.081 0.063 0.072 
201      201    (0)    1 :  0.503 0.037 0.123 0.181 0.123 0.033 
202      202    (0)    1 :  0.087 0.090 0.236 0.055 0.286 0.246 
203      203   (50)    1 :  0.063 0.061 0.355 0.091 0.324 0.106 
204      204   (37)    1 :  0.053 0.206 0.172 0.210 0.170 0.190 
205      205    (0)    1 :  0.042 0.036 0.063 0.036 0.068 0.755 
206      206    (0)    1 :  0.057 0.057 0.321 0.080 0.369 0.117 
207      207    (0)    1 :  0.047 0.458 0.180 0.066 0.137 0.113 
208      208    (0)    1 :  0.039 0.727 0.056 0.059 0.051 0.068 
209      209    (0)    1 :  0.187 0.081 0.135 0.386 0.133 0.078 
210      210    (0)    1 :  0.106 0.066 0.307 0.118 0.288 0.114 
211      211    (0)    1 :  0.065 0.060 0.110 0.608 0.108 0.049 
212      212   (12)    1 :  0.049 0.098 0.057 0.678 0.053 0.064 
213      213    (0)    1 :  0.224 0.089 0.276 0.048 0.315 0.048 
214      214    (0)    1 :  0.052 0.038 0.408 0.059 0.364 0.079 
215      215    (0)    1 :  0.052 0.681 0.086 0.052 0.076 0.052 
216      216    (0)    1 :  0.067 0.637 0.090 0.078 0.084 0.043 
217      217    (0)    1 :  0.097 0.049 0.130 0.088 0.142 0.494 
218      218    (0)    1 :  0.062 0.119 0.075 0.036 0.074 0.633 
219      219    (0)    1 :  0.057 0.048 0.066 0.737 0.062 0.031 
220      220    (0)    1 :  0.049 0.064 0.058 0.622 0.062 0.146 
221      221    (0)    1 :  0.058 0.047 0.360 0.124 0.342 0.070 
222      222    (0)    1 :  0.078 0.052 0.125 0.496 0.115 0.134 
223      223    (0)    1 :  0.063 0.061 0.365 0.071 0.400 0.040 
224      224   (25)    1 :  0.112 0.111 0.173 0.303 0.190 0.111 
225      225    (0)    1 :  0.439 0.062 0.116 0.217 0.117 0.049 
226      226   (50)    1 :  0.179 0.154 0.138 0.299 0.125 0.104 
227      227    (0)    1 :  0.030 0.035 0.090 0.038 0.097 0.710 
228      228    (0)    1 :  0.049 0.185 0.128 0.082 0.131 0.424 
229      229    (0)    1 :  0.397 0.160 0.107 0.113 0.102 0.122 
230      230    (0)    1 :  0.060 0.329 0.097 0.099 0.094 0.322 
231      231    (0)    1 :  0.037 0.733 0.051 0.103 0.049 0.027 
232      232    (0)    1 :  0.064 0.409 0.052 0.067 0.052 0.356 
233      233    (0)    1 :  0.051 0.061 0.074 0.683 0.069 0.062 
234      234    (0)    1 :  0.090 0.578 0.090 0.076 0.093 0.072 
235      235    (0)    1 :  0.247 0.075 0.313 0.048 0.274 0.043 
236      236    (0)    1 :  0.075 0.055 0.271 0.221 0.260 0.117 
237      237    (0)    1 :  0.112 0.480 0.095 0.066 0.089 0.158 
238      238    (0)    1 :  0.074 0.044 0.323 0.102 0.356 0.101 
239      239    (0)    1 :  0.418 0.065 0.055 0.060 0.059 0.343 
240      240    (0)    1 :  0.130 0.071 0.319 0.039 0.294 0.146 
241      241    (0)    1 :  0.086 0.088 0.260 0.266 0.237 0.064 
242      242    (0)    1 :  0.558 0.062 0.085 0.121 0.090 0.085 
243      243    (0)    1 :  0.059 0.425 0.166 0.054 0.176 0.120 
244      244    (0)    1 :  0.032 0.069 0.183 0.038 0.173 0.505 
245      245    (0)    1 :  0.265 0.446 0.083 0.083 0.080 0.043 
246      246    (0)    1 :  0.054 0.391 0.074 0.083 0.069 0.328 
247      247    (0)    1 :  0.455 0.085 0.191 0.052 0.165 0.053 
248      248    (0)    1 :  0.275 0.086 0.222 0.137 0.201 0.080 
249      249    (0)    1 :  0.046 0.758 0.064 0.035 0.057 0.039 
250      250    (0)    1 :  0.097 0.052 0.097 0.616 0.099 0.040 
251      251   (12)    1 :  0.100 0.671 0.036 0.081 0.037 0.075 
252      252    (0)    1 :  0.097 0.107 0.317 0.088 0.322 0.069 
253      253    (0)    1 :  0.041 0.034 0.168 0.056 0.169 0.532 
254      254   (12)    1 :  0.139 0.037 0.168 0.397 0.174 0.084 
255      255    (0)    1 :  0.047 0.404 0.088 0.083 0.081 0.297 
256      256    (0)    1 :  0.039 0.043 0.365 0.059 0.431 0.062 
257      257    (0)    1 :  0.278 0.075 0.106 0.369 0.102 0.069 
258      258    (0)    1 :  0.674 0.052 0.100 0.039 0.095 0.040 
259      259   (12)    1 :  0.718 0.052 0.060 0.071 0.059 0.040 
260      260    (0)    1 :  0.077 0.058 0.298 0.205 0.293 0.069 
261      261    (0)    1 :  0.053 0.039 0.096 0.165 0.095 0.552 
262      262    (0)    1 :  0.096 0.062 0.145 0.078 0.153 0.465 
263      263    (0)    1 :  0.082 0.071 0.296 0.221 0.284 0.047 
264      264    (0)    1 :  0.042 0.062 0.168 0.030 0.190 0.509 
265      265    (0)    1 :  0.321 0.096 0.074 0.084 0.077 0.348 
266      266    (0)    1 :  0.193 0.120 0.231 0.158 0.239 0.059 
267      267    (0)    1 :  0.057 0.077 0.076 0.677 0.069 0.044 
268      268    (0)    1 :  0.058 0.636 0.092 0.059 0.097 0.057 
269      269    (0)    1 :  0.275 0.106 0.134 0.273 0.147 0.065 
270      270    (0)    1 :  0.419 0.090 0.190 0.076 0.191 0.034 
271      271    (0)    1 :  0.035 0.153 0.259 0.064 0.297 0.191 
272      272    (0)    1 :  0.091 0.099 0.159 0.060 0.158 0.432 
273      273    (0)    1 :  0.074 0.700 0.059 0.055 0.055 0.058 
274      274    (0)    1 :  0.569 0.069 0.110 0.088 0.125 0.038 
275      275   (12)    1 :  0.093 0.107 0.191 0.344 0.175 0.089 
276      276   (50)    1 :  0.156 0.101 0.246 0.177 0.236 0.083 
277      277    (0)    1 :  0.071 0.051 0.377 0.042 0.418 0.042 
278      278   (62)    1 :  0.094 0.231 0.119 0.331 0.122 0.102 
279      279    (0)    1 :  0.264 0.035 0.241 0.042 0.258 0.160 
280      280   (37)    1 :  0.109 0.060 0.192 0.324 0.190 0.125 
281      281   (37)    1 :  0.086 0.736 0.047 0.046 0.049 0.037 
282      282    (0)    1 :  0.051 0.040 0.384 0.038 0.404 0.083 
283      283    (0)    1 :  0.083 0.152 0.085 0.075 0.075 0.529 
284      284   (25)    1 :  0.131 0.309 0.125 0.137 0.120 0.178 
285      285   (37)    1 :  0.157 0.183 0.156 0.209 0.164 0.132 
286      286   (37)    1 :  0.332 0.054 0.222 0.060 0.249 0.084 
287      287    (0)    1 :  0.040 0.091 0.207 0.125 0.227 0.310 
288      288   (12)    1 :  0.095 0.065 0.291 0.177 0.281 0.092 
289      289    (0)    1 :  0.057 0.357 0.229 0.098 0.185 0.074 
290      290   (12)    1 :  0.048 0.055 0.228 0.069 0.225 0.374 
291      291    (0)    1 :  0.044 0.044 0.368 0.034 0.415 0.095 
292      292    (0)    1 :  0.054 0.272 0.048 0.117 0.046 0.462 
293      293    (0)    1 :  0.109 0.042 0.071 0.680 0.061 0.038 
294      294    (0)    1 :  0.093 0.060 0.350 0.045 0.401 0.051 
295      295    (0)    1 :  0.068 0.050 0.059 0.070 0.060 0.693 
296      296    (0)    1 :  0.053 0.104 0.297 0.056 0.333 0.157 
297      297    (0)    1 :  0.052 0.054 0.073 0.057 0.076 0.688 
298      298    (0)    1 :  0.428 0.057 0.068 0.355 0.068 0.023 
299      299    (0)    1 :  0.256 0.064 0.281 0.062 0.263 0.074 
300      300    (0)    1 :  0.655 0.050 0.088 0.098 0.080 0.029 
301      301    (0)    1 :  0.241 0.059 0.158 0.144 0.165 0.232 
302      302    (0)    1 :  0.647 0.052 0.114 0.050 0.109 0.028 
303      303    (0)    1 :  0.065 0.066 0.368 0.059 0.331 0.111 
304      304    (0)    1 :  0.223 0.040 0.074 0.549 0.073 0.040 
305      305    (0)    1 :  0.222 0.161 0.170 0.189 0.151 0.106 
306      306    (0)    1 :  0.049 0.055 0.191 0.487 0.170 0.048 
307      307    (0)    1 :  0.060 0.166 0.339 0.064 0.331 0.040 
308      308   (25)    1 :  0.392 0.131 0.169 0.086 0.159 0.063 
309      309    (0)    1 :  0.169 0.117 0.210 0.242 0.196 0.067 
310      310    (0)    1 :  0.110 0.064 0.059 0.650 0.057 0.060 
311      311    (0)    1 :  0.095 0.035 0.060 0.694 0.060 0.057 
312      312    (0)    1 :  0.768 0.028 0.052 0.073 0.057 0.022 
313      313    (0)    1 :  0.109 0.066 0.058 0.041 0.063 0.663 
314      314    (0)    1 :  0.527 0.073 0.077 0.131 0.074 0.118 
315      315    (0)    1 :  0.744 0.034 0.051 0.092 0.051 0.028 
316      316    (0)    1 :  0.062 0.152 0.058 0.554 0.059 0.115 
317      317   (12)    1 :  0.079 0.289 0.087 0.426 0.085 0.034 
318      318    (0)    1 :  0.532 0.056 0.149 0.046 0.133 0.084 
319      319    (0)    1 :  0.060 0.455 0.059 0.331 0.057 0.038 
320      320    (0)    1 :  0.739 0.042 0.075 0.033 0.077 0.034 
321      321    (0)    1 :  0.100 0.118 0.095 0.075 0.097 0.516 
322      322    (0)    1 :  0.087 0.058 0.309 0.234 0.262 0.050 
323      323    (0)    1 :  0.104 0.050 0.299 0.172 0.311 0.064 
324      324    (0)    1 :  0.599 0.059 0.067 0.150 0.070 0.056 
325      325    (0)    1 :  0.079 0.497 0.071 0.249 0.068 0.036 
326      326    (0)    1 :  0.099 0.067 0.242 0.224 0.282 0.085 
327      327   (12)    1 :  0.047 0.054 0.107 0.492 0.104 0.197 
328      328    (0)    1 :  0.118 0.045 0.351 0.073 0.383 0.031 
329      329    (0)    1 :  0.093 0.051 0.361 0.054 0.397 0.043 
330      330    (0)    1 :  0.101 0.043 0.330 0.082 0.351 0.092 
331      331    (0)    1 :  0.070 0.280 0.223 0.117 0.186 0.124 
332      332    (0)    1 :  0.046 0.061 0.338 0.060 0.384 0.111 
333      333    (0)    1 :  0.365 0.136 0.088 0.078 0.082 0.252 
334      334    (0)    1 :  0.046 0.042 0.046 0.772 0.043 0.051 
335      335    (0)    1 :  0.136 0.616 0.084 0.040 0.078 0.046 
336      336    (0)    1 :  0.058 0.064 0.181 0.407 0.181 0.109 
337      337    (0)    1 :  0.512 0.075 0.118 0.051 0.119 0.127 
338      338    (0)    1 :  0.057 0.074 0.350 0.146 0.338 0.035 
339      339    (0)    1 :  0.054 0.730 0.060 0.054 0.058 0.046 
340      340    (0)    1 :  0.075 0.063 0.245 0.138 0.271 0.208 
341      341    (0)    1 :  0.105 0.043 0.347 0.064 0.389 0.052 
342      342    (0)    1 :  0.038 0.051 0.065 0.042 0.064 0.740 
343      343    (0)    1 :  0.615 0.134 0.051 0.076 0.056 0.068 
344      344    (0)    1 :  0.100 0.226 0.309 0.045 0.283 0.037 
345      345    (0)    1 :  0.050 0.744 0.057 0.045 0.055 0.048 
346      346    (0)    1 :  0.691 0.056 0.053 0.056 0.055 0.088 
347      347    (0)    1 :  0.049 0.407 0.156 0.201 0.142 0.045 
348      348    (0)    1 :  0.091 0.206 0.104 0.316 0.100 0.183 
349      349    (0)    1 :  0.081 0.476 0.081 0.130 0.079 0.153 
350      350    (0)    1 :  0.131 0.042 0.102 0.548 0.099 0.077 
351      351    (0)    1 :  0.078 0.098 0.259 0.254 0.255 0.056 
352      352    (0)    1 :  0.036 0.090 0.276 0.135 0.283 0.180 
353      353    (0)    1 :  0.045 0.047 0.044 0.744 0.045 0.075 
354      354    (0)    1 :  0.103 0.125 0.120 0.186 0.102 0.364 
355      355    (0)    1 :  0.030 0.049 0.115 0.597 0.129 0.081 
356      356    (0)    1 :  0.768 0.033 0.050 0.047 0.049 0.053 
357      357    (0)    1 :  0.047 0.050 0.078 0.069 0.088 0.668 
358      358    (0)    1 :  0.326 0.064 0.148 0.223 0.145 0.093 
359      359    (0)    1 :  0.493 0.061 0.115 0.052 0.118 0.161 
360      360    (0)    1 :  0.050 0.055 0.125 0.129 0.132 0.510 
361      361    (0)    1 :  0.496 0.042 0.138 0.089 0.136 0.099 
362      362    (0)    1 :  0.066 0.104 0.346 0.054 0.298 0.132 
363      363    (0)    1 :  0.039 0.046 0.415 0.089 0.364 0.047 
364      364    (0)    1 :  0.075 0.068 0.158 0.307 0.147 0.245 
365      365    (0)    1 :  0.137 0.508 0.147 0.046 0.136 0.027 
366      366    (0)    1 :  0.364 0.056 0.152 0.159 0.166 0.103 
367      367    (0)    1 :  0.066 0.053 0.138 0.552 0.133 0.057 
368      368    (0)    1 :  0.035 0.296 0.257 0.096 0.262 0.054 
369      369    (0)    1 :  0.061 0.062 0.195 0.036 0.200 0.446 
370      370    (0)    1 :  0.111 0.116 0.152 0.419 0.138 0.063 
371      371    (0)    1 :  0.060 0.110 0.136 0.061 0.135 0.499 
372      372    (0)    1 :  0.040 0.091 0.116 0.084 0.106 0.563 
373      373    (0)    1 :  0.304 0.076 0.197 0.098 0.238 0.088 
374      374   (12)    1 :  0.429 0.150 0.133 0.081 0.135 0.073 
375      375    (0)    1 :  0.034 0.046 0.063 0.034 0.056 0.767 
376      376    (0)    1 :  0.061 0.591 0.109 0.064 0.110 0.066 
377      377    (0)    1 :  0.678 0.060 0.079 0.039 0.084 0.059 
378      378    (0)    1 :  0.647 0.080 0.062 0.038 0.069 0.105 
379      379    (0)    1 :  0.035 0.083 0.074 0.644 0.070 0.095 
380      380    (0)    1 :  0.104 0.130 0.102 0.283 0.104 0.277 
381      381    (0)    1 :  0.193 0.083 0.256 0.061 0.245 0.162 
382      382    (0)    1 :  0.047 0.059 0.046 0.058 0.048 0.742 
383      383    (0)    1 :  0.038 0.138 0.364 0.049 0.369 0.042 
384      384    (0)    1 :  0.456 0.102 0.141 0.044 0.141 0.116 
385      385    (0)    1 :  0.208 0.563 0.075 0.034 0.068 0.052 
386      386    (0)    1 :  0.059 0.198 0.318 0.052 0.316 0.058 
387      387    (0)    1 :  0.040 0.036 0.408 0.067 0.386 0.062 
388      388    (0)    1 :  0.143 0.075 0.087 0.069 0.091 0.536 
389      389    (0)    1 :  0.051 0.418 0.069 0.079 0.069 0.313 
390      390    (0)    1 :  0.049 0.084 0.112 0.048 0.122 0.585 
391      391    (0)    1 :  0.066 0.297 0.208 0.088 0.198 0.144 
392      392    (0)    1 :  0.231 0.063 0.202 0.162 0.211 0.130 
393      393   (87)    1 :  0.173 0.167 0.155 0.166 0.155 0.185 
394      394    (0)    1 :  0.057 0.601 0.100 0.112 0.089 0.040 
395      395   (25)    1 :  0.039 0.056 0.387 0.076 0.329 0.114 
396      396    (0)    1 :  0.209 0.062 0.057 0.066 0.059 0.547 
397      397    (0)    1 :  0.114 0.055 0.309 0.044 0.328 0.151 
398      398    (0)    1 :  0.307 0.052 0.253 0.057 0.232 0.099 
399      399    (0)    1 :  0.051 0.051 0.147 0.102 0.131 0.518 
400      400    (0)    1 :  0.085 0.112 0.294 0.076 0.331 0.103 
401      401    (0)    1 :  0.067 0.049 0.398 0.053 0.380 0.052 
402      402    (0)    1 :  0.067 0.662 0.077 0.045 0.081 0.069 
403      403    (0)    1 :  0.407 0.062 0.175 0.135 0.176 0.046 
404      404   (37)    1 :  0.064 0.374 0.237 0.077 0.194 0.053 
405      405    (0)    1 :  0.152 0.474 0.087 0.047 0.088 0.153 
406      406    (0)    1 :  0.059 0.074 0.066 0.040 0.066 0.695 
407      407    (0)    1 :  0.042 0.089 0.145 0.134 0.163 0.428 
408      408    (0)    1 :  0.260 0.099 0.111 0.392 0.100 0.037 
409      409    (0)    1 :  0.056 0.295 0.150 0.239 0.140 0.119 
410      410    (0)    1 :  0.055 0.043 0.305 0.056 0.306 0.235 
411      411    (0)    1 :  0.175 0.087 0.295 0.060 0.324 0.059 
412      412    (0)    1 :  0.124 0.075 0.171 0.351 0.152 0.127 
413      413   (12)    1 :  0.096 0.472 0.093 0.142 0.093 0.104 
414      414   (87)    1 :  0.129 0.258 0.156 0.186 0.155 0.117 
415      415    (0)    1 :  0.670 0.084 0.075 0.045 0.084 0.043 
416      416    (0)    1 :  0.037 0.760 0.046 0.060 0.043 0.053 
417      417    (0)    1 :  0.088 0.082 0.273 0.108 0.298 0.151 
418      418    (0)    1 :  0.051 0.195 0.178 0.321 0.174 0.080 
419      419    (0)    1 :  0.102 0.100 0.093 0.106 0.088 0.512 
420      420    (0)    1 :  0.113 0.063 0.294 0.072 0.314 0.144 
421      421    (0)    1 :  0.103 0.394 0.180 0.049 0.160 0.113 
422      422    (0)    1 :  0.164 0.197 0.214 0.194 0.179 0.051 
423      423    (0)    1 :  0.030 0.044 0.422 0.033 0.397 0.074 
424      424    (0)    1 :  0.723 0.065 0.064 0.036 0.066 0.046 
425      425    (0)    1 :  0.150 0.070 0.222 0.062 0.243 0.253 
426      426    (0)    1 :  0.083 0.502 0.135 0.084 0.131 0.064 
427      427    (0)    1 :  0.039 0.101 0.098 0.527 0.109 0.125 
428      428    (0)    1 :  0.068 0.060 0.285 0.148 0.331 0.109 
429      429   (37)    1 :  0.045 0.082 0.353 0.061 0.377 0.082 
430      430    (0)    1 :  0.663 0.034 0.069 0.118 0.073 0.043 
431      431    (0)    1 :  0.065 0.073 0.397 0.069 0.349 0.048 
432      432    (0)    1 :  0.059 0.272 0.081 0.459 0.080 0.049 
433      433   (12)    1 :  0.069 0.069 0.052 0.069 0.056 0.684 
434      434    (0)    1 :  0.318 0.405 0.071 0.061 0.067 0.078 
435      435    (0)    1 :  0.049 0.089 0.237 0.248 0.190 0.188 
436      436    (0)    1 :  0.069 0.126 0.080 0.176 0.080 0.469 
437      437   (12)    1 :  0.630 0.053 0.083 0.071 0.086 0.078 
438      438    (0)    1 :  0.128 0.068 0.083 0.592 0.082 0.047 
439      439    (0)    1 :  0.070 0.073 0.335 0.053 0.284 0.186 
440      440    (0)    1 :  0.681 0.056 0.072 0.089 0.070 0.034 
441      441    (0)    1 :  0.044 0.667 0.051 0.048 0.050 0.141 
442      442    (0)    1 :  0.108 0.043 0.090 0.221 0.091 0.447 
443      443    (0)    1 :  0.037 0.051 0.073 0.041 0.074 0.724 
444      444    (0)    1 :  0.062 0.069 0.354 0.049 0.401 0.066 
445      445    (0)    1 :  0.048 0.063 0.272 0.131 0.267 0.220 
446      446    (0)    1 :  0.035 0.694 0.062 0.101 0.065 0.043 
447      447    (0)    1 :  0.070 0.049 0.304 0.098 0.290 0.189 
448      448    (0)    1 :  0.314 0.089 0.178 0.202 0.169 0.048 
449      449    (0)    1 :  0.723 0.073 0.051 0.043 0.048 0.063 
450      450    (0)    1 :  0.063 0.683 0.046 0.069 0.048 0.090 
451      451    (0)    1 :  0.055 0.720 0.049 0.070 0.050 0.057 
452      452    (0)    1 :  0.036 0.041 0.056 0.053 0.053 0.761 
453      453    (0)    1 :  0.057 0.066 0.050 0.716 0.051 0.061 
454      454    (0)    1 :  0.068 0.185 0.157 0.356 0.131 0.103 
455      455    (0)    1 :  0.041 0.058 0.275 0.251 0.299 0.075 
456      456    (0)    1 :  0.058 0.662 0.059 0.096 0.064 0.061 
457      457    (0)    1 :  0.617 0.083 0.075 0.070 0.078 0.077 
458      458    (0)    1 :  0.078 0.040 0.371 0.037 0.422 0.053 
459      459    (0)    1 :  0.051 0.505 0.051 0.205 0.053 0.135 
460      460    (0)    1 :  0.046 0.047 0.325 0.071 0.383 0.128 
461      461    (0)    1 :  0.662 0.070 0.055 0.078 0.057 0.078 
462      462    (0)    1 :  0.052 0.074 0.055 0.675 0.057 0.087 
463      463    (0)    1 :  0.146 0.512 0.110 0.070 0.103 0.059 
464      464    (0)    1 :  0.090 0.083 0.280 0.073 0.322 0.153 
465      465    (0)    1 :  0.148 0.603 0.082 0.048 0.080 0.038 
466      466    (0)    1 :  0.055 0.112 0.257 0.091 0.282 0.202 
467      467    (0)    1 :  0.035 0.062 0.060 0.057 0.064 0.722 
468      468    (0)    1 :  0.053 0.202 0.320 0.047 0.307 0.071 
469      469    (0)    1 :  0.025 0.039 0.074 0.030 0.078 0.754 
470      470   (12)    1 :  0.117 0.184 0.233 0.188 0.211 0.067 
471      471   (12)    1 :  0.107 0.089 0.285 0.072 0.284 0.163 
472      472   (25)    1 :  0.122 0.132 0.281 0.112 0.298 0.055 
473      473   (25)    1 :  0.084 0.117 0.325 0.069 0.365 0.039 
474      474    (0)    1 :  0.050 0.091 0.320 0.045 0.327 0.168 
475      475    (0)    1 :  0.149 0.038 0.354 0.043 0.339 0.079 
476      476    (0)    1 :  0.067 0.551 0.128 0.106 0.118 0.030 
477      477    (0)    1 :  0.101 0.060 0.376 0.045 0.380 0.039 
478      478   (37)    1 :  0.741 0.047 0.058 0.050 0.058 0.046 
479      479    (0)    1 :  0.063 0.083 0.273 0.073 0.285 0.222 
480      480    (0)    1 :  0.058 0.049 0.063 0.049 0.062 0.719 
481      481    (0)    1 :  0.356 0.096 0.146 0.122 0.142 0.138 
482      482    (0)    1 :  0.605 0.088 0.074 0.080 0.074 0.080 
483      483    (0)    1 :  0.092 0.088 0.222 0.233 0.226 0.138 
484      484   (12)    1 :  0.078 0.043 0.234 0.043 0.249 0.354 
485      485    (0)    1 :  0.040 0.045 0.085 0.028 0.084 0.718 
486      486    (0)    1 :  0.041 0.753 0.035 0.045 0.038 0.087 
487      487    (0)    1 :  0.063 0.094 0.126 0.077 0.134 0.506 
488      488    (0)    1 :  0.036 0.066 0.389 0.040 0.393 0.076 
489      489    (0)    1 :  0.119 0.161 0.271 0.174 0.225 0.050 
490      490    (0)    1 :  0.066 0.244 0.286 0.060 0.235 0.109 
491      491   (62)    1 :  0.048 0.070 0.069 0.061 0.068 0.685 
492      492    (0)    1 :  0.052 0.037 0.075 0.034 0.081 0.721 


Estimated Allele Frequencies in each cluster
First column gives estimated ancestral frequencies


Locus 1 : 
16 alleles
3.7% missing data
 240   (0.060) 0.572 0.016 0.036 0.018 0.034 0.014 
 250   (0.068) 0.015 0.037 0.044 0.032 0.041 0.458 
 246   (0.332) 0.070 0.080 0.511 0.132 0.542 0.099 
 196   (0.137) 0.253 0.026 0.102 0.091 0.099 0.029 
 248   (0.045) 0.008 0.726 0.025 0.017 0.022 0.015 
 244   (0.052) 0.010 0.015 0.034 0.454 0.028 0.009 
 256   (0.014) 0.003 0.005 0.008 0.003 0.007 0.002 
 238   (0.030) 0.007 0.009 0.017 0.006 0.016 0.254 
 252   (0.075) 0.016 0.018 0.082 0.018 0.081 0.079 
 242   (0.071) 0.020 0.017 0.052 0.190 0.048 0.021 
 234   (0.011) 0.002 0.001 0.008 0.002 0.010 0.003 
 194   (0.039) 0.007 0.038 0.034 0.018 0.027 0.009 
 254   (0.030) 0.006 0.005 0.028 0.006 0.024 0.006 
 198   (0.021) 0.006 0.005 0.014 0.011 0.014 0.003 
 192   (0.007) 0.001 0.001 0.004 0.001 0.004 0.001 
 262   (0.008) 0.004 0.001 0.003 0.001 0.003 0.001 

Locus 2 : 
19 alleles
7.5% missing data
 382   (0.132) 0.134 0.208 0.116 0.166 0.114 0.133 
 380   (0.233) 0.326 0.283 0.279 0.259 0.295 0.261 
 394   (0.199) 0.157 0.206 0.228 0.206 0.224 0.251 
 384   (0.031) 0.084 0.014 0.025 0.020 0.025 0.015 
 388   (0.031) 0.056 0.009 0.021 0.043 0.020 0.023 
 392   (0.108) 0.122 0.142 0.096 0.105 0.093 0.134 
 386   (0.073) 0.046 0.040 0.088 0.067 0.086 0.066 
 390   (0.029) 0.031 0.016 0.023 0.010 0.022 0.009 
 398   (0.016) 0.004 0.019 0.011 0.013 0.010 0.002 
 387   (0.006) 0.001 0.001 0.003 0.002 0.003 0.001 
 396   (0.036) 0.019 0.034 0.028 0.045 0.030 0.025 
 395   (0.020) 0.006 0.005 0.015 0.026 0.014 0.012 
 378   (0.029) 0.005 0.006 0.029 0.018 0.029 0.046 
 397   (0.011) 0.002 0.010 0.008 0.002 0.007 0.002 
 389   (0.008) 0.001 0.001 0.006 0.001 0.007 0.001 
 391   (0.016) 0.003 0.004 0.010 0.009 0.009 0.017 
 381   (0.010) 0.002 0.001 0.008 0.003 0.007 0.001 
 376   (0.007) 0.001 0.001 0.004 0.001 0.004 0.001 
 400   (0.006) 0.001 0.001 0.003 0.003 0.002 0.001 

Locus 3 : 
17 alleles
6.3% missing data
 162   (0.081) 0.052 0.078 0.079 0.085 0.074 0.125 
 174   (0.103) 0.186 0.119 0.088 0.159 0.087 0.151 
 168   (0.126) 0.185 0.187 0.119 0.193 0.119 0.095 
 176   (0.050) 0.021 0.077 0.058 0.043 0.065 0.063 
 160   (0.033) 0.022 0.035 0.032 0.010 0.030 0.010 
 166   (0.066) 0.078 0.045 0.062 0.077 0.058 0.027 
 158   (0.021) 0.017 0.019 0.014 0.004 0.012 0.026 
 182   (0.064) 0.078 0.056 0.079 0.017 0.080 0.054 
 170   (0.067) 0.069 0.058 0.073 0.094 0.075 0.029 
 152   (0.017) 0.017 0.002 0.024 0.003 0.026 0.002 
 172   (0.144) 0.117 0.148 0.159 0.127 0.162 0.189 
 180   (0.035) 0.030 0.014 0.024 0.042 0.022 0.056 
 178   (0.102) 0.082 0.126 0.099 0.094 0.098 0.115 
 164   (0.048) 0.031 0.013 0.058 0.023 0.059 0.048 
 188   (0.007) 0.001 0.001 0.004 0.001 0.003 0.001 
 184   (0.019) 0.006 0.005 0.015 0.022 0.015 0.006 
 186   (0.018) 0.008 0.017 0.015 0.005 0.015 0.003 

Locus 4 : 
23 alleles
3.0% missing data
  99   (0.165) 0.153 0.149 0.189 0.229 0.194 0.348 
 103   (0.077) 0.171 0.095 0.066 0.175 0.064 0.036 
  91   (0.090) 0.184 0.103 0.086 0.140 0.082 0.032 
 113   (0.037) 0.044 0.008 0.034 0.039 0.035 0.040 
 115   (0.090) 0.089 0.118 0.110 0.065 0.117 0.079 
  87   (0.048) 0.061 0.072 0.049 0.024 0.050 0.036 
 105   (0.040) 0.021 0.065 0.046 0.013 0.049 0.021 
 119   (0.013) 0.002 0.003 0.013 0.003 0.012 0.010 
 107   (0.056) 0.052 0.087 0.047 0.057 0.046 0.036 
  85   (0.038) 0.038 0.010 0.042 0.023 0.040 0.023 
  95   (0.043) 0.015 0.023 0.046 0.062 0.049 0.047 
  97   (0.048) 0.028 0.058 0.048 0.014 0.044 0.036 
  93   (0.041) 0.023 0.046 0.032 0.033 0.029 0.042 
 117   (0.078) 0.053 0.092 0.085 0.066 0.091 0.136 
 121   (0.017) 0.006 0.003 0.015 0.006 0.015 0.010 
 101   (0.032) 0.013 0.026 0.032 0.019 0.029 0.008 
  89   (0.007) 0.001 0.002 0.005 0.002 0.005 0.001 
 127   (0.011) 0.001 0.001 0.010 0.002 0.009 0.002 
 123   (0.025) 0.017 0.008 0.018 0.013 0.017 0.045 
 111   (0.012) 0.019 0.008 0.006 0.002 0.005 0.002 
 109   (0.007) 0.001 0.001 0.005 0.003 0.005 0.001 
 125   (0.017) 0.006 0.020 0.011 0.007 0.010 0.006 
 114   (0.005) 0.001 0.001 0.003 0.002 0.002 0.001 

Locus 5 : 
19 alleles
3.0% missing data
 138   (0.008) 0.007 0.001 0.004 0.001 0.003 0.001 
 160   (0.185) 0.207 0.209 0.189 0.294 0.189 0.259 
 168   (0.026) 0.011 0.007 0.026 0.017 0.025 0.026 
 164   (0.074) 0.080 0.054 0.084 0.033 0.085 0.083 
 162   (0.123) 0.128 0.105 0.144 0.086 0.152 0.199 
 158   (0.128) 0.202 0.146 0.144 0.108 0.145 0.056 
 142   (0.085) 0.047 0.144 0.087 0.067 0.086 0.094 
 134   (0.043) 0.037 0.048 0.033 0.056 0.033 0.014 
 140   (0.058) 0.038 0.061 0.048 0.077 0.044 0.037 
 156   (0.087) 0.105 0.128 0.070 0.092 0.068 0.161 
 166   (0.046) 0.030 0.048 0.037 0.088 0.036 0.016 
 152   (0.020) 0.015 0.007 0.020 0.008 0.019 0.003 
 170   (0.010) 0.003 0.005 0.005 0.006 0.004 0.002 
 172   (0.009) 0.005 0.001 0.006 0.004 0.005 0.001 
 154   (0.030) 0.021 0.010 0.046 0.008 0.050 0.034 
 148   (0.031) 0.029 0.011 0.031 0.035 0.031 0.008 
 144   (0.018) 0.021 0.006 0.013 0.014 0.012 0.003 
 150   (0.012) 0.013 0.007 0.006 0.003 0.006 0.002 
 146   (0.009) 0.001 0.001 0.008 0.001 0.008 0.001 

Locus 6 : 
17 alleles
7.5% missing data
 187   (0.096) 0.072 0.140 0.101 0.103 0.106 0.090 
 201   (0.043) 0.023 0.016 0.038 0.033 0.035 0.057 
 189   (0.091) 0.093 0.062 0.109 0.082 0.113 0.123 
 193   (0.148) 0.165 0.114 0.170 0.089 0.168 0.166 
 185   (0.148) 0.111 0.176 0.146 0.285 0.154 0.220 
 191   (0.078) 0.111 0.086 0.088 0.038 0.090 0.074 
 197   (0.114) 0.094 0.133 0.118 0.101 0.117 0.103 
 205   (0.017) 0.042 0.006 0.011 0.008 0.010 0.002 
 195   (0.096) 0.144 0.103 0.098 0.087 0.097 0.050 
 199   (0.061) 0.056 0.105 0.048 0.067 0.046 0.093 
 207   (0.009) 0.001 0.005 0.005 0.001 0.004 0.003 
 179   (0.018) 0.011 0.016 0.014 0.004 0.012 0.006 
 183   (0.027) 0.024 0.010 0.020 0.052 0.019 0.007 
 177   (0.024) 0.008 0.011 0.020 0.038 0.018 0.004 
 203   (0.013) 0.005 0.015 0.007 0.009 0.007 0.002 
 181   (0.009) 0.039 0.002 0.004 0.002 0.004 0.001 
 175   (0.007) 0.002 0.001 0.003 0.001 0.003 0.001 

Locus 7 : 
13 alleles
10.2% missing data
 230   (0.116) 0.057 0.162 0.115 0.109 0.113 0.153 
 238   (0.129) 0.227 0.148 0.111 0.165 0.107 0.120 
 240   (0.100) 0.086 0.049 0.116 0.092 0.120 0.121 
 234   (0.209) 0.331 0.226 0.220 0.216 0.228 0.187 
 236   (0.146) 0.138 0.216 0.154 0.158 0.151 0.079 
 228   (0.076) 0.058 0.063 0.070 0.036 0.069 0.158 
 232   (0.077) 0.034 0.087 0.072 0.078 0.071 0.089 
 250   (0.030) 0.009 0.009 0.028 0.010 0.026 0.029 
 242   (0.052) 0.033 0.020 0.061 0.113 0.063 0.028 
 254   (0.010) 0.001 0.002 0.006 0.002 0.005 0.010 
 244   (0.020) 0.005 0.003 0.018 0.008 0.018 0.020 
 246   (0.026) 0.017 0.015 0.026 0.007 0.026 0.004 
 248   (0.009) 0.003 0.001 0.004 0.005 0.004 0.002 

Locus 8 : 
12 alleles
4.1% missing data
 160   (0.725) 0.840 0.820 0.754 0.800 0.759 0.890 
 176   (0.046) 0.062 0.032 0.039 0.016 0.040 0.035 
 184   (0.067) 0.048 0.029 0.068 0.085 0.068 0.038 
 172   (0.010) 0.001 0.001 0.005 0.018 0.004 0.001 
 156   (0.032) 0.013 0.024 0.031 0.012 0.029 0.005 
 162   (0.006) 0.001 0.001 0.004 0.001 0.003 0.001 
 174   (0.023) 0.017 0.010 0.021 0.005 0.021 0.011 
 188   (0.011) 0.002 0.019 0.005 0.014 0.004 0.001 
 180   (0.013) 0.003 0.022 0.007 0.003 0.006 0.002 
 178   (0.034) 0.009 0.036 0.028 0.037 0.026 0.011 
 182   (0.018) 0.003 0.003 0.026 0.004 0.025 0.004 
 186   (0.015) 0.003 0.003 0.013 0.007 0.013 0.002 

Values of parameters used in structure:
DATAFILE=/home/martin/bottleneck/structure_analysis/structure_4/data_job_T6_3,	OUTFILE=/home/martin/bottleneck/structure_analysis/structure_4/structure_results/northern_fur_seal/results_job_T6_3,	NUMINDS=492,	NUMLOCI=8,	MISSING=-9,	LABEL=1,	POPDATA=1,	POPFLAG=0,	PHENOTYPE=0,	EXTRACOLS=0,	MAXPOPS=6,	BURNIN=10000,	NUMREPS=100000,	USEPOPINFO=0,	INFERALPHA=1,	INFERLAMBDA=0,	POPSPECIFICLAMBDA=0,	POPALPHAS=0,	COMPUTEPROB=1,	NOADMIX=0,	ADMBURNIN=2500,	UPDATEFREQ=1,	PRINTLIKES=0,	INTERMEDSAVE=0,	PRINTKLD=0,	PRINTNET=0,	PRINTLAMBDA=0,	ANCESTDIST=0,	NUMBOXES=1000,	ANCESTPINT=0.90000,	GENSBACK=2,	MIGRPRIOR=0.05000,	PRINTQHAT=1,	PRINTQSUM=0,	ALPHA=1.0000,	FREQSCORR=1,	FPRIORMEAN=0.0100,	FPRIORSD=0.0500,	ONEFST=0,	LAMBDA=1.0000,	UNIFPRIORALPHA=1,	ALPHAMAX=10.0000,	ALPHAPRIORA=1.0000,	ALPHAPRIORB=2.0000,	ALPHAPROPSD=0.0250,	STARTATPOPINFO=0,	RANDOMIZE=1,	LINKAGE=0,	METROFREQ=10,	REPORTHITRATE=0,	MARKOVPHASE=-1,	PHASED=0,	PLOIDY=2,	PHASEINFO=0	LOCPRIOR=0, 	LOCPRIORINIT=1.000000, 	LOCDATA=0, 	LOCISPOP=0, 	LOCPRIORSTEP=0.100000, 	MAXLOCPRIOR=20.000000, 	SEED=1470572185,	
[STRAT parameters]:    NUMSIMSTATS=1000,	PHENOTYPECOL=-9,	POOLFREQ=10,	LOCUSxONLY=0,	EMERROR=0.00100,	MISSINGPHENO=-9,	