

----------------------------------------------------
STRUCTURE by Pritchard, Stephens and Donnelly (2000)
     and Falush, Stephens and Pritchard (2003)
       Code by Pritchard, Falush and Hubisz
             Version 2.3.4 (Jul 2012)
----------------------------------------------------



Command line arguments:   /usr/local/bin/structure -m parameter_job_T7_4 
Input File:    /home/martin/bottleneck/structure_analysis/structure_4/data_job_T7_4

Run parameters:
   492 individuals
   8 loci
   7 populations assumed
   10000 Burn-in period
   100000 Reps


--------------------------------------------
Proportion of membership of each pre-defined
 population in each of the 7 clusters

Given    Inferred Clusters                                   Number of
 Pop       1      2      3      4      5      6      7      Individuals

  1:     0.142  0.145  0.139  0.146  0.144  0.140  0.144      492
--------------------------------------------

Allele-freq. divergence among pops (Net nucleotide distance),
computed using point estimates of P.

      1       2       3       4       5       6       7      
 1      -    0.0044  0.0293  0.0475  0.0082  0.0217  0.0016  
 2   0.0044     -    0.0290  0.0465  0.0017  0.0335  0.0041  
 3   0.0293  0.0290     -    0.0573  0.0306  0.0454  0.0282  
 4   0.0475  0.0465  0.0573     -    0.0474  0.0632  0.0462  
 5   0.0082  0.0017  0.0306  0.0474     -    0.0349  0.0090  
 6   0.0217  0.0335  0.0454  0.0632  0.0349     -    0.0305  
 7   0.0016  0.0041  0.0282  0.0462  0.0090  0.0305     -    

Average distances (expected heterozygosity) between individuals in same cluster:
cluster  1  : 0.8022 
cluster  2  : 0.8032 
cluster  3  : 0.7747 
cluster  4  : 0.7417 
cluster  5  : 0.7920 
cluster  6  : 0.7651 
cluster  7  : 0.8165 

--------------------------------------------
Estimated Ln Prob of Data   = -17312.2
Mean value of ln likelihood = -14980.8
Variance of ln likelihood   = 4662.8
Mean value of alpha         = 0.1627

Mean value of Fst_1         = 0.0517
Mean value of Fst_2         = 0.0520
Mean value of Fst_3         = 0.0730
Mean value of Fst_4         = 0.0821
Mean value of Fst_5         = 0.0684
Mean value of Fst_6         = 0.0753
Mean value of Fst_7         = 0.0230


Inferred ancestry of individuals:
        Label (%Miss) Pop:  Inferred clusters
  1        1    (0)    1 :  0.141 0.083 0.096 0.066 0.094 0.433 0.087 
  2        2    (0)    1 :  0.110 0.243 0.118 0.053 0.309 0.099 0.070 
  3        3    (0)    1 :  0.285 0.172 0.071 0.044 0.152 0.079 0.198 
  4        4   (12)    1 :  0.115 0.065 0.081 0.094 0.099 0.447 0.099 
  5        5    (0)    1 :  0.116 0.100 0.075 0.041 0.156 0.368 0.144 
  6        6   (12)    1 :  0.248 0.166 0.064 0.090 0.138 0.093 0.200 
  7        7    (0)    1 :  0.167 0.169 0.027 0.229 0.192 0.078 0.139 
  8        8    (0)    1 :  0.143 0.052 0.095 0.060 0.052 0.535 0.063 
  9        9   (37)    1 :  0.272 0.190 0.049 0.036 0.156 0.072 0.225 
 10       10    (0)    1 :  0.126 0.104 0.092 0.053 0.168 0.279 0.177 
 11       11    (0)    1 :  0.062 0.057 0.063 0.640 0.060 0.044 0.074 
 12       12    (0)    1 :  0.141 0.171 0.109 0.036 0.228 0.245 0.070 
 13       13    (0)    1 :  0.109 0.092 0.105 0.282 0.089 0.234 0.090 
 14       14    (0)    1 :  0.184 0.115 0.229 0.041 0.135 0.127 0.168 
 15       15    (0)    1 :  0.160 0.158 0.197 0.041 0.181 0.066 0.198 
 16       16   (87)    1 :  0.112 0.068 0.067 0.327 0.067 0.280 0.079 
 17       17   (37)    1 :  0.072 0.120 0.082 0.467 0.133 0.058 0.069 
 18       18    (0)    1 :  0.166 0.065 0.081 0.046 0.072 0.511 0.060 
 19       19    (0)    1 :  0.183 0.162 0.072 0.124 0.167 0.095 0.197 
 20       20    (0)    1 :  0.173 0.128 0.049 0.097 0.136 0.242 0.174 
 21       21    (0)    1 :  0.116 0.115 0.190 0.101 0.148 0.170 0.160 
 22       22   (25)    1 :  0.141 0.123 0.222 0.052 0.096 0.108 0.257 
 23       23    (0)    1 :  0.141 0.238 0.048 0.100 0.363 0.042 0.069 
 24       24    (0)    1 :  0.168 0.242 0.059 0.083 0.143 0.052 0.254 
 25       25    (0)    1 :  0.075 0.053 0.062 0.571 0.051 0.106 0.082 
 26       26    (0)    1 :  0.151 0.229 0.041 0.059 0.327 0.064 0.129 
 27       27    (0)    1 :  0.133 0.089 0.214 0.065 0.120 0.245 0.134 
 28       28    (0)    1 :  0.109 0.120 0.103 0.326 0.115 0.049 0.178 
 29       29    (0)    1 :  0.255 0.185 0.060 0.039 0.166 0.085 0.211 
 30       30    (0)    1 :  0.151 0.155 0.173 0.053 0.132 0.085 0.251 
 31       31    (0)    1 :  0.099 0.145 0.071 0.341 0.164 0.069 0.110 
 32       32    (0)    1 :  0.164 0.149 0.125 0.068 0.133 0.072 0.289 
 33       33   (12)    1 :  0.125 0.144 0.301 0.095 0.134 0.060 0.139 
 34       34   (62)    1 :  0.128 0.147 0.113 0.176 0.177 0.087 0.172 
 35       35   (37)    1 :  0.141 0.132 0.104 0.037 0.204 0.214 0.168 
 36       36    (0)    1 :  0.166 0.238 0.104 0.060 0.127 0.064 0.240 
 37       37    (0)    1 :  0.082 0.078 0.041 0.552 0.108 0.069 0.071 
 38       38    (0)    1 :  0.145 0.221 0.044 0.070 0.146 0.060 0.314 
 39       39    (0)    1 :  0.170 0.116 0.079 0.106 0.095 0.263 0.171 
 40       40    (0)    1 :  0.056 0.066 0.631 0.069 0.068 0.049 0.060 
 41       41    (0)    1 :  0.211 0.153 0.099 0.040 0.139 0.113 0.245 
 42       42    (0)    1 :  0.100 0.168 0.069 0.389 0.103 0.051 0.120 
 43       43    (0)    1 :  0.100 0.357 0.035 0.030 0.398 0.027 0.054 
 44       44    (0)    1 :  0.122 0.304 0.056 0.110 0.253 0.041 0.115 
 45       45    (0)    1 :  0.162 0.049 0.052 0.059 0.051 0.568 0.058 
 46       46    (0)    1 :  0.101 0.312 0.092 0.058 0.336 0.038 0.064 
 47       47    (0)    1 :  0.154 0.085 0.047 0.063 0.071 0.496 0.083 
 48       48    (0)    1 :  0.202 0.195 0.063 0.085 0.168 0.058 0.230 
 49       49    (0)    1 :  0.140 0.140 0.258 0.044 0.156 0.105 0.158 
 50       50    (0)    1 :  0.117 0.107 0.225 0.084 0.139 0.173 0.157 
 51       51    (0)    1 :  0.087 0.091 0.519 0.050 0.075 0.073 0.105 
 52       52   (12)    1 :  0.083 0.095 0.479 0.070 0.110 0.067 0.096 
 53       53    (0)    1 :  0.159 0.140 0.205 0.067 0.114 0.085 0.230 
 54       54    (0)    1 :  0.133 0.085 0.255 0.046 0.075 0.318 0.087 
 55       55    (0)    1 :  0.082 0.096 0.082 0.459 0.118 0.075 0.088 
 56       56    (0)    1 :  0.141 0.207 0.057 0.168 0.148 0.071 0.208 
 57       57    (0)    1 :  0.189 0.193 0.077 0.049 0.269 0.066 0.158 
 58       58    (0)    1 :  0.230 0.225 0.070 0.038 0.146 0.065 0.225 
 59       59    (0)    1 :  0.253 0.160 0.104 0.049 0.116 0.072 0.246 
 60       60    (0)    1 :  0.197 0.165 0.095 0.074 0.179 0.101 0.190 
 61       61    (0)    1 :  0.041 0.035 0.050 0.731 0.042 0.057 0.044 
 62       62    (0)    1 :  0.237 0.228 0.046 0.063 0.136 0.065 0.224 
 63       63    (0)    1 :  0.123 0.107 0.116 0.116 0.116 0.259 0.163 
 64       64    (0)    1 :  0.117 0.100 0.455 0.042 0.084 0.080 0.122 
 65       65    (0)    1 :  0.119 0.118 0.379 0.096 0.085 0.049 0.155 
 66       66    (0)    1 :  0.112 0.139 0.150 0.060 0.148 0.175 0.217 
 67       67    (0)    1 :  0.113 0.270 0.056 0.139 0.286 0.049 0.086 
 68       68    (0)    1 :  0.255 0.173 0.068 0.061 0.160 0.072 0.211 
 69       69    (0)    1 :  0.137 0.044 0.081 0.062 0.052 0.559 0.065 
 70       70   (12)    1 :  0.148 0.371 0.029 0.031 0.198 0.043 0.179 
 71       71   (25)    1 :  0.201 0.194 0.072 0.060 0.135 0.096 0.242 
 72       72    (0)    1 :  0.244 0.163 0.077 0.039 0.149 0.102 0.227 
 73       73    (0)    1 :  0.146 0.057 0.065 0.083 0.071 0.535 0.044 
 74       74    (0)    1 :  0.148 0.130 0.050 0.132 0.179 0.134 0.227 
 75       75    (0)    1 :  0.059 0.054 0.079 0.624 0.054 0.066 0.065 
 76       76    (0)    1 :  0.137 0.221 0.063 0.107 0.218 0.098 0.158 
 77       77   (25)    1 :  0.250 0.172 0.101 0.054 0.131 0.092 0.200 
 78       78    (0)    1 :  0.062 0.077 0.048 0.594 0.093 0.052 0.073 
 79       79    (0)    1 :  0.078 0.075 0.203 0.352 0.062 0.142 0.089 
 80       80    (0)    1 :  0.263 0.181 0.067 0.056 0.143 0.064 0.226 
 81       81    (0)    1 :  0.164 0.122 0.214 0.081 0.104 0.132 0.183 
 82       82    (0)    1 :  0.111 0.116 0.144 0.187 0.140 0.168 0.134 
 83       83    (0)    1 :  0.246 0.158 0.054 0.062 0.165 0.101 0.213 
 84       84    (0)    1 :  0.168 0.176 0.125 0.078 0.150 0.124 0.180 
 85       85    (0)    1 :  0.177 0.076 0.063 0.041 0.067 0.488 0.088 
 86       86   (12)    1 :  0.141 0.193 0.167 0.072 0.176 0.094 0.158 
 87       87    (0)    1 :  0.131 0.165 0.306 0.050 0.108 0.084 0.155 
 88       88    (0)    1 :  0.166 0.153 0.145 0.133 0.145 0.070 0.188 
 89       89    (0)    1 :  0.053 0.052 0.077 0.653 0.058 0.050 0.057 
 90       90    (0)    1 :  0.109 0.299 0.107 0.059 0.297 0.055 0.072 
 91       91    (0)    1 :  0.113 0.090 0.394 0.066 0.073 0.114 0.151 
 92       92    (0)    1 :  0.171 0.200 0.041 0.048 0.354 0.107 0.079 
 93       93    (0)    1 :  0.133 0.158 0.203 0.079 0.103 0.086 0.238 
 94       94    (0)    1 :  0.146 0.132 0.058 0.072 0.194 0.184 0.214 
 95       95    (0)    1 :  0.165 0.234 0.071 0.072 0.138 0.073 0.247 
 96       96    (0)    1 :  0.083 0.085 0.137 0.461 0.070 0.047 0.118 
 97       97    (0)    1 :  0.112 0.309 0.039 0.055 0.375 0.043 0.068 
 98       98    (0)    1 :  0.113 0.089 0.430 0.101 0.079 0.075 0.112 
 99       99    (0)    1 :  0.138 0.135 0.071 0.291 0.133 0.061 0.171 
100      100    (0)    1 :  0.048 0.045 0.528 0.229 0.042 0.056 0.052 
101      101    (0)    1 :  0.230 0.212 0.048 0.056 0.133 0.095 0.226 
102      102    (0)    1 :  0.143 0.141 0.160 0.108 0.090 0.092 0.266 
103      103    (0)    1 :  0.169 0.177 0.054 0.109 0.209 0.071 0.210 
104      104    (0)    1 :  0.048 0.054 0.056 0.675 0.058 0.060 0.048 
105      105    (0)    1 :  0.040 0.039 0.692 0.106 0.043 0.037 0.042 
106      106    (0)    1 :  0.157 0.169 0.056 0.046 0.167 0.090 0.314 
107      107    (0)    1 :  0.126 0.110 0.073 0.042 0.157 0.342 0.150 
108      108    (0)    1 :  0.048 0.037 0.641 0.117 0.034 0.078 0.044 
109      109    (0)    1 :  0.060 0.060 0.043 0.646 0.071 0.055 0.065 
110      110    (0)    1 :  0.106 0.215 0.099 0.164 0.220 0.106 0.089 
111      111    (0)    1 :  0.077 0.081 0.234 0.346 0.097 0.062 0.103 
112      112    (0)    1 :  0.137 0.105 0.080 0.094 0.120 0.338 0.126 
113      113    (0)    1 :  0.108 0.243 0.092 0.171 0.243 0.047 0.095 
114      114    (0)    1 :  0.079 0.139 0.088 0.382 0.174 0.075 0.063 
115      115    (0)    1 :  0.134 0.112 0.051 0.059 0.145 0.268 0.230 
116      116    (0)    1 :  0.157 0.092 0.066 0.045 0.074 0.417 0.148 
117      117    (0)    1 :  0.202 0.175 0.043 0.145 0.160 0.061 0.213 
118      118    (0)    1 :  0.156 0.075 0.075 0.078 0.064 0.465 0.087 
119      119    (0)    1 :  0.096 0.089 0.067 0.485 0.081 0.067 0.115 
120      120    (0)    1 :  0.116 0.141 0.358 0.044 0.106 0.073 0.162 
121      121    (0)    1 :  0.213 0.186 0.111 0.074 0.107 0.068 0.242 
122      122   (50)    1 :  0.125 0.222 0.160 0.079 0.191 0.066 0.156 
123      123    (0)    1 :  0.118 0.310 0.042 0.038 0.371 0.047 0.072 
124      124    (0)    1 :  0.184 0.197 0.069 0.085 0.197 0.069 0.199 
125      125    (0)    1 :  0.136 0.201 0.050 0.060 0.285 0.207 0.062 
126      126    (0)    1 :  0.256 0.168 0.069 0.055 0.117 0.122 0.212 
127      127   (25)    1 :  0.154 0.137 0.155 0.168 0.113 0.093 0.180 
128      128    (0)    1 :  0.074 0.081 0.539 0.054 0.090 0.076 0.087 
129      129    (0)    1 :  0.121 0.202 0.229 0.067 0.204 0.066 0.111 
130      130    (0)    1 :  0.208 0.158 0.048 0.072 0.151 0.103 0.261 
131      131    (0)    1 :  0.101 0.302 0.094 0.075 0.318 0.036 0.073 
132      132    (0)    1 :  0.144 0.123 0.165 0.153 0.095 0.118 0.202 
133      133    (0)    1 :  0.047 0.045 0.125 0.638 0.041 0.057 0.047 
134      134    (0)    1 :  0.175 0.191 0.101 0.052 0.157 0.068 0.256 
135      135   (12)    1 :  0.221 0.189 0.050 0.052 0.109 0.078 0.300 
136      136    (0)    1 :  0.152 0.091 0.102 0.061 0.091 0.389 0.114 
137      137    (0)    1 :  0.154 0.132 0.194 0.101 0.116 0.105 0.197 
138      138    (0)    1 :  0.083 0.112 0.457 0.083 0.118 0.057 0.090 
139      139    (0)    1 :  0.150 0.069 0.081 0.046 0.081 0.511 0.061 
140      140    (0)    1 :  0.255 0.191 0.042 0.062 0.155 0.069 0.226 
141      141    (0)    1 :  0.178 0.146 0.137 0.106 0.133 0.110 0.190 
142      142    (0)    1 :  0.083 0.094 0.054 0.488 0.087 0.075 0.118 
143      143    (0)    1 :  0.157 0.126 0.276 0.064 0.081 0.134 0.162 
144      144    (0)    1 :  0.201 0.152 0.150 0.077 0.123 0.077 0.220 
145      145    (0)    1 :  0.127 0.269 0.069 0.071 0.257 0.085 0.123 
146      146    (0)    1 :  0.216 0.157 0.050 0.109 0.161 0.087 0.220 
147      147   (12)    1 :  0.122 0.245 0.128 0.078 0.238 0.086 0.103 
148      148    (0)    1 :  0.269 0.160 0.140 0.052 0.121 0.062 0.196 
149      149    (0)    1 :  0.084 0.112 0.105 0.428 0.129 0.061 0.081 
150      150   (12)    1 :  0.117 0.098 0.055 0.437 0.087 0.057 0.149 
151      151    (0)    1 :  0.049 0.046 0.064 0.671 0.047 0.077 0.046 
152      152    (0)    1 :  0.190 0.235 0.060 0.049 0.146 0.072 0.248 
153      153   (12)    1 :  0.065 0.040 0.622 0.050 0.043 0.129 0.051 
154      154    (0)    1 :  0.146 0.172 0.127 0.119 0.105 0.072 0.258 
155      155    (0)    1 :  0.194 0.163 0.144 0.077 0.114 0.070 0.238 
156      156    (0)    1 :  0.170 0.116 0.118 0.158 0.089 0.148 0.201 
157      157   (12)    1 :  0.156 0.180 0.069 0.124 0.296 0.104 0.071 
158      158   (25)    1 :  0.147 0.123 0.190 0.169 0.123 0.099 0.148 
159      159   (12)    1 :  0.138 0.134 0.084 0.074 0.205 0.191 0.174 
160      160    (0)    1 :  0.159 0.055 0.048 0.057 0.055 0.563 0.064 
161      161   (12)    1 :  0.156 0.067 0.067 0.080 0.076 0.490 0.065 
162      162    (0)    1 :  0.201 0.185 0.099 0.048 0.119 0.073 0.275 
163      163    (0)    1 :  0.119 0.207 0.048 0.170 0.294 0.053 0.111 
164      164   (50)    1 :  0.151 0.053 0.051 0.059 0.055 0.578 0.054 
165      165   (12)    1 :  0.193 0.125 0.055 0.256 0.144 0.086 0.141 
166      166   (75)    1 :  0.073 0.076 0.585 0.053 0.068 0.066 0.079 
167      167   (62)    1 :  0.158 0.128 0.253 0.091 0.130 0.066 0.173 
168      168   (50)    1 :  0.173 0.146 0.096 0.090 0.109 0.180 0.207 
169      169   (25)    1 :  0.153 0.065 0.047 0.042 0.052 0.565 0.076 
170      170   (25)    1 :  0.144 0.132 0.130 0.059 0.165 0.184 0.185 
171      171   (62)    1 :  0.115 0.277 0.121 0.093 0.206 0.049 0.139 
172      172   (50)    1 :  0.052 0.050 0.664 0.074 0.042 0.067 0.051 
173      173   (12)    1 :  0.051 0.047 0.707 0.057 0.040 0.039 0.059 
174      174   (75)    1 :  0.136 0.148 0.138 0.161 0.144 0.135 0.137 
175      175   (50)    1 :  0.118 0.186 0.183 0.078 0.258 0.077 0.101 
176      176   (62)    1 :  0.147 0.125 0.064 0.051 0.182 0.233 0.197 
177      177   (75)    1 :  0.151 0.162 0.173 0.084 0.189 0.108 0.133 
178      178   (50)    1 :  0.085 0.079 0.511 0.071 0.099 0.067 0.088 
179      179    (0)    1 :  0.091 0.107 0.138 0.352 0.141 0.075 0.096 
180      180   (37)    1 :  0.125 0.138 0.085 0.077 0.151 0.159 0.265 
181      181    (0)    1 :  0.134 0.170 0.116 0.099 0.153 0.089 0.239 
182      182    (0)    1 :  0.077 0.059 0.043 0.579 0.059 0.135 0.048 
183      183    (0)    1 :  0.158 0.042 0.077 0.067 0.042 0.568 0.047 
184      184   (87)    1 :  0.129 0.146 0.110 0.202 0.149 0.107 0.157 
185      185   (25)    1 :  0.140 0.142 0.073 0.073 0.160 0.268 0.145 
186      186   (12)    1 :  0.125 0.115 0.240 0.069 0.147 0.130 0.174 
187      187    (0)    1 :  0.205 0.196 0.071 0.051 0.255 0.055 0.167 
188      188   (12)    1 :  0.148 0.038 0.075 0.056 0.040 0.599 0.045 
189      189   (37)    1 :  0.192 0.148 0.069 0.109 0.154 0.181 0.147 
190      190   (12)    1 :  0.169 0.120 0.229 0.107 0.099 0.100 0.178 
191      191    (0)    1 :  0.058 0.061 0.645 0.066 0.064 0.043 0.063 
192      192    (0)    1 :  0.149 0.153 0.088 0.054 0.225 0.261 0.070 
193      193   (75)    1 :  0.148 0.115 0.117 0.156 0.117 0.212 0.136 
194      194    (0)    1 :  0.207 0.185 0.053 0.057 0.168 0.081 0.250 
195      195   (12)    1 :  0.067 0.073 0.100 0.538 0.098 0.052 0.074 
196      196    (0)    1 :  0.148 0.149 0.059 0.048 0.188 0.140 0.268 
197      197    (0)    1 :  0.190 0.165 0.124 0.111 0.137 0.074 0.200 
198      198    (0)    1 :  0.086 0.074 0.484 0.133 0.078 0.059 0.084 
199      199   (12)    1 :  0.124 0.254 0.050 0.065 0.404 0.048 0.055 
200      200   (25)    1 :  0.052 0.063 0.097 0.638 0.057 0.032 0.061 
201      201    (0)    1 :  0.103 0.099 0.169 0.035 0.138 0.256 0.200 
202      202    (0)    1 :  0.245 0.166 0.054 0.081 0.204 0.092 0.158 
203      203   (50)    1 :  0.201 0.194 0.076 0.062 0.166 0.077 0.225 
204      204   (37)    1 :  0.121 0.165 0.199 0.170 0.135 0.059 0.153 
205      205    (0)    1 :  0.140 0.265 0.036 0.037 0.413 0.045 0.064 
206      206    (0)    1 :  0.267 0.167 0.073 0.055 0.149 0.078 0.211 
207      207    (0)    1 :  0.112 0.111 0.068 0.346 0.162 0.061 0.140 
208      208    (0)    1 :  0.048 0.061 0.074 0.651 0.063 0.041 0.063 
209      209    (0)    1 :  0.106 0.112 0.393 0.068 0.073 0.143 0.104 
210      210    (0)    1 :  0.165 0.244 0.092 0.059 0.099 0.113 0.227 
211      211    (0)    1 :  0.084 0.057 0.616 0.052 0.060 0.060 0.072 
212      212   (12)    1 :  0.049 0.054 0.649 0.089 0.055 0.054 0.051 
213      213    (0)    1 :  0.255 0.135 0.047 0.080 0.114 0.193 0.175 
214      214    (0)    1 :  0.217 0.202 0.049 0.039 0.165 0.070 0.257 
215      215    (0)    1 :  0.071 0.072 0.047 0.598 0.071 0.051 0.088 
216      216    (0)    1 :  0.070 0.076 0.076 0.551 0.068 0.063 0.096 
217      217    (0)    1 :  0.152 0.236 0.082 0.046 0.264 0.076 0.145 
218      218    (0)    1 :  0.125 0.240 0.038 0.123 0.342 0.056 0.078 
219      219    (0)    1 :  0.058 0.060 0.633 0.048 0.049 0.058 0.095 
220      220    (0)    1 :  0.104 0.135 0.391 0.071 0.131 0.073 0.095 
221      221    (0)    1 :  0.212 0.185 0.075 0.053 0.135 0.078 0.261 
222      222    (0)    1 :  0.137 0.142 0.250 0.052 0.120 0.103 0.195 
223      223    (0)    1 :  0.252 0.158 0.092 0.061 0.112 0.080 0.246 
224      224   (25)    1 :  0.145 0.139 0.223 0.107 0.114 0.118 0.154 
225      225    (0)    1 :  0.119 0.114 0.169 0.061 0.159 0.221 0.158 
226      226   (50)    1 :  0.122 0.118 0.212 0.146 0.117 0.153 0.132 
227      227    (0)    1 :  0.171 0.237 0.035 0.032 0.417 0.034 0.074 
228      228    (0)    1 :  0.130 0.213 0.074 0.164 0.247 0.053 0.119 
229      229    (0)    1 :  0.147 0.107 0.084 0.125 0.083 0.359 0.095 
230      230    (0)    1 :  0.097 0.187 0.090 0.282 0.182 0.058 0.104 
231      231    (0)    1 :  0.047 0.044 0.096 0.683 0.036 0.040 0.054 
232      232    (0)    1 :  0.085 0.142 0.078 0.356 0.228 0.058 0.053 
233      233    (0)    1 :  0.071 0.076 0.576 0.062 0.069 0.053 0.092 
234      234    (0)    1 :  0.081 0.078 0.090 0.497 0.076 0.087 0.091 
235      235    (0)    1 :  0.163 0.144 0.040 0.071 0.182 0.148 0.251 
236      236    (0)    1 :  0.179 0.187 0.143 0.052 0.111 0.088 0.240 
237      237    (0)    1 :  0.088 0.115 0.067 0.406 0.127 0.105 0.091 
238      238    (0)    1 :  0.201 0.174 0.075 0.040 0.147 0.085 0.278 
239      239    (0)    1 :  0.153 0.118 0.049 0.056 0.190 0.382 0.053 
240      240    (0)    1 :  0.162 0.197 0.041 0.075 0.148 0.126 0.250 
241      241    (0)    1 :  0.137 0.135 0.191 0.084 0.128 0.092 0.233 
242      242    (0)    1 :  0.156 0.080 0.118 0.056 0.066 0.447 0.077 
243      243    (0)    1 :  0.117 0.150 0.059 0.374 0.100 0.060 0.141 
244      244    (0)    1 :  0.183 0.236 0.038 0.060 0.286 0.043 0.154 
245      245    (0)    1 :  0.094 0.063 0.089 0.385 0.051 0.214 0.104 
246      246    (0)    1 :  0.084 0.150 0.090 0.334 0.197 0.062 0.084 
247      247    (0)    1 :  0.177 0.098 0.051 0.076 0.078 0.360 0.160 
248      248    (0)    1 :  0.150 0.124 0.126 0.074 0.155 0.156 0.215 
249      249    (0)    1 :  0.058 0.053 0.037 0.684 0.061 0.046 0.062 
250      250    (0)    1 :  0.109 0.102 0.395 0.060 0.084 0.106 0.143 
251      251   (12)    1 :  0.064 0.043 0.091 0.596 0.052 0.119 0.036 
252      252    (0)    1 :  0.237 0.138 0.070 0.095 0.116 0.133 0.212 
253      253    (0)    1 :  0.188 0.249 0.049 0.033 0.317 0.048 0.116 
254      254   (12)    1 :  0.162 0.124 0.231 0.037 0.108 0.138 0.200 
255      255    (0)    1 :  0.090 0.150 0.088 0.340 0.198 0.049 0.084 
256      256    (0)    1 :  0.275 0.197 0.060 0.042 0.127 0.062 0.236 
257      257    (0)    1 :  0.122 0.069 0.329 0.066 0.066 0.262 0.086 
258      258    (0)    1 :  0.157 0.078 0.037 0.049 0.081 0.485 0.112 
259      259   (12)    1 :  0.142 0.053 0.058 0.055 0.059 0.559 0.074 
260      260    (0)    1 :  0.136 0.168 0.185 0.053 0.143 0.078 0.237 
261      261    (0)    1 :  0.131 0.211 0.148 0.042 0.301 0.053 0.113 
262      262    (0)    1 :  0.144 0.299 0.061 0.054 0.195 0.091 0.156 
263      263    (0)    1 :  0.195 0.151 0.142 0.065 0.132 0.088 0.227 
264      264    (0)    1 :  0.210 0.206 0.031 0.054 0.328 0.050 0.121 
265      265    (0)    1 :  0.113 0.174 0.086 0.101 0.212 0.218 0.097 
266      266    (0)    1 :  0.156 0.141 0.097 0.113 0.135 0.120 0.237 
267      267    (0)    1 :  0.069 0.061 0.610 0.074 0.057 0.063 0.067 
268      268    (0)    1 :  0.086 0.070 0.065 0.564 0.071 0.066 0.080 
269      269    (0)    1 :  0.107 0.111 0.211 0.110 0.126 0.172 0.162 
270      270    (0)    1 :  0.143 0.125 0.067 0.072 0.142 0.212 0.240 
271      271    (0)    1 :  0.234 0.166 0.054 0.131 0.192 0.051 0.173 
272      272    (0)    1 :  0.150 0.256 0.066 0.084 0.218 0.083 0.142 
273      273    (0)    1 :  0.065 0.051 0.057 0.632 0.053 0.081 0.061 
274      274    (0)    1 :  0.123 0.112 0.098 0.065 0.163 0.265 0.174 
275      275   (12)    1 :  0.126 0.101 0.374 0.090 0.111 0.077 0.120 
276      276   (50)    1 :  0.153 0.134 0.147 0.095 0.127 0.137 0.207 
277      277    (0)    1 :  0.298 0.182 0.047 0.052 0.122 0.082 0.216 
278      278   (62)    1 :  0.103 0.108 0.290 0.203 0.089 0.089 0.117 
279      279    (0)    1 :  0.182 0.197 0.039 0.033 0.144 0.186 0.219 
280      280   (37)    1 :  0.167 0.151 0.192 0.058 0.140 0.110 0.182 
281      281   (37)    1 :  0.055 0.042 0.048 0.669 0.045 0.092 0.049 
282      282    (0)    1 :  0.275 0.198 0.039 0.038 0.157 0.068 0.224 
283      283    (0)    1 :  0.109 0.259 0.082 0.125 0.255 0.080 0.091 
284      284   (25)    1 :  0.111 0.141 0.129 0.255 0.127 0.121 0.116 
285      285   (37)    1 :  0.133 0.177 0.162 0.146 0.090 0.151 0.140 
286      286   (37)    1 :  0.196 0.155 0.054 0.050 0.092 0.294 0.158 
287      287    (0)    1 :  0.149 0.288 0.091 0.080 0.162 0.049 0.181 
288      288   (12)    1 :  0.219 0.149 0.122 0.061 0.146 0.103 0.199 
289      289    (0)    1 :  0.153 0.121 0.068 0.227 0.190 0.085 0.156 
290      290   (12)    1 :  0.143 0.325 0.067 0.053 0.164 0.057 0.191 
291      291    (0)    1 :  0.232 0.241 0.034 0.046 0.133 0.068 0.247 
292      292    (0)    1 :  0.081 0.183 0.137 0.263 0.226 0.053 0.058 
293      293    (0)    1 :  0.063 0.056 0.615 0.041 0.048 0.097 0.080 
294      294    (0)    1 :  0.260 0.169 0.045 0.059 0.149 0.091 0.227 
295      295    (0)    1 :  0.125 0.256 0.063 0.047 0.389 0.063 0.058 
296      296    (0)    1 :  0.254 0.172 0.051 0.098 0.169 0.069 0.186 
297      297    (0)    1 :  0.112 0.313 0.062 0.053 0.316 0.057 0.087 
298      298    (0)    1 :  0.115 0.055 0.279 0.060 0.056 0.348 0.086 
299      299    (0)    1 :  0.158 0.150 0.063 0.063 0.130 0.218 0.217 
300      300    (0)    1 :  0.139 0.071 0.082 0.047 0.062 0.483 0.116 
301      301    (0)    1 :  0.163 0.149 0.118 0.054 0.158 0.215 0.143 
302      302    (0)    1 :  0.147 0.090 0.051 0.051 0.107 0.418 0.136 
303      303    (0)    1 :  0.193 0.206 0.044 0.068 0.158 0.068 0.263 
304      304    (0)    1 :  0.113 0.089 0.356 0.046 0.080 0.178 0.137 
305      305    (0)    1 :  0.142 0.132 0.133 0.103 0.162 0.178 0.150 
306      306    (0)    1 :  0.113 0.115 0.380 0.056 0.086 0.060 0.190 
307      307    (0)    1 :  0.175 0.177 0.054 0.115 0.131 0.079 0.268 
308      308   (25)    1 :  0.161 0.110 0.075 0.123 0.128 0.264 0.138 
309      309    (0)    1 :  0.142 0.121 0.186 0.111 0.114 0.133 0.193 
310      310    (0)    1 :  0.062 0.059 0.589 0.056 0.069 0.104 0.061 
311      311    (0)    1 :  0.060 0.061 0.641 0.033 0.061 0.084 0.061 
312      312    (0)    1 :  0.117 0.072 0.075 0.030 0.109 0.477 0.120 
313      313    (0)    1 :  0.164 0.209 0.040 0.060 0.357 0.111 0.060 
314      314    (0)    1 :  0.153 0.080 0.114 0.065 0.089 0.429 0.070 
315      315    (0)    1 :  0.102 0.067 0.115 0.034 0.098 0.494 0.090 
316      316    (0)    1 :  0.069 0.066 0.510 0.142 0.084 0.072 0.057 
317      317   (12)    1 :  0.077 0.069 0.381 0.254 0.061 0.072 0.085 
318      318    (0)    1 :  0.162 0.103 0.043 0.052 0.148 0.352 0.140 
319      319    (0)    1 :  0.048 0.044 0.379 0.380 0.043 0.051 0.054 
320      320    (0)    1 :  0.166 0.058 0.035 0.042 0.062 0.575 0.064 
321      321    (0)    1 :  0.111 0.289 0.087 0.097 0.219 0.084 0.113 
322      322    (0)    1 :  0.160 0.140 0.155 0.043 0.187 0.090 0.225 
323      323    (0)    1 :  0.194 0.169 0.161 0.046 0.103 0.106 0.222 
324      324    (0)    1 :  0.147 0.054 0.131 0.054 0.059 0.489 0.066 
325      325    (0)    1 :  0.063 0.050 0.270 0.429 0.049 0.075 0.064 
326      326    (0)    1 :  0.180 0.150 0.217 0.059 0.118 0.092 0.185 
327      327   (12)    1 :  0.098 0.103 0.495 0.048 0.142 0.047 0.067 
328      328    (0)    1 :  0.243 0.146 0.071 0.048 0.107 0.125 0.261 
329      329    (0)    1 :  0.267 0.164 0.052 0.052 0.127 0.103 0.234 
330      330    (0)    1 :  0.235 0.168 0.079 0.044 0.138 0.114 0.222 
331      331    (0)    1 :  0.147 0.126 0.081 0.153 0.210 0.089 0.193 
332      332    (0)    1 :  0.259 0.187 0.058 0.058 0.163 0.062 0.213 
333      333    (0)    1 :  0.131 0.121 0.066 0.122 0.150 0.322 0.087 
334      334    (0)    1 :  0.043 0.043 0.743 0.042 0.046 0.042 0.041 
335      335    (0)    1 :  0.073 0.067 0.046 0.538 0.076 0.106 0.095 
336      336    (0)    1 :  0.163 0.143 0.233 0.063 0.129 0.075 0.194 
337      337    (0)    1 :  0.157 0.126 0.052 0.065 0.084 0.418 0.099 
338      338    (0)    1 :  0.217 0.165 0.103 0.067 0.117 0.071 0.260 
339      339    (0)    1 :  0.062 0.053 0.059 0.662 0.052 0.059 0.053 
340      340    (0)    1 :  0.210 0.164 0.150 0.055 0.162 0.085 0.174 
341      341    (0)    1 :  0.249 0.190 0.057 0.042 0.135 0.110 0.217 
342      342    (0)    1 :  0.111 0.330 0.046 0.048 0.350 0.041 0.074 
343      343    (0)    1 :  0.152 0.045 0.064 0.109 0.052 0.534 0.044 
344      344    (0)    1 :  0.154 0.138 0.044 0.189 0.140 0.086 0.249 
345      345    (0)    1 :  0.055 0.050 0.055 0.684 0.052 0.050 0.053 
346      346    (0)    1 :  0.164 0.059 0.043 0.052 0.070 0.559 0.053 
347      347    (0)    1 :  0.108 0.121 0.113 0.326 0.087 0.057 0.188 
348      348    (0)    1 :  0.089 0.126 0.278 0.171 0.140 0.074 0.122 
349      349    (0)    1 :  0.077 0.111 0.099 0.417 0.107 0.091 0.099 
350      350    (0)    1 :  0.101 0.085 0.484 0.041 0.086 0.113 0.089 
351      351    (0)    1 :  0.174 0.141 0.195 0.084 0.121 0.092 0.192 
352      352    (0)    1 :  0.167 0.213 0.122 0.077 0.160 0.054 0.208 
353      353    (0)    1 :  0.047 0.054 0.695 0.046 0.063 0.048 0.048 
354      354    (0)    1 :  0.118 0.170 0.173 0.103 0.221 0.091 0.124 
355      355    (0)    1 :  0.080 0.101 0.545 0.047 0.084 0.039 0.104 
356      356    (0)    1 :  0.155 0.049 0.039 0.033 0.057 0.619 0.049 
357      357    (0)    1 :  0.158 0.242 0.053 0.049 0.375 0.048 0.075 
358      358    (0)    1 :  0.114 0.126 0.184 0.060 0.161 0.179 0.176 
359      359    (0)    1 :  0.147 0.138 0.057 0.059 0.124 0.350 0.124 
360      360    (0)    1 :  0.124 0.258 0.160 0.049 0.241 0.051 0.117 
361      361    (0)    1 :  0.137 0.127 0.090 0.040 0.183 0.242 0.180 
362      362    (0)    1 :  0.171 0.208 0.049 0.099 0.145 0.093 0.234 
363      363    (0)    1 :  0.231 0.171 0.066 0.050 0.167 0.058 0.257 
364      364    (0)    1 :  0.122 0.209 0.165 0.064 0.158 0.085 0.197 
365      365    (0)    1 :  0.114 0.085 0.041 0.411 0.086 0.110 0.153 
366      366    (0)    1 :  0.146 0.143 0.144 0.055 0.094 0.263 0.155 
367      367    (0)    1 :  0.108 0.128 0.333 0.057 0.107 0.079 0.189 
368      368    (0)    1 :  0.142 0.133 0.085 0.263 0.111 0.047 0.218 
369      369    (0)    1 :  0.170 0.261 0.040 0.060 0.234 0.070 0.164 
370      370    (0)    1 :  0.123 0.095 0.352 0.106 0.094 0.101 0.129 
371      371    (0)    1 :  0.137 0.265 0.060 0.104 0.231 0.062 0.141 
372      372    (0)    1 :  0.115 0.273 0.073 0.085 0.292 0.042 0.120 
373      373    (0)    1 :  0.225 0.103 0.094 0.061 0.102 0.284 0.130 
374      374   (12)    1 :  0.133 0.102 0.076 0.126 0.134 0.262 0.166 
375      375    (0)    1 :  0.115 0.290 0.034 0.045 0.407 0.042 0.067 
376      376    (0)    1 :  0.086 0.104 0.068 0.510 0.067 0.067 0.098 
377      377    (0)    1 :  0.166 0.075 0.038 0.051 0.047 0.559 0.064 
378      378    (0)    1 :  0.160 0.070 0.038 0.075 0.083 0.514 0.059 
379      379    (0)    1 :  0.065 0.083 0.569 0.088 0.080 0.040 0.075 
380      380    (0)    1 :  0.102 0.193 0.245 0.095 0.147 0.093 0.125 
381      381    (0)    1 :  0.165 0.179 0.062 0.073 0.175 0.123 0.222 
382      382    (0)    1 :  0.106 0.282 0.063 0.069 0.376 0.044 0.060 
383      383    (0)    1 :  0.227 0.164 0.040 0.122 0.116 0.061 0.270 
384      384    (0)    1 :  0.154 0.120 0.042 0.093 0.141 0.314 0.135 
385      385    (0)    1 :  0.095 0.059 0.037 0.471 0.066 0.189 0.083 
386      386    (0)    1 :  0.222 0.145 0.046 0.188 0.134 0.070 0.194 
387      387    (0)    1 :  0.294 0.170 0.070 0.036 0.128 0.069 0.234 
388      388    (0)    1 :  0.135 0.204 0.067 0.070 0.309 0.108 0.107 
389      389    (0)    1 :  0.079 0.154 0.081 0.389 0.163 0.057 0.077 
390      390    (0)    1 :  0.124 0.313 0.053 0.086 0.233 0.056 0.135 
391      391    (0)    1 :  0.175 0.139 0.069 0.169 0.215 0.090 0.145 
392      392    (0)    1 :  0.159 0.156 0.132 0.058 0.158 0.145 0.192 
393      393   (87)    1 :  0.140 0.143 0.142 0.146 0.150 0.145 0.133 
394      394    (0)    1 :  0.078 0.072 0.136 0.458 0.110 0.061 0.084 
395      395   (25)    1 :  0.168 0.227 0.052 0.064 0.138 0.064 0.286 
396      396    (0)    1 :  0.128 0.199 0.055 0.059 0.300 0.200 0.059 
397      397    (0)    1 :  0.200 0.243 0.049 0.052 0.116 0.121 0.219 
398      398    (0)    1 :  0.172 0.150 0.048 0.049 0.161 0.219 0.201 
399      399    (0)    1 :  0.137 0.266 0.080 0.050 0.255 0.057 0.155 
400      400    (0)    1 :  0.226 0.157 0.093 0.107 0.125 0.097 0.195 
401      401    (0)    1 :  0.236 0.180 0.048 0.049 0.157 0.083 0.247 
402      402    (0)    1 :  0.077 0.073 0.058 0.571 0.083 0.063 0.075 
403      403    (0)    1 :  0.157 0.124 0.121 0.060 0.125 0.253 0.161 
404      404   (37)    1 :  0.138 0.124 0.068 0.215 0.175 0.093 0.186 
405      405    (0)    1 :  0.087 0.099 0.048 0.427 0.127 0.123 0.090 
406      406    (0)    1 :  0.140 0.235 0.044 0.078 0.364 0.071 0.068 
407      407    (0)    1 :  0.125 0.274 0.151 0.083 0.174 0.049 0.144 
408      408    (0)    1 :  0.149 0.099 0.175 0.082 0.079 0.260 0.155 
409      409    (0)    1 :  0.128 0.137 0.147 0.258 0.112 0.065 0.153 
410      410    (0)    1 :  0.164 0.313 0.054 0.040 0.146 0.063 0.220 
411      411    (0)    1 :  0.226 0.155 0.061 0.076 0.105 0.194 0.182 
412      412    (0)    1 :  0.100 0.125 0.277 0.066 0.118 0.102 0.212 
413      413   (12)    1 :  0.096 0.094 0.131 0.396 0.086 0.105 0.092 
414      414   (87)    1 :  0.130 0.132 0.155 0.216 0.114 0.115 0.137 
415      415    (0)    1 :  0.173 0.051 0.039 0.068 0.050 0.558 0.061 
416      416    (0)    1 :  0.043 0.051 0.060 0.707 0.053 0.040 0.047 
417      417    (0)    1 :  0.184 0.220 0.087 0.076 0.126 0.099 0.209 
418      418    (0)    1 :  0.136 0.144 0.220 0.170 0.104 0.062 0.163 
419      419    (0)    1 :  0.114 0.255 0.095 0.087 0.236 0.110 0.102 
420      420    (0)    1 :  0.218 0.160 0.060 0.058 0.184 0.105 0.214 
421      421    (0)    1 :  0.115 0.112 0.055 0.321 0.125 0.104 0.168 
422      422    (0)    1 :  0.147 0.096 0.159 0.155 0.086 0.174 0.183 
423      423    (0)    1 :  0.182 0.207 0.033 0.047 0.186 0.051 0.294 
424      424    (0)    1 :  0.145 0.060 0.038 0.064 0.070 0.552 0.071 
425      425    (0)    1 :  0.185 0.168 0.065 0.066 0.192 0.143 0.181 
426      426    (0)    1 :  0.108 0.101 0.074 0.422 0.103 0.078 0.113 
427      427    (0)    1 :  0.111 0.136 0.332 0.109 0.120 0.056 0.135 
428      428    (0)    1 :  0.232 0.167 0.133 0.054 0.150 0.075 0.189 
429      429   (37)    1 :  0.210 0.194 0.057 0.076 0.139 0.067 0.257 
430      430    (0)    1 :  0.099 0.084 0.126 0.034 0.151 0.376 0.130 
431      431    (0)    1 :  0.164 0.195 0.067 0.085 0.111 0.084 0.294 
432      432    (0)    1 :  0.059 0.059 0.479 0.222 0.057 0.053 0.071 
433      433   (12)    1 :  0.128 0.248 0.071 0.068 0.356 0.070 0.059 
434      434    (0)    1 :  0.101 0.069 0.068 0.353 0.078 0.259 0.071 
435      435    (0)    1 :  0.150 0.156 0.144 0.054 0.240 0.079 0.177 
436      436    (0)    1 :  0.111 0.219 0.141 0.126 0.248 0.070 0.085 
437      437   (12)    1 :  0.143 0.090 0.069 0.048 0.098 0.464 0.088 
438      438    (0)    1 :  0.076 0.067 0.521 0.067 0.074 0.102 0.093 
439      439    (0)    1 :  0.189 0.183 0.048 0.067 0.218 0.077 0.218 
440      440    (0)    1 :  0.154 0.058 0.078 0.052 0.058 0.527 0.073 
441      441    (0)    1 :  0.057 0.086 0.052 0.589 0.095 0.055 0.065 
442      442    (0)    1 :  0.120 0.190 0.167 0.041 0.280 0.090 0.112 
443      443    (0)    1 :  0.116 0.306 0.045 0.050 0.362 0.043 0.078 
444      444    (0)    1 :  0.270 0.173 0.048 0.064 0.163 0.073 0.208 
445      445    (0)    1 :  0.136 0.259 0.078 0.060 0.157 0.061 0.249 
446      446    (0)    1 :  0.057 0.056 0.097 0.627 0.057 0.041 0.065 
447      447    (0)    1 :  0.209 0.174 0.076 0.042 0.236 0.077 0.185 
448      448    (0)    1 :  0.122 0.109 0.170 0.076 0.155 0.181 0.186 
449      449    (0)    1 :  0.142 0.058 0.040 0.075 0.064 0.569 0.053 
450      450    (0)    1 :  0.051 0.055 0.109 0.613 0.073 0.054 0.044 
451      451    (0)    1 :  0.058 0.054 0.075 0.629 0.058 0.066 0.059 
452      452    (0)    1 :  0.135 0.260 0.051 0.040 0.419 0.038 0.057 
453      453    (0)    1 :  0.053 0.052 0.679 0.060 0.052 0.057 0.048 
454      454    (0)    1 :  0.117 0.115 0.283 0.123 0.150 0.084 0.128 
455      455    (0)    1 :  0.199 0.152 0.234 0.056 0.106 0.059 0.195 
456      456    (0)    1 :  0.061 0.060 0.098 0.594 0.063 0.064 0.061 
457      457    (0)    1 :  0.163 0.076 0.062 0.064 0.041 0.530 0.064 
458      458    (0)    1 :  0.289 0.194 0.036 0.041 0.113 0.099 0.229 
459      459    (0)    1 :  0.058 0.085 0.193 0.460 0.085 0.061 0.058 
460      460    (0)    1 :  0.264 0.193 0.054 0.040 0.174 0.061 0.214 
461      461    (0)    1 :  0.157 0.060 0.067 0.063 0.062 0.535 0.056 
462      462    (0)    1 :  0.057 0.058 0.641 0.069 0.069 0.054 0.051 
463      463    (0)    1 :  0.092 0.093 0.086 0.398 0.081 0.128 0.123 
464      464    (0)    1 :  0.232 0.176 0.065 0.071 0.198 0.087 0.172 
465      465    (0)    1 :  0.083 0.054 0.052 0.532 0.054 0.153 0.071 
466      466    (0)    1 :  0.173 0.235 0.113 0.097 0.151 0.055 0.176 
467      467    (0)    1 :  0.156 0.237 0.054 0.058 0.395 0.041 0.060 
468      468    (0)    1 :  0.188 0.159 0.044 0.159 0.130 0.066 0.254 
469      469    (0)    1 :  0.106 0.343 0.030 0.040 0.359 0.032 0.091 
470      470   (12)    1 :  0.133 0.124 0.154 0.141 0.148 0.101 0.199 
471      471   (12)    1 :  0.161 0.173 0.057 0.081 0.202 0.096 0.230 
472      472   (25)    1 :  0.202 0.152 0.100 0.114 0.131 0.101 0.199 
473      473   (25)    1 :  0.222 0.161 0.065 0.115 0.112 0.095 0.232 
474      474    (0)    1 :  0.204 0.218 0.039 0.088 0.174 0.061 0.217 
475      475    (0)    1 :  0.156 0.160 0.035 0.042 0.139 0.117 0.352 
476      476    (0)    1 :  0.087 0.078 0.123 0.462 0.062 0.068 0.119 
477      477    (0)    1 :  0.206 0.170 0.042 0.057 0.151 0.095 0.279 
478      478   (37)    1 :  0.164 0.049 0.053 0.045 0.048 0.587 0.055 
479      479    (0)    1 :  0.187 0.220 0.068 0.078 0.187 0.071 0.190 
480      480    (0)    1 :  0.128 0.256 0.054 0.045 0.403 0.052 0.061 
481      481    (0)    1 :  0.142 0.123 0.136 0.092 0.157 0.192 0.158 
482      482    (0)    1 :  0.161 0.061 0.065 0.069 0.069 0.509 0.065 
483      483    (0)    1 :  0.169 0.143 0.212 0.077 0.144 0.089 0.166 
484      484   (12)    1 :  0.172 0.316 0.042 0.039 0.159 0.086 0.187 
485      485    (0)    1 :  0.114 0.323 0.031 0.046 0.352 0.043 0.091 
486      486    (0)    1 :  0.043 0.056 0.060 0.693 0.070 0.038 0.039 
487      487    (0)    1 :  0.145 0.223 0.075 0.089 0.287 0.065 0.117 
488      488    (0)    1 :  0.163 0.287 0.040 0.064 0.123 0.056 0.267 
489      489    (0)    1 :  0.163 0.124 0.113 0.091 0.174 0.148 0.187 
490      490    (0)    1 :  0.167 0.143 0.052 0.143 0.225 0.087 0.184 
491      491   (62)    1 :  0.109 0.305 0.061 0.067 0.336 0.047 0.075 
492      492    (0)    1 :  0.116 0.347 0.034 0.038 0.321 0.051 0.093 


Estimated Allele Frequencies in each cluster
First column gives estimated ancestral frequencies


Locus 1 : 
16 alleles
3.7% missing data
 240   (0.048) 0.148 0.023 0.017 0.012 0.021 0.573 0.036 
 250   (0.077) 0.079 0.228 0.036 0.037 0.257 0.021 0.065 
 246   (0.342) 0.412 0.313 0.125 0.077 0.236 0.115 0.420 
 196   (0.132) 0.095 0.087 0.084 0.024 0.115 0.161 0.138 
 248   (0.051) 0.020 0.023 0.033 0.755 0.025 0.015 0.034 
 244   (0.049) 0.021 0.020 0.525 0.012 0.020 0.013 0.033 
 256   (0.011) 0.005 0.004 0.002 0.004 0.003 0.003 0.007 
 238   (0.030) 0.046 0.093 0.006 0.009 0.168 0.010 0.022 
 252   (0.069) 0.057 0.096 0.017 0.016 0.058 0.021 0.082 
 242   (0.093) 0.057 0.056 0.124 0.021 0.042 0.032 0.078 
 234   (0.011) 0.007 0.005 0.002 0.001 0.004 0.003 0.008 
 194   (0.033) 0.024 0.019 0.013 0.023 0.030 0.013 0.028 
 254   (0.022) 0.015 0.019 0.004 0.005 0.010 0.008 0.026 
 198   (0.018) 0.009 0.008 0.009 0.004 0.007 0.007 0.014 
 192   (0.006) 0.002 0.002 0.001 0.001 0.002 0.001 0.004 
 262   (0.007) 0.002 0.002 0.001 0.001 0.001 0.003 0.004 

Locus 2 : 
19 alleles
7.5% missing data
 382   (0.128) 0.119 0.118 0.180 0.214 0.124 0.136 0.120 
 380   (0.241) 0.305 0.278 0.262 0.280 0.262 0.333 0.274 
 394   (0.195) 0.222 0.231 0.202 0.208 0.231 0.175 0.212 
 384   (0.031) 0.038 0.020 0.017 0.013 0.020 0.083 0.025 
 388   (0.033) 0.024 0.025 0.042 0.009 0.028 0.044 0.029 
 392   (0.111) 0.098 0.116 0.109 0.139 0.136 0.103 0.108 
 386   (0.073) 0.078 0.073 0.077 0.038 0.074 0.045 0.075 
 390   (0.028) 0.020 0.017 0.010 0.014 0.018 0.025 0.025 
 398   (0.015) 0.007 0.007 0.011 0.021 0.005 0.004 0.012 
 387   (0.007) 0.002 0.002 0.002 0.001 0.001 0.001 0.004 
 396   (0.035) 0.027 0.027 0.039 0.038 0.026 0.021 0.030 
 395   (0.020) 0.013 0.016 0.019 0.005 0.011 0.008 0.018 
 378   (0.029) 0.022 0.041 0.015 0.006 0.035 0.008 0.030 
 397   (0.011) 0.005 0.006 0.002 0.007 0.005 0.003 0.008 
 389   (0.007) 0.004 0.003 0.001 0.001 0.003 0.002 0.006 
 391   (0.015) 0.008 0.012 0.008 0.004 0.013 0.004 0.011 
 381   (0.009) 0.004 0.004 0.002 0.001 0.003 0.003 0.008 
 376   (0.006) 0.002 0.002 0.001 0.001 0.002 0.001 0.004 
 400   (0.006) 0.002 0.002 0.002 0.001 0.001 0.001 0.003 

Locus 3 : 
17 alleles
6.3% missing data
 162   (0.081) 0.080 0.103 0.071 0.074 0.101 0.064 0.077 
 174   (0.106) 0.119 0.105 0.169 0.121 0.128 0.187 0.095 
 168   (0.129) 0.134 0.114 0.190 0.194 0.111 0.178 0.128 
 176   (0.050) 0.058 0.058 0.040 0.079 0.063 0.027 0.056 
 160   (0.032) 0.024 0.021 0.010 0.033 0.024 0.022 0.029 
 166   (0.066) 0.054 0.052 0.080 0.044 0.039 0.075 0.064 
 158   (0.019) 0.014 0.017 0.004 0.017 0.023 0.016 0.014 
 182   (0.064) 0.080 0.063 0.019 0.054 0.060 0.080 0.069 
 170   (0.067) 0.062 0.062 0.106 0.055 0.050 0.056 0.073 
 152   (0.017) 0.022 0.015 0.003 0.002 0.011 0.014 0.020 
 172   (0.143) 0.148 0.175 0.136 0.148 0.175 0.115 0.158 
 180   (0.036) 0.029 0.035 0.035 0.015 0.044 0.032 0.028 
 178   (0.101) 0.101 0.099 0.093 0.129 0.108 0.089 0.096 
 164   (0.048) 0.047 0.058 0.024 0.013 0.044 0.030 0.057 
 188   (0.005) 0.002 0.002 0.001 0.001 0.001 0.001 0.004 
 184   (0.019) 0.014 0.012 0.014 0.005 0.010 0.007 0.017 
 186   (0.018) 0.012 0.010 0.004 0.016 0.008 0.007 0.016 

Locus 4 : 
23 alleles
3.0% missing data
  99   (0.168) 0.213 0.255 0.211 0.146 0.293 0.164 0.190 
 103   (0.079) 0.081 0.056 0.187 0.095 0.061 0.161 0.071 
  91   (0.094) 0.100 0.070 0.130 0.102 0.059 0.178 0.094 
 113   (0.040) 0.037 0.035 0.039 0.009 0.040 0.038 0.036 
 115   (0.089) 0.108 0.091 0.072 0.115 0.088 0.097 0.104 
  87   (0.047) 0.048 0.043 0.032 0.077 0.039 0.055 0.047 
 105   (0.042) 0.040 0.035 0.012 0.067 0.029 0.025 0.042 
 119   (0.012) 0.011 0.010 0.002 0.002 0.008 0.003 0.011 
 107   (0.053) 0.044 0.048 0.058 0.088 0.032 0.060 0.049 
  85   (0.039) 0.040 0.032 0.017 0.010 0.034 0.034 0.038 
  95   (0.042) 0.039 0.052 0.066 0.024 0.037 0.018 0.047 
  97   (0.047) 0.039 0.043 0.014 0.057 0.042 0.025 0.046 
  93   (0.039) 0.028 0.037 0.031 0.045 0.035 0.024 0.035 
 117   (0.078) 0.086 0.101 0.076 0.095 0.119 0.051 0.080 
 121   (0.015) 0.014 0.010 0.004 0.002 0.011 0.007 0.015 
 101   (0.032) 0.023 0.022 0.017 0.026 0.018 0.013 0.030 
  89   (0.007) 0.003 0.003 0.001 0.002 0.003 0.001 0.005 
 127   (0.010) 0.005 0.006 0.002 0.001 0.005 0.002 0.009 
 123   (0.025) 0.018 0.033 0.012 0.008 0.029 0.017 0.021 
 111   (0.012) 0.007 0.005 0.002 0.008 0.005 0.016 0.009 
 109   (0.008) 0.003 0.003 0.003 0.001 0.002 0.001 0.006 
 125   (0.016) 0.009 0.010 0.006 0.018 0.008 0.008 0.012 
 114   (0.005) 0.002 0.002 0.002 0.001 0.001 0.001 0.003 

Locus 5 : 
19 alleles
3.0% missing data
 138   (0.008) 0.003 0.003 0.001 0.001 0.002 0.005 0.005 
 160   (0.189) 0.203 0.216 0.306 0.211 0.245 0.201 0.187 
 168   (0.026) 0.023 0.023 0.016 0.007 0.028 0.012 0.023 
 164   (0.073) 0.086 0.074 0.036 0.051 0.084 0.082 0.077 
 162   (0.127) 0.153 0.165 0.085 0.104 0.172 0.129 0.143 
 158   (0.127) 0.144 0.107 0.109 0.147 0.097 0.193 0.139 
 142   (0.084) 0.079 0.089 0.082 0.146 0.086 0.046 0.084 
 134   (0.042) 0.034 0.028 0.046 0.050 0.021 0.040 0.037 
 140   (0.058) 0.043 0.046 0.074 0.059 0.041 0.041 0.052 
 156   (0.087) 0.092 0.099 0.086 0.131 0.131 0.114 0.076 
 166   (0.045) 0.032 0.036 0.082 0.048 0.023 0.033 0.043 
 152   (0.018) 0.015 0.013 0.007 0.006 0.011 0.011 0.019 
 170   (0.009) 0.003 0.003 0.006 0.004 0.003 0.003 0.006 
 172   (0.009) 0.004 0.004 0.004 0.001 0.003 0.004 0.007 
 154   (0.027) 0.037 0.053 0.008 0.008 0.023 0.026 0.042 
 148   (0.032) 0.026 0.024 0.035 0.011 0.017 0.025 0.032 
 144   (0.017) 0.013 0.008 0.010 0.005 0.006 0.024 0.013 
 150   (0.012) 0.006 0.005 0.003 0.007 0.005 0.009 0.008 
 146   (0.009) 0.005 0.005 0.001 0.001 0.004 0.002 0.007 

Locus 6 : 
17 alleles
7.5% missing data
 187   (0.102) 0.103 0.093 0.099 0.145 0.091 0.079 0.103 
 201   (0.043) 0.035 0.043 0.024 0.016 0.053 0.023 0.037 
 189   (0.091) 0.112 0.104 0.101 0.059 0.116 0.093 0.099 
 193   (0.142) 0.151 0.178 0.100 0.108 0.171 0.143 0.166 
 185   (0.143) 0.158 0.181 0.297 0.181 0.172 0.127 0.154 
 191   (0.081) 0.091 0.082 0.042 0.085 0.081 0.105 0.085 
 197   (0.114) 0.106 0.119 0.092 0.135 0.115 0.088 0.118 
 205   (0.018) 0.011 0.009 0.009 0.005 0.012 0.029 0.015 
 195   (0.099) 0.109 0.074 0.074 0.101 0.075 0.150 0.094 
 199   (0.059) 0.056 0.065 0.065 0.108 0.066 0.071 0.050 
 207   (0.008) 0.003 0.003 0.001 0.004 0.003 0.002 0.005 
 179   (0.019) 0.011 0.010 0.005 0.015 0.009 0.010 0.015 
 183   (0.027) 0.020 0.014 0.049 0.009 0.014 0.028 0.021 
 177   (0.024) 0.015 0.013 0.034 0.011 0.011 0.009 0.020 
 203   (0.014) 0.006 0.006 0.006 0.015 0.005 0.005 0.010 
 181   (0.010) 0.010 0.003 0.002 0.002 0.003 0.036 0.006 
 175   (0.006) 0.002 0.002 0.001 0.001 0.002 0.001 0.004 

Locus 7 : 
13 alleles
10.2% missing data
 230   (0.116) 0.107 0.128 0.109 0.167 0.140 0.058 0.111 
 238   (0.127) 0.131 0.118 0.174 0.147 0.109 0.231 0.119 
 240   (0.099) 0.112 0.119 0.081 0.044 0.125 0.088 0.111 
 234   (0.213) 0.253 0.206 0.213 0.224 0.209 0.326 0.219 
 236   (0.150) 0.138 0.129 0.159 0.222 0.114 0.128 0.154 
 228   (0.074) 0.078 0.095 0.031 0.061 0.134 0.054 0.072 
 232   (0.081) 0.067 0.082 0.073 0.090 0.074 0.040 0.077 
 250   (0.028) 0.021 0.029 0.009 0.008 0.024 0.012 0.027 
 242   (0.051) 0.053 0.043 0.131 0.018 0.036 0.035 0.055 
 254   (0.009) 0.004 0.007 0.002 0.002 0.008 0.002 0.006 
 244   (0.019) 0.014 0.022 0.007 0.003 0.013 0.006 0.020 
 246   (0.025) 0.019 0.018 0.007 0.013 0.013 0.016 0.024 
 248   (0.009) 0.003 0.003 0.005 0.001 0.002 0.003 0.005 

Locus 8 : 
12 alleles
4.1% missing data
 160   (0.737) 0.796 0.814 0.803 0.827 0.848 0.826 0.759 
 176   (0.042) 0.045 0.033 0.018 0.033 0.030 0.066 0.038 
 184   (0.066) 0.061 0.054 0.080 0.028 0.053 0.049 0.066 
 172   (0.010) 0.003 0.004 0.016 0.001 0.003 0.002 0.006 
 156   (0.029) 0.019 0.020 0.011 0.023 0.013 0.014 0.030 
 162   (0.006) 0.002 0.002 0.001 0.001 0.002 0.001 0.004 
 174   (0.021) 0.017 0.019 0.005 0.009 0.010 0.017 0.021 
 188   (0.011) 0.003 0.003 0.019 0.017 0.002 0.002 0.006 
 180   (0.013) 0.005 0.006 0.003 0.020 0.005 0.003 0.008 
 178   (0.033) 0.021 0.022 0.035 0.034 0.018 0.011 0.029 
 182   (0.018) 0.017 0.015 0.003 0.003 0.009 0.005 0.021 
 186   (0.015) 0.009 0.008 0.006 0.003 0.006 0.005 0.012 

Values of parameters used in structure:
DATAFILE=/home/martin/bottleneck/structure_analysis/structure_4/data_job_T7_4,	OUTFILE=/home/martin/bottleneck/structure_analysis/structure_4/structure_results/northern_fur_seal/results_job_T7_4,	NUMINDS=492,	NUMLOCI=8,	MISSING=-9,	LABEL=1,	POPDATA=1,	POPFLAG=0,	PHENOTYPE=0,	EXTRACOLS=0,	MAXPOPS=7,	BURNIN=10000,	NUMREPS=100000,	USEPOPINFO=0,	INFERALPHA=1,	INFERLAMBDA=0,	POPSPECIFICLAMBDA=0,	POPALPHAS=0,	COMPUTEPROB=1,	NOADMIX=0,	ADMBURNIN=2500,	UPDATEFREQ=1,	PRINTLIKES=0,	INTERMEDSAVE=0,	PRINTKLD=0,	PRINTNET=0,	PRINTLAMBDA=0,	ANCESTDIST=0,	NUMBOXES=1000,	ANCESTPINT=0.90000,	GENSBACK=2,	MIGRPRIOR=0.05000,	PRINTQHAT=1,	PRINTQSUM=0,	ALPHA=1.0000,	FREQSCORR=1,	FPRIORMEAN=0.0100,	FPRIORSD=0.0500,	ONEFST=0,	LAMBDA=1.0000,	UNIFPRIORALPHA=1,	ALPHAMAX=10.0000,	ALPHAPRIORA=1.0000,	ALPHAPRIORB=2.0000,	ALPHAPROPSD=0.0250,	STARTATPOPINFO=0,	RANDOMIZE=1,	LINKAGE=0,	METROFREQ=10,	REPORTHITRATE=0,	MARKOVPHASE=-1,	PHASED=0,	PLOIDY=2,	PHASEINFO=0	LOCPRIOR=0, 	LOCPRIORINIT=1.000000, 	LOCDATA=0, 	LOCISPOP=0, 	LOCPRIORSTEP=0.100000, 	MAXLOCPRIOR=20.000000, 	SEED=1470573751,	
[STRAT parameters]:    NUMSIMSTATS=1000,	PHENOTYPECOL=-9,	POOLFREQ=10,	LOCUSxONLY=0,	EMERROR=0.00100,	MISSINGPHENO=-9,	