

----------------------------------------------------
STRUCTURE by Pritchard, Stephens and Donnelly (2000)
     and Falush, Stephens and Pritchard (2003)
       Code by Pritchard, Falush and Hubisz
             Version 2.3.4 (Jul 2012)
----------------------------------------------------



Command line arguments:   /usr/local/bin/structure -m parameter_job_T3_4 
Input File:    /home/martin/bottleneck/structure_analysis/structure_4/data_job_T3_4

Run parameters:
   492 individuals
   8 loci
   3 populations assumed
   10000 Burn-in period
   100000 Reps


--------------------------------------------
Proportion of membership of each pre-defined
 population in each of the 3 clusters

Given    Inferred Clusters       Number of
 Pop       1      2      3      Individuals

  1:     0.335  0.331  0.334      492
--------------------------------------------

Allele-freq. divergence among pops (Net nucleotide distance),
computed using point estimates of P.

      1       2       3      
 1      -    0.0257  0.0108  
 2   0.0257     -    0.0148  
 3   0.0108  0.0148     -    

Average distances (expected heterozygosity) between individuals in same cluster:
cluster  1  : 0.7852 
cluster  2  : 0.7902 
cluster  3  : 0.8224 

--------------------------------------------
Estimated Ln Prob of Data   = -16097.9
Mean value of ln likelihood = -15396.7
Variance of ln likelihood   = 1402.5
Mean value of alpha         = 0.0930

Mean value of Fst_1         = 0.0344
Mean value of Fst_2         = 0.0367
Mean value of Fst_3         = 0.0051


Inferred ancestry of individuals:
        Label (%Miss) Pop:  Inferred clusters
  1        1    (0)    1 :  0.051 0.497 0.452 
  2        2    (0)    1 :  0.683 0.183 0.134 
  3        3    (0)    1 :  0.839 0.047 0.113 
  4        4   (12)    1 :  0.052 0.460 0.488 
  5        5    (0)    1 :  0.064 0.082 0.854 
  6        6   (12)    1 :  0.816 0.081 0.103 
  7        7    (0)    1 :  0.595 0.235 0.171 
  8        8    (0)    1 :  0.042 0.652 0.306 
  9        9   (37)    1 :  0.667 0.030 0.302 
 10       10    (0)    1 :  0.045 0.069 0.886 
 11       11    (0)    1 :  0.041 0.889 0.070 
 12       12    (0)    1 :  0.477 0.327 0.196 
 13       13    (0)    1 :  0.071 0.727 0.202 
 14       14    (0)    1 :  0.425 0.107 0.468 
 15       15    (0)    1 :  0.276 0.209 0.515 
 16       16   (87)    1 :  0.055 0.794 0.152 
 17       17   (37)    1 :  0.158 0.717 0.125 
 18       18    (0)    1 :  0.179 0.552 0.269 
 19       19    (0)    1 :  0.386 0.202 0.412 
 20       20    (0)    1 :  0.229 0.249 0.522 
 21       21    (0)    1 :  0.114 0.180 0.707 
 22       22   (25)    1 :  0.098 0.100 0.802 
 23       23    (0)    1 :  0.872 0.081 0.047 
 24       24    (0)    1 :  0.685 0.040 0.275 
 25       25    (0)    1 :  0.047 0.853 0.100 
 26       26    (0)    1 :  0.806 0.073 0.121 
 27       27    (0)    1 :  0.035 0.371 0.593 
 28       28    (0)    1 :  0.135 0.318 0.548 
 29       29    (0)    1 :  0.699 0.050 0.251 
 30       30    (0)    1 :  0.119 0.186 0.694 
 31       31    (0)    1 :  0.174 0.627 0.198 
 32       32    (0)    1 :  0.172 0.193 0.635 
 33       33   (12)    1 :  0.280 0.500 0.220 
 34       34   (62)    1 :  0.253 0.381 0.366 
 35       35   (37)    1 :  0.239 0.069 0.692 
 36       36    (0)    1 :  0.674 0.055 0.270 
 37       37    (0)    1 :  0.137 0.779 0.083 
 38       38    (0)    1 :  0.289 0.042 0.669 
 39       39    (0)    1 :  0.116 0.416 0.468 
 40       40    (0)    1 :  0.061 0.778 0.161 
 41       41    (0)    1 :  0.376 0.067 0.557 
 42       42    (0)    1 :  0.207 0.708 0.085 
 43       43    (0)    1 :  0.927 0.039 0.035 
 44       44    (0)    1 :  0.871 0.086 0.044 
 45       45    (0)    1 :  0.058 0.656 0.286 
 46       46    (0)    1 :  0.814 0.130 0.056 
 47       47    (0)    1 :  0.084 0.587 0.329 
 48       48    (0)    1 :  0.627 0.081 0.292 
 49       49    (0)    1 :  0.233 0.096 0.671 
 50       50    (0)    1 :  0.074 0.116 0.810 
 51       51    (0)    1 :  0.238 0.207 0.555 
 52       52   (12)    1 :  0.068 0.760 0.172 
 53       53    (0)    1 :  0.125 0.070 0.805 
 54       54    (0)    1 :  0.215 0.454 0.331 
 55       55    (0)    1 :  0.169 0.691 0.140 
 56       56    (0)    1 :  0.579 0.137 0.284 
 57       57    (0)    1 :  0.852 0.031 0.117 
 58       58    (0)    1 :  0.853 0.027 0.120 
 59       59    (0)    1 :  0.555 0.052 0.393 
 60       60    (0)    1 :  0.534 0.076 0.390 
 61       61    (0)    1 :  0.024 0.927 0.049 
 62       62    (0)    1 :  0.898 0.034 0.068 
 63       63    (0)    1 :  0.058 0.375 0.567 
 64       64    (0)    1 :  0.181 0.095 0.725 
 65       65    (0)    1 :  0.241 0.230 0.528 
 66       66    (0)    1 :  0.072 0.103 0.825 
 67       67    (0)    1 :  0.766 0.143 0.091 
 68       68    (0)    1 :  0.845 0.044 0.110 
 69       69    (0)    1 :  0.017 0.531 0.452 
 70       70   (12)    1 :  0.954 0.020 0.027 
 71       71   (25)    1 :  0.330 0.054 0.616 
 72       72    (0)    1 :  0.656 0.056 0.288 
 73       73    (0)    1 :  0.068 0.704 0.228 
 74       74    (0)    1 :  0.051 0.152 0.797 
 75       75    (0)    1 :  0.037 0.872 0.091 
 76       76    (0)    1 :  0.788 0.089 0.123 
 77       77   (25)    1 :  0.632 0.081 0.287 
 78       78    (0)    1 :  0.061 0.849 0.090 
 79       79    (0)    1 :  0.043 0.902 0.055 
 80       80    (0)    1 :  0.851 0.035 0.114 
 81       81    (0)    1 :  0.057 0.056 0.887 
 82       82    (0)    1 :  0.112 0.406 0.482 
 83       83    (0)    1 :  0.714 0.057 0.229 
 84       84    (0)    1 :  0.464 0.170 0.366 
 85       85    (0)    1 :  0.116 0.493 0.391 
 86       86   (12)    1 :  0.668 0.152 0.180 
 87       87    (0)    1 :  0.575 0.103 0.322 
 88       88    (0)    1 :  0.546 0.120 0.334 
 89       89    (0)    1 :  0.047 0.897 0.055 
 90       90    (0)    1 :  0.843 0.080 0.077 
 91       91    (0)    1 :  0.027 0.639 0.334 
 92       92    (0)    1 :  0.853 0.070 0.076 
 93       93    (0)    1 :  0.158 0.104 0.738 
 94       94    (0)    1 :  0.097 0.095 0.808 
 95       95    (0)    1 :  0.326 0.079 0.595 
 96       96    (0)    1 :  0.072 0.660 0.268 
 97       97    (0)    1 :  0.909 0.049 0.041 
 98       98    (0)    1 :  0.152 0.670 0.178 
 99       99    (0)    1 :  0.246 0.406 0.348 
100      100    (0)    1 :  0.034 0.903 0.063 
101      101    (0)    1 :  0.717 0.054 0.229 
102      102    (0)    1 :  0.052 0.098 0.851 
103      103    (0)    1 :  0.664 0.091 0.245 
104      104    (0)    1 :  0.034 0.921 0.045 
105      105    (0)    1 :  0.031 0.926 0.043 
106      106    (0)    1 :  0.077 0.032 0.891 
107      107    (0)    1 :  0.109 0.098 0.793 
108      108    (0)    1 :  0.021 0.919 0.060 
109      109    (0)    1 :  0.060 0.879 0.061 
110      110    (0)    1 :  0.588 0.258 0.154 
111      111    (0)    1 :  0.046 0.741 0.213 
112      112    (0)    1 :  0.124 0.379 0.496 
113      113    (0)    1 :  0.693 0.227 0.081 
114      114    (0)    1 :  0.211 0.713 0.076 
115      115    (0)    1 :  0.028 0.104 0.868 
116      116    (0)    1 :  0.039 0.323 0.638 
117      117    (0)    1 :  0.843 0.045 0.112 
118      118    (0)    1 :  0.064 0.649 0.286 
119      119    (0)    1 :  0.057 0.772 0.170 
120      120    (0)    1 :  0.343 0.080 0.577 
121      121    (0)    1 :  0.694 0.049 0.257 
122      122   (50)    1 :  0.590 0.121 0.289 
123      123    (0)    1 :  0.914 0.036 0.051 
124      124    (0)    1 :  0.780 0.061 0.159 
125      125    (0)    1 :  0.636 0.205 0.159 
126      126    (0)    1 :  0.622 0.091 0.287 
127      127   (25)    1 :  0.352 0.162 0.486 
128      128    (0)    1 :  0.048 0.699 0.253 
129      129    (0)    1 :  0.585 0.153 0.262 
130      130    (0)    1 :  0.246 0.054 0.700 
131      131    (0)    1 :  0.685 0.216 0.098 
132      132    (0)    1 :  0.110 0.249 0.641 
133      133    (0)    1 :  0.036 0.925 0.039 
134      134    (0)    1 :  0.441 0.037 0.522 
135      135   (12)    1 :  0.344 0.068 0.587 
136      136    (0)    1 :  0.199 0.352 0.448 
137      137    (0)    1 :  0.135 0.099 0.766 
138      138    (0)    1 :  0.108 0.692 0.200 
139      139    (0)    1 :  0.095 0.632 0.273 
140      140    (0)    1 :  0.701 0.041 0.258 
141      141    (0)    1 :  0.210 0.137 0.653 
142      142    (0)    1 :  0.042 0.782 0.175 
143      143    (0)    1 :  0.409 0.147 0.444 
144      144    (0)    1 :  0.222 0.088 0.690 
145      145    (0)    1 :  0.775 0.089 0.136 
146      146    (0)    1 :  0.388 0.081 0.532 
147      147   (12)    1 :  0.688 0.175 0.137 
148      148    (0)    1 :  0.827 0.054 0.118 
149      149    (0)    1 :  0.120 0.772 0.108 
150      150   (12)    1 :  0.117 0.404 0.480 
151      151    (0)    1 :  0.036 0.922 0.042 
152      152    (0)    1 :  0.621 0.035 0.345 
153      153   (12)    1 :  0.029 0.830 0.141 
154      154    (0)    1 :  0.254 0.140 0.606 
155      155    (0)    1 :  0.410 0.046 0.544 
156      156    (0)    1 :  0.232 0.232 0.536 
157      157   (12)    1 :  0.788 0.138 0.074 
158      158   (25)    1 :  0.356 0.258 0.386 
159      159   (12)    1 :  0.217 0.135 0.648 
160      160    (0)    1 :  0.055 0.608 0.337 
161      161   (12)    1 :  0.074 0.677 0.249 
162      162    (0)    1 :  0.580 0.060 0.360 
163      163    (0)    1 :  0.556 0.208 0.236 
164      164   (50)    1 :  0.061 0.625 0.314 
165      165   (12)    1 :  0.355 0.394 0.251 
166      166   (75)    1 :  0.104 0.460 0.436 
167      167   (62)    1 :  0.192 0.427 0.380 
168      168   (50)    1 :  0.183 0.334 0.482 
169      169   (25)    1 :  0.048 0.509 0.443 
170      170   (25)    1 :  0.140 0.088 0.772 
171      171   (62)    1 :  0.777 0.111 0.112 
172      172   (50)    1 :  0.033 0.884 0.083 
173      173   (12)    1 :  0.027 0.753 0.220 
174      174   (75)    1 :  0.343 0.356 0.302 
175      175   (50)    1 :  0.652 0.132 0.217 
176      176   (62)    1 :  0.098 0.058 0.843 
177      177   (75)    1 :  0.510 0.195 0.295 
178      178   (50)    1 :  0.081 0.746 0.173 
179      179    (0)    1 :  0.159 0.690 0.151 
180      180   (37)    1 :  0.046 0.052 0.903 
181      181    (0)    1 :  0.147 0.126 0.727 
182      182    (0)    1 :  0.068 0.892 0.040 
183      183    (0)    1 :  0.039 0.711 0.250 
184      184   (87)    1 :  0.203 0.418 0.379 
185      185   (25)    1 :  0.173 0.417 0.410 
186      186   (12)    1 :  0.103 0.132 0.765 
187      187    (0)    1 :  0.761 0.045 0.194 
188      188   (12)    1 :  0.030 0.671 0.300 
189      189   (37)    1 :  0.477 0.219 0.304 
190      190   (12)    1 :  0.184 0.151 0.665 
191      191    (0)    1 :  0.055 0.808 0.136 
192      192    (0)    1 :  0.469 0.341 0.190 
193      193   (75)    1 :  0.221 0.393 0.385 
194      194    (0)    1 :  0.350 0.052 0.598 
195      195   (12)    1 :  0.064 0.820 0.116 
196      196    (0)    1 :  0.068 0.047 0.885 
197      197    (0)    1 :  0.464 0.167 0.369 
198      198    (0)    1 :  0.053 0.865 0.082 
199      199   (12)    1 :  0.824 0.110 0.065 
200      200   (25)    1 :  0.064 0.878 0.057 
201      201    (0)    1 :  0.029 0.048 0.923 
202      202    (0)    1 :  0.842 0.078 0.080 
203      203   (50)    1 :  0.555 0.052 0.393 
204      204   (37)    1 :  0.452 0.306 0.242 
205      205    (0)    1 :  0.937 0.032 0.031 
206      206    (0)    1 :  0.747 0.058 0.196 
207      207    (0)    1 :  0.073 0.467 0.460 
208      208    (0)    1 :  0.042 0.913 0.044 
209      209    (0)    1 :  0.088 0.802 0.110 
210      210    (0)    1 :  0.486 0.159 0.355 
211      211    (0)    1 :  0.050 0.821 0.129 
212      212   (12)    1 :  0.035 0.899 0.066 
213      213    (0)    1 :  0.378 0.120 0.502 
214      214    (0)    1 :  0.480 0.030 0.490 
215      215    (0)    1 :  0.049 0.754 0.197 
216      216    (0)    1 :  0.038 0.831 0.131 
217      217    (0)    1 :  0.807 0.050 0.142 
218      218    (0)    1 :  0.846 0.083 0.071 
219      219    (0)    1 :  0.022 0.585 0.393 
220      220    (0)    1 :  0.556 0.163 0.281 
221      221    (0)    1 :  0.357 0.040 0.603 
222      222    (0)    1 :  0.219 0.095 0.687 
223      223    (0)    1 :  0.500 0.065 0.436 
224      224   (25)    1 :  0.349 0.350 0.302 
225      225    (0)    1 :  0.088 0.107 0.805 
226      226   (50)    1 :  0.184 0.397 0.418 
227      227    (0)    1 :  0.938 0.028 0.034 
228      228    (0)    1 :  0.746 0.128 0.126 
229      229    (0)    1 :  0.082 0.703 0.214 
230      230    (0)    1 :  0.322 0.508 0.170 
231      231    (0)    1 :  0.027 0.906 0.067 
232      232    (0)    1 :  0.288 0.640 0.072 
233      233    (0)    1 :  0.045 0.668 0.288 
234      234    (0)    1 :  0.061 0.877 0.062 
235      235    (0)    1 :  0.052 0.047 0.901 
236      236    (0)    1 :  0.678 0.058 0.264 
237      237    (0)    1 :  0.077 0.828 0.095 
238      238    (0)    1 :  0.418 0.048 0.534 
239      239    (0)    1 :  0.410 0.428 0.162 
240      240    (0)    1 :  0.310 0.101 0.589 
241      241    (0)    1 :  0.108 0.145 0.747 
242      242    (0)    1 :  0.123 0.648 0.229 
243      243    (0)    1 :  0.416 0.423 0.161 
244      244    (0)    1 :  0.848 0.052 0.100 
245      245    (0)    1 :  0.031 0.842 0.127 
246      246    (0)    1 :  0.211 0.684 0.105 
247      247    (0)    1 :  0.081 0.307 0.612 
248      248    (0)    1 :  0.102 0.123 0.775 
249      249    (0)    1 :  0.045 0.839 0.116 
250      250    (0)    1 :  0.125 0.156 0.718 
251      251   (12)    1 :  0.036 0.936 0.029 
252      252    (0)    1 :  0.394 0.165 0.440 
253      253    (0)    1 :  0.899 0.030 0.071 
254      254   (12)    1 :  0.296 0.063 0.641 
255      255    (0)    1 :  0.243 0.617 0.140 
256      256    (0)    1 :  0.627 0.048 0.325 
257      257    (0)    1 :  0.053 0.782 0.165 
258      258    (0)    1 :  0.035 0.353 0.611 
259      259   (12)    1 :  0.026 0.552 0.422 
260      260    (0)    1 :  0.318 0.073 0.609 
261      261    (0)    1 :  0.855 0.051 0.095 
262      262    (0)    1 :  0.816 0.081 0.102 
263      263    (0)    1 :  0.197 0.082 0.721 
264      264    (0)    1 :  0.916 0.035 0.049 
265      265    (0)    1 :  0.512 0.216 0.272 
266      266    (0)    1 :  0.113 0.072 0.815 
267      267    (0)    1 :  0.040 0.820 0.140 
268      268    (0)    1 :  0.068 0.867 0.065 
269      269    (0)    1 :  0.124 0.298 0.578 
270      270    (0)    1 :  0.042 0.081 0.877 
271      271    (0)    1 :  0.855 0.052 0.093 
272      272    (0)    1 :  0.776 0.111 0.113 
273      273    (0)    1 :  0.050 0.886 0.064 
274      274    (0)    1 :  0.046 0.071 0.883 
275      275   (12)    1 :  0.176 0.524 0.300 
276      276   (50)    1 :  0.104 0.157 0.739 
277      277    (0)    1 :  0.536 0.049 0.416 
278      278   (62)    1 :  0.240 0.546 0.214 
279      279    (0)    1 :  0.412 0.066 0.522 
280      280   (37)    1 :  0.396 0.087 0.517 
281      281   (37)    1 :  0.031 0.918 0.051 
282      282    (0)    1 :  0.768 0.036 0.196 
283      283    (0)    1 :  0.554 0.309 0.138 
284      284   (25)    1 :  0.210 0.556 0.233 
285      285   (37)    1 :  0.373 0.454 0.174 
286      286   (37)    1 :  0.435 0.277 0.288 
287      287    (0)    1 :  0.847 0.061 0.093 
288      288   (12)    1 :  0.534 0.082 0.384 
289      289    (0)    1 :  0.056 0.313 0.631 
290      290   (12)    1 :  0.848 0.044 0.108 
291      291    (0)    1 :  0.844 0.028 0.127 
292      292    (0)    1 :  0.349 0.588 0.063 
293      293    (0)    1 :  0.029 0.696 0.275 
294      294    (0)    1 :  0.435 0.066 0.499 
295      295    (0)    1 :  0.849 0.084 0.068 
296      296    (0)    1 :  0.775 0.059 0.166 
297      297    (0)    1 :  0.704 0.168 0.128 
298      298    (0)    1 :  0.022 0.475 0.503 
299      299    (0)    1 :  0.145 0.186 0.668 
300      300    (0)    1 :  0.028 0.253 0.719 
301      301    (0)    1 :  0.513 0.196 0.292 
302      302    (0)    1 :  0.030 0.186 0.784 
303      303    (0)    1 :  0.445 0.033 0.522 
304      304    (0)    1 :  0.081 0.084 0.834 
305      305    (0)    1 :  0.191 0.197 0.613 
306      306    (0)    1 :  0.080 0.240 0.681 
307      307    (0)    1 :  0.217 0.150 0.633 
308      308   (25)    1 :  0.121 0.282 0.597 
309      309    (0)    1 :  0.084 0.169 0.746 
310      310    (0)    1 :  0.035 0.853 0.112 
311      311    (0)    1 :  0.051 0.758 0.191 
312      312    (0)    1 :  0.021 0.109 0.869 
313      313    (0)    1 :  0.887 0.061 0.052 
314      314    (0)    1 :  0.078 0.610 0.312 
315      315    (0)    1 :  0.045 0.328 0.627 
316      316    (0)    1 :  0.048 0.902 0.049 
317      317   (12)    1 :  0.045 0.816 0.139 
318      318    (0)    1 :  0.078 0.200 0.722 
319      319    (0)    1 :  0.028 0.936 0.036 
320      320    (0)    1 :  0.067 0.440 0.493 
321      321    (0)    1 :  0.696 0.184 0.120 
322      322    (0)    1 :  0.059 0.166 0.776 
323      323    (0)    1 :  0.563 0.069 0.368 
324      324    (0)    1 :  0.050 0.654 0.296 
325      325    (0)    1 :  0.039 0.899 0.062 
326      326    (0)    1 :  0.636 0.107 0.256 
327      327   (12)    1 :  0.126 0.768 0.106 
328      328    (0)    1 :  0.326 0.071 0.604 
329      329    (0)    1 :  0.287 0.047 0.666 
330      330    (0)    1 :  0.686 0.057 0.257 
331      331    (0)    1 :  0.080 0.330 0.590 
332      332    (0)    1 :  0.666 0.062 0.272 
333      333    (0)    1 :  0.160 0.580 0.259 
334      334    (0)    1 :  0.042 0.864 0.094 
335      335    (0)    1 :  0.036 0.836 0.128 
336      336    (0)    1 :  0.458 0.076 0.466 
337      337    (0)    1 :  0.177 0.591 0.232 
338      338    (0)    1 :  0.207 0.066 0.727 
339      339    (0)    1 :  0.045 0.901 0.054 
340      340    (0)    1 :  0.764 0.075 0.162 
341      341    (0)    1 :  0.613 0.055 0.331 
342      342    (0)    1 :  0.880 0.073 0.047 
343      343    (0)    1 :  0.050 0.750 0.200 
344      344    (0)    1 :  0.109 0.143 0.748 
345      345    (0)    1 :  0.045 0.903 0.052 
346      346    (0)    1 :  0.075 0.555 0.370 
347      347    (0)    1 :  0.078 0.389 0.533 
348      348    (0)    1 :  0.135 0.639 0.226 
349      349    (0)    1 :  0.101 0.734 0.165 
350      350    (0)    1 :  0.076 0.747 0.177 
351      351    (0)    1 :  0.354 0.194 0.452 
352      352    (0)    1 :  0.721 0.068 0.211 
353      353    (0)    1 :  0.060 0.842 0.098 
354      354    (0)    1 :  0.281 0.553 0.166 
355      355    (0)    1 :  0.142 0.472 0.386 
356      356    (0)    1 :  0.053 0.512 0.435 
357      357    (0)    1 :  0.906 0.047 0.048 
358      358    (0)    1 :  0.080 0.103 0.816 
359      359    (0)    1 :  0.382 0.273 0.345 
360      360    (0)    1 :  0.860 0.077 0.062 
361      361    (0)    1 :  0.165 0.048 0.787 
362      362    (0)    1 :  0.534 0.099 0.367 
363      363    (0)    1 :  0.320 0.034 0.646 
364      364    (0)    1 :  0.302 0.210 0.489 
365      365    (0)    1 :  0.051 0.386 0.563 
366      366    (0)    1 :  0.235 0.218 0.547 
367      367    (0)    1 :  0.099 0.123 0.778 
368      368    (0)    1 :  0.165 0.260 0.575 
369      369    (0)    1 :  0.869 0.047 0.085 
370      370    (0)    1 :  0.133 0.538 0.328 
371      371    (0)    1 :  0.833 0.076 0.091 
372      372    (0)    1 :  0.827 0.062 0.111 
373      373    (0)    1 :  0.429 0.374 0.198 
374      374   (12)    1 :  0.071 0.358 0.571 
375      375    (0)    1 :  0.911 0.034 0.054 
376      376    (0)    1 :  0.073 0.869 0.058 
377      377    (0)    1 :  0.085 0.634 0.281 
378      378    (0)    1 :  0.082 0.627 0.291 
379      379    (0)    1 :  0.083 0.766 0.151 
380      380    (0)    1 :  0.384 0.393 0.223 
381      381    (0)    1 :  0.354 0.107 0.539 
382      382    (0)    1 :  0.848 0.100 0.053 
383      383    (0)    1 :  0.470 0.064 0.466 
384      384    (0)    1 :  0.161 0.335 0.504 
385      385    (0)    1 :  0.040 0.844 0.116 
386      386    (0)    1 :  0.413 0.097 0.490 
387      387    (0)    1 :  0.691 0.030 0.279 
388      388    (0)    1 :  0.698 0.119 0.183 
389      389    (0)    1 :  0.281 0.631 0.088 
390      390    (0)    1 :  0.848 0.068 0.084 
391      391    (0)    1 :  0.224 0.318 0.458 
392      392    (0)    1 :  0.331 0.066 0.603 
393      393   (87)    1 :  0.351 0.337 0.312 
394      394    (0)    1 :  0.045 0.641 0.314 
395      395   (25)    1 :  0.372 0.045 0.584 
396      396    (0)    1 :  0.647 0.228 0.125 
397      397    (0)    1 :  0.859 0.045 0.096 
398      398    (0)    1 :  0.142 0.103 0.755 
399      399    (0)    1 :  0.751 0.064 0.186 
400      400    (0)    1 :  0.612 0.147 0.241 
401      401    (0)    1 :  0.420 0.042 0.538 
402      402    (0)    1 :  0.067 0.865 0.068 
403      403    (0)    1 :  0.196 0.143 0.661 
404      404   (37)    1 :  0.062 0.303 0.635 
405      405    (0)    1 :  0.082 0.777 0.141 
406      406    (0)    1 :  0.870 0.078 0.052 
407      407    (0)    1 :  0.876 0.069 0.055 
408      408    (0)    1 :  0.041 0.149 0.810 
409      409    (0)    1 :  0.297 0.257 0.446 
410      410    (0)    1 :  0.823 0.034 0.143 
411      411    (0)    1 :  0.606 0.116 0.277 
412      412    (0)    1 :  0.083 0.244 0.673 
413      413   (12)    1 :  0.120 0.678 0.202 
414      414   (87)    1 :  0.284 0.386 0.330 
415      415    (0)    1 :  0.064 0.604 0.331 
416      416    (0)    1 :  0.049 0.891 0.060 
417      417    (0)    1 :  0.727 0.102 0.171 
418      418    (0)    1 :  0.362 0.232 0.406 
419      419    (0)    1 :  0.660 0.206 0.135 
420      420    (0)    1 :  0.511 0.057 0.432 
421      421    (0)    1 :  0.140 0.639 0.221 
422      422    (0)    1 :  0.131 0.453 0.415 
423      423    (0)    1 :  0.315 0.029 0.656 
424      424    (0)    1 :  0.050 0.568 0.382 
425      425    (0)    1 :  0.784 0.060 0.157 
426      426    (0)    1 :  0.177 0.559 0.264 
427      427    (0)    1 :  0.579 0.161 0.259 
428      428    (0)    1 :  0.758 0.070 0.172 
429      429   (37)    1 :  0.609 0.056 0.335 
430      430    (0)    1 :  0.045 0.088 0.868 
431      431    (0)    1 :  0.209 0.091 0.700 
432      432    (0)    1 :  0.061 0.844 0.095 
433      433   (12)    1 :  0.846 0.102 0.053 
434      434    (0)    1 :  0.052 0.824 0.124 
435      435    (0)    1 :  0.108 0.219 0.673 
436      436    (0)    1 :  0.688 0.208 0.104 
437      437   (12)    1 :  0.102 0.514 0.384 
438      438    (0)    1 :  0.078 0.589 0.333 
439      439    (0)    1 :  0.426 0.089 0.485 
440      440    (0)    1 :  0.038 0.577 0.385 
441      441    (0)    1 :  0.110 0.798 0.093 
442      442    (0)    1 :  0.540 0.094 0.366 
443      443    (0)    1 :  0.843 0.088 0.069 
444      444    (0)    1 :  0.486 0.056 0.458 
445      445    (0)    1 :  0.332 0.059 0.608 
446      446    (0)    1 :  0.038 0.865 0.097 
447      447    (0)    1 :  0.558 0.067 0.375 
448      448    (0)    1 :  0.058 0.119 0.823 
449      449    (0)    1 :  0.044 0.630 0.326 
450      450    (0)    1 :  0.046 0.920 0.034 
451      451    (0)    1 :  0.040 0.905 0.055 
452      452    (0)    1 :  0.912 0.041 0.047 
453      453    (0)    1 :  0.047 0.873 0.080 
454      454    (0)    1 :  0.087 0.486 0.427 
455      455    (0)    1 :  0.690 0.092 0.219 
456      456    (0)    1 :  0.052 0.891 0.056 
457      457    (0)    1 :  0.106 0.685 0.209 
458      458    (0)    1 :  0.707 0.058 0.235 
459      459    (0)    1 :  0.090 0.851 0.059 
460      460    (0)    1 :  0.881 0.032 0.087 
461      461    (0)    1 :  0.056 0.665 0.279 
462      462    (0)    1 :  0.059 0.895 0.047 
463      463    (0)    1 :  0.050 0.760 0.190 
464      464    (0)    1 :  0.773 0.059 0.167 
465      465    (0)    1 :  0.031 0.898 0.072 
466      466    (0)    1 :  0.802 0.060 0.137 
467      467    (0)    1 :  0.895 0.065 0.040 
468      468    (0)    1 :  0.331 0.102 0.567 
469      469    (0)    1 :  0.953 0.023 0.024 
470      470   (12)    1 :  0.063 0.383 0.554 
471      471   (12)    1 :  0.380 0.068 0.552 
472      472   (25)    1 :  0.387 0.126 0.486 
473      473   (25)    1 :  0.392 0.095 0.514 
474      474    (0)    1 :  0.702 0.046 0.252 
475      475    (0)    1 :  0.103 0.032 0.865 
476      476    (0)    1 :  0.032 0.874 0.094 
477      477    (0)    1 :  0.146 0.046 0.809 
478      478   (37)    1 :  0.059 0.620 0.321 
479      479    (0)    1 :  0.819 0.052 0.130 
480      480    (0)    1 :  0.836 0.092 0.072 
481      481    (0)    1 :  0.268 0.201 0.531 
482      482    (0)    1 :  0.056 0.633 0.311 
483      483    (0)    1 :  0.593 0.127 0.280 
484      484   (12)    1 :  0.898 0.037 0.065 
485      485    (0)    1 :  0.884 0.047 0.069 
486      486    (0)    1 :  0.053 0.911 0.036 
487      487    (0)    1 :  0.820 0.068 0.112 
488      488    (0)    1 :  0.522 0.094 0.384 
489      489    (0)    1 :  0.036 0.220 0.744 
490      490    (0)    1 :  0.138 0.225 0.637 
491      491   (62)    1 :  0.794 0.115 0.091 
492      492    (0)    1 :  0.883 0.044 0.073 


Estimated Allele Frequencies in each cluster
First column gives estimated ancestral frequencies


Locus 1 : 
16 alleles
3.7% missing data
 240   (0.103) 0.027 0.203 0.131 
 250   (0.071) 0.222 0.049 0.050 
 246   (0.273) 0.379 0.062 0.264 
 196   (0.164) 0.044 0.042 0.204 
 248   (0.055) 0.016 0.356 0.043 
 244   (0.062) 0.010 0.207 0.056 
 256   (0.010) 0.002 0.004 0.007 
 238   (0.028) 0.126 0.015 0.017 
 252   (0.045) 0.096 0.009 0.039 
 242   (0.093) 0.047 0.023 0.100 
 234   (0.008) 0.007 0.001 0.005 
 194   (0.037) 0.006 0.020 0.038 
 254   (0.022) 0.011 0.004 0.022 
 198   (0.017) 0.003 0.004 0.017 
 192   (0.006) 0.002 0.001 0.004 
 262   (0.006) 0.001 0.001 0.004 

Locus 2 : 
19 alleles
7.5% missing data
 382   (0.136) 0.115 0.178 0.141 
 380   (0.241) 0.316 0.286 0.250 
 394   (0.186) 0.238 0.209 0.189 
 384   (0.037) 0.019 0.036 0.037 
 388   (0.039) 0.021 0.023 0.041 
 392   (0.116) 0.101 0.126 0.120 
 386   (0.069) 0.076 0.055 0.067 
 390   (0.027) 0.010 0.017 0.028 
 398   (0.016) 0.003 0.013 0.014 
 387   (0.006) 0.001 0.001 0.004 
 396   (0.032) 0.028 0.033 0.029 
 395   (0.019) 0.017 0.004 0.017 
 378   (0.025) 0.038 0.007 0.022 
 397   (0.011) 0.003 0.005 0.008 
 389   (0.007) 0.003 0.001 0.005 
 391   (0.015) 0.008 0.007 0.012 
 381   (0.009) 0.001 0.001 0.009 
 376   (0.005) 0.002 0.001 0.003 
 400   (0.005) 0.001 0.001 0.004 

Locus 3 : 
17 alleles
6.3% missing data
 162   (0.076) 0.095 0.079 0.072 
 174   (0.115) 0.121 0.153 0.119 
 168   (0.144) 0.118 0.174 0.154 
 176   (0.041) 0.073 0.057 0.034 
 160   (0.033) 0.013 0.025 0.033 
 166   (0.064) 0.043 0.063 0.067 
 158   (0.020) 0.014 0.017 0.016 
 182   (0.059) 0.072 0.052 0.058 
 170   (0.071) 0.060 0.066 0.072 
 152   (0.020) 0.013 0.004 0.020 
 172   (0.140) 0.165 0.146 0.142 
 180   (0.035) 0.034 0.027 0.033 
 178   (0.097) 0.102 0.108 0.097 
 164   (0.044) 0.057 0.017 0.044 
 188   (0.005) 0.001 0.001 0.004 
 184   (0.019) 0.012 0.003 0.019 
 186   (0.018) 0.007 0.009 0.016 

Locus 4 : 
23 alleles
3.0% missing data
  99   (0.176) 0.278 0.175 0.181 
 103   (0.097) 0.057 0.135 0.109 
  91   (0.111) 0.055 0.126 0.128 
 113   (0.036) 0.040 0.023 0.036 
 115   (0.083) 0.104 0.104 0.081 
  87   (0.047) 0.047 0.053 0.046 
 105   (0.040) 0.038 0.033 0.038 
 119   (0.009) 0.014 0.001 0.006 
 107   (0.047) 0.040 0.078 0.044 
  85   (0.041) 0.030 0.014 0.043 
  95   (0.037) 0.053 0.037 0.032 
  97   (0.047) 0.036 0.034 0.047 
  93   (0.039) 0.027 0.037 0.038 
 117   (0.071) 0.109 0.086 0.067 
 121   (0.013) 0.016 0.002 0.010 
 101   (0.030) 0.018 0.019 0.028 
  89   (0.007) 0.002 0.001 0.005 
 127   (0.010) 0.003 0.001 0.010 
 123   (0.022) 0.026 0.016 0.018 
 111   (0.011) 0.001 0.011 0.009 
 109   (0.007) 0.002 0.001 0.005 
 125   (0.016) 0.004 0.013 0.014 
 114   (0.005) 0.001 0.001 0.004 

Locus 5 : 
19 alleles
3.0% missing data
 138   (0.007) 0.001 0.002 0.006 
 160   (0.196) 0.234 0.236 0.202 
 168   (0.025) 0.023 0.011 0.022 
 164   (0.070) 0.084 0.056 0.071 
 162   (0.119) 0.180 0.109 0.120 
 158   (0.141) 0.098 0.145 0.155 
 142   (0.080) 0.089 0.097 0.078 
 134   (0.042) 0.029 0.040 0.041 
 140   (0.058) 0.035 0.058 0.059 
 156   (0.087) 0.110 0.118 0.085 
 166   (0.045) 0.028 0.055 0.045 
 152   (0.021) 0.007 0.005 0.022 
 170   (0.008) 0.001 0.006 0.005 
 172   (0.009) 0.002 0.001 0.008 
 154   (0.023) 0.052 0.018 0.018 
 148   (0.032) 0.021 0.020 0.031 
 144   (0.017) 0.004 0.015 0.015 
 150   (0.011) 0.001 0.007 0.010 
 146   (0.009) 0.003 0.001 0.007 

Locus 6 : 
17 alleles
7.5% missing data
 187   (0.092) 0.108 0.108 0.090 
 201   (0.043) 0.038 0.019 0.043 
 189   (0.087) 0.112 0.094 0.085 
 193   (0.148) 0.168 0.115 0.156 
 185   (0.138) 0.210 0.204 0.133 
 191   (0.081) 0.087 0.077 0.080 
 197   (0.118) 0.103 0.108 0.121 
 205   (0.021) 0.002 0.007 0.026 
 195   (0.109) 0.070 0.098 0.118 
 199   (0.051) 0.070 0.091 0.045 
 207   (0.008) 0.003 0.003 0.004 
 179   (0.018) 0.005 0.012 0.016 
 183   (0.029) 0.010 0.027 0.028 
 177   (0.025) 0.008 0.016 0.024 
 203   (0.013) 0.002 0.009 0.012 
 181   (0.012) 0.002 0.012 0.013 
 175   (0.005) 0.001 0.001 0.004 

Locus 7 : 
13 alleles
10.2% missing data
 230   (0.111) 0.132 0.116 0.106 
 238   (0.124) 0.120 0.191 0.127 
 240   (0.101) 0.117 0.073 0.101 
 234   (0.231) 0.211 0.246 0.246 
 236   (0.155) 0.114 0.171 0.162 
 228   (0.068) 0.112 0.050 0.065 
 232   (0.071) 0.077 0.072 0.066 
 250   (0.027) 0.024 0.009 0.025 
 242   (0.054) 0.058 0.049 0.052 
 254   (0.009) 0.006 0.002 0.006 
 244   (0.017) 0.020 0.002 0.014 
 246   (0.025) 0.009 0.015 0.023 
 248   (0.007) 0.001 0.004 0.005 

Locus 8 : 
12 alleles
4.1% missing data
 160   (0.749) 0.837 0.821 0.772 
 176   (0.038) 0.034 0.043 0.035 
 184   (0.069) 0.057 0.040 0.071 
 172   (0.011) 0.001 0.005 0.009 
 156   (0.027) 0.011 0.021 0.025 
 162   (0.006) 0.001 0.001 0.004 
 174   (0.019) 0.019 0.009 0.014 
 188   (0.007) 0.001 0.018 0.004 
 180   (0.012) 0.002 0.010 0.010 
 178   (0.031) 0.019 0.027 0.028 
 182   (0.017) 0.015 0.002 0.016 
 186   (0.014) 0.003 0.004 0.013 

Values of parameters used in structure:
DATAFILE=/home/martin/bottleneck/structure_analysis/structure_4/data_job_T3_4,	OUTFILE=/home/martin/bottleneck/structure_analysis/structure_4/structure_results/northern_fur_seal/results_job_T3_4,	NUMINDS=492,	NUMLOCI=8,	MISSING=-9,	LABEL=1,	POPDATA=1,	POPFLAG=0,	PHENOTYPE=0,	EXTRACOLS=0,	MAXPOPS=3,	BURNIN=10000,	NUMREPS=100000,	USEPOPINFO=0,	INFERALPHA=1,	INFERLAMBDA=0,	POPSPECIFICLAMBDA=0,	POPALPHAS=0,	COMPUTEPROB=1,	NOADMIX=0,	ADMBURNIN=2500,	UPDATEFREQ=1,	PRINTLIKES=0,	INTERMEDSAVE=0,	PRINTKLD=0,	PRINTNET=0,	PRINTLAMBDA=0,	ANCESTDIST=0,	NUMBOXES=1000,	ANCESTPINT=0.90000,	GENSBACK=2,	MIGRPRIOR=0.05000,	PRINTQHAT=1,	PRINTQSUM=0,	ALPHA=1.0000,	FREQSCORR=1,	FPRIORMEAN=0.0100,	FPRIORSD=0.0500,	ONEFST=0,	LAMBDA=1.0000,	UNIFPRIORALPHA=1,	ALPHAMAX=10.0000,	ALPHAPRIORA=1.0000,	ALPHAPRIORB=2.0000,	ALPHAPROPSD=0.0250,	STARTATPOPINFO=0,	RANDOMIZE=1,	LINKAGE=0,	METROFREQ=10,	REPORTHITRATE=0,	MARKOVPHASE=-1,	PHASED=0,	PLOIDY=2,	PHASEINFO=0	LOCPRIOR=0, 	LOCPRIORINIT=1.000000, 	LOCDATA=0, 	LOCISPOP=0, 	LOCPRIORSTEP=0.100000, 	MAXLOCPRIOR=20.000000, 	SEED=1470569912,	
[STRAT parameters]:    NUMSIMSTATS=1000,	PHENOTYPECOL=-9,	POOLFREQ=10,	LOCUSxONLY=0,	EMERROR=0.00100,	MISSINGPHENO=-9,	