

----------------------------------------------------
STRUCTURE by Pritchard, Stephens and Donnelly (2000)
     and Falush, Stephens and Pritchard (2003)
       Code by Pritchard, Falush and Hubisz
             Version 2.3.4 (Jul 2012)
----------------------------------------------------



Command line arguments:   /usr/local/bin/structure -m parameter_job_T9_2 
Input File:    /home/martin/bottleneck/structure_analysis/structure_4/data_job_T9_2

Run parameters:
   668 individuals
   13 loci
   9 populations assumed
   10000 Burn-in period
   100000 Reps


--------------------------------------------
Proportion of membership of each pre-defined
 population in each of the 9 clusters

Given    Inferred Clusters                                                 Number of
 Pop       1      2      3      4      5      6      7      8      9      Individuals

  1:     0.109  0.109  0.109  0.108  0.109  0.109  0.109  0.109  0.129      668
--------------------------------------------

Allele-freq. divergence among pops (Net nucleotide distance),
computed using point estimates of P.

      1       2       3       4       5       6       7       8       9      
 1      -    0.0001  0.0005  0.0005  0.0001  0.0001  0.0001  0.0001  0.0355  
 2   0.0001     -    0.0004  0.0006  0.0001  0.0002  0.0001  0.0003  0.0372  
 3   0.0005  0.0004     -    0.0002  0.0004  0.0002  0.0003  0.0003  0.0371  
 4   0.0005  0.0006  0.0002     -    0.0005  0.0002  0.0004  0.0003  0.0363  
 5   0.0001  0.0001  0.0004  0.0005     -    0.0001  0.0001  0.0002  0.0349  
 6   0.0001  0.0002  0.0002  0.0002  0.0001     -    0.0001  0.0001  0.0356  
 7   0.0001  0.0001  0.0003  0.0004  0.0001  0.0001     -    0.0001  0.0367  
 8   0.0001  0.0003  0.0003  0.0003  0.0002  0.0001  0.0001     -    0.0353  
 9   0.0355  0.0372  0.0371  0.0363  0.0349  0.0356  0.0367  0.0353     -    

Average distances (expected heterozygosity) between individuals in same cluster:
cluster  1  : 0.6622 
cluster  2  : 0.6627 
cluster  3  : 0.6644 
cluster  4  : 0.6627 
cluster  5  : 0.6667 
cluster  6  : 0.6625 
cluster  7  : 0.6620 
cluster  8  : 0.6610 
cluster  9  : 0.5768 

--------------------------------------------
Estimated Ln Prob of Data   = -28435.9
Mean value of ln likelihood = -22913.3
Variance of ln likelihood   = 11045.2
Mean value of alpha         = 0.0637

Mean value of Fst_1         = 0.0243
Mean value of Fst_2         = 0.0255
Mean value of Fst_3         = 0.0351
Mean value of Fst_4         = 0.0336
Mean value of Fst_5         = 0.0078
Mean value of Fst_6         = 0.0294
Mean value of Fst_7         = 0.0302
Mean value of Fst_8         = 0.0257
Mean value of Fst_9         = 0.1306


Inferred ancestry of individuals:
        Label (%Miss) Pop:  Inferred clusters
  1        1    (7)    1 :  0.141 0.130 0.089 0.091 0.120 0.117 0.118 0.108 0.084 
  2        2    (0)    1 :  0.114 0.133 0.127 0.106 0.129 0.117 0.133 0.102 0.038 
  3        3    (0)    1 :  0.133 0.130 0.129 0.086 0.134 0.113 0.137 0.114 0.023 
  4        4    (0)    1 :  0.104 0.124 0.113 0.110 0.121 0.118 0.122 0.117 0.071 
  5        5    (0)    1 :  0.128 0.126 0.091 0.109 0.142 0.113 0.127 0.150 0.015 
  6        6    (0)    1 :  0.115 0.130 0.140 0.118 0.111 0.118 0.126 0.095 0.047 
  7        7    (0)    1 :  0.127 0.121 0.111 0.088 0.174 0.110 0.122 0.135 0.012 
  8        8    (0)    1 :  0.071 0.071 0.084 0.085 0.076 0.075 0.074 0.080 0.384 
  9        9    (0)    1 :  0.113 0.134 0.125 0.137 0.102 0.112 0.131 0.135 0.010 
 10       10    (0)    1 :  0.136 0.144 0.099 0.106 0.152 0.123 0.112 0.106 0.021 
 11       11    (0)    1 :  0.134 0.119 0.105 0.111 0.138 0.118 0.134 0.128 0.014 
 12       12    (0)    1 :  0.131 0.136 0.109 0.110 0.127 0.111 0.144 0.112 0.020 
 13       13    (0)    1 :  0.122 0.140 0.129 0.139 0.106 0.114 0.126 0.102 0.022 
 14       14    (0)    1 :  0.108 0.156 0.132 0.098 0.107 0.119 0.129 0.133 0.017 
 15       15    (0)    1 :  0.121 0.144 0.126 0.108 0.114 0.118 0.114 0.107 0.048 
 16       16    (0)    1 :  0.113 0.136 0.108 0.105 0.177 0.104 0.119 0.119 0.019 
 17       17    (0)    1 :  0.087 0.127 0.159 0.151 0.093 0.108 0.123 0.135 0.018 
 18       18    (0)    1 :  0.098 0.109 0.096 0.100 0.095 0.102 0.110 0.091 0.199 
 19       19    (0)    1 :  0.132 0.123 0.092 0.117 0.136 0.097 0.116 0.143 0.045 
 20       20    (0)    1 :  0.126 0.130 0.107 0.092 0.181 0.122 0.118 0.111 0.014 
 21       21    (0)    1 :  0.097 0.140 0.158 0.111 0.122 0.114 0.114 0.125 0.018 
 22       22    (0)    1 :  0.118 0.115 0.136 0.149 0.104 0.134 0.116 0.115 0.012 
 23       23    (0)    1 :  0.103 0.136 0.129 0.104 0.110 0.113 0.132 0.117 0.055 
 24       24    (0)    1 :  0.117 0.134 0.130 0.110 0.111 0.110 0.142 0.110 0.037 
 25       25    (0)    1 :  0.131 0.116 0.135 0.120 0.113 0.112 0.129 0.125 0.019 
 26       26    (0)    1 :  0.130 0.133 0.114 0.108 0.113 0.120 0.132 0.133 0.017 
 27       27    (0)    1 :  0.130 0.135 0.105 0.109 0.125 0.101 0.114 0.158 0.024 
 28       28    (0)    1 :  0.114 0.132 0.141 0.108 0.126 0.118 0.131 0.107 0.024 
 29       29    (0)    1 :  0.077 0.152 0.192 0.117 0.095 0.106 0.143 0.107 0.011 
 30       30    (0)    1 :  0.114 0.138 0.136 0.111 0.128 0.120 0.120 0.112 0.020 
 31       31    (0)    1 :  0.134 0.111 0.109 0.118 0.117 0.138 0.115 0.107 0.051 
 32       32    (0)    1 :  0.128 0.140 0.123 0.132 0.105 0.123 0.134 0.100 0.014 
 33       33    (7)    1 :  0.122 0.133 0.130 0.133 0.094 0.127 0.134 0.086 0.043 
 34       34    (0)    1 :  0.126 0.129 0.129 0.116 0.118 0.128 0.118 0.108 0.028 
 35       35    (0)    1 :  0.119 0.107 0.120 0.134 0.109 0.128 0.118 0.144 0.021 
 36       36    (0)    1 :  0.110 0.131 0.156 0.098 0.122 0.139 0.132 0.100 0.012 
 37       37    (0)    1 :  0.134 0.128 0.083 0.109 0.110 0.124 0.128 0.171 0.013 
 38       38    (0)    1 :  0.118 0.119 0.118 0.125 0.139 0.115 0.123 0.130 0.013 
 39       39    (0)    1 :  0.100 0.138 0.138 0.120 0.112 0.113 0.122 0.127 0.029 
 40       40    (0)    1 :  0.091 0.090 0.125 0.146 0.092 0.110 0.092 0.102 0.152 
 41       41    (0)    1 :  0.121 0.127 0.125 0.089 0.175 0.113 0.119 0.112 0.019 
 42       42    (0)    1 :  0.116 0.131 0.146 0.116 0.122 0.117 0.140 0.100 0.012 
 43       43    (0)    1 :  0.134 0.117 0.092 0.114 0.140 0.111 0.123 0.133 0.036 
 44       44    (0)    1 :  0.124 0.148 0.121 0.100 0.123 0.114 0.119 0.133 0.018 
 45       45    (0)    1 :  0.087 0.137 0.193 0.119 0.092 0.123 0.138 0.099 0.012 
 46       46    (0)    1 :  0.113 0.138 0.137 0.136 0.099 0.120 0.133 0.095 0.029 
 47       47    (0)    1 :  0.125 0.125 0.112 0.107 0.113 0.119 0.137 0.140 0.023 
 48       48    (0)    1 :  0.111 0.112 0.124 0.101 0.113 0.116 0.127 0.121 0.074 
 49       49    (0)    1 :  0.110 0.129 0.131 0.114 0.138 0.118 0.127 0.115 0.019 
 50       50    (0)    1 :  0.103 0.151 0.166 0.134 0.078 0.127 0.137 0.095 0.009 
 51       51    (0)    1 :  0.102 0.138 0.144 0.115 0.122 0.119 0.120 0.110 0.031 
 52       52    (0)    1 :  0.119 0.127 0.112 0.088 0.185 0.112 0.132 0.110 0.015 
 53       53    (0)    1 :  0.120 0.132 0.118 0.121 0.128 0.116 0.134 0.115 0.016 
 54       54    (0)    1 :  0.121 0.134 0.096 0.107 0.107 0.125 0.121 0.127 0.062 
 55       55   (23)    1 :  0.083 0.104 0.107 0.091 0.101 0.089 0.098 0.086 0.240 
 56       56    (0)    1 :  0.138 0.145 0.102 0.088 0.165 0.110 0.110 0.121 0.020 
 57       57    (0)    1 :  0.120 0.139 0.151 0.137 0.104 0.131 0.125 0.085 0.008 
 58       58    (0)    1 :  0.140 0.126 0.107 0.144 0.087 0.125 0.133 0.119 0.019 
 59       59    (0)    1 :  0.109 0.135 0.158 0.126 0.110 0.110 0.153 0.090 0.009 
 60       60    (0)    1 :  0.115 0.138 0.114 0.110 0.126 0.124 0.132 0.129 0.012 
 61       61    (7)    1 :  0.099 0.131 0.112 0.103 0.114 0.111 0.122 0.098 0.111 
 62       62    (0)    1 :  0.109 0.134 0.167 0.115 0.105 0.122 0.143 0.097 0.008 
 63       63    (0)    1 :  0.135 0.128 0.118 0.132 0.111 0.127 0.121 0.101 0.027 
 64       64    (0)    1 :  0.092 0.134 0.157 0.092 0.145 0.109 0.147 0.109 0.015 
 65       65    (0)    1 :  0.129 0.112 0.091 0.125 0.112 0.124 0.128 0.154 0.025 
 66       66    (0)    1 :  0.117 0.133 0.119 0.126 0.126 0.110 0.125 0.121 0.023 
 67       67    (0)    1 :  0.100 0.141 0.147 0.110 0.118 0.122 0.145 0.105 0.013 
 68       68    (0)    1 :  0.133 0.136 0.129 0.108 0.120 0.124 0.133 0.105 0.012 
 69       69    (0)    1 :  0.132 0.117 0.106 0.129 0.099 0.130 0.126 0.126 0.034 
 70       70    (0)    1 :  0.088 0.090 0.164 0.193 0.081 0.128 0.100 0.127 0.028 
 71       71    (0)    1 :  0.093 0.125 0.110 0.083 0.115 0.100 0.110 0.089 0.174 
 72       72    (0)    1 :  0.088 0.147 0.186 0.105 0.106 0.117 0.148 0.092 0.012 
 73       73    (0)    1 :  0.140 0.130 0.098 0.099 0.123 0.133 0.116 0.115 0.044 
 74       74    (0)    1 :  0.133 0.125 0.101 0.108 0.128 0.129 0.120 0.110 0.048 
 75       75    (0)    1 :  0.120 0.132 0.123 0.111 0.126 0.106 0.138 0.125 0.019 
 76       76    (0)    1 :  0.104 0.113 0.125 0.129 0.129 0.102 0.110 0.114 0.073 
 77       77    (0)    1 :  0.110 0.107 0.127 0.127 0.128 0.122 0.106 0.116 0.057 
 78       78    (0)    1 :  0.145 0.112 0.079 0.104 0.119 0.118 0.149 0.150 0.024 
 79       79    (0)    1 :  0.124 0.131 0.101 0.099 0.160 0.109 0.117 0.149 0.011 
 80       80    (0)    1 :  0.122 0.125 0.104 0.113 0.116 0.111 0.114 0.104 0.092 
 81       81    (7)    1 :  0.123 0.106 0.098 0.105 0.113 0.138 0.116 0.124 0.077 
 82       82    (0)    1 :  0.120 0.120 0.135 0.124 0.111 0.116 0.118 0.135 0.021 
 83       83    (7)    1 :  0.116 0.119 0.122 0.117 0.131 0.117 0.117 0.118 0.043 
 84       84   (23)    1 :  0.108 0.111 0.127 0.135 0.121 0.123 0.114 0.123 0.038 
 85       85    (0)    1 :  0.130 0.143 0.122 0.129 0.097 0.133 0.126 0.096 0.024 
 86       86    (0)    1 :  0.110 0.115 0.108 0.097 0.116 0.118 0.108 0.105 0.123 
 87       87    (0)    1 :  0.132 0.156 0.108 0.101 0.136 0.137 0.112 0.102 0.016 
 88       88    (0)    1 :  0.110 0.124 0.131 0.104 0.124 0.138 0.130 0.101 0.038 
 89       89    (7)    1 :  0.119 0.120 0.117 0.127 0.136 0.113 0.117 0.120 0.032 
 90       90    (0)    1 :  0.097 0.128 0.103 0.090 0.115 0.116 0.101 0.103 0.146 
 91       91    (0)    1 :  0.118 0.120 0.122 0.131 0.113 0.124 0.130 0.108 0.035 
 92       92    (0)    1 :  0.102 0.140 0.147 0.092 0.128 0.122 0.124 0.111 0.035 
 93       93    (0)    1 :  0.106 0.134 0.130 0.120 0.100 0.122 0.134 0.125 0.031 
 94       94    (0)    1 :  0.102 0.104 0.107 0.090 0.142 0.101 0.091 0.114 0.149 
 95       95    (0)    1 :  0.091 0.146 0.165 0.109 0.125 0.108 0.124 0.104 0.028 
 96       96    (0)    1 :  0.106 0.127 0.143 0.082 0.194 0.091 0.105 0.115 0.037 
 97       97    (0)    1 :  0.126 0.126 0.115 0.109 0.136 0.116 0.130 0.127 0.014 
 98       98    (0)    1 :  0.107 0.097 0.164 0.162 0.096 0.150 0.104 0.105 0.015 
 99       99    (0)    1 :  0.118 0.121 0.121 0.126 0.149 0.109 0.116 0.126 0.014 
100      100    (0)    1 :  0.153 0.118 0.080 0.128 0.084 0.127 0.126 0.160 0.024 
101      101    (0)    1 :  0.132 0.102 0.096 0.132 0.100 0.139 0.112 0.146 0.041 
102      102    (0)    1 :  0.128 0.140 0.146 0.143 0.085 0.137 0.124 0.081 0.016 
103      103    (0)    1 :  0.124 0.104 0.099 0.114 0.078 0.126 0.114 0.140 0.101 
104      104    (0)    1 :  0.102 0.108 0.148 0.133 0.116 0.116 0.125 0.130 0.023 
105      105    (0)    1 :  0.098 0.136 0.124 0.112 0.139 0.104 0.115 0.146 0.026 
106      106    (0)    1 :  0.102 0.092 0.133 0.156 0.109 0.129 0.106 0.137 0.035 
107      107    (0)    1 :  0.142 0.126 0.095 0.122 0.091 0.128 0.125 0.147 0.024 
108      108    (0)    1 :  0.122 0.147 0.108 0.127 0.108 0.126 0.139 0.092 0.031 
109      109    (0)    1 :  0.140 0.122 0.097 0.114 0.122 0.123 0.127 0.125 0.029 
110      110    (0)    1 :  0.133 0.136 0.093 0.112 0.147 0.105 0.126 0.127 0.021 
111      111    (0)    1 :  0.101 0.117 0.137 0.135 0.121 0.131 0.109 0.118 0.031 
112      112    (0)    1 :  0.132 0.111 0.104 0.137 0.089 0.122 0.127 0.155 0.023 
113      113    (0)    1 :  0.118 0.143 0.133 0.089 0.139 0.108 0.134 0.120 0.015 
114      114    (0)    1 :  0.117 0.124 0.096 0.109 0.132 0.124 0.128 0.119 0.051 
115      115    (0)    1 :  0.123 0.134 0.105 0.119 0.112 0.116 0.124 0.131 0.035 
116      116    (0)    1 :  0.112 0.125 0.133 0.136 0.109 0.120 0.135 0.115 0.015 
117      117    (0)    1 :  0.127 0.137 0.110 0.100 0.140 0.111 0.117 0.129 0.029 
118      118    (0)    1 :  0.128 0.129 0.100 0.106 0.143 0.107 0.124 0.127 0.037 
119      119    (0)    1 :  0.122 0.089 0.135 0.169 0.087 0.142 0.101 0.131 0.022 
120      120    (0)    1 :  0.101 0.102 0.105 0.119 0.114 0.111 0.114 0.091 0.143 
121      121    (0)    1 :  0.144 0.121 0.104 0.102 0.119 0.123 0.134 0.119 0.035 
122      122    (0)    1 :  0.108 0.090 0.147 0.173 0.097 0.135 0.109 0.114 0.026 
123      123    (0)    1 :  0.112 0.126 0.138 0.117 0.110 0.150 0.111 0.121 0.015 
124      124    (0)    1 :  0.119 0.144 0.117 0.127 0.126 0.122 0.126 0.102 0.017 
125      125    (0)    1 :  0.116 0.095 0.139 0.168 0.089 0.135 0.100 0.123 0.036 
126      126    (0)    1 :  0.122 0.147 0.147 0.122 0.100 0.128 0.131 0.090 0.014 
127      127    (0)    1 :  0.107 0.139 0.125 0.111 0.113 0.117 0.138 0.126 0.024 
128      128    (0)    1 :  0.123 0.117 0.109 0.129 0.112 0.119 0.124 0.149 0.016 
129      129    (0)    1 :  0.131 0.106 0.084 0.089 0.128 0.113 0.096 0.105 0.149 
130      130    (7)    1 :  0.135 0.115 0.111 0.124 0.107 0.143 0.102 0.115 0.050 
131      131    (0)    1 :  0.119 0.146 0.120 0.113 0.125 0.112 0.130 0.107 0.028 
132      132    (0)    1 :  0.129 0.121 0.120 0.108 0.134 0.119 0.120 0.133 0.015 
133      133    (0)    1 :  0.155 0.136 0.106 0.114 0.135 0.123 0.110 0.108 0.014 
134      134    (0)    1 :  0.126 0.151 0.092 0.108 0.137 0.124 0.124 0.110 0.029 
135      135    (0)    1 :  0.085 0.075 0.065 0.073 0.088 0.071 0.086 0.074 0.384 
136      136    (0)    1 :  0.111 0.108 0.116 0.131 0.123 0.129 0.130 0.119 0.032 
137      137    (0)    1 :  0.114 0.110 0.086 0.095 0.134 0.098 0.120 0.133 0.110 
138      138    (0)    1 :  0.116 0.149 0.136 0.106 0.118 0.129 0.126 0.100 0.021 
139      139    (0)    1 :  0.126 0.128 0.104 0.116 0.131 0.112 0.126 0.132 0.024 
140      140    (0)    1 :  0.139 0.134 0.108 0.099 0.145 0.098 0.114 0.123 0.039 
141      141    (0)    1 :  0.172 0.130 0.079 0.088 0.112 0.118 0.128 0.107 0.066 
142      142    (0)    1 :  0.120 0.110 0.118 0.120 0.112 0.125 0.118 0.131 0.045 
143      143    (0)    1 :  0.135 0.131 0.091 0.111 0.118 0.115 0.122 0.135 0.042 
144      144    (0)    1 :  0.105 0.132 0.162 0.111 0.109 0.120 0.144 0.100 0.016 
145      145    (0)    1 :  0.133 0.147 0.137 0.136 0.082 0.141 0.124 0.088 0.012 
146      146    (0)    1 :  0.136 0.101 0.091 0.118 0.097 0.131 0.133 0.156 0.036 
147      147    (0)    1 :  0.111 0.150 0.143 0.125 0.109 0.129 0.124 0.093 0.015 
148      148    (0)    1 :  0.123 0.104 0.104 0.117 0.134 0.139 0.132 0.131 0.016 
149      149    (0)    1 :  0.132 0.133 0.107 0.107 0.134 0.117 0.118 0.122 0.030 
150      150    (0)    1 :  0.125 0.094 0.100 0.104 0.110 0.116 0.122 0.139 0.090 
151      151   (15)    1 :  0.105 0.122 0.130 0.129 0.122 0.117 0.117 0.124 0.033 
152      152    (0)    1 :  0.133 0.112 0.108 0.130 0.102 0.138 0.121 0.127 0.029 
153      153    (0)    1 :  0.141 0.115 0.101 0.093 0.161 0.111 0.124 0.131 0.025 
154      154    (0)    1 :  0.085 0.068 0.180 0.246 0.064 0.101 0.095 0.149 0.011 
155      155    (0)    1 :  0.113 0.117 0.119 0.130 0.107 0.123 0.127 0.127 0.037 
156      156    (0)    1 :  0.129 0.143 0.113 0.116 0.143 0.103 0.103 0.120 0.031 
157      157    (0)    1 :  0.121 0.134 0.118 0.105 0.132 0.122 0.128 0.116 0.025 
158      158    (0)    1 :  0.118 0.118 0.107 0.083 0.145 0.118 0.103 0.117 0.092 
159      159    (0)    1 :  0.102 0.140 0.159 0.113 0.112 0.114 0.128 0.106 0.025 
160      160    (0)    1 :  0.102 0.112 0.142 0.144 0.108 0.123 0.114 0.135 0.019 
161      161    (0)    1 :  0.099 0.095 0.130 0.150 0.093 0.102 0.107 0.127 0.096 
162      162    (0)    1 :  0.127 0.112 0.118 0.131 0.127 0.113 0.121 0.131 0.020 
163      163    (0)    1 :  0.120 0.116 0.115 0.107 0.135 0.122 0.112 0.122 0.050 
164      164    (0)    1 :  0.120 0.118 0.121 0.127 0.125 0.133 0.121 0.102 0.033 
165      165    (0)    1 :  0.107 0.123 0.136 0.129 0.130 0.113 0.127 0.114 0.021 
166      166    (0)    1 :  0.130 0.135 0.117 0.095 0.142 0.118 0.113 0.118 0.033 
167      167    (0)    1 :  0.105 0.105 0.166 0.147 0.095 0.129 0.110 0.119 0.025 
168      168    (0)    1 :  0.129 0.124 0.097 0.107 0.109 0.115 0.123 0.099 0.098 
169      169    (0)    1 :  0.093 0.061 0.174 0.239 0.076 0.112 0.098 0.125 0.022 
170      170    (0)    1 :  0.099 0.104 0.174 0.184 0.093 0.111 0.103 0.120 0.013 
171      171    (0)    1 :  0.108 0.147 0.121 0.115 0.122 0.127 0.137 0.105 0.019 
172      172    (0)    1 :  0.112 0.119 0.163 0.128 0.121 0.129 0.114 0.094 0.021 
173      173    (0)    1 :  0.129 0.108 0.095 0.121 0.120 0.135 0.118 0.138 0.035 
174      174    (0)    1 :  0.111 0.131 0.147 0.118 0.117 0.107 0.131 0.112 0.028 
175      175    (0)    1 :  0.104 0.092 0.152 0.191 0.085 0.128 0.103 0.115 0.029 
176      176    (0)    1 :  0.107 0.148 0.141 0.089 0.131 0.118 0.118 0.110 0.039 
177      177    (0)    1 :  0.119 0.131 0.111 0.097 0.113 0.124 0.122 0.102 0.081 
178      178    (0)    1 :  0.116 0.127 0.115 0.117 0.130 0.118 0.126 0.123 0.027 
179      179    (0)    1 :  0.126 0.130 0.117 0.101 0.137 0.126 0.120 0.121 0.023 
180      180    (0)    1 :  0.147 0.160 0.125 0.080 0.122 0.138 0.112 0.110 0.006 
181      181    (0)    1 :  0.136 0.139 0.107 0.107 0.126 0.120 0.116 0.104 0.045 
182      182    (0)    1 :  0.120 0.109 0.101 0.097 0.106 0.098 0.102 0.107 0.160 
183      183    (0)    1 :  0.106 0.085 0.134 0.170 0.089 0.117 0.098 0.130 0.070 
184      184    (0)    1 :  0.114 0.087 0.135 0.154 0.094 0.134 0.102 0.140 0.040 
185      185    (0)    1 :  0.119 0.134 0.119 0.094 0.133 0.119 0.124 0.109 0.049 
186      186    (0)    1 :  0.097 0.090 0.134 0.184 0.096 0.124 0.109 0.145 0.022 
187      187    (0)    1 :  0.102 0.075 0.148 0.198 0.088 0.122 0.106 0.145 0.015 
188      188    (0)    1 :  0.102 0.076 0.151 0.187 0.092 0.132 0.108 0.135 0.017 
189      189    (0)    1 :  0.130 0.135 0.115 0.098 0.136 0.113 0.133 0.114 0.025 
190      190    (0)    1 :  0.096 0.080 0.159 0.191 0.084 0.129 0.106 0.131 0.026 
191      191    (0)    1 :  0.116 0.135 0.139 0.097 0.135 0.113 0.132 0.116 0.018 
192      192    (0)    1 :  0.070 0.079 0.065 0.068 0.072 0.068 0.069 0.062 0.445 
193      193    (0)    1 :  0.077 0.079 0.064 0.072 0.086 0.080 0.078 0.080 0.384 
194      194    (7)    1 :  0.087 0.076 0.161 0.193 0.077 0.119 0.089 0.119 0.078 
195      195    (0)    1 :  0.126 0.101 0.119 0.121 0.125 0.124 0.105 0.129 0.051 
196      196    (0)    1 :  0.155 0.132 0.101 0.109 0.126 0.118 0.118 0.127 0.015 
197      197    (0)    1 :  0.094 0.140 0.132 0.101 0.110 0.110 0.136 0.114 0.062 
198      198    (0)    1 :  0.122 0.130 0.124 0.095 0.126 0.141 0.131 0.112 0.020 
199      199    (7)    1 :  0.121 0.125 0.110 0.094 0.135 0.108 0.123 0.106 0.078 
200      200    (0)    1 :  0.117 0.125 0.120 0.108 0.121 0.132 0.116 0.125 0.038 
201      201    (0)    1 :  0.099 0.129 0.129 0.102 0.110 0.121 0.113 0.104 0.093 
202      202    (0)    1 :  0.106 0.124 0.168 0.104 0.129 0.109 0.158 0.093 0.008 
203      203    (0)    1 :  0.127 0.096 0.087 0.131 0.096 0.128 0.133 0.155 0.047 
204      204    (0)    1 :  0.136 0.116 0.108 0.131 0.136 0.117 0.112 0.131 0.014 
205      205    (0)    1 :  0.141 0.129 0.105 0.096 0.135 0.129 0.136 0.117 0.011 
206      206    (0)    1 :  0.111 0.137 0.134 0.127 0.124 0.118 0.115 0.110 0.023 
207      207    (0)    1 :  0.159 0.154 0.104 0.082 0.124 0.117 0.115 0.126 0.019 
208      208    (0)    1 :  0.143 0.123 0.106 0.116 0.126 0.137 0.119 0.120 0.012 
209      209    (0)    1 :  0.110 0.110 0.094 0.088 0.111 0.101 0.103 0.108 0.176 
210      210    (0)    1 :  0.130 0.136 0.090 0.113 0.132 0.118 0.126 0.133 0.022 
211      211    (0)    1 :  0.134 0.115 0.123 0.118 0.111 0.133 0.121 0.120 0.026 
212      212    (0)    1 :  0.114 0.100 0.131 0.135 0.096 0.137 0.109 0.107 0.070 
213      213    (0)    1 :  0.123 0.106 0.103 0.124 0.117 0.119 0.119 0.161 0.029 
214      214    (0)    1 :  0.129 0.111 0.089 0.098 0.142 0.137 0.125 0.130 0.038 
215      215    (0)    1 :  0.127 0.119 0.108 0.097 0.155 0.119 0.107 0.126 0.043 
216      216    (0)    1 :  0.111 0.099 0.138 0.165 0.094 0.137 0.105 0.118 0.033 
217      217    (0)    1 :  0.138 0.125 0.080 0.110 0.113 0.112 0.148 0.150 0.025 
218      218    (0)    1 :  0.171 0.123 0.090 0.111 0.136 0.119 0.114 0.118 0.017 
219      219    (0)    1 :  0.134 0.130 0.132 0.095 0.146 0.108 0.127 0.115 0.012 
220      220    (0)    1 :  0.119 0.114 0.139 0.125 0.104 0.119 0.108 0.129 0.043 
221      221    (0)    1 :  0.101 0.136 0.140 0.100 0.119 0.116 0.122 0.116 0.050 
222      222    (0)    1 :  0.128 0.116 0.095 0.106 0.129 0.125 0.114 0.122 0.066 
223      223    (0)    1 :  0.097 0.101 0.092 0.088 0.109 0.101 0.095 0.098 0.219 
224      224    (0)    1 :  0.110 0.161 0.151 0.091 0.123 0.116 0.116 0.103 0.030 
225      225    (0)    1 :  0.111 0.136 0.128 0.125 0.121 0.125 0.133 0.102 0.019 
226      226    (0)    1 :  0.128 0.134 0.114 0.132 0.107 0.127 0.132 0.109 0.018 
227      227    (0)    1 :  0.111 0.098 0.105 0.140 0.114 0.121 0.116 0.133 0.063 
228      228    (0)    1 :  0.112 0.117 0.138 0.137 0.110 0.129 0.104 0.120 0.032 
229      229    (0)    1 :  0.156 0.129 0.100 0.095 0.133 0.127 0.132 0.116 0.013 
230      230    (0)    1 :  0.119 0.082 0.099 0.135 0.100 0.136 0.143 0.156 0.029 
231      231    (0)    1 :  0.116 0.137 0.140 0.118 0.114 0.120 0.139 0.103 0.012 
232      232    (0)    1 :  0.130 0.126 0.122 0.121 0.126 0.116 0.128 0.116 0.016 
233      233    (0)    1 :  0.123 0.143 0.130 0.108 0.112 0.121 0.122 0.106 0.036 
234      234    (0)    1 :  0.144 0.129 0.106 0.133 0.126 0.113 0.109 0.123 0.018 
235      235    (0)    1 :  0.139 0.134 0.127 0.136 0.092 0.133 0.138 0.089 0.013 
236      236    (0)    1 :  0.142 0.139 0.102 0.091 0.143 0.116 0.134 0.119 0.014 
237      237    (0)    1 :  0.141 0.135 0.110 0.143 0.096 0.133 0.134 0.087 0.022 
238      238    (0)    1 :  0.115 0.135 0.104 0.099 0.139 0.119 0.129 0.118 0.043 
239      239    (0)    1 :  0.097 0.153 0.183 0.128 0.087 0.114 0.123 0.109 0.006 
240      240    (0)    1 :  0.134 0.119 0.078 0.084 0.126 0.106 0.112 0.103 0.137 
241      241    (0)    1 :  0.135 0.142 0.103 0.088 0.153 0.139 0.111 0.113 0.017 
242      242    (0)    1 :  0.128 0.118 0.106 0.126 0.109 0.115 0.126 0.133 0.039 
243      243    (0)    1 :  0.125 0.150 0.129 0.124 0.111 0.126 0.122 0.096 0.017 
244      244    (0)    1 :  0.142 0.140 0.084 0.123 0.133 0.115 0.112 0.116 0.035 
245      245    (0)    1 :  0.115 0.110 0.164 0.154 0.102 0.118 0.115 0.107 0.016 
246      246    (0)    1 :  0.108 0.145 0.139 0.112 0.123 0.105 0.147 0.112 0.009 
247      247    (0)    1 :  0.134 0.139 0.098 0.117 0.113 0.112 0.117 0.113 0.058 
248      248    (7)    1 :  0.125 0.136 0.120 0.099 0.125 0.113 0.121 0.111 0.050 
249      249    (0)    1 :  0.095 0.095 0.122 0.149 0.095 0.107 0.099 0.127 0.110 
250      250    (0)    1 :  0.144 0.096 0.090 0.129 0.092 0.139 0.138 0.153 0.020 
251      251    (0)    1 :  0.121 0.082 0.102 0.140 0.094 0.152 0.131 0.157 0.020 
252      252    (0)    1 :  0.141 0.117 0.100 0.131 0.110 0.118 0.133 0.138 0.010 
253      253    (0)    1 :  0.117 0.129 0.109 0.085 0.118 0.101 0.094 0.099 0.147 
254      254    (0)    1 :  0.044 0.042 0.055 0.062 0.037 0.052 0.042 0.048 0.618 
255      255    (0)    1 :  0.109 0.126 0.130 0.106 0.131 0.116 0.122 0.106 0.054 
256      256    (0)    1 :  0.093 0.071 0.153 0.175 0.088 0.145 0.117 0.136 0.022 
257      257    (0)    1 :  0.112 0.105 0.127 0.123 0.114 0.119 0.111 0.133 0.055 
258      258    (0)    1 :  0.108 0.137 0.132 0.116 0.125 0.117 0.120 0.115 0.030 
259      259    (0)    1 :  0.130 0.130 0.103 0.094 0.142 0.109 0.139 0.121 0.033 
260      260    (0)    1 :  0.165 0.125 0.099 0.111 0.101 0.124 0.153 0.114 0.008 
261      261    (0)    1 :  0.140 0.127 0.106 0.122 0.114 0.131 0.129 0.117 0.015 
262      262    (0)    1 :  0.133 0.117 0.113 0.132 0.119 0.120 0.125 0.126 0.015 
263      263    (0)    1 :  0.129 0.112 0.104 0.108 0.125 0.117 0.127 0.130 0.047 
264      264    (0)    1 :  0.137 0.140 0.121 0.115 0.112 0.126 0.129 0.104 0.016 
265      265    (0)    1 :  0.118 0.107 0.088 0.097 0.118 0.122 0.110 0.114 0.124 
266      266    (0)    1 :  0.105 0.135 0.153 0.128 0.101 0.138 0.124 0.096 0.020 
267      267    (0)    1 :  0.123 0.125 0.113 0.114 0.118 0.118 0.126 0.140 0.022 
268      268    (0)    1 :  0.129 0.109 0.101 0.116 0.119 0.122 0.138 0.145 0.021 
269      269    (0)    1 :  0.144 0.131 0.102 0.107 0.114 0.124 0.127 0.115 0.034 
270      270    (0)    1 :  0.070 0.053 0.118 0.201 0.086 0.086 0.074 0.095 0.216 
271      271    (0)    1 :  0.144 0.095 0.095 0.124 0.097 0.132 0.133 0.161 0.019 
272      272    (0)    1 :  0.104 0.102 0.136 0.154 0.109 0.118 0.111 0.148 0.018 
273      273    (0)    1 :  0.139 0.142 0.115 0.098 0.116 0.116 0.137 0.126 0.011 
274      274    (0)    1 :  0.098 0.145 0.171 0.142 0.088 0.108 0.141 0.095 0.012 
275      275    (0)    1 :  0.132 0.111 0.108 0.110 0.102 0.125 0.139 0.147 0.025 
276      276    (0)    1 :  0.133 0.119 0.112 0.118 0.119 0.123 0.128 0.130 0.018 
277      277    (0)    1 :  0.110 0.073 0.139 0.187 0.089 0.119 0.106 0.115 0.061 
278      278    (0)    1 :  0.130 0.126 0.096 0.105 0.120 0.118 0.131 0.128 0.045 
279      279    (0)    1 :  0.131 0.121 0.104 0.095 0.200 0.112 0.109 0.120 0.009 
280      280    (0)    1 :  0.113 0.136 0.143 0.123 0.106 0.115 0.141 0.108 0.016 
281      281    (0)    1 :  0.117 0.113 0.103 0.099 0.119 0.122 0.117 0.122 0.088 
282      282    (0)    1 :  0.132 0.140 0.126 0.121 0.125 0.114 0.121 0.102 0.020 
283      283    (0)    1 :  0.112 0.101 0.141 0.168 0.103 0.120 0.115 0.129 0.010 
284      284    (0)    1 :  0.132 0.116 0.131 0.172 0.102 0.117 0.093 0.124 0.014 
285      285    (0)    1 :  0.119 0.141 0.136 0.117 0.111 0.144 0.111 0.096 0.026 
286      286    (0)    1 :  0.106 0.114 0.104 0.111 0.098 0.113 0.117 0.108 0.129 
287      287    (0)    1 :  0.094 0.143 0.158 0.100 0.124 0.112 0.142 0.107 0.021 
288      288    (0)    1 :  0.128 0.129 0.117 0.106 0.126 0.126 0.128 0.125 0.015 
289      289    (0)    1 :  0.131 0.127 0.099 0.113 0.131 0.126 0.125 0.123 0.025 
290      290    (0)    1 :  0.147 0.144 0.097 0.113 0.125 0.116 0.126 0.116 0.017 
291      291    (0)    1 :  0.155 0.132 0.088 0.095 0.132 0.126 0.114 0.125 0.033 
292      292    (0)    1 :  0.089 0.073 0.158 0.211 0.065 0.142 0.108 0.135 0.019 
293      293    (0)    1 :  0.132 0.136 0.084 0.102 0.135 0.111 0.116 0.165 0.020 
294      294    (0)    1 :  0.110 0.127 0.122 0.117 0.148 0.117 0.123 0.119 0.016 
295      295    (0)    1 :  0.136 0.141 0.096 0.098 0.148 0.109 0.107 0.137 0.027 
296      296    (0)    1 :  0.123 0.101 0.104 0.107 0.093 0.136 0.119 0.129 0.088 
297      297    (0)    1 :  0.109 0.140 0.119 0.112 0.117 0.125 0.135 0.115 0.028 
298      298    (0)    1 :  0.113 0.140 0.132 0.106 0.117 0.119 0.138 0.125 0.010 
299      299    (0)    1 :  0.145 0.125 0.116 0.111 0.110 0.123 0.116 0.125 0.028 
300      300    (0)    1 :  0.115 0.135 0.104 0.096 0.118 0.115 0.109 0.099 0.109 
301      301    (0)    1 :  0.117 0.117 0.076 0.084 0.139 0.114 0.100 0.090 0.164 
302      302    (0)    1 :  0.111 0.131 0.123 0.125 0.126 0.123 0.109 0.124 0.028 
303      303    (0)    1 :  0.129 0.137 0.118 0.118 0.105 0.130 0.122 0.110 0.031 
304      304    (0)    1 :  0.124 0.143 0.123 0.146 0.089 0.127 0.139 0.078 0.031 
305      305    (0)    1 :  0.097 0.112 0.167 0.133 0.099 0.135 0.110 0.129 0.018 
306      306    (0)    1 :  0.131 0.108 0.111 0.113 0.104 0.132 0.122 0.144 0.035 
307      307    (0)    1 :  0.111 0.108 0.151 0.144 0.127 0.130 0.104 0.109 0.015 
308      308    (0)    1 :  0.104 0.147 0.132 0.100 0.126 0.117 0.130 0.115 0.030 
309      309    (0)    1 :  0.111 0.143 0.132 0.101 0.132 0.121 0.124 0.107 0.029 
310      310    (7)    1 :  0.075 0.038 0.164 0.309 0.050 0.113 0.090 0.139 0.022 
311      311   (23)    1 :  0.110 0.132 0.141 0.120 0.122 0.115 0.118 0.122 0.021 
312      312    (0)    1 :  0.136 0.155 0.105 0.108 0.120 0.121 0.120 0.104 0.031 
313      313    (0)    1 :  0.104 0.144 0.144 0.107 0.111 0.116 0.146 0.111 0.017 
314      314    (0)    1 :  0.120 0.136 0.142 0.119 0.106 0.124 0.131 0.099 0.023 
315      315    (0)    1 :  0.156 0.142 0.110 0.085 0.118 0.141 0.116 0.119 0.014 
316      316    (0)    1 :  0.097 0.101 0.093 0.105 0.097 0.103 0.098 0.104 0.201 
317      317    (0)    1 :  0.119 0.120 0.147 0.141 0.111 0.118 0.110 0.106 0.027 
318      318    (0)    1 :  0.134 0.118 0.101 0.111 0.127 0.124 0.131 0.136 0.017 
319      319    (0)    1 :  0.128 0.124 0.128 0.088 0.177 0.120 0.105 0.109 0.021 
320      320    (7)    1 :  0.128 0.110 0.115 0.136 0.107 0.122 0.132 0.127 0.022 
321      321    (0)    1 :  0.098 0.086 0.079 0.077 0.106 0.083 0.083 0.084 0.304 
322      322    (0)    1 :  0.106 0.111 0.133 0.150 0.121 0.116 0.103 0.125 0.034 
323      323    (0)    1 :  0.109 0.144 0.128 0.101 0.122 0.125 0.130 0.115 0.027 
324      324    (0)    1 :  0.133 0.119 0.109 0.125 0.119 0.148 0.111 0.111 0.025 
325      325    (0)    1 :  0.112 0.129 0.134 0.107 0.122 0.121 0.137 0.126 0.012 
326      326    (0)    1 :  0.127 0.084 0.104 0.131 0.100 0.160 0.131 0.148 0.013 
327      327    (7)    1 :  0.120 0.099 0.103 0.104 0.124 0.119 0.109 0.136 0.085 
328      328    (0)    1 :  0.124 0.119 0.121 0.137 0.108 0.131 0.126 0.126 0.009 
329      329    (0)    1 :  0.136 0.144 0.094 0.101 0.149 0.105 0.117 0.127 0.026 
330      330    (7)    1 :  0.117 0.118 0.116 0.117 0.128 0.112 0.103 0.106 0.082 
331      331    (0)    1 :  0.120 0.117 0.127 0.116 0.110 0.118 0.138 0.122 0.032 
332      332    (0)    1 :  0.109 0.111 0.126 0.158 0.099 0.111 0.129 0.144 0.012 
333      333    (0)    1 :  0.134 0.126 0.112 0.105 0.134 0.103 0.137 0.134 0.014 
334      334    (0)    1 :  0.125 0.106 0.126 0.150 0.110 0.130 0.116 0.118 0.020 
335      335    (7)    1 :  0.118 0.106 0.108 0.105 0.117 0.103 0.114 0.119 0.110 
336      336    (0)    1 :  0.114 0.116 0.116 0.111 0.114 0.137 0.117 0.128 0.049 
337      337    (0)    1 :  0.083 0.047 0.173 0.293 0.053 0.116 0.084 0.143 0.009 
338      338    (0)    1 :  0.153 0.138 0.093 0.093 0.128 0.134 0.140 0.107 0.012 
339      339    (0)    1 :  0.075 0.034 0.178 0.313 0.036 0.114 0.084 0.145 0.021 
340      340    (0)    1 :  0.090 0.082 0.109 0.120 0.090 0.094 0.083 0.096 0.237 
341      341    (0)    1 :  0.123 0.116 0.108 0.110 0.112 0.124 0.115 0.121 0.070 
342      342    (0)    1 :  0.121 0.119 0.122 0.146 0.106 0.116 0.126 0.123 0.021 
343      343    (0)    1 :  0.134 0.092 0.084 0.123 0.095 0.167 0.140 0.148 0.018 
344      344    (0)    1 :  0.130 0.101 0.093 0.110 0.121 0.148 0.120 0.144 0.034 
345      345    (0)    1 :  0.129 0.129 0.112 0.106 0.107 0.126 0.142 0.135 0.014 
346      346    (0)    1 :  0.121 0.137 0.117 0.106 0.143 0.119 0.122 0.115 0.021 
347      347    (0)    1 :  0.158 0.085 0.081 0.125 0.082 0.154 0.132 0.166 0.016 
348      348    (0)    1 :  0.129 0.139 0.120 0.106 0.128 0.131 0.105 0.109 0.033 
349      349    (0)    1 :  0.132 0.150 0.098 0.112 0.134 0.109 0.116 0.112 0.037 
350      350    (0)    1 :  0.113 0.107 0.103 0.088 0.132 0.110 0.109 0.106 0.131 
351      351    (0)    1 :  0.127 0.124 0.105 0.103 0.148 0.113 0.114 0.121 0.046 
352      352    (0)    1 :  0.130 0.128 0.129 0.095 0.126 0.130 0.131 0.119 0.012 
353      353    (0)    1 :  0.087 0.064 0.060 0.059 0.056 0.076 0.069 0.083 0.448 
354      354    (0)    1 :  0.130 0.134 0.125 0.113 0.122 0.112 0.128 0.120 0.017 
355      355    (0)    1 :  0.158 0.153 0.101 0.090 0.159 0.105 0.103 0.117 0.013 
356      356    (0)    1 :  0.124 0.116 0.114 0.123 0.124 0.117 0.120 0.125 0.038 
357      357    (0)    1 :  0.145 0.124 0.098 0.110 0.127 0.116 0.114 0.140 0.025 
358      358    (0)    1 :  0.137 0.125 0.105 0.116 0.102 0.122 0.129 0.147 0.018 
359      359    (0)    1 :  0.146 0.128 0.088 0.102 0.122 0.114 0.143 0.109 0.048 
360      360    (0)    1 :  0.148 0.119 0.099 0.107 0.115 0.103 0.127 0.149 0.034 
361      361    (7)    1 :  0.131 0.135 0.121 0.099 0.128 0.131 0.118 0.114 0.024 
362      362    (0)    1 :  0.116 0.103 0.104 0.117 0.113 0.111 0.104 0.116 0.118 
363      363    (0)    1 :  0.106 0.105 0.113 0.121 0.106 0.134 0.112 0.120 0.083 
364      364    (0)    1 :  0.119 0.104 0.117 0.140 0.131 0.115 0.108 0.130 0.036 
365      365    (0)    1 :  0.100 0.099 0.124 0.105 0.109 0.121 0.113 0.116 0.114 
366      366    (0)    1 :  0.127 0.116 0.103 0.098 0.160 0.118 0.120 0.111 0.049 
367      367    (0)    1 :  0.055 0.045 0.069 0.076 0.049 0.067 0.045 0.059 0.534 
368      368    (0)    1 :  0.113 0.110 0.119 0.128 0.136 0.141 0.118 0.118 0.017 
369      369    (0)    1 :  0.119 0.122 0.127 0.127 0.111 0.130 0.133 0.112 0.019 
370      370    (0)    1 :  0.137 0.094 0.087 0.121 0.102 0.135 0.125 0.164 0.035 
371      371    (0)    1 :  0.113 0.120 0.122 0.114 0.114 0.126 0.123 0.109 0.059 
372      372    (0)    1 :  0.106 0.142 0.146 0.129 0.104 0.117 0.123 0.110 0.023 
373      373    (0)    1 :  0.124 0.116 0.088 0.103 0.139 0.105 0.112 0.119 0.093 
374      374    (0)    1 :  0.135 0.133 0.110 0.103 0.134 0.116 0.125 0.113 0.032 
375      375    (0)    1 :  0.123 0.120 0.099 0.088 0.180 0.100 0.110 0.119 0.061 
376      376    (0)    1 :  0.139 0.115 0.087 0.102 0.138 0.126 0.122 0.117 0.053 
377      377    (0)    1 :  0.127 0.134 0.093 0.117 0.112 0.113 0.135 0.147 0.021 
378      378    (0)    1 :  0.120 0.105 0.118 0.146 0.119 0.122 0.123 0.129 0.019 
379      379    (0)    1 :  0.119 0.128 0.112 0.099 0.146 0.121 0.119 0.109 0.047 
380      380    (0)    1 :  0.136 0.109 0.102 0.115 0.131 0.100 0.127 0.139 0.040 
381      381    (0)    1 :  0.124 0.139 0.112 0.101 0.148 0.116 0.119 0.117 0.025 
382      382    (0)    1 :  0.119 0.140 0.115 0.106 0.118 0.123 0.138 0.123 0.018 
383      383    (0)    1 :  0.119 0.127 0.119 0.104 0.142 0.113 0.126 0.119 0.030 
384      384    (0)    1 :  0.119 0.138 0.136 0.104 0.121 0.128 0.133 0.112 0.009 
385      385    (0)    1 :  0.112 0.112 0.111 0.132 0.127 0.113 0.121 0.113 0.057 
386      386    (0)    1 :  0.129 0.120 0.122 0.129 0.115 0.127 0.125 0.119 0.015 
387      387    (0)    1 :  0.120 0.104 0.114 0.138 0.126 0.108 0.104 0.116 0.071 
388      388    (0)    1 :  0.117 0.084 0.068 0.087 0.077 0.103 0.087 0.110 0.266 
389      389    (0)    1 :  0.102 0.087 0.079 0.080 0.101 0.085 0.086 0.106 0.274 
390      390    (0)    1 :  0.125 0.100 0.139 0.157 0.108 0.111 0.122 0.115 0.022 
391      391    (0)    1 :  0.119 0.114 0.114 0.113 0.116 0.122 0.130 0.149 0.023 
392      392    (0)    1 :  0.135 0.111 0.105 0.117 0.114 0.132 0.112 0.109 0.064 
393      393    (0)    1 :  0.151 0.110 0.092 0.097 0.184 0.124 0.104 0.115 0.023 
394      394    (0)    1 :  0.156 0.077 0.079 0.117 0.080 0.151 0.141 0.173 0.027 
395      395    (0)    1 :  0.110 0.114 0.134 0.139 0.090 0.142 0.111 0.113 0.047 
396      396    (0)    1 :  0.074 0.052 0.182 0.262 0.055 0.119 0.102 0.141 0.014 
397      397    (0)    1 :  0.116 0.106 0.106 0.094 0.109 0.124 0.112 0.116 0.117 
398      398    (0)    1 :  0.141 0.119 0.124 0.112 0.168 0.114 0.102 0.108 0.012 
399      399    (0)    1 :  0.141 0.129 0.103 0.107 0.109 0.137 0.135 0.128 0.010 
400      400    (0)    1 :  0.118 0.119 0.117 0.131 0.117 0.124 0.105 0.118 0.051 
401      401    (0)    1 :  0.107 0.075 0.089 0.117 0.120 0.125 0.099 0.135 0.134 
402      402    (0)    1 :  0.095 0.092 0.166 0.181 0.076 0.151 0.100 0.117 0.023 
403      403    (0)    1 :  0.106 0.080 0.098 0.119 0.099 0.104 0.096 0.118 0.179 
404      404    (0)    1 :  0.129 0.155 0.110 0.125 0.110 0.118 0.118 0.107 0.028 
405      405    (0)    1 :  0.145 0.132 0.109 0.114 0.137 0.106 0.117 0.126 0.015 
406      406    (0)    1 :  0.085 0.072 0.071 0.084 0.071 0.078 0.079 0.081 0.378 
407      407    (0)    1 :  0.116 0.112 0.090 0.095 0.112 0.116 0.114 0.105 0.139 
408      408    (7)    1 :  0.124 0.137 0.114 0.117 0.132 0.128 0.121 0.113 0.014 
409      409   (15)    1 :  0.113 0.113 0.123 0.149 0.124 0.108 0.108 0.132 0.030 
410      410   (15)    1 :  0.113 0.101 0.096 0.105 0.117 0.104 0.097 0.100 0.166 
411      411    (0)    1 :  0.133 0.140 0.109 0.091 0.149 0.122 0.124 0.112 0.020 
412      412    (0)    1 :  0.142 0.116 0.109 0.099 0.156 0.118 0.104 0.132 0.024 
413      413   (15)    1 :  0.139 0.142 0.115 0.103 0.132 0.109 0.134 0.114 0.011 
414      414    (0)    1 :  0.103 0.088 0.129 0.155 0.094 0.117 0.107 0.138 0.069 
415      415    (0)    1 :  0.138 0.096 0.099 0.116 0.098 0.152 0.129 0.153 0.019 
416      416    (0)    1 :  0.127 0.133 0.105 0.111 0.138 0.105 0.132 0.137 0.013 
417      417    (0)    1 :  0.136 0.092 0.107 0.144 0.060 0.132 0.121 0.177 0.031 
418      418    (0)    1 :  0.125 0.132 0.115 0.122 0.141 0.119 0.111 0.122 0.013 
419      419    (0)    1 :  0.127 0.107 0.105 0.125 0.091 0.133 0.126 0.156 0.030 
420      420    (0)    1 :  0.093 0.068 0.084 0.079 0.097 0.092 0.088 0.095 0.303 
421      421    (0)    1 :  0.109 0.098 0.145 0.159 0.108 0.128 0.119 0.112 0.023 
422      422    (0)    1 :  0.116 0.132 0.133 0.111 0.118 0.117 0.155 0.108 0.011 
423      423    (0)    1 :  0.156 0.108 0.080 0.114 0.128 0.121 0.127 0.149 0.016 
424      424    (0)    1 :  0.137 0.140 0.123 0.095 0.109 0.119 0.105 0.105 0.067 
425      425    (0)    1 :  0.127 0.100 0.111 0.120 0.097 0.134 0.129 0.124 0.058 
426      426    (0)    1 :  0.116 0.132 0.120 0.100 0.145 0.114 0.113 0.126 0.033 
427      427    (0)    1 :  0.123 0.113 0.104 0.114 0.132 0.140 0.126 0.137 0.012 
428      428    (0)    1 :  0.084 0.064 0.170 0.209 0.057 0.155 0.113 0.130 0.019 
429      429    (0)    1 :  0.082 0.095 0.091 0.082 0.119 0.084 0.081 0.083 0.282 
430      430    (0)    1 :  0.109 0.113 0.136 0.135 0.109 0.131 0.117 0.129 0.021 
431      431    (7)    1 :  0.128 0.122 0.114 0.117 0.125 0.130 0.124 0.123 0.016 
432      432    (0)    1 :  0.126 0.131 0.089 0.105 0.126 0.117 0.147 0.147 0.012 
433      433    (0)    1 :  0.138 0.129 0.108 0.105 0.134 0.111 0.136 0.129 0.011 
434      434    (0)    1 :  0.145 0.145 0.096 0.106 0.140 0.116 0.114 0.114 0.024 
435      435    (7)    1 :  0.117 0.102 0.122 0.130 0.137 0.113 0.115 0.124 0.041 
436      436    (0)    1 :  0.122 0.097 0.118 0.146 0.121 0.123 0.114 0.133 0.025 
437      437    (7)    1 :  0.126 0.139 0.111 0.095 0.158 0.118 0.108 0.128 0.018 
438      438    (0)    1 :  0.116 0.124 0.123 0.101 0.142 0.124 0.134 0.111 0.026 
439      439    (0)    1 :  0.090 0.063 0.154 0.209 0.090 0.138 0.088 0.124 0.044 
440      440    (0)    1 :  0.093 0.141 0.175 0.112 0.104 0.108 0.146 0.109 0.013 
441      441    (0)    1 :  0.127 0.093 0.093 0.113 0.108 0.126 0.125 0.142 0.073 
442      442    (0)    1 :  0.124 0.096 0.080 0.105 0.095 0.126 0.117 0.139 0.117 
443      443    (0)    1 :  0.121 0.138 0.107 0.097 0.191 0.102 0.102 0.130 0.013 
444      444    (0)    1 :  0.118 0.147 0.125 0.105 0.139 0.120 0.118 0.119 0.009 
445      445    (0)    1 :  0.112 0.110 0.129 0.134 0.139 0.121 0.113 0.120 0.022 
446      446    (0)    1 :  0.122 0.143 0.107 0.112 0.124 0.121 0.131 0.111 0.028 
447      447    (0)    1 :  0.112 0.096 0.104 0.093 0.089 0.108 0.110 0.113 0.174 
448      448    (0)    1 :  0.113 0.110 0.118 0.144 0.125 0.130 0.119 0.118 0.022 
449      449    (0)    1 :  0.079 0.151 0.191 0.084 0.122 0.102 0.156 0.099 0.015 
450      450    (0)    1 :  0.102 0.109 0.093 0.103 0.089 0.104 0.104 0.078 0.218 
451      451    (0)    1 :  0.087 0.083 0.105 0.110 0.086 0.093 0.083 0.092 0.262 
452      452    (0)    1 :  0.125 0.149 0.110 0.124 0.116 0.133 0.129 0.100 0.015 
453      453    (7)    1 :  0.095 0.079 0.157 0.180 0.092 0.130 0.105 0.129 0.030 
454      454    (7)    1 :  0.129 0.094 0.109 0.130 0.111 0.140 0.125 0.138 0.025 
455      455    (0)    1 :  0.110 0.141 0.147 0.106 0.111 0.133 0.134 0.089 0.029 
456      456    (0)    1 :  0.118 0.131 0.123 0.093 0.127 0.127 0.127 0.125 0.027 
457      457    (0)    1 :  0.114 0.126 0.147 0.149 0.102 0.123 0.115 0.111 0.012 
458      458    (0)    1 :  0.123 0.131 0.135 0.104 0.123 0.113 0.136 0.117 0.018 
459      459    (0)    1 :  0.105 0.116 0.102 0.108 0.117 0.102 0.123 0.101 0.126 
460      460    (0)    1 :  0.094 0.103 0.084 0.087 0.102 0.083 0.081 0.090 0.275 
461      461   (15)    1 :  0.117 0.132 0.124 0.103 0.134 0.118 0.120 0.113 0.040 
462      462    (0)    1 :  0.110 0.112 0.136 0.123 0.124 0.131 0.122 0.128 0.014 
463      463    (0)    1 :  0.112 0.139 0.153 0.116 0.110 0.112 0.142 0.101 0.015 
464      464    (0)    1 :  0.132 0.134 0.104 0.108 0.143 0.119 0.124 0.117 0.021 
465      465    (7)    1 :  0.118 0.106 0.122 0.121 0.106 0.126 0.116 0.139 0.046 
466      466    (0)    1 :  0.113 0.099 0.107 0.097 0.103 0.114 0.115 0.126 0.126 
467      467    (0)    1 :  0.135 0.138 0.113 0.108 0.141 0.117 0.103 0.128 0.017 
468      468    (0)    1 :  0.117 0.127 0.119 0.105 0.147 0.124 0.130 0.105 0.026 
469      469    (7)    1 :  0.126 0.095 0.121 0.139 0.110 0.132 0.126 0.139 0.010 
470      470    (0)    1 :  0.123 0.122 0.091 0.111 0.114 0.112 0.120 0.104 0.102 
471      471    (0)    1 :  0.136 0.118 0.096 0.110 0.123 0.113 0.115 0.110 0.079 
472      472    (0)    1 :  0.089 0.131 0.140 0.088 0.163 0.098 0.141 0.103 0.047 
473      473    (0)    1 :  0.141 0.142 0.111 0.107 0.126 0.116 0.111 0.132 0.015 
474      474    (0)    1 :  0.132 0.121 0.112 0.123 0.112 0.122 0.122 0.120 0.036 
475      475    (0)    1 :  0.149 0.128 0.094 0.101 0.135 0.112 0.141 0.131 0.008 
476      476    (0)    1 :  0.108 0.089 0.091 0.089 0.102 0.102 0.098 0.102 0.219 
477      477    (0)    1 :  0.130 0.113 0.102 0.110 0.126 0.118 0.121 0.117 0.064 
478      478    (0)    1 :  0.099 0.136 0.141 0.091 0.121 0.118 0.128 0.128 0.037 
479      479    (0)    1 :  0.143 0.115 0.102 0.108 0.117 0.115 0.148 0.121 0.033 
480      480    (0)    1 :  0.138 0.125 0.107 0.100 0.115 0.114 0.135 0.121 0.046 
481      481    (0)    1 :  0.110 0.115 0.132 0.112 0.103 0.136 0.103 0.110 0.080 
482      482    (0)    1 :  0.101 0.103 0.125 0.123 0.091 0.123 0.100 0.095 0.137 
483      483    (0)    1 :  0.098 0.103 0.136 0.179 0.123 0.110 0.111 0.127 0.012 
484      484   (15)    1 :  0.111 0.091 0.119 0.146 0.117 0.111 0.109 0.126 0.071 
485      485    (0)    1 :  0.090 0.110 0.126 0.116 0.102 0.116 0.108 0.107 0.125 
486      486    (0)    1 :  0.141 0.138 0.098 0.095 0.125 0.111 0.107 0.111 0.075 
487      487    (0)    1 :  0.127 0.121 0.115 0.104 0.116 0.133 0.121 0.138 0.025 
488      488    (0)    1 :  0.105 0.109 0.117 0.125 0.152 0.098 0.091 0.119 0.083 
489      489    (0)    1 :  0.110 0.127 0.139 0.108 0.123 0.132 0.119 0.124 0.019 
490      490    (0)    1 :  0.125 0.112 0.090 0.100 0.138 0.130 0.123 0.143 0.040 
491      491    (0)    1 :  0.114 0.126 0.128 0.095 0.130 0.125 0.125 0.119 0.037 
492      492    (0)    1 :  0.113 0.118 0.122 0.108 0.137 0.113 0.105 0.128 0.055 
493      493    (0)    1 :  0.101 0.113 0.167 0.147 0.113 0.109 0.128 0.111 0.012 
494      494    (0)    1 :  0.143 0.146 0.113 0.080 0.148 0.132 0.110 0.112 0.016 
495      495    (0)    1 :  0.116 0.133 0.108 0.123 0.128 0.108 0.114 0.134 0.035 
496      496    (0)    1 :  0.088 0.090 0.147 0.192 0.098 0.101 0.098 0.125 0.061 
497      497   (15)    1 :  0.122 0.116 0.134 0.124 0.113 0.125 0.126 0.117 0.022 
498      498    (0)    1 :  0.109 0.143 0.171 0.104 0.113 0.109 0.141 0.097 0.013 
499      499    (0)    1 :  0.109 0.122 0.081 0.082 0.118 0.098 0.101 0.084 0.205 
500      500    (0)    1 :  0.121 0.164 0.137 0.108 0.115 0.116 0.118 0.108 0.013 
501      501    (0)    1 :  0.106 0.127 0.095 0.123 0.108 0.118 0.104 0.094 0.126 
502      502    (0)    1 :  0.127 0.111 0.116 0.114 0.142 0.121 0.124 0.125 0.020 
503      503    (0)    1 :  0.088 0.103 0.178 0.168 0.095 0.113 0.113 0.128 0.015 
504      504    (0)    1 :  0.109 0.134 0.190 0.127 0.092 0.107 0.139 0.094 0.007 
505      505   (15)    1 :  0.075 0.068 0.068 0.069 0.075 0.077 0.068 0.071 0.430 
506      506   (23)    1 :  0.080 0.067 0.089 0.100 0.087 0.105 0.088 0.086 0.299 
507      507    (0)    1 :  0.105 0.120 0.118 0.101 0.136 0.104 0.108 0.135 0.072 
508      508    (0)    1 :  0.103 0.135 0.130 0.109 0.126 0.122 0.140 0.114 0.021 
509      509    (0)    1 :  0.078 0.085 0.074 0.090 0.076 0.090 0.083 0.062 0.361 
510      510    (0)    1 :  0.133 0.147 0.099 0.112 0.113 0.127 0.123 0.101 0.046 
511      511    (0)    1 :  0.125 0.123 0.105 0.135 0.130 0.108 0.114 0.140 0.019 
512      512    (7)    1 :  0.111 0.102 0.103 0.124 0.103 0.105 0.108 0.110 0.133 
513      513    (7)    1 :  0.121 0.139 0.121 0.103 0.140 0.111 0.136 0.099 0.030 
514      514    (7)    1 :  0.100 0.099 0.106 0.104 0.107 0.098 0.094 0.094 0.197 
515      515    (0)    1 :  0.101 0.097 0.111 0.118 0.131 0.130 0.109 0.128 0.074 
516      516    (0)    1 :  0.114 0.093 0.095 0.116 0.102 0.112 0.113 0.125 0.130 
517      517    (0)    1 :  0.110 0.136 0.117 0.096 0.187 0.118 0.107 0.108 0.021 
518      518    (0)    1 :  0.109 0.115 0.107 0.119 0.216 0.089 0.093 0.124 0.027 
519      519    (0)    1 :  0.134 0.143 0.128 0.081 0.167 0.121 0.112 0.107 0.007 
520      520    (7)    1 :  0.108 0.138 0.117 0.098 0.150 0.109 0.133 0.105 0.042 
521      521    (0)    1 :  0.129 0.121 0.087 0.108 0.145 0.129 0.122 0.126 0.032 
522      522    (0)    1 :  0.092 0.091 0.100 0.099 0.098 0.093 0.093 0.118 0.216 
523      523    (0)    1 :  0.137 0.163 0.116 0.108 0.112 0.134 0.129 0.086 0.015 
524      524    (0)    1 :  0.138 0.128 0.087 0.080 0.186 0.110 0.106 0.107 0.059 
525      525    (0)    1 :  0.124 0.114 0.090 0.111 0.104 0.104 0.105 0.137 0.111 
526      526    (0)    1 :  0.121 0.145 0.135 0.101 0.125 0.110 0.138 0.113 0.012 
527      527    (0)    1 :  0.088 0.108 0.111 0.086 0.100 0.109 0.117 0.100 0.181 
528      528    (0)    1 :  0.102 0.111 0.128 0.140 0.101 0.115 0.105 0.105 0.094 
529      529    (0)    1 :  0.126 0.090 0.111 0.133 0.107 0.140 0.121 0.142 0.030 
530      530    (0)    1 :  0.104 0.129 0.127 0.104 0.111 0.119 0.121 0.114 0.070 
531      531    (0)    1 :  0.135 0.128 0.112 0.103 0.129 0.127 0.120 0.105 0.042 
532      532    (0)    1 :  0.136 0.119 0.116 0.096 0.134 0.123 0.134 0.114 0.029 
533      533    (0)    1 :  0.125 0.105 0.129 0.139 0.129 0.119 0.102 0.130 0.023 
534      534    (0)    1 :  0.084 0.138 0.184 0.098 0.103 0.122 0.148 0.100 0.024 
535      535    (0)    1 :  0.113 0.128 0.127 0.108 0.116 0.125 0.119 0.119 0.045 
536      536    (0)    1 :  0.128 0.126 0.107 0.116 0.112 0.109 0.127 0.116 0.060 
537      537    (0)    1 :  0.111 0.104 0.106 0.102 0.185 0.112 0.103 0.128 0.049 
538      538    (0)    1 :  0.090 0.085 0.077 0.077 0.078 0.081 0.084 0.088 0.342 
539      539    (0)    1 :  0.093 0.123 0.126 0.115 0.106 0.109 0.107 0.099 0.121 
540      540    (7)    1 :  0.127 0.134 0.132 0.111 0.109 0.141 0.122 0.101 0.022 
541      541    (0)    1 :  0.131 0.148 0.118 0.115 0.106 0.144 0.132 0.091 0.015 
542      542    (0)    1 :  0.121 0.129 0.121 0.117 0.143 0.105 0.123 0.127 0.014 
543      543    (0)    1 :  0.117 0.138 0.144 0.119 0.109 0.115 0.144 0.102 0.012 
544      544    (0)    1 :  0.122 0.123 0.119 0.108 0.128 0.125 0.123 0.131 0.021 
545      545    (0)    1 :  0.117 0.122 0.125 0.131 0.131 0.126 0.122 0.101 0.026 
546      546    (0)    1 :  0.121 0.121 0.143 0.122 0.112 0.126 0.151 0.095 0.010 
547      547    (0)    1 :  0.150 0.138 0.087 0.094 0.145 0.111 0.121 0.120 0.035 
548      548    (0)    1 :  0.107 0.135 0.141 0.123 0.103 0.127 0.150 0.098 0.015 
549      549    (0)    1 :  0.125 0.115 0.097 0.119 0.122 0.120 0.131 0.155 0.018 
550      550    (0)    1 :  0.151 0.126 0.115 0.104 0.131 0.112 0.140 0.112 0.009 
551      551    (0)    1 :  0.116 0.130 0.148 0.141 0.096 0.134 0.122 0.095 0.018 
552      552    (0)    1 :  0.142 0.137 0.101 0.093 0.144 0.114 0.123 0.113 0.033 
553      553    (0)    1 :  0.121 0.136 0.119 0.106 0.123 0.120 0.130 0.116 0.030 
554      554    (0)    1 :  0.136 0.128 0.122 0.095 0.134 0.113 0.133 0.125 0.015 
555      555    (0)    1 :  0.116 0.115 0.117 0.126 0.184 0.098 0.100 0.114 0.030 
556      556    (0)    1 :  0.106 0.118 0.137 0.139 0.112 0.111 0.113 0.112 0.053 
557      557    (0)    1 :  0.105 0.103 0.121 0.128 0.108 0.120 0.115 0.122 0.078 
558      558    (0)    1 :  0.102 0.087 0.110 0.148 0.110 0.124 0.100 0.121 0.098 
559      559    (0)    1 :  0.038 0.035 0.047 0.041 0.037 0.046 0.036 0.041 0.679 
560      560    (0)    1 :  0.133 0.121 0.108 0.106 0.120 0.111 0.127 0.111 0.063 
561      561    (0)    1 :  0.065 0.057 0.055 0.053 0.120 0.050 0.044 0.060 0.497 
562      562    (0)    1 :  0.111 0.095 0.102 0.099 0.113 0.106 0.120 0.114 0.141 
563      563    (0)    1 :  0.041 0.032 0.044 0.035 0.031 0.041 0.039 0.039 0.699 
564      564    (0)    1 :  0.081 0.093 0.100 0.091 0.098 0.093 0.085 0.090 0.269 
565      565    (0)    1 :  0.038 0.031 0.033 0.024 0.029 0.032 0.033 0.032 0.749 
566      566    (0)    1 :  0.113 0.118 0.117 0.094 0.116 0.107 0.103 0.108 0.123 
567      567    (0)    1 :  0.089 0.099 0.092 0.075 0.089 0.079 0.098 0.084 0.296 
568      568    (0)    1 :  0.128 0.147 0.103 0.119 0.105 0.125 0.130 0.100 0.043 
569      569    (0)    1 :  0.091 0.099 0.098 0.103 0.148 0.093 0.095 0.099 0.175 
570      570    (0)    1 :  0.091 0.107 0.118 0.153 0.114 0.107 0.106 0.100 0.103 
571      571    (0)    1 :  0.101 0.077 0.084 0.084 0.098 0.095 0.095 0.100 0.267 
572      572    (0)    1 :  0.076 0.077 0.075 0.069 0.102 0.068 0.069 0.080 0.386 
573      573    (0)    1 :  0.035 0.031 0.041 0.030 0.037 0.030 0.033 0.037 0.727 
574      574    (0)    1 :  0.117 0.099 0.104 0.118 0.106 0.118 0.119 0.135 0.084 
575      575    (0)    1 :  0.091 0.081 0.071 0.079 0.082 0.087 0.088 0.090 0.331 
576      576    (0)    1 :  0.080 0.075 0.069 0.058 0.088 0.076 0.073 0.070 0.411 
577      577    (0)    1 :  0.042 0.041 0.042 0.044 0.046 0.041 0.046 0.043 0.657 
578      578    (0)    1 :  0.093 0.095 0.100 0.098 0.090 0.091 0.086 0.097 0.249 
579      579    (0)    1 :  0.069 0.065 0.071 0.073 0.063 0.067 0.073 0.084 0.436 
580      580    (0)    1 :  0.060 0.044 0.050 0.045 0.052 0.053 0.045 0.062 0.590 
581      581    (0)    1 :  0.079 0.093 0.086 0.078 0.079 0.078 0.089 0.066 0.353 
582      582    (0)    1 :  0.057 0.054 0.058 0.045 0.068 0.053 0.054 0.051 0.559 
583      583    (0)    1 :  0.030 0.027 0.033 0.035 0.025 0.035 0.034 0.036 0.745 
584      584    (0)    1 :  0.035 0.039 0.042 0.038 0.036 0.037 0.038 0.037 0.699 
585      585    (0)    1 :  0.047 0.045 0.048 0.036 0.040 0.057 0.044 0.042 0.641 
586      586    (0)    1 :  0.115 0.081 0.091 0.105 0.091 0.125 0.105 0.120 0.167 
587      587    (7)    1 :  0.130 0.112 0.109 0.105 0.127 0.120 0.104 0.117 0.076 
588      588    (0)    1 :  0.096 0.126 0.112 0.092 0.129 0.106 0.113 0.094 0.132 
589      589    (0)    1 :  0.111 0.112 0.094 0.079 0.199 0.104 0.100 0.121 0.080 
590      590    (0)    1 :  0.021 0.021 0.035 0.022 0.022 0.022 0.021 0.021 0.815 
591      591    (0)    1 :  0.072 0.084 0.095 0.105 0.085 0.074 0.083 0.088 0.315 
592      592    (0)    1 :  0.061 0.068 0.057 0.052 0.059 0.052 0.056 0.061 0.535 
593      593    (0)    1 :  0.071 0.064 0.092 0.120 0.066 0.078 0.077 0.087 0.345 
594      594    (0)    1 :  0.019 0.018 0.024 0.016 0.019 0.020 0.019 0.019 0.845 
595      595   (15)    1 :  0.043 0.033 0.055 0.045 0.039 0.045 0.049 0.046 0.645 
596      596    (0)    1 :  0.062 0.061 0.065 0.061 0.074 0.061 0.063 0.065 0.487 
597      597    (0)    1 :  0.051 0.055 0.048 0.040 0.050 0.054 0.051 0.047 0.604 
598      598    (0)    1 :  0.014 0.014 0.030 0.013 0.014 0.013 0.013 0.014 0.875 
599      599    (0)    1 :  0.048 0.049 0.052 0.066 0.062 0.047 0.047 0.048 0.581 
600      600    (0)    1 :  0.103 0.089 0.144 0.178 0.102 0.123 0.108 0.122 0.031 
601      601    (0)    1 :  0.064 0.049 0.085 0.090 0.047 0.077 0.079 0.076 0.433 
602      602    (0)    1 :  0.013 0.014 0.014 0.014 0.013 0.012 0.014 0.014 0.893 
603      603    (0)    1 :  0.089 0.097 0.097 0.084 0.124 0.084 0.085 0.109 0.231 
604      604    (0)    1 :  0.074 0.062 0.100 0.095 0.060 0.096 0.064 0.079 0.370 
605      605    (0)    1 :  0.059 0.052 0.057 0.049 0.052 0.069 0.057 0.060 0.545 
606      606    (0)    1 :  0.123 0.109 0.084 0.085 0.115 0.113 0.116 0.116 0.138 
607      607    (0)    1 :  0.113 0.104 0.130 0.119 0.087 0.151 0.118 0.117 0.060 
608      608    (0)    1 :  0.067 0.059 0.066 0.057 0.069 0.067 0.063 0.064 0.488 
609      609    (0)    1 :  0.110 0.123 0.102 0.081 0.138 0.102 0.105 0.123 0.116 
610      610    (0)    1 :  0.030 0.029 0.044 0.038 0.029 0.031 0.028 0.032 0.738 
611      611    (0)    1 :  0.102 0.098 0.121 0.117 0.115 0.116 0.103 0.117 0.111 
612      612    (0)    1 :  0.018 0.016 0.029 0.016 0.020 0.015 0.020 0.019 0.846 
613      613    (0)    1 :  0.102 0.095 0.125 0.147 0.108 0.105 0.102 0.106 0.111 
614      614    (0)    1 :  0.062 0.056 0.074 0.063 0.061 0.069 0.057 0.061 0.497 
615      615    (0)    1 :  0.082 0.064 0.125 0.175 0.087 0.082 0.072 0.102 0.210 
616      616    (0)    1 :  0.072 0.054 0.130 0.175 0.057 0.106 0.075 0.106 0.225 
617      617    (0)    1 :  0.077 0.069 0.074 0.061 0.075 0.076 0.080 0.065 0.424 
618      618    (0)    1 :  0.029 0.032 0.036 0.027 0.035 0.028 0.027 0.032 0.754 
619      619    (0)    1 :  0.014 0.013 0.024 0.014 0.015 0.014 0.014 0.015 0.875 
620      620    (0)    1 :  0.014 0.014 0.016 0.015 0.013 0.014 0.013 0.015 0.886 
621      621    (7)    1 :  0.045 0.039 0.048 0.044 0.041 0.043 0.041 0.046 0.652 
622      622    (0)    1 :  0.031 0.025 0.039 0.034 0.029 0.031 0.031 0.033 0.747 
623      623    (0)    1 :  0.021 0.021 0.022 0.021 0.022 0.022 0.020 0.021 0.830 
624      624    (0)    1 :  0.037 0.039 0.037 0.032 0.038 0.035 0.035 0.033 0.714 
625      625    (0)    1 :  0.026 0.025 0.037 0.022 0.025 0.023 0.026 0.023 0.792 
626      626    (7)    1 :  0.010 0.011 0.017 0.010 0.011 0.010 0.010 0.010 0.910 
627      627    (0)    1 :  0.023 0.021 0.032 0.026 0.023 0.024 0.025 0.023 0.802 
628      628    (0)    1 :  0.015 0.013 0.018 0.014 0.014 0.016 0.015 0.013 0.882 
629      629    (0)    1 :  0.019 0.023 0.022 0.022 0.018 0.019 0.020 0.021 0.836 
630      630    (0)    1 :  0.027 0.025 0.042 0.027 0.031 0.028 0.028 0.028 0.765 
631      631    (0)    1 :  0.018 0.017 0.034 0.017 0.019 0.016 0.018 0.017 0.844 
632      632    (0)    1 :  0.091 0.097 0.077 0.067 0.172 0.085 0.083 0.116 0.211 
633      633    (0)    1 :  0.015 0.015 0.014 0.013 0.015 0.014 0.013 0.013 0.887 
634      634    (0)    1 :  0.110 0.078 0.099 0.099 0.077 0.107 0.119 0.122 0.189 
635      635    (0)    1 :  0.088 0.090 0.073 0.077 0.089 0.092 0.092 0.092 0.308 
636      636    (0)    1 :  0.048 0.043 0.067 0.077 0.055 0.052 0.053 0.056 0.549 
637      637    (0)    1 :  0.013 0.013 0.026 0.011 0.013 0.014 0.012 0.014 0.884 
638      638    (0)    1 :  0.101 0.095 0.079 0.071 0.093 0.091 0.083 0.091 0.297 
639      639    (0)    1 :  0.025 0.024 0.037 0.026 0.036 0.024 0.020 0.026 0.782 
640      640    (0)    1 :  0.030 0.030 0.043 0.039 0.031 0.033 0.034 0.034 0.725 
641      641    (0)    1 :  0.034 0.031 0.028 0.027 0.029 0.030 0.032 0.031 0.757 
642      642    (0)    1 :  0.062 0.068 0.060 0.056 0.067 0.059 0.065 0.067 0.495 
643      643    (0)    1 :  0.022 0.022 0.039 0.022 0.023 0.022 0.021 0.020 0.809 
644      644    (0)    1 :  0.057 0.050 0.077 0.061 0.071 0.054 0.049 0.058 0.522 
645      645    (0)    1 :  0.073 0.075 0.090 0.095 0.114 0.070 0.057 0.085 0.342 
646      646    (0)    1 :  0.023 0.025 0.035 0.031 0.023 0.028 0.024 0.029 0.781 
647      647    (0)    1 :  0.112 0.123 0.127 0.105 0.117 0.111 0.119 0.115 0.072 
648      648    (0)    1 :  0.098 0.099 0.084 0.082 0.137 0.088 0.089 0.107 0.218 
649      649    (0)    1 :  0.019 0.020 0.037 0.025 0.022 0.024 0.023 0.023 0.807 
650      650    (0)    1 :  0.065 0.045 0.157 0.225 0.046 0.120 0.080 0.116 0.146 
651      651    (0)    1 :  0.036 0.039 0.034 0.030 0.049 0.036 0.034 0.038 0.705 
652      652    (0)    1 :  0.047 0.046 0.063 0.046 0.058 0.049 0.047 0.052 0.592 
653      653    (0)    1 :  0.052 0.049 0.056 0.046 0.052 0.048 0.048 0.048 0.601 
654      654    (0)    1 :  0.020 0.019 0.031 0.018 0.020 0.019 0.018 0.020 0.836 
655      655    (0)    1 :  0.029 0.031 0.035 0.024 0.031 0.029 0.028 0.028 0.764 
656      656    (0)    1 :  0.009 0.009 0.018 0.010 0.009 0.009 0.010 0.009 0.916 
657      657    (0)    1 :  0.016 0.015 0.015 0.016 0.016 0.016 0.014 0.016 0.876 
658      658    (0)    1 :  0.042 0.039 0.046 0.045 0.040 0.039 0.042 0.040 0.666 
659      659    (0)    1 :  0.087 0.091 0.106 0.130 0.096 0.111 0.100 0.112 0.168 
660      660    (0)    1 :  0.018 0.018 0.019 0.015 0.016 0.016 0.018 0.018 0.862 
661      661    (0)    1 :  0.097 0.104 0.109 0.097 0.109 0.094 0.100 0.106 0.184 
662      662    (0)    1 :  0.015 0.016 0.014 0.013 0.015 0.015 0.015 0.014 0.884 
663      663    (0)    1 :  0.058 0.057 0.051 0.053 0.060 0.055 0.057 0.053 0.557 
664      664    (0)    1 :  0.049 0.056 0.052 0.050 0.061 0.054 0.053 0.048 0.577 
665      665    (0)    1 :  0.028 0.025 0.018 0.019 0.025 0.020 0.020 0.023 0.822 
666      666    (0)    1 :  0.028 0.024 0.023 0.025 0.023 0.024 0.023 0.027 0.802 
667      667    (0)    1 :  0.061 0.058 0.048 0.050 0.054 0.052 0.048 0.052 0.577 
668      668    (0)    1 :  0.049 0.047 0.057 0.075 0.055 0.052 0.048 0.053 0.565 


Estimated Allele Frequencies in each cluster
First column gives estimated ancestral frequencies


Locus 1 : 
7 alleles
0.3% missing data
 231   (0.843) 0.845 0.847 0.855 0.853 0.845 0.851 0.846 0.851 0.980 
 233   (0.025) 0.023 0.024 0.022 0.020 0.025 0.022 0.024 0.021 0.003 
 227   (0.082) 0.092 0.089 0.086 0.091 0.084 0.089 0.092 0.088 0.012 
 235   (0.019) 0.016 0.016 0.016 0.017 0.018 0.016 0.017 0.018 0.001 
 229   (0.011) 0.010 0.010 0.007 0.007 0.010 0.008 0.007 0.008 0.001 
 225   (0.016) 0.012 0.013 0.012 0.011 0.015 0.012 0.012 0.012 0.003 
 237   (0.003) 0.001 0.001 0.001 0.001 0.003 0.001 0.001 0.002 0.000 

Locus 2 : 
4 alleles
0.3% missing data
 174   (0.584) 0.597 0.592 0.549 0.543 0.589 0.573 0.584 0.579 0.567 
 172   (0.169) 0.160 0.160 0.189 0.193 0.165 0.174 0.165 0.173 0.247 
 176   (0.244) 0.242 0.246 0.262 0.263 0.243 0.252 0.250 0.247 0.184 
 178   (0.003) 0.001 0.001 0.001 0.001 0.003 0.001 0.001 0.001 0.001 

Locus 3 : 
4 alleles
0.3% missing data
 170   (0.552) 0.555 0.542 0.527 0.557 0.551 0.542 0.545 0.556 0.605 
 184   (0.251) 0.251 0.249 0.249 0.236 0.250 0.254 0.252 0.257 0.237 
 182   (0.194) 0.193 0.207 0.223 0.206 0.197 0.203 0.202 0.185 0.158 
 186   (0.003) 0.002 0.002 0.001 0.001 0.003 0.001 0.001 0.002 0.000 

Locus 4 : 
8 alleles
0.1% missing data
 134   (0.417) 0.430 0.431 0.409 0.410 0.419 0.425 0.431 0.432 0.455 
 132   (0.153) 0.147 0.139 0.149 0.156 0.150 0.149 0.149 0.154 0.160 
 136   (0.192) 0.185 0.197 0.185 0.179 0.193 0.182 0.182 0.176 0.290 
 138   (0.154) 0.160 0.164 0.170 0.153 0.160 0.159 0.165 0.150 0.016 
 142   (0.023) 0.021 0.018 0.015 0.016 0.022 0.018 0.019 0.021 0.043 
 130   (0.052) 0.052 0.045 0.068 0.082 0.048 0.063 0.051 0.061 0.032 
 128   (0.005) 0.004 0.004 0.002 0.003 0.005 0.003 0.003 0.004 0.000 
 144   (0.004) 0.002 0.002 0.002 0.002 0.003 0.001 0.001 0.002 0.006 

Locus 5 : 
9 alleles
0.1% missing data
 158   (0.187) 0.188 0.187 0.194 0.193 0.188 0.191 0.184 0.186 0.075 
 164   (0.129) 0.129 0.123 0.119 0.126 0.131 0.122 0.124 0.130 0.098 
 156   (0.232) 0.245 0.250 0.242 0.245 0.235 0.244 0.251 0.244 0.105 
 166   (0.178) 0.175 0.180 0.172 0.164 0.177 0.173 0.176 0.175 0.132 
 162   (0.151) 0.144 0.149 0.153 0.151 0.149 0.151 0.146 0.147 0.188 
 168   (0.015) 0.013 0.010 0.018 0.023 0.013 0.016 0.013 0.017 0.003 
 160   (0.100) 0.100 0.095 0.096 0.094 0.098 0.098 0.099 0.096 0.399 
 170   (0.005) 0.003 0.003 0.003 0.002 0.005 0.003 0.003 0.003 0.000 
 152   (0.004) 0.003 0.002 0.002 0.002 0.004 0.002 0.002 0.002 0.000 

Locus 6 : 
11 alleles
0.7% missing data
 106   (0.191) 0.207 0.199 0.189 0.194 0.192 0.202 0.197 0.192 0.248 
 110   (0.239) 0.247 0.251 0.236 0.232 0.245 0.242 0.253 0.239 0.104 
 104   (0.160) 0.156 0.159 0.167 0.158 0.162 0.156 0.156 0.161 0.246 
 108   (0.079) 0.076 0.077 0.092 0.097 0.076 0.082 0.077 0.085 0.093 
 112   (0.050) 0.050 0.051 0.043 0.043 0.051 0.047 0.047 0.046 0.006 
 102   (0.130) 0.119 0.129 0.138 0.131 0.130 0.123 0.128 0.126 0.151 
 114   (0.082) 0.083 0.078 0.079 0.086 0.080 0.084 0.080 0.083 0.116 
 116   (0.042) 0.039 0.038 0.038 0.039 0.040 0.040 0.040 0.043 0.005 
 100   (0.009) 0.005 0.005 0.006 0.004 0.008 0.005 0.005 0.005 0.030 
 118   (0.014) 0.017 0.011 0.011 0.015 0.014 0.017 0.016 0.019 0.001 
  92   (0.003) 0.002 0.002 0.001 0.001 0.003 0.001 0.001 0.002 0.000 

Locus 7 : 
6 alleles
0.7% missing data
 254   (0.632) 0.635 0.623 0.618 0.641 0.627 0.632 0.625 0.638 0.785 
 258   (0.083) 0.085 0.084 0.077 0.079 0.082 0.081 0.079 0.076 0.044 
 256   (0.054) 0.049 0.059 0.061 0.046 0.057 0.052 0.058 0.048 0.092 
 250   (0.140) 0.137 0.148 0.162 0.152 0.145 0.143 0.151 0.146 0.013 
 260   (0.034) 0.039 0.031 0.026 0.033 0.034 0.035 0.036 0.041 0.004 
 252   (0.056) 0.055 0.055 0.056 0.049 0.055 0.057 0.051 0.051 0.062 

Locus 8 : 
10 alleles
1.3% missing data
 121   (0.530) 0.548 0.549 0.568 0.567 0.535 0.556 0.556 0.563 0.411 
 129   (0.007) 0.005 0.005 0.004 0.004 0.006 0.005 0.005 0.005 0.003 
 127   (0.148) 0.147 0.147 0.148 0.145 0.149 0.146 0.149 0.140 0.125 
 123   (0.142) 0.134 0.141 0.134 0.131 0.142 0.135 0.136 0.133 0.273 
 119   (0.064) 0.061 0.057 0.059 0.066 0.061 0.063 0.057 0.061 0.176 
 117   (0.020) 0.021 0.019 0.015 0.015 0.019 0.019 0.016 0.017 0.001 
 125   (0.073) 0.073 0.072 0.063 0.063 0.073 0.068 0.072 0.071 0.009 
 133   (0.008) 0.006 0.006 0.005 0.005 0.007 0.005 0.005 0.006 0.000 
 131   (0.004) 0.003 0.002 0.002 0.002 0.004 0.002 0.002 0.002 0.000 
 107   (0.005) 0.002 0.002 0.002 0.002 0.004 0.002 0.002 0.002 0.001 

Locus 9 : 
5 alleles
0.3% missing data
 180   (0.264) 0.261 0.268 0.253 0.239 0.264 0.251 0.257 0.253 0.441 
 182   (0.670) 0.680 0.679 0.688 0.701 0.672 0.689 0.684 0.686 0.501 
 186   (0.023) 0.022 0.020 0.018 0.018 0.023 0.021 0.022 0.023 0.003 
 178   (0.028) 0.026 0.024 0.032 0.034 0.028 0.028 0.027 0.028 0.002 
 184   (0.014) 0.011 0.009 0.009 0.009 0.013 0.011 0.010 0.011 0.053 

Locus 10 : 
10 alleles
1.0% missing data
 198   (0.210) 0.216 0.202 0.203 0.206 0.208 0.226 0.208 0.218 0.293 
 206   (0.098) 0.098 0.101 0.093 0.094 0.098 0.096 0.100 0.090 0.206 
 196   (0.226) 0.232 0.224 0.231 0.235 0.225 0.230 0.230 0.236 0.175 
 210   (0.077) 0.079 0.080 0.073 0.078 0.077 0.076 0.078 0.070 0.020 
 208   (0.264) 0.264 0.285 0.287 0.271 0.271 0.266 0.276 0.275 0.047 
 202   (0.004) 0.002 0.002 0.002 0.002 0.004 0.002 0.002 0.002 0.000 
 204   (0.084) 0.077 0.074 0.080 0.085 0.080 0.075 0.072 0.078 0.195 
 200   (0.024) 0.025 0.023 0.023 0.022 0.025 0.023 0.026 0.024 0.002 
 212   (0.005) 0.003 0.004 0.004 0.002 0.005 0.003 0.004 0.003 0.000 
 194   (0.008) 0.004 0.005 0.005 0.004 0.007 0.004 0.004 0.004 0.062 

Locus 11 : 
9 alleles
0.6% missing data
 164   (0.367) 0.359 0.355 0.367 0.358 0.365 0.367 0.360 0.360 0.774 
 168   (0.265) 0.274 0.287 0.280 0.275 0.270 0.278 0.283 0.270 0.110 
 170   (0.249) 0.255 0.258 0.241 0.235 0.253 0.242 0.251 0.246 0.069 
 146   (0.023) 0.025 0.024 0.016 0.021 0.023 0.022 0.023 0.027 0.001 
 172   (0.047) 0.044 0.038 0.059 0.074 0.043 0.048 0.044 0.053 0.032 
 158   (0.004) 0.002 0.002 0.002 0.002 0.004 0.002 0.002 0.002 0.001 
 154   (0.019) 0.017 0.014 0.016 0.019 0.018 0.020 0.017 0.020 0.002 
 166   (0.021) 0.021 0.019 0.017 0.014 0.020 0.019 0.017 0.018 0.002 
 174   (0.005) 0.003 0.002 0.002 0.002 0.004 0.002 0.002 0.002 0.009 

Locus 12 : 
11 alleles
2.1% missing data
 200   (0.214) 0.224 0.216 0.203 0.209 0.212 0.218 0.216 0.211 0.433 
 208   (0.081) 0.078 0.086 0.088 0.078 0.084 0.078 0.084 0.077 0.009 
 198   (0.208) 0.207 0.222 0.225 0.207 0.211 0.217 0.215 0.212 0.076 
 206   (0.215) 0.219 0.200 0.217 0.241 0.209 0.217 0.212 0.235 0.341 
 196   (0.150) 0.157 0.164 0.165 0.159 0.157 0.161 0.166 0.151 0.012 
 204   (0.029) 0.022 0.025 0.022 0.020 0.027 0.021 0.022 0.024 0.048 
 190   (0.004) 0.002 0.003 0.002 0.002 0.004 0.002 0.002 0.003 0.000 
 202   (0.044) 0.038 0.036 0.039 0.042 0.042 0.039 0.038 0.043 0.036 
 194   (0.036) 0.040 0.035 0.028 0.030 0.037 0.034 0.034 0.032 0.005 
 192   (0.011) 0.007 0.007 0.006 0.006 0.009 0.006 0.006 0.007 0.032 
 210   (0.009) 0.006 0.006 0.006 0.006 0.008 0.005 0.005 0.006 0.007 

Locus 13 : 
9 alleles
1.2% missing data
 147   (0.389) 0.395 0.387 0.386 0.380 0.392 0.388 0.395 0.392 0.440 
 145   (0.103) 0.106 0.117 0.108 0.100 0.106 0.104 0.105 0.095 0.014 
 143   (0.266) 0.253 0.256 0.266 0.265 0.263 0.260 0.260 0.268 0.490 
 149   (0.039) 0.043 0.036 0.035 0.038 0.037 0.041 0.039 0.048 0.039 
 141   (0.018) 0.014 0.014 0.013 0.016 0.016 0.013 0.014 0.015 0.005 
 151   (0.152) 0.161 0.163 0.166 0.172 0.154 0.167 0.161 0.155 0.012 
 153   (0.023) 0.020 0.022 0.018 0.017 0.023 0.019 0.019 0.018 0.001 
 155   (0.006) 0.004 0.005 0.003 0.004 0.005 0.004 0.004 0.004 0.000 
 139   (0.005) 0.003 0.002 0.005 0.009 0.003 0.004 0.003 0.005 0.000 

Values of parameters used in structure:
DATAFILE=/home/martin/bottleneck/structure_analysis/structure_4/data_job_T9_2,	OUTFILE=/home/martin/bottleneck/structure_analysis/structure_4/structure_results/stellers_sea_lion/results_job_T9_2,	NUMINDS=668,	NUMLOCI=13,	MISSING=-9,	LABEL=1,	POPDATA=1,	POPFLAG=0,	PHENOTYPE=0,	EXTRACOLS=0,	MAXPOPS=9,	BURNIN=10000,	NUMREPS=100000,	USEPOPINFO=0,	INFERALPHA=1,	INFERLAMBDA=0,	POPSPECIFICLAMBDA=0,	POPALPHAS=0,	COMPUTEPROB=1,	NOADMIX=0,	ADMBURNIN=2500,	UPDATEFREQ=1,	PRINTLIKES=0,	INTERMEDSAVE=0,	PRINTKLD=0,	PRINTNET=0,	PRINTLAMBDA=0,	ANCESTDIST=0,	NUMBOXES=1000,	ANCESTPINT=0.90000,	GENSBACK=2,	MIGRPRIOR=0.05000,	PRINTQHAT=1,	PRINTQSUM=0,	ALPHA=1.0000,	FREQSCORR=1,	FPRIORMEAN=0.0100,	FPRIORSD=0.0500,	ONEFST=0,	LAMBDA=1.0000,	UNIFPRIORALPHA=1,	ALPHAMAX=10.0000,	ALPHAPRIORA=1.0000,	ALPHAPRIORB=2.0000,	ALPHAPROPSD=0.0250,	STARTATPOPINFO=0,	RANDOMIZE=1,	LINKAGE=0,	METROFREQ=10,	REPORTHITRATE=0,	MARKOVPHASE=-1,	PHASED=0,	PLOIDY=2,	PHASEINFO=0	LOCPRIOR=0, 	LOCPRIORINIT=1.000000, 	LOCDATA=0, 	LOCISPOP=0, 	LOCPRIORSTEP=0.100000, 	MAXLOCPRIOR=20.000000, 	SEED=1470429233,	
[STRAT parameters]:    NUMSIMSTATS=1000,	PHENOTYPECOL=-9,	POOLFREQ=10,	LOCUSxONLY=0,	EMERROR=0.00100,	MISSINGPHENO=-9,	