

----------------------------------------------------
STRUCTURE by Pritchard, Stephens and Donnelly (2000)
     and Falush, Stephens and Pritchard (2003)
       Code by Pritchard, Falush and Hubisz
             Version 2.3.4 (Jul 2012)
----------------------------------------------------



Command line arguments:   /usr/local/bin/structure -m parameter_job_T6_1 
Input File:    /home/martin/bottleneck/structure_analysis/structure_4/data_job_T6_1

Run parameters:
   668 individuals
   13 loci
   6 populations assumed
   10000 Burn-in period
   100000 Reps


--------------------------------------------
Proportion of membership of each pre-defined
 population in each of the 6 clusters

Given    Inferred Clusters                            Number of
 Pop       1      2      3      4      5      6      Individuals

  1:     0.168  0.166  0.167  0.166  0.167  0.166      668
--------------------------------------------

Allele-freq. divergence among pops (Net nucleotide distance),
computed using point estimates of P.

      1       2       3       4       5       6      
 1      -    0.0301  0.0311  0.0302  0.0319  0.0306  
 2   0.0301     -    0.0001  0.0000  0.0001  0.0000  
 3   0.0311  0.0001     -    0.0001  0.0001  0.0001  
 4   0.0302  0.0000  0.0001     -    0.0002  0.0001  
 5   0.0319  0.0001  0.0001  0.0002     -    0.0001  
 6   0.0306  0.0000  0.0001  0.0001  0.0001     -    

Average distances (expected heterozygosity) between individuals in same cluster:
cluster  1  : 0.5891 
cluster  2  : 0.6640 
cluster  3  : 0.6642 
cluster  4  : 0.6646 
cluster  5  : 0.6623 
cluster  6  : 0.6662 

--------------------------------------------
Estimated Ln Prob of Data   = -32905.6
Mean value of ln likelihood = -23131.6
Variance of ln likelihood   = 19547.9
Mean value of alpha         = 0.0732

Mean value of Fst_1         = 0.1046
Mean value of Fst_2         = 0.0110
Mean value of Fst_3         = 0.0184
Mean value of Fst_4         = 0.0122
Mean value of Fst_5         = 0.0203
Mean value of Fst_6         = 0.0083


Inferred ancestry of individuals:
        Label (%Miss) Pop:  Inferred clusters
  1        1    (7)    1 :  0.162 0.167 0.158 0.168 0.172 0.173 
  2        2    (0)    1 :  0.052 0.174 0.185 0.179 0.201 0.210 
  3        3    (0)    1 :  0.033 0.204 0.180 0.187 0.194 0.201 
  4        4    (0)    1 :  0.115 0.167 0.158 0.181 0.195 0.184 
  5        5    (0)    1 :  0.018 0.190 0.201 0.188 0.210 0.193 
  6        6    (0)    1 :  0.062 0.165 0.197 0.162 0.221 0.193 
  7        7    (0)    1 :  0.016 0.210 0.177 0.207 0.164 0.227 
  8        8    (0)    1 :  0.521 0.100 0.091 0.102 0.098 0.088 
  9        9    (0)    1 :  0.013 0.194 0.183 0.199 0.232 0.180 
 10       10    (0)    1 :  0.028 0.198 0.176 0.186 0.192 0.219 
 11       11    (0)    1 :  0.018 0.193 0.188 0.180 0.221 0.200 
 12       12    (0)    1 :  0.027 0.186 0.197 0.174 0.215 0.200 
 13       13    (0)    1 :  0.026 0.180 0.185 0.202 0.217 0.190 
 14       14    (0)    1 :  0.029 0.210 0.166 0.190 0.211 0.195 
 15       15    (0)    1 :  0.062 0.181 0.179 0.169 0.200 0.209 
 16       16    (0)    1 :  0.024 0.198 0.149 0.197 0.191 0.241 
 17       17    (0)    1 :  0.024 0.194 0.181 0.203 0.235 0.162 
 18       18    (0)    1 :  0.259 0.143 0.151 0.134 0.164 0.148 
 19       19    (0)    1 :  0.064 0.211 0.173 0.189 0.172 0.191 
 20       20    (0)    1 :  0.017 0.225 0.167 0.199 0.166 0.227 
 21       21    (0)    1 :  0.024 0.189 0.184 0.199 0.190 0.212 
 22       22    (0)    1 :  0.015 0.178 0.222 0.198 0.204 0.183 
 23       23    (0)    1 :  0.079 0.187 0.175 0.181 0.197 0.181 
 24       24    (0)    1 :  0.049 0.174 0.185 0.180 0.214 0.198 
 25       25    (0)    1 :  0.025 0.197 0.203 0.198 0.193 0.183 
 26       26    (0)    1 :  0.024 0.204 0.189 0.173 0.213 0.197 
 27       27    (0)    1 :  0.034 0.197 0.191 0.186 0.197 0.194 
 28       28    (0)    1 :  0.029 0.185 0.189 0.182 0.208 0.207 
 29       29    (0)    1 :  0.014 0.167 0.210 0.188 0.222 0.198 
 30       30    (0)    1 :  0.028 0.191 0.172 0.199 0.203 0.207 
 31       31    (0)    1 :  0.064 0.188 0.209 0.176 0.181 0.181 
 32       32    (0)    1 :  0.020 0.190 0.203 0.168 0.231 0.187 
 33       33    (7)    1 :  0.058 0.179 0.192 0.156 0.228 0.187 
 34       34    (0)    1 :  0.039 0.192 0.204 0.198 0.183 0.185 
 35       35    (0)    1 :  0.030 0.204 0.187 0.200 0.205 0.174 
 36       36    (0)    1 :  0.015 0.177 0.199 0.170 0.226 0.213 
 37       37    (0)    1 :  0.017 0.205 0.197 0.192 0.214 0.175 
 38       38    (0)    1 :  0.016 0.189 0.195 0.199 0.194 0.207 
 39       39    (0)    1 :  0.037 0.199 0.167 0.190 0.209 0.198 
 40       40    (0)    1 :  0.252 0.148 0.152 0.165 0.146 0.137 
 41       41    (0)    1 :  0.026 0.206 0.171 0.201 0.172 0.225 
 42       42    (0)    1 :  0.016 0.181 0.193 0.205 0.195 0.210 
 43       43    (0)    1 :  0.045 0.203 0.179 0.186 0.187 0.198 
 44       44    (0)    1 :  0.025 0.203 0.168 0.188 0.208 0.208 
 45       45    (0)    1 :  0.015 0.194 0.174 0.190 0.229 0.198 
 46       46    (0)    1 :  0.034 0.169 0.192 0.174 0.245 0.185 
 47       47    (0)    1 :  0.036 0.194 0.205 0.179 0.195 0.191 
 48       48    (0)    1 :  0.115 0.161 0.194 0.177 0.174 0.180 
 49       49    (0)    1 :  0.028 0.180 0.190 0.185 0.212 0.206 
 50       50    (0)    1 :  0.012 0.171 0.204 0.170 0.247 0.196 
 51       51    (0)    1 :  0.047 0.179 0.183 0.187 0.204 0.200 
 52       52    (0)    1 :  0.018 0.207 0.168 0.183 0.179 0.245 
 53       53    (0)    1 :  0.023 0.179 0.193 0.181 0.218 0.206 
 54       54    (0)    1 :  0.083 0.181 0.194 0.155 0.196 0.192 
 55       55   (23)    1 :  0.361 0.129 0.122 0.121 0.132 0.135 
 56       56    (0)    1 :  0.027 0.205 0.180 0.183 0.163 0.241 
 57       57    (0)    1 :  0.009 0.169 0.207 0.156 0.249 0.208 
 58       58    (0)    1 :  0.024 0.168 0.199 0.163 0.275 0.171 
 59       59    (0)    1 :  0.012 0.170 0.211 0.168 0.249 0.191 
 60       60    (0)    1 :  0.015 0.188 0.207 0.180 0.209 0.200 
 61       61    (7)    1 :  0.185 0.154 0.157 0.149 0.183 0.171 
 62       62    (0)    1 :  0.011 0.188 0.204 0.179 0.214 0.204 
 63       63    (0)    1 :  0.035 0.162 0.233 0.166 0.218 0.186 
 64       64    (0)    1 :  0.020 0.211 0.169 0.209 0.171 0.220 
 65       65    (0)    1 :  0.034 0.203 0.196 0.190 0.209 0.169 
 66       66    (0)    1 :  0.027 0.187 0.186 0.188 0.218 0.194 
 67       67    (0)    1 :  0.016 0.189 0.199 0.193 0.205 0.199 
 68       68    (0)    1 :  0.016 0.200 0.194 0.183 0.201 0.206 
 69       69    (0)    1 :  0.047 0.168 0.205 0.163 0.246 0.170 
 70       70    (0)    1 :  0.052 0.175 0.222 0.230 0.166 0.155 
 71       71    (0)    1 :  0.225 0.160 0.138 0.153 0.145 0.180 
 72       72    (0)    1 :  0.015 0.179 0.195 0.180 0.225 0.206 
 73       73    (0)    1 :  0.073 0.197 0.180 0.175 0.183 0.192 
 74       74    (0)    1 :  0.061 0.191 0.194 0.178 0.186 0.190 
 75       75    (0)    1 :  0.027 0.200 0.192 0.195 0.184 0.203 
 76       76    (0)    1 :  0.102 0.186 0.161 0.197 0.165 0.190 
 77       77    (0)    1 :  0.085 0.181 0.199 0.187 0.171 0.178 
 78       78    (0)    1 :  0.039 0.208 0.176 0.188 0.206 0.184 
 79       79    (0)    1 :  0.013 0.215 0.175 0.189 0.182 0.226 
 80       80    (0)    1 :  0.129 0.164 0.179 0.160 0.190 0.178 
 81       81    (7)    1 :  0.133 0.192 0.163 0.171 0.173 0.168 
 82       82    (0)    1 :  0.033 0.199 0.180 0.201 0.205 0.181 
 83       83    (7)    1 :  0.060 0.186 0.180 0.208 0.175 0.192 
 84       84   (23)    1 :  0.058 0.180 0.202 0.197 0.180 0.183 
 85       85    (0)    1 :  0.033 0.159 0.215 0.154 0.251 0.187 
 86       86    (0)    1 :  0.201 0.160 0.173 0.154 0.145 0.166 
 87       87    (0)    1 :  0.021 0.185 0.231 0.163 0.185 0.215 
 88       88    (0)    1 :  0.048 0.171 0.201 0.159 0.214 0.206 
 89       89    (7)    1 :  0.047 0.208 0.180 0.206 0.162 0.197 
 90       90    (0)    1 :  0.216 0.164 0.142 0.167 0.143 0.169 
 91       91    (0)    1 :  0.058 0.181 0.179 0.197 0.188 0.198 
 92       92    (0)    1 :  0.044 0.168 0.189 0.178 0.207 0.214 
 93       93    (0)    1 :  0.039 0.190 0.188 0.179 0.231 0.173 
 94       94    (0)    1 :  0.244 0.173 0.114 0.160 0.129 0.180 
 95       95    (0)    1 :  0.037 0.176 0.182 0.195 0.196 0.215 
 96       96    (0)    1 :  0.050 0.201 0.139 0.218 0.154 0.239 
 97       97    (0)    1 :  0.018 0.196 0.203 0.179 0.203 0.201 
 98       98    (0)    1 :  0.020 0.164 0.240 0.200 0.198 0.177 
 99       99    (0)    1 :  0.018 0.190 0.187 0.218 0.185 0.202 
100      100    (0)    1 :  0.035 0.190 0.202 0.167 0.240 0.167 
101      101    (0)    1 :  0.062 0.196 0.166 0.193 0.219 0.165 
102      102    (0)    1 :  0.020 0.165 0.219 0.154 0.253 0.189 
103      103    (0)    1 :  0.247 0.164 0.148 0.139 0.165 0.138 
104      104    (0)    1 :  0.029 0.183 0.199 0.211 0.205 0.172 
105      105    (0)    1 :  0.038 0.203 0.158 0.202 0.197 0.201 
106      106    (0)    1 :  0.043 0.184 0.196 0.217 0.196 0.163 
107      107    (0)    1 :  0.038 0.191 0.191 0.174 0.233 0.173 
108      108    (0)    1 :  0.038 0.168 0.196 0.157 0.228 0.213 
109      109    (0)    1 :  0.042 0.193 0.204 0.180 0.192 0.189 
110      110    (0)    1 :  0.029 0.199 0.178 0.191 0.200 0.203 
111      111    (0)    1 :  0.048 0.185 0.207 0.185 0.195 0.181 
112      112    (0)    1 :  0.040 0.195 0.185 0.179 0.233 0.169 
113      113    (0)    1 :  0.020 0.199 0.178 0.184 0.209 0.211 
114      114    (0)    1 :  0.072 0.178 0.158 0.181 0.197 0.214 
115      115    (0)    1 :  0.048 0.193 0.177 0.185 0.215 0.180 
116      116    (0)    1 :  0.020 0.193 0.203 0.181 0.211 0.192 
117      117    (0)    1 :  0.040 0.219 0.170 0.187 0.178 0.207 
118      118    (0)    1 :  0.054 0.186 0.175 0.192 0.191 0.202 
119      119    (0)    1 :  0.038 0.181 0.234 0.227 0.157 0.164 
120      120    (0)    1 :  0.236 0.156 0.150 0.163 0.139 0.155 
121      121    (0)    1 :  0.043 0.196 0.190 0.194 0.182 0.195 
122      122    (0)    1 :  0.036 0.160 0.232 0.214 0.193 0.165 
123      123    (0)    1 :  0.020 0.198 0.209 0.177 0.217 0.178 
124      124    (0)    1 :  0.021 0.179 0.204 0.183 0.224 0.189 
125      125    (0)    1 :  0.084 0.191 0.193 0.219 0.154 0.159 
126      126    (0)    1 :  0.020 0.164 0.219 0.165 0.227 0.207 
127      127    (0)    1 :  0.036 0.186 0.179 0.187 0.240 0.172 
128      128    (0)    1 :  0.021 0.184 0.190 0.208 0.212 0.184 
129      129    (0)    1 :  0.246 0.156 0.151 0.152 0.126 0.169 
130      130    (7)    1 :  0.089 0.182 0.202 0.188 0.153 0.187 
131      131    (0)    1 :  0.037 0.194 0.180 0.181 0.221 0.188 
132      132    (0)    1 :  0.022 0.202 0.198 0.191 0.185 0.202 
133      133    (0)    1 :  0.018 0.201 0.220 0.210 0.150 0.200 
134      134    (0)    1 :  0.040 0.193 0.169 0.177 0.210 0.210 
135      135    (0)    1 :  0.555 0.094 0.086 0.097 0.078 0.091 
136      136    (0)    1 :  0.041 0.176 0.198 0.197 0.196 0.192 
137      137    (0)    1 :  0.174 0.177 0.158 0.171 0.152 0.169 
138      138    (0)    1 :  0.025 0.189 0.196 0.176 0.207 0.207 
139      139    (0)    1 :  0.036 0.211 0.176 0.200 0.186 0.191 
140      140    (0)    1 :  0.049 0.193 0.172 0.178 0.190 0.217 
141      141    (0)    1 :  0.090 0.181 0.217 0.154 0.147 0.211 
142      142    (0)    1 :  0.072 0.189 0.182 0.200 0.189 0.168 
143      143    (0)    1 :  0.052 0.196 0.200 0.183 0.188 0.181 
144      144    (0)    1 :  0.023 0.179 0.201 0.176 0.222 0.199 
145      145    (0)    1 :  0.016 0.159 0.221 0.152 0.267 0.184 
146      146    (0)    1 :  0.062 0.191 0.185 0.189 0.192 0.181 
147      147    (0)    1 :  0.021 0.177 0.205 0.167 0.226 0.204 
148      148    (0)    1 :  0.021 0.201 0.189 0.181 0.215 0.193 
149      149    (0)    1 :  0.045 0.203 0.175 0.215 0.169 0.193 
150      150    (0)    1 :  0.139 0.173 0.168 0.173 0.179 0.169 
151      151   (15)    1 :  0.051 0.203 0.179 0.214 0.163 0.190 
152      152    (0)    1 :  0.048 0.203 0.184 0.192 0.197 0.176 
153      153    (0)    1 :  0.034 0.201 0.174 0.198 0.171 0.222 
154      154    (0)    1 :  0.018 0.181 0.195 0.273 0.180 0.153 
155      155    (0)    1 :  0.054 0.188 0.178 0.205 0.195 0.179 
156      156    (0)    1 :  0.042 0.209 0.173 0.184 0.175 0.216 
157      157    (0)    1 :  0.037 0.196 0.188 0.185 0.198 0.197 
158      158    (0)    1 :  0.130 0.189 0.161 0.178 0.144 0.198 
159      159    (0)    1 :  0.037 0.185 0.188 0.182 0.218 0.190 
160      160    (0)    1 :  0.028 0.184 0.193 0.209 0.200 0.185 
161      161    (0)    1 :  0.191 0.166 0.143 0.188 0.159 0.154 
162      162    (0)    1 :  0.029 0.192 0.191 0.202 0.182 0.204 
163      163    (0)    1 :  0.079 0.190 0.170 0.188 0.179 0.194 
164      164    (0)    1 :  0.041 0.172 0.234 0.183 0.182 0.189 
165      165    (0)    1 :  0.027 0.187 0.196 0.192 0.192 0.207 
166      166    (0)    1 :  0.048 0.214 0.172 0.181 0.182 0.203 
167      167    (0)    1 :  0.031 0.178 0.216 0.193 0.210 0.172 
168      168    (0)    1 :  0.182 0.164 0.171 0.145 0.181 0.158 
169      169    (0)    1 :  0.038 0.176 0.209 0.261 0.163 0.152 
170      170    (0)    1 :  0.018 0.193 0.197 0.229 0.181 0.182 
171      171    (0)    1 :  0.024 0.183 0.197 0.194 0.198 0.204 
172      172    (0)    1 :  0.026 0.161 0.217 0.189 0.214 0.193 
173      173    (0)    1 :  0.051 0.195 0.181 0.180 0.212 0.181 
174      174    (0)    1 :  0.039 0.185 0.189 0.190 0.205 0.192 
175      175    (0)    1 :  0.038 0.171 0.223 0.216 0.189 0.164 
176      176    (0)    1 :  0.067 0.202 0.178 0.198 0.155 0.201 
177      177    (0)    1 :  0.110 0.161 0.185 0.169 0.183 0.191 
178      178    (0)    1 :  0.034 0.203 0.175 0.203 0.194 0.192 
179      179    (0)    1 :  0.032 0.206 0.166 0.188 0.198 0.210 
180      180    (0)    1 :  0.008 0.217 0.216 0.195 0.158 0.206 
181      181    (0)    1 :  0.066 0.179 0.209 0.164 0.184 0.199 
182      182    (0)    1 :  0.262 0.151 0.150 0.146 0.144 0.146 
183      183    (0)    1 :  0.153 0.169 0.173 0.198 0.157 0.150 
184      184    (0)    1 :  0.062 0.203 0.202 0.206 0.163 0.164 
185      185    (0)    1 :  0.062 0.189 0.175 0.206 0.165 0.204 
186      186    (0)    1 :  0.032 0.204 0.194 0.235 0.166 0.169 
187      187    (0)    1 :  0.021 0.196 0.197 0.250 0.175 0.161 
188      188    (0)    1 :  0.025 0.193 0.216 0.230 0.180 0.156 
189      189    (0)    1 :  0.035 0.192 0.194 0.175 0.192 0.212 
190      190    (0)    1 :  0.041 0.178 0.212 0.236 0.172 0.161 
191      191    (0)    1 :  0.022 0.178 0.204 0.182 0.204 0.210 
192      192    (0)    1 :  0.648 0.073 0.068 0.071 0.068 0.072 
193      193    (0)    1 :  0.565 0.090 0.080 0.089 0.089 0.088 
194      194    (7)    1 :  0.165 0.160 0.180 0.201 0.159 0.135 
195      195    (0)    1 :  0.068 0.200 0.207 0.201 0.148 0.176 
196      196    (0)    1 :  0.020 0.180 0.217 0.171 0.199 0.212 
197      197    (0)    1 :  0.101 0.178 0.168 0.184 0.188 0.182 
198      198    (0)    1 :  0.027 0.184 0.201 0.183 0.200 0.205 
199      199    (7)    1 :  0.092 0.168 0.211 0.167 0.171 0.191 
200      200    (0)    1 :  0.076 0.193 0.185 0.196 0.169 0.181 
201      201    (0)    1 :  0.166 0.158 0.170 0.166 0.170 0.169 
202      202    (0)    1 :  0.011 0.176 0.200 0.203 0.188 0.222 
203      203    (0)    1 :  0.070 0.198 0.176 0.187 0.205 0.164 
204      204    (0)    1 :  0.016 0.213 0.205 0.203 0.155 0.207 
205      205    (0)    1 :  0.015 0.185 0.207 0.184 0.196 0.213 
206      206    (0)    1 :  0.029 0.192 0.190 0.189 0.193 0.207 
207      207    (0)    1 :  0.025 0.206 0.219 0.182 0.146 0.222 
208      208    (0)    1 :  0.014 0.192 0.220 0.198 0.175 0.202 
209      209    (0)    1 :  0.273 0.148 0.148 0.143 0.143 0.145 
210      210    (0)    1 :  0.026 0.198 0.208 0.180 0.189 0.199 
211      211    (0)    1 :  0.033 0.188 0.220 0.188 0.180 0.190 
212      212    (0)    1 :  0.112 0.173 0.201 0.180 0.171 0.164 
213      213    (0)    1 :  0.044 0.215 0.173 0.195 0.203 0.171 
214      214    (0)    1 :  0.054 0.194 0.178 0.191 0.181 0.202 
215      215    (0)    1 :  0.057 0.206 0.180 0.201 0.154 0.203 
216      216    (0)    1 :  0.041 0.167 0.234 0.195 0.196 0.167 
217      217    (0)    1 :  0.038 0.206 0.201 0.185 0.201 0.169 
218      218    (0)    1 :  0.022 0.196 0.228 0.204 0.153 0.198 
219      219    (0)    1 :  0.016 0.194 0.216 0.182 0.192 0.199 
220      220    (0)    1 :  0.095 0.183 0.177 0.193 0.174 0.178 
221      221    (0)    1 :  0.064 0.191 0.163 0.190 0.198 0.195 
222      222    (0)    1 :  0.089 0.175 0.206 0.170 0.170 0.189 
223      223    (0)    1 :  0.352 0.136 0.119 0.136 0.129 0.129 
224      224    (0)    1 :  0.044 0.196 0.191 0.165 0.204 0.199 
225      225    (0)    1 :  0.022 0.163 0.218 0.172 0.224 0.202 
226      226    (0)    1 :  0.024 0.173 0.204 0.168 0.254 0.176 
227      227    (0)    1 :  0.107 0.176 0.187 0.201 0.177 0.153 
228      228    (0)    1 :  0.052 0.203 0.196 0.204 0.165 0.180 
229      229    (0)    1 :  0.018 0.207 0.227 0.184 0.168 0.197 
230      230    (0)    1 :  0.040 0.185 0.216 0.184 0.233 0.142 
231      231    (0)    1 :  0.016 0.180 0.200 0.184 0.222 0.197 
232      232    (0)    1 :  0.023 0.200 0.187 0.210 0.188 0.192 
233      233    (0)    1 :  0.045 0.185 0.200 0.159 0.209 0.202 
234      234    (0)    1 :  0.023 0.204 0.201 0.211 0.161 0.200 
235      235    (0)    1 :  0.017 0.178 0.213 0.162 0.237 0.193 
236      236    (0)    1 :  0.017 0.219 0.191 0.186 0.177 0.211 
237      237    (0)    1 :  0.031 0.155 0.224 0.148 0.260 0.183 
238      238    (0)    1 :  0.064 0.182 0.181 0.190 0.183 0.200 
239      239    (0)    1 :  0.008 0.182 0.203 0.164 0.244 0.199 
240      240    (0)    1 :  0.228 0.153 0.157 0.157 0.138 0.167 
241      241    (0)    1 :  0.021 0.206 0.190 0.194 0.178 0.212 
242      242    (0)    1 :  0.059 0.196 0.176 0.176 0.207 0.184 
243      243    (0)    1 :  0.022 0.175 0.211 0.163 0.230 0.198 
244      244    (0)    1 :  0.046 0.184 0.209 0.173 0.194 0.194 
245      245    (0)    1 :  0.020 0.170 0.233 0.180 0.208 0.189 
246      246    (0)    1 :  0.011 0.200 0.187 0.179 0.217 0.206 
247      247    (0)    1 :  0.071 0.174 0.226 0.167 0.187 0.175 
248      248    (7)    1 :  0.072 0.193 0.177 0.171 0.197 0.189 
249      249    (0)    1 :  0.187 0.166 0.162 0.188 0.151 0.146 
250      250    (0)    1 :  0.027 0.182 0.209 0.204 0.221 0.157 
251      251    (0)    1 :  0.029 0.199 0.193 0.206 0.219 0.155 
252      252    (0)    1 :  0.013 0.179 0.205 0.173 0.251 0.179 
253      253    (0)    1 :  0.264 0.154 0.140 0.142 0.138 0.162 
254      254    (0)    1 :  0.783 0.043 0.046 0.048 0.040 0.040 
255      255    (0)    1 :  0.070 0.188 0.172 0.187 0.183 0.199 
256      256    (0)    1 :  0.029 0.196 0.214 0.231 0.181 0.149 
257      257    (0)    1 :  0.095 0.188 0.173 0.199 0.179 0.167 
258      258    (0)    1 :  0.037 0.180 0.188 0.188 0.205 0.202 
259      259    (0)    1 :  0.038 0.189 0.193 0.181 0.202 0.198 
260      260    (0)    1 :  0.010 0.178 0.224 0.173 0.227 0.188 
261      261    (0)    1 :  0.019 0.198 0.235 0.196 0.165 0.187 
262      262    (0)    1 :  0.023 0.210 0.186 0.212 0.185 0.183 
263      263    (0)    1 :  0.063 0.169 0.213 0.176 0.203 0.177 
264      264    (0)    1 :  0.020 0.194 0.214 0.160 0.213 0.198 
265      265    (0)    1 :  0.180 0.161 0.156 0.164 0.167 0.172 
266      266    (0)    1 :  0.026 0.174 0.219 0.154 0.233 0.194 
267      267    (0)    1 :  0.031 0.186 0.188 0.192 0.222 0.181 
268      268    (0)    1 :  0.031 0.209 0.186 0.193 0.204 0.177 
269      269    (0)    1 :  0.055 0.191 0.214 0.166 0.188 0.186 
270      270    (0)    1 :  0.327 0.134 0.130 0.186 0.092 0.131 
271      271    (0)    1 :  0.028 0.197 0.192 0.195 0.214 0.175 
272      272    (0)    1 :  0.026 0.181 0.215 0.201 0.201 0.175 
273      273    (0)    1 :  0.015 0.205 0.202 0.184 0.209 0.185 
274      274    (0)    1 :  0.014 0.171 0.203 0.175 0.256 0.180 
275      275    (0)    1 :  0.037 0.200 0.190 0.184 0.214 0.175 
276      276    (0)    1 :  0.026 0.202 0.186 0.204 0.198 0.185 
277      277    (0)    1 :  0.080 0.166 0.211 0.220 0.173 0.150 
278      278    (0)    1 :  0.067 0.197 0.180 0.181 0.189 0.186 
279      279    (0)    1 :  0.010 0.200 0.176 0.201 0.172 0.240 
280      280    (0)    1 :  0.021 0.179 0.186 0.180 0.239 0.194 
281      281    (0)    1 :  0.145 0.183 0.158 0.184 0.173 0.157 
282      282    (0)    1 :  0.025 0.180 0.206 0.170 0.225 0.195 
283      283    (0)    1 :  0.013 0.204 0.206 0.213 0.182 0.181 
284      284    (0)    1 :  0.018 0.193 0.233 0.223 0.153 0.179 
285      285    (0)    1 :  0.036 0.179 0.209 0.163 0.216 0.196 
286      286    (0)    1 :  0.239 0.148 0.147 0.155 0.164 0.147 
287      287    (0)    1 :  0.029 0.186 0.179 0.202 0.194 0.210 
288      288    (0)    1 :  0.019 0.204 0.184 0.202 0.186 0.205 
289      289    (0)    1 :  0.035 0.192 0.207 0.194 0.184 0.189 
290      290    (0)    1 :  0.021 0.183 0.227 0.172 0.187 0.211 
291      291    (0)    1 :  0.044 0.218 0.205 0.180 0.150 0.202 
292      292    (0)    1 :  0.040 0.181 0.222 0.238 0.175 0.144 
293      293    (0)    1 :  0.025 0.206 0.200 0.188 0.172 0.209 
294      294    (0)    1 :  0.022 0.199 0.192 0.210 0.171 0.206 
295      295    (0)    1 :  0.038 0.217 0.179 0.194 0.151 0.222 
296      296    (0)    1 :  0.145 0.170 0.181 0.165 0.185 0.153 
297      297    (0)    1 :  0.042 0.182 0.192 0.191 0.198 0.196 
298      298    (0)    1 :  0.013 0.197 0.190 0.187 0.225 0.189 
299      299    (0)    1 :  0.046 0.205 0.193 0.193 0.189 0.174 
300      300    (0)    1 :  0.127 0.170 0.191 0.173 0.158 0.182 
301      301    (0)    1 :  0.222 0.159 0.162 0.154 0.135 0.168 
302      302    (0)    1 :  0.041 0.197 0.179 0.203 0.184 0.196 
303      303    (0)    1 :  0.042 0.174 0.209 0.170 0.213 0.191 
304      304    (0)    1 :  0.035 0.165 0.220 0.152 0.245 0.183 
305      305    (0)    1 :  0.027 0.183 0.200 0.199 0.204 0.187 
306      306    (0)    1 :  0.068 0.201 0.175 0.179 0.202 0.175 
307      307    (0)    1 :  0.019 0.182 0.221 0.203 0.172 0.204 
308      308    (0)    1 :  0.043 0.201 0.167 0.184 0.203 0.203 
309      309    (0)    1 :  0.038 0.197 0.171 0.197 0.193 0.204 
310      310    (7)    1 :  0.043 0.181 0.198 0.274 0.141 0.163 
311      311   (23)    1 :  0.028 0.193 0.183 0.200 0.200 0.196 
312      312    (0)    1 :  0.042 0.184 0.186 0.182 0.220 0.186 
313      313    (0)    1 :  0.023 0.192 0.183 0.212 0.185 0.205 
314      314    (0)    1 :  0.028 0.171 0.206 0.175 0.221 0.199 
315      315    (0)    1 :  0.018 0.208 0.218 0.189 0.159 0.208 
316      316    (0)    1 :  0.354 0.135 0.123 0.129 0.132 0.127 
317      317    (0)    1 :  0.034 0.183 0.225 0.198 0.174 0.186 
318      318    (0)    1 :  0.022 0.206 0.178 0.197 0.194 0.203 
319      319    (0)    1 :  0.030 0.206 0.160 0.198 0.163 0.244 
320      320    (7)    1 :  0.032 0.188 0.202 0.173 0.210 0.194 
321      321    (0)    1 :  0.409 0.121 0.118 0.120 0.111 0.120 
322      322    (0)    1 :  0.049 0.197 0.170 0.215 0.181 0.189 
323      323    (0)    1 :  0.041 0.199 0.166 0.180 0.210 0.204 
324      324    (0)    1 :  0.039 0.182 0.237 0.189 0.179 0.174 
325      325    (0)    1 :  0.016 0.198 0.192 0.206 0.197 0.190 
326      326    (0)    1 :  0.017 0.199 0.216 0.196 0.224 0.148 
327      327    (7)    1 :  0.126 0.202 0.160 0.187 0.159 0.166 
328      328    (0)    1 :  0.011 0.182 0.218 0.204 0.198 0.187 
329      329    (0)    1 :  0.030 0.203 0.175 0.190 0.178 0.224 
330      330    (7)    1 :  0.099 0.178 0.178 0.186 0.175 0.185 
331      331    (0)    1 :  0.045 0.176 0.200 0.188 0.197 0.196 
332      332    (0)    1 :  0.016 0.199 0.191 0.219 0.193 0.181 
333      333    (0)    1 :  0.021 0.199 0.186 0.198 0.191 0.205 
334      334    (0)    1 :  0.028 0.182 0.216 0.208 0.175 0.191 
335      335    (7)    1 :  0.195 0.175 0.157 0.168 0.149 0.156 
336      336    (0)    1 :  0.075 0.182 0.183 0.180 0.205 0.174 
337      337    (0)    1 :  0.012 0.184 0.224 0.277 0.147 0.156 
338      338    (0)    1 :  0.016 0.186 0.223 0.172 0.184 0.220 
339      339    (0)    1 :  0.042 0.170 0.208 0.280 0.149 0.151 
340      340    (0)    1 :  0.317 0.129 0.144 0.149 0.131 0.130 
341      341    (0)    1 :  0.100 0.180 0.191 0.180 0.181 0.167 
342      342    (0)    1 :  0.027 0.177 0.202 0.205 0.204 0.185 
343      343    (0)    1 :  0.023 0.217 0.195 0.190 0.217 0.159 
344      344    (0)    1 :  0.041 0.208 0.198 0.195 0.184 0.174 
345      345    (0)    1 :  0.019 0.207 0.194 0.189 0.207 0.184 
346      346    (0)    1 :  0.029 0.188 0.181 0.198 0.180 0.223 
347      347    (0)    1 :  0.025 0.208 0.191 0.183 0.226 0.166 
348      348    (0)    1 :  0.046 0.188 0.200 0.172 0.184 0.210 
349      349    (0)    1 :  0.049 0.185 0.197 0.186 0.188 0.194 
350      350    (0)    1 :  0.154 0.177 0.164 0.166 0.150 0.189 
351      351    (0)    1 :  0.063 0.192 0.158 0.196 0.174 0.218 
352      352    (0)    1 :  0.015 0.195 0.197 0.198 0.178 0.217 
353      353    (0)    1 :  0.649 0.080 0.065 0.067 0.076 0.062 
354      354    (0)    1 :  0.022 0.183 0.207 0.175 0.213 0.200 
355      355    (0)    1 :  0.018 0.222 0.200 0.193 0.153 0.214 
356      356    (0)    1 :  0.057 0.190 0.185 0.196 0.191 0.181 
357      357    (0)    1 :  0.039 0.223 0.180 0.192 0.186 0.180 
358      358    (0)    1 :  0.026 0.205 0.196 0.193 0.207 0.174 
359      359    (0)    1 :  0.082 0.181 0.184 0.165 0.187 0.201 
360      360    (0)    1 :  0.054 0.207 0.173 0.201 0.192 0.173 
361      361    (7)    1 :  0.030 0.218 0.184 0.187 0.181 0.200 
362      362    (0)    1 :  0.221 0.161 0.150 0.171 0.145 0.151 
363      363    (0)    1 :  0.127 0.176 0.186 0.175 0.175 0.162 
364      364    (0)    1 :  0.055 0.193 0.183 0.205 0.172 0.192 
365      365    (0)    1 :  0.200 0.161 0.164 0.172 0.147 0.156 
366      366    (0)    1 :  0.062 0.192 0.160 0.189 0.188 0.210 
367      367    (0)    1 :  0.709 0.058 0.062 0.060 0.060 0.052 
368      368    (0)    1 :  0.025 0.192 0.185 0.204 0.199 0.196 
369      369    (0)    1 :  0.023 0.192 0.208 0.200 0.181 0.195 
370      370    (0)    1 :  0.054 0.205 0.177 0.184 0.219 0.161 
371      371    (0)    1 :  0.111 0.167 0.168 0.175 0.193 0.187 
372      372    (0)    1 :  0.031 0.181 0.193 0.171 0.226 0.199 
373      373    (0)    1 :  0.128 0.182 0.171 0.165 0.174 0.179 
374      374    (0)    1 :  0.047 0.204 0.196 0.180 0.178 0.196 
375      375    (0)    1 :  0.075 0.200 0.147 0.206 0.148 0.225 
376      376    (0)    1 :  0.084 0.201 0.194 0.169 0.162 0.189 
377      377    (0)    1 :  0.030 0.194 0.212 0.194 0.197 0.173 
378      378    (0)    1 :  0.023 0.192 0.212 0.194 0.207 0.172 
379      379    (0)    1 :  0.061 0.201 0.150 0.197 0.179 0.212 
380      380    (0)    1 :  0.064 0.202 0.183 0.203 0.163 0.184 
381      381    (0)    1 :  0.032 0.199 0.177 0.188 0.197 0.207 
382      382    (0)    1 :  0.024 0.204 0.168 0.184 0.221 0.199 
383      383    (0)    1 :  0.043 0.214 0.163 0.195 0.179 0.206 
384      384    (0)    1 :  0.012 0.187 0.206 0.176 0.219 0.200 
385      385    (0)    1 :  0.098 0.169 0.182 0.192 0.175 0.184 
386      386    (0)    1 :  0.020 0.189 0.202 0.206 0.182 0.202 
387      387    (0)    1 :  0.133 0.182 0.168 0.201 0.136 0.180 
388      388    (0)    1 :  0.443 0.126 0.108 0.112 0.114 0.098 
389      389    (0)    1 :  0.382 0.143 0.118 0.118 0.118 0.120 
390      390    (0)    1 :  0.030 0.184 0.180 0.217 0.207 0.182 
391      391    (0)    1 :  0.033 0.208 0.184 0.193 0.202 0.181 
392      392    (0)    1 :  0.095 0.193 0.218 0.167 0.159 0.167 
393      393    (0)    1 :  0.029 0.196 0.180 0.193 0.166 0.236 
394      394    (0)    1 :  0.045 0.208 0.190 0.186 0.208 0.163 
395      395    (0)    1 :  0.077 0.175 0.219 0.182 0.175 0.172 
396      396    (0)    1 :  0.025 0.196 0.214 0.262 0.163 0.139 
397      397    (0)    1 :  0.192 0.187 0.155 0.163 0.140 0.164 
398      398    (0)    1 :  0.016 0.203 0.178 0.201 0.175 0.227 
399      399    (0)    1 :  0.012 0.193 0.204 0.186 0.232 0.173 
400      400    (0)    1 :  0.073 0.178 0.199 0.188 0.175 0.187 
401      401    (0)    1 :  0.156 0.179 0.161 0.186 0.164 0.154 
402      402    (0)    1 :  0.041 0.176 0.233 0.203 0.187 0.161 
403      403    (0)    1 :  0.231 0.154 0.172 0.171 0.145 0.127 
404      404    (0)    1 :  0.035 0.164 0.230 0.149 0.234 0.187 
405      405    (0)    1 :  0.021 0.210 0.198 0.190 0.177 0.204 
406      406    (0)    1 :  0.561 0.093 0.094 0.089 0.084 0.080 
407      407    (0)    1 :  0.224 0.161 0.154 0.152 0.155 0.153 
408      408    (7)    1 :  0.016 0.209 0.164 0.188 0.211 0.212 
409      409   (15)    1 :  0.048 0.195 0.165 0.218 0.180 0.195 
410      410   (15)    1 :  0.231 0.155 0.155 0.166 0.134 0.159 
411      411    (0)    1 :  0.024 0.212 0.179 0.176 0.187 0.222 
412      412    (0)    1 :  0.029 0.208 0.218 0.208 0.153 0.184 
413      413   (15)    1 :  0.014 0.199 0.204 0.181 0.200 0.203 
414      414    (0)    1 :  0.150 0.166 0.171 0.185 0.174 0.153 
415      415    (0)    1 :  0.031 0.199 0.188 0.195 0.211 0.175 
416      416    (0)    1 :  0.017 0.195 0.174 0.208 0.201 0.205 
417      417    (0)    1 :  0.071 0.194 0.183 0.186 0.218 0.148 
418      418    (0)    1 :  0.019 0.198 0.197 0.184 0.199 0.203 
419      419    (0)    1 :  0.051 0.193 0.174 0.190 0.217 0.175 
420      420    (0)    1 :  0.436 0.120 0.100 0.121 0.113 0.110 
421      421    (0)    1 :  0.032 0.169 0.243 0.206 0.177 0.173 
422      422    (0)    1 :  0.015 0.194 0.186 0.191 0.200 0.214 
423      423    (0)    1 :  0.020 0.208 0.189 0.176 0.219 0.188 
424      424    (0)    1 :  0.123 0.179 0.176 0.157 0.175 0.191 
425      425    (0)    1 :  0.095 0.164 0.213 0.184 0.171 0.172 
426      426    (0)    1 :  0.044 0.198 0.175 0.194 0.194 0.195 
427      427    (0)    1 :  0.016 0.222 0.174 0.194 0.201 0.192 
428      428    (0)    1 :  0.033 0.188 0.242 0.226 0.186 0.124 
429      429    (0)    1 :  0.368 0.116 0.125 0.133 0.114 0.144 
430      430    (0)    1 :  0.032 0.201 0.190 0.207 0.197 0.173 
431      431    (7)    1 :  0.020 0.203 0.190 0.182 0.212 0.192 
432      432    (0)    1 :  0.014 0.196 0.202 0.185 0.202 0.201 
433      433    (0)    1 :  0.013 0.201 0.200 0.188 0.195 0.202 
434      434    (0)    1 :  0.028 0.212 0.211 0.184 0.167 0.197 
435      435    (7)    1 :  0.053 0.188 0.201 0.206 0.164 0.188 
436      436    (0)    1 :  0.032 0.185 0.219 0.202 0.186 0.175 
437      437    (7)    1 :  0.022 0.213 0.167 0.194 0.184 0.219 
438      438    (0)    1 :  0.032 0.199 0.181 0.187 0.199 0.203 
439      439    (0)    1 :  0.064 0.181 0.220 0.228 0.154 0.152 
440      440    (0)    1 :  0.016 0.182 0.196 0.184 0.219 0.202 
441      441    (0)    1 :  0.097 0.188 0.178 0.182 0.199 0.157 
442      442    (0)    1 :  0.179 0.177 0.150 0.166 0.181 0.147 
443      443    (0)    1 :  0.019 0.201 0.150 0.200 0.185 0.246 
444      444    (0)    1 :  0.012 0.218 0.178 0.188 0.196 0.208 
445      445    (0)    1 :  0.034 0.190 0.188 0.232 0.154 0.203 
446      446    (0)    1 :  0.036 0.180 0.191 0.183 0.205 0.205 
447      447    (0)    1 :  0.268 0.143 0.149 0.142 0.166 0.131 
448      448    (0)    1 :  0.031 0.188 0.192 0.232 0.167 0.190 
449      449    (0)    1 :  0.020 0.201 0.171 0.199 0.187 0.221 
450      450    (0)    1 :  0.293 0.119 0.143 0.135 0.168 0.143 
451      451    (0)    1 :  0.354 0.126 0.135 0.144 0.116 0.124 
452      452    (0)    1 :  0.019 0.182 0.199 0.165 0.226 0.209 
453      453    (7)    1 :  0.048 0.195 0.208 0.229 0.176 0.145 
454      454    (7)    1 :  0.039 0.202 0.184 0.185 0.215 0.174 
455      455    (0)    1 :  0.036 0.175 0.219 0.154 0.222 0.194 
456      456    (0)    1 :  0.044 0.202 0.182 0.187 0.188 0.197 
457      457    (0)    1 :  0.016 0.186 0.220 0.178 0.221 0.178 
458      458    (0)    1 :  0.024 0.187 0.198 0.184 0.195 0.212 
459      459    (0)    1 :  0.181 0.167 0.141 0.170 0.176 0.166 
460      460    (0)    1 :  0.456 0.115 0.101 0.114 0.095 0.119 
461      461   (15)    1 :  0.062 0.190 0.177 0.187 0.188 0.198 
462      462    (0)    1 :  0.019 0.209 0.192 0.205 0.184 0.191 
463      463    (0)    1 :  0.019 0.175 0.196 0.176 0.225 0.209 
464      464    (0)    1 :  0.024 0.213 0.196 0.182 0.176 0.209 
465      465    (7)    1 :  0.066 0.193 0.187 0.184 0.201 0.169 
466      466    (0)    1 :  0.230 0.170 0.146 0.149 0.164 0.142 
467      467    (0)    1 :  0.021 0.205 0.187 0.189 0.188 0.210 
468      468    (0)    1 :  0.033 0.180 0.192 0.193 0.183 0.218 
469      469    (7)    1 :  0.014 0.185 0.217 0.198 0.221 0.166 
470      470    (0)    1 :  0.143 0.156 0.175 0.157 0.189 0.179 
471      471    (0)    1 :  0.121 0.176 0.183 0.179 0.162 0.178 
472      472    (0)    1 :  0.059 0.202 0.159 0.195 0.177 0.207 
473      473    (0)    1 :  0.021 0.212 0.199 0.188 0.187 0.192 
474      474    (0)    1 :  0.043 0.181 0.206 0.190 0.191 0.190 
475      475    (0)    1 :  0.011 0.196 0.229 0.157 0.205 0.203 
476      476    (0)    1 :  0.328 0.136 0.132 0.140 0.124 0.139 
477      477    (0)    1 :  0.086 0.173 0.194 0.172 0.189 0.185 
478      478    (0)    1 :  0.060 0.186 0.172 0.192 0.197 0.192 
479      479    (0)    1 :  0.046 0.182 0.219 0.157 0.202 0.194 
480      480    (0)    1 :  0.077 0.200 0.190 0.173 0.181 0.178 
481      481    (0)    1 :  0.111 0.168 0.192 0.179 0.186 0.163 
482      482    (0)    1 :  0.190 0.147 0.189 0.145 0.173 0.157 
483      483    (0)    1 :  0.018 0.196 0.181 0.242 0.175 0.187 
484      484   (15)    1 :  0.101 0.183 0.167 0.209 0.163 0.177 
485      485    (0)    1 :  0.170 0.156 0.174 0.171 0.172 0.157 
486      486    (0)    1 :  0.104 0.186 0.196 0.161 0.163 0.190 
487      487    (0)    1 :  0.037 0.197 0.187 0.201 0.202 0.177 
488      488    (0)    1 :  0.152 0.183 0.145 0.187 0.152 0.181 
489      489    (0)    1 :  0.023 0.179 0.181 0.189 0.214 0.214 
490      490    (0)    1 :  0.057 0.215 0.175 0.194 0.170 0.188 
491      491    (0)    1 :  0.051 0.188 0.194 0.185 0.173 0.208 
492      492    (0)    1 :  0.083 0.196 0.167 0.204 0.156 0.194 
493      493    (0)    1 :  0.014 0.166 0.205 0.202 0.213 0.199 
494      494    (0)    1 :  0.020 0.214 0.188 0.189 0.162 0.228 
495      495    (0)    1 :  0.057 0.197 0.178 0.192 0.191 0.185 
496      496    (0)    1 :  0.098 0.189 0.172 0.230 0.146 0.166 
497      497   (15)    1 :  0.030 0.190 0.198 0.189 0.204 0.189 
498      498    (0)    1 :  0.018 0.184 0.196 0.179 0.208 0.215 
499      499    (0)    1 :  0.313 0.131 0.129 0.141 0.135 0.151 
500      500    (0)    1 :  0.019 0.191 0.198 0.170 0.216 0.206 
501      501    (0)    1 :  0.148 0.139 0.191 0.153 0.189 0.180 
502      502    (0)    1 :  0.026 0.193 0.204 0.184 0.185 0.207 
503      503    (0)    1 :  0.020 0.175 0.217 0.205 0.202 0.182 
504      504    (0)    1 :  0.009 0.165 0.213 0.175 0.238 0.200 
505      505   (15)    1 :  0.557 0.091 0.091 0.094 0.079 0.087 
506      506   (23)    1 :  0.443 0.120 0.119 0.115 0.103 0.100 
507      507    (0)    1 :  0.113 0.198 0.149 0.196 0.163 0.181 
508      508    (0)    1 :  0.030 0.192 0.178 0.192 0.208 0.200 
509      509    (0)    1 :  0.441 0.096 0.128 0.105 0.121 0.108 
510      510    (0)    1 :  0.059 0.186 0.214 0.172 0.184 0.186 
511      511    (0)    1 :  0.025 0.191 0.195 0.209 0.191 0.189 
512      512    (7)    1 :  0.222 0.148 0.166 0.167 0.147 0.151 
513      513    (7)    1 :  0.041 0.185 0.207 0.171 0.196 0.200 
514      514    (7)    1 :  0.278 0.145 0.148 0.141 0.152 0.136 
515      515    (0)    1 :  0.095 0.184 0.169 0.196 0.191 0.166 
516      516    (0)    1 :  0.176 0.161 0.160 0.162 0.183 0.157 
517      517    (0)    1 :  0.026 0.211 0.144 0.204 0.177 0.238 
518      518    (0)    1 :  0.045 0.196 0.138 0.232 0.155 0.235 
519      519    (0)    1 :  0.011 0.208 0.195 0.171 0.183 0.231 
520      520    (7)    1 :  0.058 0.183 0.166 0.204 0.166 0.222 
521      521    (0)    1 :  0.046 0.206 0.164 0.186 0.196 0.202 
522      522    (0)    1 :  0.320 0.144 0.125 0.141 0.138 0.132 
523      523    (0)    1 :  0.018 0.177 0.229 0.153 0.215 0.208 
524      524    (0)    1 :  0.067 0.201 0.171 0.172 0.157 0.232 
525      525    (0)    1 :  0.192 0.169 0.163 0.148 0.169 0.160 
526      526    (0)    1 :  0.015 0.207 0.188 0.182 0.217 0.192 
527      527    (0)    1 :  0.297 0.141 0.136 0.134 0.141 0.150 
528      528    (0)    1 :  0.174 0.165 0.162 0.178 0.172 0.149 
529      529    (0)    1 :  0.039 0.179 0.217 0.189 0.221 0.156 
530      530    (0)    1 :  0.131 0.170 0.167 0.177 0.171 0.184 
531      531    (0)    1 :  0.060 0.173 0.199 0.175 0.197 0.196 
532      532    (0)    1 :  0.040 0.183 0.196 0.169 0.207 0.205 
533      533    (0)    1 :  0.032 0.202 0.188 0.204 0.185 0.188 
534      534    (0)    1 :  0.040 0.184 0.187 0.182 0.192 0.215 
535      535    (0)    1 :  0.063 0.180 0.182 0.179 0.195 0.201 
536      536    (0)    1 :  0.086 0.172 0.208 0.161 0.190 0.183 
537      537    (0)    1 :  0.061 0.203 0.162 0.215 0.148 0.211 
538      538    (0)    1 :  0.543 0.096 0.091 0.092 0.092 0.087 
539      539    (0)    1 :  0.172 0.161 0.160 0.151 0.192 0.162 
540      540    (7)    1 :  0.028 0.181 0.218 0.150 0.220 0.203 
541      541    (0)    1 :  0.018 0.159 0.247 0.150 0.234 0.192 
542      542    (0)    1 :  0.019 0.185 0.187 0.222 0.182 0.205 
543      543    (0)    1 :  0.015 0.180 0.195 0.180 0.235 0.195 
544      544    (0)    1 :  0.029 0.195 0.185 0.200 0.190 0.201 
545      545    (0)    1 :  0.034 0.173 0.213 0.192 0.194 0.194 
546      546    (0)    1 :  0.013 0.156 0.221 0.170 0.241 0.200 
547      547    (0)    1 :  0.045 0.187 0.218 0.152 0.178 0.220 
548      548    (0)    1 :  0.019 0.177 0.198 0.165 0.245 0.197 
549      549    (0)    1 :  0.023 0.213 0.191 0.195 0.198 0.180 
550      550    (0)    1 :  0.013 0.186 0.234 0.176 0.200 0.191 
551      551    (0)    1 :  0.022 0.168 0.220 0.153 0.250 0.186 
552      552    (0)    1 :  0.045 0.193 0.192 0.173 0.199 0.199 
553      553    (0)    1 :  0.044 0.190 0.191 0.179 0.209 0.187 
554      554    (0)    1 :  0.019 0.199 0.196 0.187 0.207 0.192 
555      555    (0)    1 :  0.059 0.215 0.151 0.209 0.144 0.223 
556      556    (0)    1 :  0.074 0.173 0.186 0.208 0.173 0.186 
557      557    (0)    1 :  0.104 0.170 0.196 0.179 0.187 0.163 
558      558    (0)    1 :  0.151 0.179 0.160 0.188 0.160 0.161 
559      559    (0)    1 :  0.817 0.036 0.041 0.039 0.033 0.035 
560      560    (0)    1 :  0.076 0.182 0.200 0.179 0.183 0.179 
561      561    (0)    1 :  0.634 0.078 0.055 0.081 0.054 0.098 
562      562    (0)    1 :  0.206 0.162 0.165 0.156 0.154 0.158 
563      563    (0)    1 :  0.816 0.040 0.036 0.035 0.041 0.032 
564      564    (0)    1 :  0.409 0.125 0.108 0.134 0.100 0.123 
565      565    (0)    1 :  0.831 0.035 0.033 0.033 0.034 0.034 
566      566    (0)    1 :  0.213 0.157 0.153 0.158 0.159 0.160 
567      567    (0)    1 :  0.457 0.112 0.113 0.102 0.104 0.112 
568      568    (0)    1 :  0.058 0.185 0.194 0.172 0.208 0.184 
569      569    (0)    1 :  0.285 0.150 0.124 0.170 0.114 0.157 
570      570    (0)    1 :  0.157 0.164 0.161 0.206 0.137 0.176 
571      571    (0)    1 :  0.355 0.139 0.123 0.126 0.134 0.124 
572      572    (0)    1 :  0.562 0.086 0.076 0.093 0.073 0.110 
573      573    (0)    1 :  0.846 0.034 0.029 0.029 0.032 0.030 
574      574    (0)    1 :  0.192 0.177 0.149 0.167 0.166 0.148 
575      575    (0)    1 :  0.447 0.108 0.102 0.112 0.118 0.113 
576      576    (0)    1 :  0.469 0.105 0.106 0.104 0.098 0.119 
577      577    (0)    1 :  0.776 0.046 0.045 0.043 0.046 0.045 
578      578    (0)    1 :  0.412 0.122 0.116 0.125 0.115 0.110 
579      579    (0)    1 :  0.609 0.077 0.079 0.082 0.082 0.072 
580      580    (0)    1 :  0.762 0.057 0.045 0.047 0.045 0.044 
581      581    (0)    1 :  0.433 0.107 0.107 0.109 0.115 0.130 
582      582    (0)    1 :  0.694 0.066 0.053 0.063 0.056 0.068 
583      583    (0)    1 :  0.853 0.031 0.029 0.030 0.032 0.026 
584      584    (0)    1 :  0.828 0.036 0.036 0.035 0.033 0.033 
585      585    (0)    1 :  0.788 0.046 0.041 0.037 0.041 0.047 
586      586    (0)    1 :  0.309 0.148 0.137 0.137 0.148 0.122 
587      587    (7)    1 :  0.141 0.191 0.163 0.174 0.158 0.174 
588      588    (0)    1 :  0.195 0.147 0.162 0.161 0.150 0.185 
589      589    (0)    1 :  0.120 0.205 0.141 0.187 0.136 0.212 
590      590    (0)    1 :  0.885 0.022 0.024 0.023 0.021 0.024 
591      591    (0)    1 :  0.517 0.100 0.082 0.113 0.090 0.099 
592      592    (0)    1 :  0.683 0.067 0.058 0.066 0.059 0.066 
593      593    (0)    1 :  0.529 0.089 0.089 0.107 0.097 0.089 
594      594    (0)    1 :  0.905 0.019 0.019 0.018 0.020 0.019 
595      595   (15)    1 :  0.823 0.037 0.036 0.037 0.033 0.034 
596      596    (0)    1 :  0.617 0.081 0.068 0.081 0.074 0.080 
597      597    (0)    1 :  0.722 0.056 0.062 0.049 0.052 0.058 
598      598    (0)    1 :  0.931 0.014 0.014 0.014 0.013 0.015 
599      599    (0)    1 :  0.757 0.051 0.044 0.054 0.045 0.049 
600      600    (0)    1 :  0.047 0.183 0.214 0.234 0.164 0.158 
601      601    (0)    1 :  0.653 0.067 0.074 0.071 0.072 0.063 
602      602    (0)    1 :  0.929 0.014 0.014 0.015 0.014 0.014 
603      603    (0)    1 :  0.462 0.121 0.092 0.118 0.089 0.118 
604      604    (0)    1 :  0.616 0.082 0.081 0.085 0.070 0.066 
605      605    (0)    1 :  0.737 0.054 0.047 0.054 0.056 0.052 
606      606    (0)    1 :  0.206 0.171 0.149 0.144 0.173 0.158 
607      607    (0)    1 :  0.135 0.181 0.191 0.170 0.168 0.155 
608      608    (0)    1 :  0.713 0.059 0.056 0.062 0.050 0.060 
609      609    (0)    1 :  0.189 0.180 0.140 0.177 0.135 0.179 
610      610    (0)    1 :  0.857 0.027 0.027 0.032 0.029 0.028 
611      611    (0)    1 :  0.197 0.174 0.148 0.174 0.145 0.163 
612      612    (0)    1 :  0.907 0.019 0.018 0.018 0.017 0.020 
613      613    (0)    1 :  0.199 0.172 0.157 0.182 0.134 0.155 
614      614    (0)    1 :  0.675 0.064 0.065 0.069 0.065 0.062 
615      615    (0)    1 :  0.517 0.108 0.080 0.127 0.077 0.091 
616      616    (0)    1 :  0.501 0.102 0.113 0.119 0.085 0.080 
617      617    (0)    1 :  0.520 0.086 0.106 0.090 0.099 0.100 
618      618    (0)    1 :  0.857 0.030 0.028 0.029 0.026 0.030 
619      619    (0)    1 :  0.918 0.017 0.016 0.016 0.016 0.017 
620      620    (0)    1 :  0.930 0.014 0.014 0.015 0.013 0.013 
621      621    (7)    1 :  0.785 0.042 0.045 0.046 0.041 0.040 
622      622    (0)    1 :  0.843 0.030 0.031 0.034 0.032 0.031 
623      623    (0)    1 :  0.887 0.023 0.022 0.021 0.024 0.023 
624      624    (0)    1 :  0.773 0.047 0.047 0.043 0.045 0.045 
625      625    (0)    1 :  0.868 0.027 0.026 0.027 0.025 0.027 
626      626    (7)    1 :  0.940 0.013 0.012 0.012 0.011 0.013 
627      627    (0)    1 :  0.891 0.022 0.021 0.023 0.021 0.022 
628      628    (0)    1 :  0.920 0.016 0.016 0.016 0.017 0.016 
629      629    (0)    1 :  0.902 0.021 0.019 0.019 0.021 0.019 
630      630    (0)    1 :  0.834 0.034 0.033 0.033 0.033 0.034 
631      631    (0)    1 :  0.912 0.017 0.018 0.018 0.017 0.018 
632      632    (0)    1 :  0.292 0.161 0.108 0.148 0.116 0.174 
633      633    (0)    1 :  0.922 0.016 0.015 0.015 0.016 0.017 
634      634    (0)    1 :  0.298 0.137 0.150 0.138 0.152 0.124 
635      635    (0)    1 :  0.469 0.111 0.099 0.110 0.106 0.105 
636      636    (0)    1 :  0.667 0.069 0.066 0.085 0.059 0.054 
637      637    (0)    1 :  0.931 0.014 0.013 0.013 0.014 0.014 
638      638    (0)    1 :  0.446 0.109 0.102 0.109 0.110 0.123 
639      639    (0)    1 :  0.878 0.027 0.021 0.026 0.021 0.026 
640      640    (0)    1 :  0.845 0.030 0.031 0.034 0.030 0.029 
641      641    (0)    1 :  0.852 0.029 0.030 0.029 0.031 0.029 
642      642    (0)    1 :  0.683 0.067 0.053 0.066 0.066 0.066 
643      643    (0)    1 :  0.887 0.024 0.020 0.025 0.021 0.023 
644      644    (0)    1 :  0.748 0.056 0.045 0.055 0.042 0.055 
645      645    (0)    1 :  0.634 0.085 0.064 0.075 0.055 0.087 
646      646    (0)    1 :  0.853 0.028 0.027 0.030 0.033 0.028 
647      647    (0)    1 :  0.147 0.182 0.158 0.171 0.159 0.183 
648      648    (0)    1 :  0.296 0.152 0.122 0.153 0.120 0.157 
649      649    (0)    1 :  0.874 0.025 0.027 0.025 0.026 0.023 
650      650    (0)    1 :  0.354 0.126 0.148 0.172 0.114 0.085 
651      651    (0)    1 :  0.805 0.040 0.033 0.040 0.038 0.044 
652      652    (0)    1 :  0.747 0.050 0.049 0.053 0.046 0.054 
653      653    (0)    1 :  0.700 0.063 0.060 0.056 0.059 0.063 
654      654    (0)    1 :  0.890 0.021 0.021 0.022 0.022 0.023 
655      655    (0)    1 :  0.861 0.028 0.027 0.026 0.029 0.028 
656      656    (0)    1 :  0.946 0.011 0.011 0.011 0.011 0.010 
657      657    (0)    1 :  0.914 0.017 0.017 0.017 0.017 0.018 
658      658    (0)    1 :  0.780 0.046 0.043 0.045 0.043 0.042 
659      659    (0)    1 :  0.326 0.137 0.120 0.156 0.128 0.132 
660      660    (0)    1 :  0.917 0.018 0.016 0.017 0.015 0.017 
661      661    (0)    1 :  0.301 0.147 0.131 0.146 0.130 0.146 
662      662    (0)    1 :  0.923 0.015 0.015 0.017 0.016 0.015 
663      663    (0)    1 :  0.676 0.065 0.069 0.064 0.064 0.062 
664      664    (0)    1 :  0.681 0.065 0.062 0.068 0.058 0.066 
665      665    (0)    1 :  0.878 0.024 0.021 0.025 0.024 0.028 
666      666    (0)    1 :  0.883 0.025 0.024 0.022 0.024 0.021 
667      667    (0)    1 :  0.724 0.061 0.054 0.056 0.050 0.055 
668      668    (0)    1 :  0.718 0.052 0.055 0.071 0.047 0.058 


Estimated Allele Frequencies in each cluster
First column gives estimated ancestral frequencies


Locus 1 : 
7 alleles
0.3% missing data
 231   (0.841) 0.972 0.847 0.843 0.847 0.841 0.843 
 233   (0.025) 0.003 0.023 0.023 0.023 0.024 0.025 
 227   (0.086) 0.018 0.088 0.095 0.087 0.099 0.089 
 235   (0.018) 0.002 0.017 0.017 0.018 0.017 0.017 
 229   (0.011) 0.001 0.010 0.009 0.009 0.007 0.010 
 225   (0.015) 0.004 0.013 0.012 0.014 0.011 0.014 
 237   (0.003) 0.000 0.002 0.001 0.002 0.001 0.002 

Locus 2 : 
4 alleles
0.3% missing data
 174   (0.581) 0.560 0.581 0.577 0.569 0.578 0.585 
 172   (0.168) 0.244 0.169 0.170 0.177 0.167 0.166 
 176   (0.248) 0.194 0.248 0.253 0.253 0.254 0.248 
 178   (0.003) 0.002 0.002 0.001 0.002 0.001 0.002 

Locus 3 : 
4 alleles
0.3% missing data
 170   (0.553) 0.601 0.550 0.545 0.551 0.539 0.542 
 184   (0.251) 0.242 0.254 0.246 0.248 0.247 0.249 
 182   (0.192) 0.157 0.195 0.207 0.199 0.213 0.206 
 186   (0.003) 0.000 0.002 0.001 0.002 0.001 0.002 

Locus 4 : 
8 alleles
0.1% missing data
 134   (0.419) 0.443 0.424 0.420 0.417 0.437 0.422 
 132   (0.150) 0.165 0.148 0.147 0.152 0.143 0.145 
 136   (0.186) 0.279 0.183 0.181 0.179 0.181 0.189 
 138   (0.158) 0.022 0.162 0.168 0.163 0.167 0.167 
 142   (0.022) 0.040 0.021 0.017 0.019 0.017 0.019 
 130   (0.057) 0.045 0.057 0.063 0.066 0.051 0.052 
 128   (0.005) 0.000 0.004 0.003 0.003 0.003 0.004 
 144   (0.003) 0.006 0.002 0.001 0.002 0.001 0.002 

Locus 5 : 
9 alleles
0.1% missing data
 158   (0.190) 0.088 0.192 0.196 0.195 0.186 0.192 
 164   (0.128) 0.103 0.127 0.124 0.126 0.123 0.126 
 156   (0.240) 0.121 0.246 0.245 0.244 0.260 0.247 
 166   (0.174) 0.146 0.175 0.170 0.172 0.172 0.172 
 162   (0.149) 0.186 0.148 0.145 0.148 0.147 0.149 
 168   (0.017) 0.005 0.016 0.017 0.019 0.014 0.014 
 160   (0.093) 0.352 0.089 0.098 0.089 0.093 0.093 
 170   (0.005) 0.000 0.004 0.003 0.003 0.003 0.004 
 152   (0.004) 0.000 0.003 0.002 0.003 0.002 0.003 

Locus 6 : 
11 alleles
0.7% missing data
 106   (0.189) 0.242 0.192 0.204 0.187 0.200 0.193 
 110   (0.243) 0.123 0.248 0.242 0.244 0.248 0.250 
 104   (0.161) 0.232 0.159 0.156 0.161 0.155 0.159 
 108   (0.079) 0.095 0.080 0.083 0.086 0.082 0.078 
 112   (0.049) 0.008 0.048 0.050 0.045 0.049 0.050 
 102   (0.129) 0.156 0.127 0.122 0.132 0.121 0.128 
 114   (0.082) 0.109 0.081 0.083 0.080 0.083 0.079 
 116   (0.042) 0.007 0.042 0.039 0.042 0.040 0.040 
 100   (0.008) 0.026 0.005 0.004 0.006 0.004 0.006 
 118   (0.015) 0.001 0.016 0.016 0.015 0.017 0.014 
  92   (0.003) 0.000 0.002 0.001 0.002 0.001 0.002 

Locus 7 : 
6 alleles
0.7% missing data
 254   (0.626) 0.778 0.626 0.623 0.627 0.623 0.620 
 258   (0.084) 0.050 0.082 0.084 0.079 0.078 0.082 
 256   (0.055) 0.085 0.053 0.052 0.053 0.054 0.058 
 250   (0.144) 0.018 0.149 0.152 0.154 0.158 0.152 
 260   (0.036) 0.005 0.037 0.035 0.034 0.037 0.034 
 252   (0.055) 0.064 0.053 0.054 0.052 0.050 0.055 

Locus 8 : 
10 alleles
1.3% missing data
 121   (0.536) 0.449 0.552 0.555 0.552 0.564 0.545 
 129   (0.007) 0.004 0.005 0.004 0.005 0.004 0.005 
 127   (0.145) 0.126 0.142 0.149 0.145 0.147 0.151 
 123   (0.139) 0.250 0.135 0.128 0.135 0.135 0.137 
 119   (0.063) 0.156 0.060 0.063 0.062 0.056 0.058 
 117   (0.020) 0.002 0.019 0.020 0.019 0.015 0.019 
 125   (0.074) 0.011 0.074 0.071 0.071 0.069 0.073 
 133   (0.008) 0.000 0.006 0.005 0.006 0.006 0.007 
 131   (0.004) 0.000 0.003 0.002 0.003 0.002 0.003 
 107   (0.004) 0.001 0.003 0.002 0.003 0.002 0.003 

Locus 9 : 
5 alleles
0.3% missing data
 180   (0.257) 0.428 0.254 0.245 0.244 0.248 0.258 
 182   (0.678) 0.519 0.686 0.695 0.695 0.693 0.681 
 186   (0.023) 0.003 0.022 0.021 0.021 0.022 0.022 
 178   (0.029) 0.002 0.027 0.031 0.030 0.029 0.028 
 184   (0.013) 0.048 0.010 0.009 0.010 0.009 0.010 

Locus 10 : 
10 alleles
1.0% missing data
 198   (0.207) 0.292 0.211 0.209 0.208 0.204 0.202 
 206   (0.096) 0.188 0.093 0.094 0.093 0.098 0.098 
 196   (0.227) 0.187 0.230 0.232 0.230 0.231 0.230 
 210   (0.077) 0.028 0.074 0.079 0.075 0.080 0.079 
 208   (0.272) 0.063 0.280 0.278 0.281 0.287 0.279 
 202   (0.004) 0.000 0.003 0.002 0.003 0.002 0.003 
 204   (0.079) 0.187 0.076 0.073 0.078 0.067 0.075 
 200   (0.025) 0.003 0.024 0.026 0.024 0.025 0.025 
 212   (0.005) 0.000 0.004 0.003 0.004 0.003 0.004 
 194   (0.007) 0.051 0.005 0.004 0.005 0.003 0.005 

Locus 11 : 
9 alleles
0.6% missing data
 164   (0.353) 0.732 0.348 0.352 0.352 0.346 0.351 
 168   (0.271) 0.122 0.278 0.280 0.273 0.300 0.282 
 170   (0.251) 0.091 0.254 0.253 0.249 0.247 0.254 
 146   (0.024) 0.002 0.025 0.025 0.023 0.024 0.023 
 172   (0.051) 0.040 0.050 0.050 0.059 0.045 0.047 
 158   (0.004) 0.001 0.003 0.002 0.003 0.002 0.003 
 154   (0.019) 0.002 0.019 0.018 0.019 0.018 0.017 
 166   (0.022) 0.002 0.021 0.019 0.020 0.016 0.020 
 174   (0.005) 0.008 0.003 0.002 0.003 0.002 0.003 

Locus 12 : 
11 alleles
2.1% missing data
 200   (0.208) 0.404 0.209 0.209 0.204 0.217 0.208 
 208   (0.082) 0.011 0.082 0.086 0.084 0.084 0.087 
 198   (0.211) 0.098 0.215 0.217 0.213 0.219 0.218 
 206   (0.217) 0.336 0.219 0.213 0.224 0.207 0.205 
 196   (0.154) 0.015 0.160 0.170 0.162 0.171 0.166 
 204   (0.026) 0.047 0.024 0.019 0.023 0.021 0.024 
 190   (0.004) 0.000 0.003 0.002 0.003 0.002 0.003 
 202   (0.043) 0.040 0.041 0.038 0.042 0.036 0.038 
 194   (0.037) 0.006 0.035 0.038 0.033 0.032 0.036 
 192   (0.009) 0.030 0.007 0.005 0.007 0.005 0.007 
 210   (0.008) 0.013 0.006 0.004 0.005 0.004 0.006 

Locus 13 : 
9 alleles
1.2% missing data
 147   (0.388) 0.452 0.387 0.386 0.386 0.381 0.386 
 145   (0.104) 0.015 0.107 0.111 0.103 0.112 0.113 
 143   (0.261) 0.461 0.260 0.251 0.262 0.255 0.255 
 149   (0.040) 0.047 0.041 0.035 0.038 0.039 0.036 
 141   (0.017) 0.007 0.015 0.013 0.016 0.013 0.015 
 151   (0.156) 0.015 0.161 0.178 0.166 0.173 0.165 
 153   (0.023) 0.001 0.021 0.018 0.020 0.020 0.022 
 155   (0.006) 0.000 0.004 0.004 0.004 0.004 0.005 
 139   (0.005) 0.001 0.004 0.004 0.006 0.003 0.004 

Values of parameters used in structure:
DATAFILE=/home/martin/bottleneck/structure_analysis/structure_4/data_job_T6_1,	OUTFILE=/home/martin/bottleneck/structure_analysis/structure_4/structure_results/stellers_sea_lion/results_job_T6_1,	NUMINDS=668,	NUMLOCI=13,	MISSING=-9,	LABEL=1,	POPDATA=1,	POPFLAG=0,	PHENOTYPE=0,	EXTRACOLS=0,	MAXPOPS=6,	BURNIN=10000,	NUMREPS=100000,	USEPOPINFO=0,	INFERALPHA=1,	INFERLAMBDA=0,	POPSPECIFICLAMBDA=0,	POPALPHAS=0,	COMPUTEPROB=1,	NOADMIX=0,	ADMBURNIN=2500,	UPDATEFREQ=1,	PRINTLIKES=0,	INTERMEDSAVE=0,	PRINTKLD=0,	PRINTNET=0,	PRINTLAMBDA=0,	ANCESTDIST=0,	NUMBOXES=1000,	ANCESTPINT=0.90000,	GENSBACK=2,	MIGRPRIOR=0.05000,	PRINTQHAT=1,	PRINTQSUM=0,	ALPHA=1.0000,	FREQSCORR=1,	FPRIORMEAN=0.0100,	FPRIORSD=0.0500,	ONEFST=0,	LAMBDA=1.0000,	UNIFPRIORALPHA=1,	ALPHAMAX=10.0000,	ALPHAPRIORA=1.0000,	ALPHAPRIORB=2.0000,	ALPHAPROPSD=0.0250,	STARTATPOPINFO=0,	RANDOMIZE=1,	LINKAGE=0,	METROFREQ=10,	REPORTHITRATE=0,	MARKOVPHASE=-1,	PHASED=0,	PLOIDY=2,	PHASEINFO=0	LOCPRIOR=0, 	LOCPRIORINIT=1.000000, 	LOCDATA=0, 	LOCISPOP=0, 	LOCPRIORSTEP=0.100000, 	MAXLOCPRIOR=20.000000, 	SEED=1470423028,	
[STRAT parameters]:    NUMSIMSTATS=1000,	PHENOTYPECOL=-9,	POOLFREQ=10,	LOCUSxONLY=0,	EMERROR=0.00100,	MISSINGPHENO=-9,	