  1:   0.3455  0.3830  0.2715  1
  2:   0.2586  0.4387  0.3027  1
  3:   0.3308  0.3442  0.3250  1
  4:   0.3041  0.3201  0.3759  1
  5:   0.3301  0.3541  0.3159  1
  6:   0.3419  0.3595  0.2987  1
  7:   0.3274  0.2962  0.3764  1
  8:   0.3218  0.3830  0.2952  1
  9:   0.3362  0.3422  0.3216  1
 10:   0.3567  0.3729  0.2704  1
 11:   0.3064  0.2890  0.4046  1
 12:   0.3020  0.3103  0.3877  1
 13:   0.2928  0.3396  0.3676  1
 14:   0.2940  0.2258  0.4801  1
 15:   0.3047  0.3079  0.3874  1
 16:   0.3327  0.3481  0.3191  1
 17:   0.3052  0.2536  0.4412  1
 18:   0.3403  0.3517  0.3081  1
 19:   0.3001  0.2957  0.4042  1
 20:   0.3117  0.3031  0.3852  1
 21:   0.3175  0.2524  0.4301  1
 22:   0.3058  0.3382  0.3560  1
 23:   0.3199  0.3721  0.3079  1
 24:   0.3675  0.3337  0.2989  1
 25:   0.3189  0.3665  0.3145  1
 26:   0.3777  0.3369  0.2854  1
 27:   0.3452  0.3676  0.2872  1
 28:   0.3686  0.3708  0.2606  1
 29:   0.2973  0.3051  0.3977  1
 30:   0.3799  0.3280  0.2921  1
 31:   0.3160  0.3826  0.3014  1
 32:   0.3155  0.3359  0.3487  1
 33:   0.3716  0.3610  0.2674  1
 34:   0.2862  0.3442  0.3696  1
 35:   0.3151  0.4133  0.2716  1
 36:   0.3498  0.3146  0.3356  1
 37:   0.3770  0.3690  0.2539  1
 38:   0.3347  0.3291  0.3361  1
 39:   0.3606  0.3570  0.2824  1
 40:   0.3031  0.2245  0.4723  1
 41:   0.3447  0.3631  0.2921  1
 42:   0.3508  0.3665  0.2827  1
 43:   0.3562  0.3910  0.2528  1
 44:   0.3551  0.3345  0.3103  1
 45:   0.3502  0.3990  0.2508  1
 46:   0.3555  0.3475  0.2969  1
 47:   0.3415  0.3309  0.3275  1
 48:   0.3418  0.3206  0.3376  1
 49:   0.3805  0.3551  0.2645  1
 50:   0.3254  0.3694  0.3052  1
 51:   0.3597  0.3277  0.3127  1
 52:   0.3475  0.3217  0.3309  1
 53:   0.3377  0.3789  0.2833  1
 54:   0.3224  0.3206  0.3570  1
 55:   0.3237  0.2869  0.3894  1
 56:   0.3594  0.3526  0.2880  1
 57:   0.3299  0.3363  0.3339  1
 58:   0.3065  0.3189  0.3747  1
 59:   0.3531  0.3918  0.2551  1
 60:   0.3499  0.3281  0.3221  1
 61:   0.3904  0.3450  0.2646  1
 62:   0.3785  0.3641  0.2574  1
 63:   0.3749  0.3567  0.2685  1
 64:   0.3177  0.2691  0.4133  1
 65:   0.3377  0.3631  0.2991  1
 66:   0.3846  0.3640  0.2514  1
 67:   0.3399  0.3717  0.2885  1
 68:   0.3381  0.3357  0.3263  1
 69:   0.3472  0.3692  0.2836  1
 70:   0.4176  0.3363  0.2461  1
 71:   0.3539  0.3801  0.2659  1
 72:   0.3214  0.3152  0.3634  1
 73:   0.3155  0.3919  0.2925  1
 74:   0.3220  0.3618  0.3162  1
 75:   0.3232  0.3544  0.3224  1
 76:   0.3921  0.3465  0.2614  1
 77:   0.3113  0.3237  0.3650  1
 78:   0.3550  0.3722  0.2728  1
 79:   0.3619  0.3785  0.2597  1
 80:   0.3847  0.3529  0.2624  1
 81:   0.3632  0.3478  0.2890  1
 82:   0.2984  0.2314  0.4702  1
 83:   0.3142  0.3478  0.3380  1
 84:   0.3011  0.2363  0.4626  1
 85:   0.3746  0.3575  0.2679  1
 86:   0.3301  0.3561  0.3138  1
 87:   0.3790  0.3696  0.2514  1
 88:   0.3231  0.4037  0.2731  1
 89:   0.3093  0.2511  0.4396  1
 90:   0.3515  0.3643  0.2841  1
 91:   0.3225  0.3814  0.2961  1
 92:   0.3026  0.2718  0.4256  1
 93:   0.3585  0.3369  0.3047  1
 94:   0.3505  0.3689  0.2805  1
 95:   0.3769  0.3467  0.2764  1
 96:   0.3550  0.3610  0.2840  1
 97:   0.3479  0.3577  0.2943  1
 98:   0.3321  0.3948  0.2731  1
 99:   0.3041  0.2595  0.4363  1
100:   0.3080  0.2750  0.4170  1
101:   0.3928  0.3156  0.2916  1
102:   0.3074  0.3538  0.3388  1
103:   0.3704  0.3502  0.2794  1
104:   0.3620  0.3770  0.2610  1
105:   0.3578  0.3538  0.2884  1
106:   0.3057  0.3575  0.3369  1
107:   0.3528  0.3360  0.3112  1
108:   0.3502  0.3284  0.3214  1
109:   0.3361  0.3197  0.3441  1
110:   0.3211  0.3033  0.3755  1
111:   0.3433  0.3621  0.2946  1
112:   0.3265  0.3753  0.2983  1
113:   0.3014  0.2372  0.4614  1
114:   0.3606  0.3680  0.2714  1
115:   0.3218  0.3292  0.3490  1
116:   0.3357  0.3363  0.3279  1
117:   0.3424  0.3790  0.2786  1
118:   0.3622  0.3698  0.2680  1
119:   0.3251  0.2963  0.3786  1
120:   0.3068  0.2582  0.4350  1
121:   0.3024  0.2086  0.4890  1
122:   0.3776  0.3297  0.2927  1
123:   0.2968  0.2752  0.4280  1
124:   0.3377  0.3311  0.3311  1
125:   0.3447  0.3505  0.3047  1
126:   0.3975  0.3487  0.2537  1
127:   0.3023  0.2861  0.4115  1
128:   0.3397  0.3525  0.3077  1
129:   0.3258  0.3256  0.3486  1
130:   0.3398  0.3840  0.2762  1
131:   0.3203  0.3309  0.3489  1
132:   0.3543  0.3695  0.2763  1
133:   0.3103  0.2475  0.4423  1
134:   0.3056  0.4204  0.2740  1
135:   0.2788  0.4276  0.2936  1
136:   0.3186  0.2890  0.3924  1
137:   0.3239  0.3131  0.3629  1
138:   0.3664  0.3790  0.2547  1
139:   0.3570  0.3486  0.2944  1
140:   0.3692  0.3442  0.2866  1
141:   0.3026  0.2330  0.4643  1
142:   0.3368  0.3136  0.3496  1
143:   0.3621  0.3365  0.3013  1
144:   0.2838  0.4180  0.2982  1
145:   0.3623  0.3631  0.2746  1
146:   0.3357  0.3547  0.3095  1
147:   0.3411  0.3489  0.3101  1
148:   0.3179  0.3815  0.3005  1
149:   0.3153  0.3099  0.3749  1
150:   0.3052  0.3110  0.3838  1
151:   0.3018  0.2446  0.4536  1
152:   0.3900  0.3682  0.2417  1
153:   0.2962  0.2813  0.4225  1
154:   0.3237  0.3299  0.3463  1
155:   0.2937  0.2572  0.4491  1
156:   0.3186  0.3936  0.2878  1
157:   0.3105  0.3967  0.2929  1
158:   0.3525  0.3493  0.2981  1
159:   0.3513  0.3439  0.3047  1
160:   0.2959  0.2461  0.4580  1
161:   0.3425  0.3828  0.2747  1
162:   0.3173  0.2931  0.3897  1
163:   0.3680  0.3488  0.2832  1
164:   0.3328  0.3896  0.2776  1
165:   0.3146  0.3400  0.3454  1
166:   0.3018  0.2358  0.4623  1
167:   0.3979  0.3337  0.2683  1
168:   0.3500  0.2990  0.3510  1
169:   0.3571  0.3489  0.2939  1
170:   0.2991  0.2123  0.4886  1
171:   0.3570  0.3590  0.2840  1
172:   0.3619  0.3345  0.3035  1
173:   0.3002  0.2292  0.4706  1
174:   0.3428  0.3352  0.3220  1
175:   0.3460  0.3590  0.2950  1
176:   0.3253  0.3943  0.2805  1
177:   0.3804  0.3414  0.2782  1
178:   0.3135  0.3609  0.3257  1
179:   0.4011  0.3391  0.2599  1
180:   0.3365  0.3209  0.3427  1
181:   0.2999  0.2855  0.4146  1
182:   0.3417  0.3709  0.2875  1
183:   0.2994  0.2392  0.4615  1
184:   0.3487  0.3341  0.3171  1
185:   0.3001  0.2371  0.4629  1
186:   0.3045  0.2196  0.4759  1
187:   0.3485  0.3793  0.2723  1
188:   0.3212  0.3430  0.3358  1
189:   0.3155  0.2909  0.3937  1
190:   0.2783  0.3910  0.3307  1
191:   0.3011  0.2989  0.3999  1
192:   0.2704  0.4275  0.3020  1
193:   0.3331  0.3435  0.3235  1
194:   0.3246  0.3326  0.3428  1
195:   0.3311  0.4022  0.2667  1
196:   0.3052  0.2320  0.4629  1
197:   0.3680  0.3538  0.2782  1
198:   0.3044  0.2666  0.4290  1
199:   0.3749  0.3561  0.2691  1
200:   0.3725  0.3373  0.2903  1
201:   0.3662  0.3550  0.2788  1
202:   0.2892  0.4285  0.2823  1
203:   0.3343  0.3525  0.3133  1
204:   0.3889  0.3385  0.2726  1
205:   0.3331  0.3691  0.2979  1
206:   0.3331  0.3505  0.3165  1
207:   0.3080  0.3894  0.3026  1
208:   0.3186  0.2574  0.4240  1
209:   0.3125  0.3823  0.3053  1
210:   0.3260  0.3810  0.2930  1
211:   0.3077  0.2678  0.4245  1
212:   0.3016  0.2544  0.4439  1
213:   0.3587  0.3237  0.3175  1
214:   0.3536  0.3756  0.2708  1
215:   0.3355  0.3662  0.2983  1
216:   0.2965  0.2376  0.4659  1
217:   0.3315  0.3131  0.3555  1
218:   0.3153  0.3359  0.3489  1
219:   0.3458  0.4020  0.2522  1
220:   0.3038  0.4312  0.2650  1
221:   0.3112  0.3172  0.3716  1
222:   0.3252  0.4000  0.2748  1
223:   0.3165  0.3517  0.3319  1
224:   0.3888  0.3610  0.2502  1
