1:    0.082 0.084 0.096 0.738 1    
2:    0.643 0.129 0.098 0.130 1    
3:    0.513 0.070 0.304 0.114 1    
4:    0.040 0.084 0.058 0.818 1    
5:    0.044 0.034 0.057 0.865 1    
6:    0.441 0.099 0.340 0.119 1    
7:    0.499 0.165 0.265 0.071 1    
8:    0.039 0.067 0.051 0.842 1    
9:    0.282 0.042 0.591 0.084 1    
10:   0.042 0.044 0.072 0.842 1    
11:   0.057 0.820 0.078 0.045 1    
12:   0.443 0.086 0.098 0.373 1    
13:   0.098 0.406 0.170 0.326 1    
14:   0.178 0.087 0.220 0.515 1    
15:   0.192 0.203 0.527 0.078 1    
16:   0.075 0.405 0.127 0.393 1    
17:   0.185 0.670 0.081 0.064 1    
18:   0.160 0.064 0.079 0.697 1    
19:   0.309 0.175 0.370 0.146 1    
20:   0.114 0.085 0.245 0.556 1    
21:   0.068 0.142 0.116 0.674 1    
22:   0.059 0.123 0.671 0.146 1    
23:   0.814 0.076 0.070 0.041 1    
24:   0.465 0.063 0.415 0.057 1    
25:   0.051 0.737 0.129 0.083 1    
26:   0.692 0.061 0.153 0.094 1    
27:   0.043 0.240 0.231 0.486 1    
28:   0.111 0.364 0.469 0.056 1    
29:   0.419 0.054 0.270 0.257 1    
30:   0.094 0.203 0.607 0.096 1    
31:   0.214 0.494 0.207 0.084 1    
32:   0.103 0.140 0.680 0.078 1    
33:   0.203 0.467 0.271 0.059 1    
34:   0.261 0.338 0.289 0.113 1    
35:   0.114 0.043 0.095 0.749 1    
36:   0.301 0.071 0.559 0.069 1    
37:   0.188 0.605 0.101 0.107 1    
38:   0.221 0.055 0.675 0.049 1    
39:   0.072 0.149 0.290 0.488 1    
40:   0.078 0.795 0.069 0.058 1    
41:   0.184 0.060 0.553 0.204 1    
42:   0.224 0.597 0.125 0.054 1    
43:   0.899 0.033 0.044 0.024 1    
44:   0.818 0.082 0.067 0.032 1    
45:   0.054 0.067 0.063 0.816 1    
46:   0.771 0.109 0.078 0.042 1    
47:   0.072 0.058 0.087 0.783 1    
48:   0.339 0.112 0.474 0.075 1    
49:   0.242 0.084 0.468 0.206 1    
50:   0.066 0.120 0.179 0.635 1    
51:   0.146 0.229 0.306 0.320 1    
52:   0.077 0.764 0.094 0.065 1    
53:   0.077 0.085 0.692 0.146 1    
54:   0.181 0.113 0.147 0.559 1    
55:   0.157 0.581 0.093 0.169 1    
56:   0.438 0.145 0.358 0.059 1    
57:   0.695 0.043 0.186 0.076 1    
58:   0.587 0.046 0.307 0.059 1    
59:   0.220 0.067 0.620 0.093 1    
60:   0.305 0.091 0.455 0.149 1    
61:   0.031 0.852 0.056 0.061 1    
62:   0.623 0.053 0.269 0.054 1    
63:   0.051 0.135 0.125 0.689 1    
64:   0.129 0.117 0.471 0.282 1    
65:   0.192 0.324 0.420 0.063 1    
66:   0.086 0.107 0.233 0.574 1    
67:   0.712 0.135 0.093 0.060 1    
68:   0.554 0.069 0.302 0.075 1    
69:   0.022 0.054 0.051 0.872 1    
70:   0.859 0.028 0.084 0.029 1    
71:   0.137 0.064 0.605 0.194 1    
72:   0.399 0.054 0.376 0.171 1    
73:   0.086 0.095 0.046 0.773 1    
74:   0.053 0.117 0.588 0.242 1    
75:   0.041 0.809 0.080 0.070 1    
76:   0.592 0.096 0.174 0.139 1    
77:   0.286 0.107 0.404 0.203 1    
78:   0.090 0.755 0.098 0.057 1    
79:   0.057 0.712 0.076 0.156 1    
80:   0.459 0.056 0.425 0.060 1    
81:   0.061 0.083 0.398 0.457 1    
82:   0.149 0.294 0.195 0.362 1    
83:   0.489 0.067 0.279 0.164 1    
84:   0.256 0.132 0.291 0.321 1    
85:   0.089 0.048 0.114 0.749 1    
86:   0.514 0.129 0.208 0.150 1    
87:   0.357 0.109 0.372 0.162 1    
88:   0.352 0.150 0.387 0.112 1    
89:   0.053 0.848 0.048 0.050 1    
90:   0.782 0.074 0.091 0.053 1    
91:   0.032 0.559 0.276 0.133 1    
92:   0.762 0.049 0.084 0.105 1    
93:   0.157 0.099 0.645 0.099 1    
94:   0.070 0.070 0.166 0.694 1    
95:   0.201 0.070 0.637 0.092 1    
96:   0.049 0.711 0.185 0.055 1    
97:   0.881 0.040 0.044 0.035 1    
98:   0.100 0.654 0.164 0.082 1    
99:   0.173 0.382 0.369 0.076 1    
100:  0.037 0.855 0.045 0.063 1    
101:  0.338 0.057 0.482 0.124 1    
102:  0.042 0.121 0.705 0.131 1    
103:  0.465 0.099 0.316 0.120 1    
104:  0.054 0.833 0.048 0.065 1    
105:  0.048 0.873 0.040 0.039 1    
106:  0.092 0.046 0.694 0.168 1    
107:  0.064 0.041 0.091 0.804 1    
108:  0.028 0.877 0.037 0.059 1    
109:  0.093 0.756 0.080 0.072 1    
110:  0.498 0.254 0.100 0.147 1    
111:  0.069 0.724 0.109 0.099 1    
112:  0.085 0.094 0.108 0.713 1    
113:  0.588 0.248 0.108 0.056 1    
114:  0.294 0.569 0.075 0.061 1    
115:  0.035 0.047 0.161 0.758 1    
116:  0.043 0.048 0.193 0.716 1    
117:  0.599 0.075 0.265 0.062 1    
118:  0.078 0.100 0.114 0.708 1    
119:  0.065 0.662 0.183 0.090 1    
120:  0.250 0.090 0.514 0.145 1    
121:  0.324 0.073 0.532 0.071 1    
122:  0.512 0.114 0.292 0.082 1    
123:  0.851 0.039 0.065 0.045 1    
124:  0.492 0.075 0.377 0.056 1    
125:  0.641 0.090 0.080 0.189 1    
126:  0.302 0.087 0.400 0.211 1    
127:  0.203 0.178 0.457 0.162 1    
128:  0.069 0.686 0.117 0.128 1    
129:  0.519 0.131 0.268 0.081 1    
130:  0.113 0.063 0.571 0.252 1    
131:  0.691 0.161 0.105 0.044 1    
132:  0.065 0.255 0.500 0.181 1    
133:  0.040 0.866 0.041 0.053 1    
134:  0.317 0.048 0.557 0.079 1    
135:  0.097 0.047 0.783 0.073 1    
136:  0.141 0.072 0.133 0.653 1    
137:  0.155 0.157 0.489 0.199 1    
138:  0.123 0.711 0.114 0.052 1    
139:  0.089 0.066 0.062 0.784 1    
140:  0.324 0.054 0.553 0.069 1    
141:  0.139 0.142 0.519 0.199 1    
142:  0.062 0.604 0.220 0.115 1    
143:  0.138 0.153 0.439 0.269 1    
144:  0.067 0.117 0.652 0.163 1    
145:  0.647 0.076 0.190 0.087 1    
146:  0.130 0.094 0.628 0.148 1    
147:  0.596 0.174 0.123 0.107 1    
148:  0.452 0.105 0.350 0.093 1    
149:  0.142 0.699 0.095 0.064 1    
150:  0.081 0.427 0.400 0.092 1    
151:  0.046 0.834 0.048 0.072 1    
152:  0.337 0.048 0.548 0.067 1    
153:  0.036 0.730 0.068 0.166 1    
154:  0.177 0.153 0.570 0.101 1    
155:  0.180 0.068 0.632 0.120 1    
156:  0.076 0.210 0.413 0.301 1    
157:  0.678 0.126 0.087 0.108 1    
158:  0.239 0.299 0.281 0.181 1    
159:  0.122 0.074 0.108 0.696 1    
160:  0.052 0.054 0.074 0.821 1    
161:  0.086 0.090 0.066 0.758 1    
162:  0.255 0.080 0.588 0.077 1    
163:  0.544 0.155 0.247 0.053 1    
164:  0.054 0.058 0.053 0.835 1    
165:  0.288 0.327 0.247 0.139 1    
166:  0.109 0.506 0.241 0.144 1    
167:  0.116 0.455 0.350 0.079 1    
168:  0.102 0.138 0.436 0.323 1    
169:  0.039 0.040 0.064 0.857 1    
170:  0.082 0.062 0.152 0.704 1    
171:  0.664 0.126 0.158 0.052 1    
172:  0.042 0.838 0.060 0.060 1    
173:  0.032 0.797 0.114 0.057 1    
174:  0.284 0.275 0.221 0.219 1    
175:  0.611 0.111 0.166 0.111 1    
176:  0.071 0.044 0.144 0.741 1    
177:  0.402 0.151 0.233 0.214 1    
178:  0.093 0.734 0.109 0.064 1    
179:  0.193 0.543 0.159 0.105 1    
180:  0.051 0.063 0.298 0.588 1    
181:  0.183 0.106 0.552 0.160 1    
182:  0.157 0.678 0.071 0.094 1    
183:  0.044 0.083 0.056 0.817 1    
184:  0.212 0.323 0.307 0.158 1    
185:  0.209 0.138 0.259 0.393 1    
186:  0.093 0.148 0.245 0.514 1    
187:  0.502 0.056 0.389 0.053 1    
188:  0.032 0.066 0.043 0.859 1    
189:  0.291 0.133 0.216 0.360 1    
190:  0.072 0.179 0.519 0.230 1    
191:  0.065 0.805 0.077 0.052 1    
192:  0.423 0.077 0.087 0.413 1    
193:  0.149 0.249 0.226 0.376 1    
194:  0.142 0.056 0.712 0.090 1    
195:  0.089 0.752 0.106 0.053 1    
196:  0.095 0.049 0.318 0.537 1    
197:  0.188 0.168 0.552 0.093 1    
198:  0.055 0.845 0.054 0.046 1    
199:  0.774 0.088 0.084 0.053 1    
200:  0.058 0.861 0.051 0.030 1    
201:  0.033 0.044 0.132 0.790 1    
202:  0.639 0.095 0.155 0.112 1    
203:  0.237 0.064 0.618 0.081 1    
204:  0.310 0.338 0.272 0.080 1    
205:  0.875 0.034 0.050 0.040 1    
206:  0.401 0.074 0.421 0.105 1    
207:  0.108 0.465 0.348 0.079 1    
208:  0.051 0.862 0.050 0.036 1    
209:  0.107 0.654 0.096 0.142 1    
210:  0.281 0.093 0.469 0.157 1    
211:  0.054 0.765 0.097 0.084 1    
212:  0.043 0.870 0.046 0.041 1    
213:  0.140 0.091 0.390 0.379 1    
214:  0.180 0.035 0.714 0.071 1    
215:  0.060 0.671 0.183 0.086 1    
216:  0.053 0.748 0.123 0.076 1    
217:  0.679 0.053 0.109 0.158 1    
218:  0.775 0.079 0.081 0.066 1    
219:  0.031 0.710 0.182 0.077 1    
220:  0.439 0.173 0.282 0.105 1    
221:  0.149 0.047 0.717 0.088 1    
222:  0.236 0.095 0.544 0.126 1    
223:  0.135 0.088 0.658 0.119 1    
224:  0.240 0.269 0.300 0.192 1    
225:  0.054 0.069 0.082 0.794 1    
226:  0.140 0.317 0.239 0.305 1    
227:  0.864 0.032 0.070 0.033 1    
228:  0.606 0.167 0.166 0.061 1    
229:  0.130 0.170 0.140 0.560 1    
230:  0.326 0.437 0.164 0.073 1    
231:  0.029 0.868 0.061 0.042 1    
232:  0.349 0.518 0.064 0.070 1    
233:  0.052 0.769 0.122 0.057 1    
234:  0.094 0.734 0.091 0.081 1    
235:  0.052 0.051 0.297 0.600 1    
236:  0.366 0.072 0.463 0.099 1    
237:  0.130 0.615 0.144 0.111 1    
238:  0.220 0.044 0.635 0.101 1    
239:  0.397 0.068 0.058 0.477 1    
240:  0.219 0.062 0.542 0.177 1    
241:  0.084 0.146 0.547 0.223 1    
242:  0.119 0.102 0.085 0.694 1    
243:  0.304 0.428 0.200 0.068 1    
244:  0.649 0.056 0.264 0.032 1    
245:  0.040 0.598 0.138 0.224 1    
246:  0.314 0.496 0.126 0.064 1    
247:  0.064 0.068 0.254 0.613 1    
248:  0.079 0.084 0.207 0.631 1    
249:  0.053 0.777 0.120 0.050 1    
250:  0.084 0.144 0.334 0.438 1    
251:  0.057 0.840 0.036 0.067 1    
252:  0.150 0.106 0.606 0.137 1    
253:  0.760 0.036 0.157 0.047 1    
254:  0.214 0.052 0.443 0.291 1    
255:  0.253 0.568 0.125 0.055 1    
256:  0.241 0.065 0.607 0.087 1    
257:  0.068 0.375 0.181 0.376 1    
258:  0.038 0.042 0.100 0.820 1    
259:  0.033 0.056 0.064 0.847 1    
260:  0.168 0.108 0.502 0.222 1    
261:  0.776 0.061 0.097 0.066 1    
262:  0.707 0.069 0.140 0.084 1    
263:  0.083 0.083 0.700 0.134 1    
264:  0.798 0.037 0.118 0.047 1    
265:  0.348 0.101 0.086 0.466 1    
266:  0.114 0.101 0.332 0.453 1    
267:  0.043 0.830 0.075 0.052 1    
268:  0.081 0.752 0.094 0.073 1    
269:  0.083 0.173 0.143 0.601 1    
270:  0.044 0.058 0.146 0.752 1    
271:  0.627 0.100 0.227 0.046 1    
272:  0.665 0.092 0.156 0.087 1    
273:  0.064 0.775 0.079 0.082 1    
274:  0.040 0.052 0.067 0.841 1    
275:  0.117 0.572 0.198 0.112 1    
276:  0.107 0.170 0.449 0.274 1    
277:  0.186 0.062 0.549 0.203 1    
278:  0.155 0.515 0.199 0.131 1    
279:  0.287 0.031 0.289 0.393 1    
280:  0.259 0.102 0.421 0.218 1    
281:  0.046 0.795 0.070 0.089 1    
282:  0.413 0.047 0.432 0.109 1    
283:  0.582 0.180 0.137 0.100 1    
284:  0.222 0.383 0.191 0.204 1    
285:  0.299 0.314 0.171 0.216 1    
286:  0.218 0.063 0.213 0.506 1    
287:  0.686 0.095 0.172 0.047 1    
288:  0.217 0.090 0.520 0.172 1    
289:  0.096 0.340 0.463 0.102 1    
290:  0.710 0.058 0.174 0.058 1    
291:  0.478 0.041 0.411 0.070 1    
292:  0.402 0.490 0.056 0.052 1    
293:  0.040 0.671 0.160 0.128 1    
294:  0.150 0.062 0.581 0.207 1    
295:  0.784 0.067 0.067 0.081 1    
296:  0.523 0.080 0.324 0.073 1    
297:  0.667 0.108 0.170 0.055 1    
298:  0.025 0.117 0.108 0.749 1    
299:  0.113 0.066 0.435 0.386 1    
300:  0.031 0.052 0.158 0.758 1    
301:  0.354 0.072 0.213 0.361 1    
302:  0.029 0.047 0.098 0.826 1    
303:  0.277 0.043 0.569 0.111 1    
304:  0.088 0.077 0.334 0.501 1    
305:  0.192 0.205 0.296 0.307 1    
306:  0.064 0.260 0.600 0.076 1    
307:  0.084 0.112 0.736 0.068 1    
308:  0.075 0.173 0.273 0.479 1    
309:  0.083 0.211 0.424 0.281 1    
310:  0.058 0.751 0.078 0.113 1    
311:  0.069 0.635 0.130 0.165 1    
312:  0.020 0.025 0.042 0.913 1    
313:  0.814 0.048 0.049 0.089 1    
314:  0.110 0.091 0.096 0.703 1    
315:  0.029 0.040 0.041 0.890 1    
316:  0.069 0.837 0.048 0.045 1    
317:  0.051 0.737 0.102 0.111 1    
318:  0.080 0.053 0.157 0.710 1    
319:  0.034 0.883 0.038 0.044 1    
320:  0.036 0.038 0.060 0.866 1    
321:  0.627 0.151 0.122 0.099 1    
322:  0.059 0.175 0.626 0.140 1    
323:  0.236 0.096 0.479 0.190 1    
324:  0.053 0.076 0.071 0.800 1    
325:  0.041 0.836 0.055 0.068 1    
326:  0.313 0.129 0.357 0.201 1    
327:  0.147 0.703 0.093 0.058 1    
328:  0.077 0.055 0.691 0.177 1    
329:  0.110 0.052 0.658 0.181 1    
330:  0.318 0.063 0.492 0.127 1    
331:  0.142 0.299 0.434 0.125 1    
332:  0.370 0.084 0.459 0.087 1    
333:  0.224 0.132 0.145 0.500 1    
334:  0.051 0.847 0.050 0.052 1    
335:  0.053 0.642 0.148 0.157 1    
336:  0.298 0.093 0.480 0.128 1    
337:  0.167 0.073 0.117 0.643 1    
338:  0.059 0.083 0.768 0.090 1    
339:  0.058 0.820 0.071 0.051 1    
340:  0.492 0.093 0.281 0.134 1    
341:  0.223 0.056 0.487 0.234 1    
342:  0.832 0.058 0.074 0.035 1    
343:  0.079 0.130 0.053 0.738 1    
344:  0.050 0.113 0.713 0.124 1    
345:  0.052 0.838 0.060 0.049 1    
346:  0.085 0.044 0.064 0.807 1    
347:  0.082 0.368 0.475 0.075 1    
348:  0.159 0.624 0.119 0.097 1    
349:  0.153 0.605 0.146 0.096 1    
350:  0.100 0.582 0.140 0.178 1    
351:  0.151 0.196 0.519 0.135 1    
352:  0.480 0.122 0.347 0.051 1    
353:  0.079 0.794 0.061 0.066 1    
354:  0.370 0.366 0.164 0.100 1    
355:  0.119 0.583 0.257 0.041 1    
356:  0.043 0.032 0.049 0.875 1    
357:  0.836 0.048 0.068 0.048 1    
358:  0.091 0.100 0.170 0.639 1    
359:  0.238 0.063 0.114 0.586 1    
360:  0.717 0.100 0.119 0.064 1    
361:  0.092 0.043 0.106 0.759 1    
362:  0.241 0.079 0.595 0.085 1    
363:  0.078 0.048 0.826 0.047 1    
364:  0.277 0.129 0.495 0.099 1    
365:  0.039 0.290 0.480 0.191 1    
366:  0.188 0.085 0.159 0.568 1    
367:  0.106 0.179 0.479 0.237 1    
368:  0.093 0.267 0.588 0.052 1    
369:  0.723 0.054 0.158 0.065 1    
370:  0.089 0.553 0.232 0.126 1    
371:  0.730 0.087 0.120 0.063 1    
372:  0.730 0.094 0.127 0.048 1    
373:  0.249 0.101 0.150 0.500 1    
374:  0.069 0.118 0.121 0.693 1    
375:  0.855 0.033 0.080 0.033 1    
376:  0.095 0.714 0.115 0.076 1    
377:  0.077 0.055 0.075 0.793 1    
378:  0.110 0.061 0.063 0.765 1    
379:  0.086 0.798 0.076 0.040 1    
380:  0.349 0.306 0.192 0.152 1    
381:  0.246 0.082 0.281 0.391 1    
382:  0.806 0.086 0.057 0.051 1    
383:  0.122 0.092 0.729 0.058 1    
384:  0.147 0.075 0.170 0.608 1    
385:  0.058 0.553 0.147 0.242 1    
386:  0.151 0.121 0.629 0.098 1    
387:  0.258 0.042 0.634 0.066 1    
388:  0.565 0.069 0.090 0.276 1    
389:  0.303 0.538 0.104 0.054 1    
390:  0.766 0.069 0.112 0.053 1    
391:  0.255 0.313 0.334 0.098 1    
392:  0.222 0.061 0.237 0.480 1    
393:  0.275 0.253 0.216 0.256 1    
394:  0.048 0.756 0.128 0.068 1    
395:  0.172 0.046 0.734 0.048 1    
396:  0.610 0.073 0.078 0.239 1    
397:  0.583 0.048 0.219 0.150 1    
398:  0.127 0.050 0.302 0.521 1    
399:  0.591 0.060 0.291 0.059 1    
400:  0.293 0.150 0.418 0.138 1    
401:  0.141 0.052 0.682 0.126 1    
402:  0.087 0.751 0.079 0.084 1    
403:  0.077 0.071 0.162 0.689 1    
404:  0.087 0.284 0.521 0.107 1    
405:  0.120 0.548 0.162 0.170 1    
406:  0.796 0.063 0.075 0.065 1    
407:  0.727 0.110 0.120 0.043 1    
408:  0.051 0.123 0.397 0.429 1    
409:  0.267 0.279 0.346 0.108 1    
410:  0.649 0.047 0.240 0.065 1    
411:  0.226 0.087 0.407 0.279 1    
412:  0.116 0.290 0.437 0.157 1    
413:  0.143 0.567 0.156 0.134 1    
414:  0.198 0.318 0.275 0.209 1    
415:  0.051 0.060 0.077 0.813 1    
416:  0.056 0.851 0.053 0.040 1    
417:  0.390 0.113 0.376 0.120 1    
418:  0.192 0.303 0.433 0.072 1    
419:  0.602 0.150 0.140 0.109 1    
420:  0.307 0.064 0.442 0.187 1    
421:  0.142 0.411 0.324 0.123 1    
422:  0.083 0.289 0.427 0.201 1    
423:  0.117 0.040 0.808 0.035 1    
424:  0.043 0.044 0.054 0.859 1    
425:  0.523 0.055 0.245 0.178 1    
426:  0.121 0.558 0.203 0.119 1    
427:  0.417 0.216 0.277 0.090 1    
428:  0.443 0.102 0.339 0.116 1    
429:  0.233 0.064 0.645 0.057 1    
430:  0.036 0.034 0.047 0.882 1    
431:  0.094 0.073 0.739 0.094 1    
432:  0.064 0.795 0.073 0.068 1    
433:  0.793 0.081 0.057 0.068 1    
434:  0.072 0.463 0.087 0.378 1    
435:  0.191 0.172 0.550 0.087 1    
436:  0.593 0.203 0.113 0.091 1    
437:  0.076 0.049 0.065 0.810 1    
438:  0.061 0.455 0.132 0.353 1    
439:  0.280 0.076 0.541 0.103 1    
440:  0.040 0.065 0.077 0.818 1    
441:  0.165 0.678 0.111 0.046 1    
442:  0.502 0.082 0.150 0.266 1    
443:  0.810 0.057 0.096 0.037 1    
444:  0.198 0.073 0.577 0.152 1    
445:  0.318 0.071 0.537 0.074 1    
446:  0.043 0.848 0.067 0.041 1    
447:  0.339 0.057 0.488 0.115 1    
448:  0.054 0.108 0.167 0.670 1    
449:  0.054 0.062 0.062 0.822 1    
450:  0.057 0.860 0.036 0.048 1    
451:  0.060 0.817 0.070 0.052 1    
452:  0.858 0.044 0.055 0.043 1    
453:  0.057 0.836 0.049 0.058 1    
454:  0.113 0.592 0.205 0.090 1    
455:  0.290 0.132 0.495 0.083 1    
456:  0.064 0.808 0.072 0.057 1    
457:  0.120 0.087 0.065 0.728 1    
458:  0.281 0.050 0.502 0.167 1    
459:  0.109 0.774 0.066 0.051 1    
460:  0.607 0.051 0.260 0.081 1    
461:  0.074 0.082 0.058 0.786 1    
462:  0.075 0.831 0.045 0.049 1    
463:  0.068 0.526 0.215 0.190 1    
464:  0.511 0.087 0.244 0.158 1    
465:  0.042 0.692 0.121 0.146 1    
466:  0.537 0.128 0.251 0.083 1    
467:  0.832 0.067 0.063 0.038 1    
468:  0.176 0.087 0.632 0.105 1    
469:  0.908 0.030 0.038 0.024 1    
470:  0.071 0.376 0.318 0.236 1    
471:  0.234 0.073 0.426 0.267 1    
472:  0.138 0.143 0.487 0.232 1    
473:  0.110 0.096 0.626 0.168 1    
474:  0.370 0.061 0.495 0.074 1    
475:  0.107 0.031 0.527 0.335 1    
476:  0.036 0.747 0.141 0.076 1    
477:  0.074 0.048 0.652 0.226 1    
478:  0.048 0.046 0.056 0.851 1    
479:  0.609 0.072 0.244 0.075 1    
480:  0.805 0.061 0.066 0.068 1    
481:  0.150 0.096 0.123 0.631 1    
482:  0.083 0.085 0.098 0.734 1    
483:  0.330 0.167 0.356 0.147 1    
484:  0.745 0.039 0.144 0.072 1    
485:  0.817 0.043 0.095 0.045 1    
486:  0.076 0.851 0.036 0.037 1    
487:  0.712 0.085 0.134 0.070 1    
488:  0.266 0.082 0.595 0.056 1    
489:  0.053 0.208 0.588 0.151 1    
490:  0.158 0.185 0.540 0.117 1    
491:  0.762 0.089 0.092 0.057 1    
492:  0.815 0.036 0.101 0.049 1    
                 
                 
1:    0.070 0.065 0.077 0.787 1    
2:    0.118 0.083 0.680 0.119 1    
3:    0.058 0.321 0.526 0.094 1    
4:    0.071 0.054 0.034 0.840 1    
5:    0.032 0.051 0.040 0.877 1    
6:    0.083 0.395 0.431 0.091 1    
7:    0.156 0.212 0.571 0.061 1    
8:    0.055 0.043 0.033 0.868 1    
9:    0.034 0.592 0.305 0.070 1    
10:   0.037 0.070 0.037 0.856 1    
11:   0.847 0.065 0.050 0.037 1    
12:   0.082 0.083 0.461 0.374 1    
13:   0.401 0.161 0.103 0.335 1    
14:   0.077 0.243 0.167 0.513 1    
15:   0.214 0.463 0.252 0.071 1    
16:   0.418 0.112 0.072 0.398 1    
17:   0.700 0.075 0.164 0.061 1    
18:   0.056 0.071 0.128 0.745 1    
19:   0.183 0.348 0.333 0.136 1    
20:   0.084 0.272 0.113 0.531 1    
21:   0.130 0.126 0.061 0.683 1    
22:   0.155 0.614 0.074 0.157 1    
23:   0.072 0.062 0.829 0.037 1    
24:   0.050 0.538 0.367 0.045 1    
25:   0.795 0.081 0.049 0.075 1    
26:   0.058 0.155 0.690 0.097 1    
27:   0.232 0.210 0.046 0.513 1    
28:   0.375 0.430 0.135 0.061 1    
29:   0.049 0.341 0.389 0.221 1    
30:   0.208 0.585 0.104 0.103 1    
31:   0.529 0.175 0.221 0.075 1    
32:   0.152 0.649 0.119 0.080 1    
33:   0.459 0.283 0.205 0.054 1    
34:   0.387 0.232 0.266 0.116 1    
35:   0.035 0.089 0.112 0.763 1    
36:   0.058 0.629 0.255 0.057 1    
37:   0.642 0.097 0.171 0.090 1    
38:   0.045 0.701 0.206 0.048 1    
39:   0.138 0.303 0.066 0.493 1    
40:   0.816 0.066 0.068 0.050 1    
41:   0.066 0.486 0.236 0.212 1    
42:   0.628 0.127 0.199 0.047 1    
43:   0.030 0.051 0.898 0.021 1    
44:   0.079 0.070 0.823 0.028 1    
45:   0.064 0.058 0.045 0.833 1    
46:   0.100 0.082 0.781 0.037 1    
47:   0.050 0.085 0.059 0.806 1    
48:   0.110 0.504 0.321 0.065 1    
49:   0.070 0.364 0.314 0.252 1    
50:   0.109 0.163 0.065 0.663 1    
51:   0.214 0.298 0.146 0.342 1    
52:   0.785 0.086 0.069 0.059 1    
53:   0.074 0.700 0.082 0.143 1    
54:   0.100 0.127 0.167 0.605 1    
55:   0.611 0.088 0.143 0.159 1    
56:   0.152 0.414 0.374 0.061 1    
57:   0.038 0.210 0.671 0.081 1    
58:   0.039 0.340 0.570 0.051 1    
59:   0.051 0.664 0.203 0.083 1    
60:   0.090 0.415 0.360 0.135 1    
61:   0.878 0.047 0.026 0.049 1    
62:   0.047 0.332 0.578 0.043 1    
63:   0.127 0.118 0.039 0.716 1    
64:   0.094 0.481 0.135 0.291 1    
65:   0.285 0.478 0.173 0.064 1    
66:   0.115 0.218 0.076 0.592 1    
67:   0.124 0.097 0.724 0.055 1    
68:   0.058 0.372 0.504 0.066 1    
69:   0.043 0.040 0.019 0.898 1    
70:   0.024 0.144 0.808 0.024 1    
71:   0.050 0.707 0.096 0.147 1    
72:   0.050 0.299 0.499 0.152 1    
73:   0.080 0.038 0.069 0.813 1    
74:   0.131 0.554 0.057 0.258 1    
75:   0.839 0.068 0.034 0.060 1    
76:   0.100 0.207 0.559 0.135 1    
77:   0.093 0.472 0.275 0.160 1    
78:   0.799 0.075 0.078 0.047 1    
79:   0.745 0.064 0.044 0.147 1    
80:   0.046 0.496 0.406 0.052 1    
81:   0.070 0.403 0.055 0.472 1    
82:   0.305 0.169 0.135 0.391 1    
83:   0.056 0.246 0.556 0.142 1    
84:   0.132 0.297 0.268 0.303 1    
85:   0.043 0.107 0.080 0.770 1    
86:   0.139 0.231 0.471 0.159 1    
87:   0.093 0.450 0.307 0.150 1    
88:   0.135 0.367 0.391 0.106 1    
89:   0.867 0.044 0.046 0.043 1    
90:   0.069 0.110 0.767 0.053 1    
91:   0.605 0.234 0.030 0.131 1    
92:   0.045 0.074 0.784 0.096 1    
93:   0.103 0.594 0.188 0.115 1    
94:   0.063 0.166 0.063 0.708 1    
95:   0.063 0.670 0.182 0.086 1    
96:   0.714 0.191 0.044 0.052 1    
97:   0.038 0.043 0.887 0.032 1    
98:   0.650 0.171 0.099 0.080 1    
99:   0.390 0.356 0.188 0.066 1    
100:  0.871 0.044 0.030 0.055 1    
101:  0.048 0.484 0.366 0.101 1    
102:  0.116 0.684 0.042 0.158 1    
103:  0.102 0.355 0.439 0.103 1    
104:  0.858 0.039 0.047 0.055 1    
105:  0.890 0.034 0.042 0.034 1    
106:  0.044 0.654 0.098 0.204 1    
107:  0.034 0.066 0.065 0.835 1    
108:  0.891 0.033 0.023 0.053 1    
109:  0.799 0.062 0.081 0.058 1    
110:  0.253 0.100 0.508 0.139 1    
111:  0.751 0.100 0.058 0.091 1    
112:  0.082 0.101 0.081 0.736 1    
113:  0.249 0.103 0.598 0.050 1    
114:  0.592 0.057 0.297 0.054 1    
115:  0.042 0.118 0.029 0.810 1    
116:  0.044 0.134 0.039 0.782 1    
117:  0.071 0.329 0.541 0.059 1    
118:  0.092 0.097 0.069 0.742 1    
119:  0.689 0.178 0.054 0.078 1    
120:  0.079 0.501 0.260 0.161 1    
121:  0.056 0.633 0.256 0.054 1    
122:  0.117 0.267 0.534 0.081 1    
123:  0.035 0.058 0.870 0.037 1    
124:  0.066 0.428 0.457 0.050 1    
125:  0.082 0.065 0.681 0.172 1    
126:  0.074 0.461 0.281 0.185 1    
127:  0.160 0.467 0.226 0.147 1    
128:  0.707 0.105 0.065 0.123 1    
129:  0.119 0.250 0.548 0.083 1    
130:  0.054 0.610 0.110 0.226 1    
131:  0.153 0.089 0.721 0.037 1    
132:  0.234 0.528 0.059 0.179 1    
133:  0.878 0.041 0.034 0.047 1    
134:  0.042 0.524 0.348 0.085 1    
135:  0.047 0.776 0.111 0.066 1    
136:  0.065 0.119 0.124 0.692 1    
137:  0.146 0.475 0.157 0.222 1    
138:  0.723 0.104 0.123 0.050 1    
139:  0.055 0.050 0.079 0.816 1    
140:  0.048 0.511 0.384 0.057 1    
141:  0.132 0.527 0.158 0.184 1    
142:  0.639 0.192 0.057 0.113 1    
143:  0.120 0.540 0.115 0.225 1    
144:  0.098 0.725 0.050 0.127 1    
145:  0.074 0.195 0.651 0.079 1    
146:  0.083 0.674 0.124 0.119 1    
147:  0.169 0.125 0.605 0.101 1    
148:  0.084 0.401 0.436 0.079 1    
149:  0.718 0.086 0.139 0.057 1    
150:  0.411 0.437 0.070 0.083 1    
151:  0.857 0.038 0.043 0.063 1    
152:  0.038 0.679 0.230 0.054 1    
153:  0.754 0.062 0.032 0.152 1    
154:  0.134 0.593 0.166 0.108 1    
155:  0.053 0.709 0.145 0.092 1    
156:  0.201 0.441 0.077 0.281 1    
157:  0.114 0.083 0.703 0.100 1    
158:  0.271 0.312 0.235 0.182 1    
159:  0.069 0.103 0.119 0.708 1    
160:  0.045 0.059 0.046 0.850 1    
161:  0.087 0.061 0.076 0.776 1    
162:  0.072 0.572 0.286 0.071 1    
163:  0.144 0.179 0.628 0.049 1    
164:  0.050 0.047 0.044 0.859 1    
165:  0.319 0.260 0.300 0.121 1    
166:  0.501 0.232 0.116 0.151 1    
167:  0.456 0.360 0.114 0.071 1    
168:  0.130 0.456 0.090 0.325 1    
169:  0.033 0.052 0.034 0.881 1    
170:  0.058 0.168 0.069 0.705 1    
171:  0.113 0.192 0.647 0.048 1    
172:  0.853 0.055 0.038 0.054 1    
173:  0.814 0.106 0.030 0.050 1    
174:  0.280 0.235 0.275 0.210 1    
175:  0.108 0.157 0.621 0.113 1    
176:  0.041 0.124 0.067 0.769 1    
177:  0.148 0.244 0.391 0.216 1    
178:  0.760 0.098 0.086 0.056 1    
179:  0.579 0.139 0.183 0.100 1    
180:  0.060 0.239 0.046 0.654 1    
181:  0.094 0.464 0.252 0.190 1    
182:  0.701 0.061 0.148 0.090 1    
183:  0.071 0.047 0.038 0.844 1    
184:  0.306 0.285 0.242 0.167 1    
185:  0.154 0.199 0.219 0.428 1    
186:  0.146 0.233 0.088 0.534 1    
187:  0.056 0.347 0.548 0.049 1    
188:  0.056 0.040 0.027 0.877 1    
189:  0.136 0.238 0.285 0.340 1    
190:  0.155 0.586 0.066 0.193 1    
191:  0.826 0.072 0.057 0.045 1    
192:  0.075 0.087 0.398 0.441 1    
193:  0.251 0.231 0.146 0.372 1    
194:  0.052 0.713 0.158 0.077 1    
195:  0.773 0.086 0.092 0.049 1    
196:  0.046 0.259 0.095 0.600 1    
197:  0.148 0.594 0.185 0.074 1    
198:  0.865 0.049 0.047 0.040 1    
199:  0.076 0.066 0.811 0.047 1    
200:  0.881 0.044 0.049 0.026 1    
201:  0.041 0.106 0.031 0.823 1    
202:  0.090 0.185 0.630 0.095 1    
203:  0.059 0.642 0.232 0.067 1    
204:  0.301 0.312 0.315 0.073 1    
205:  0.030 0.049 0.884 0.037 1    
206:  0.063 0.432 0.419 0.086 1    
207:  0.494 0.285 0.141 0.080 1    
208:  0.883 0.043 0.043 0.031 1    
209:  0.676 0.096 0.098 0.130 1    
210:  0.081 0.518 0.251 0.150 1    
211:  0.779 0.094 0.050 0.076 1    
212:  0.884 0.042 0.038 0.035 1    
213:  0.081 0.446 0.155 0.318 1    
214:  0.030 0.739 0.174 0.057 1    
215:  0.702 0.173 0.050 0.075 1    
216:  0.764 0.109 0.051 0.076 1    
217:  0.047 0.125 0.664 0.165 1    
218:  0.071 0.076 0.798 0.055 1    
219:  0.755 0.147 0.029 0.069 1    
220:  0.147 0.275 0.468 0.110 1    
221:  0.038 0.764 0.120 0.079 1    
222:  0.095 0.431 0.312 0.162 1    
223:  0.076 0.722 0.119 0.083 1    
224:  0.259 0.301 0.239 0.201 1    
225:  0.059 0.086 0.049 0.807 1    
226:  0.317 0.223 0.144 0.316 1    
227:  0.028 0.061 0.884 0.027 1    
228:  0.156 0.161 0.630 0.053 1    
229:  0.157 0.145 0.115 0.582 1    
230:  0.456 0.150 0.328 0.066 1    
231:  0.882 0.057 0.025 0.036 1    
232:  0.520 0.058 0.355 0.067 1    
233:  0.810 0.098 0.044 0.047 1    
234:  0.783 0.070 0.079 0.068 1    
235:  0.045 0.285 0.046 0.624 1    
236:  0.068 0.413 0.421 0.098 1    
237:  0.652 0.119 0.132 0.098 1    
238:  0.041 0.593 0.261 0.104 1    
239:  0.068 0.051 0.389 0.491 1    
240:  0.056 0.574 0.195 0.175 1    
241:  0.148 0.544 0.083 0.225 1    
242:  0.090 0.087 0.094 0.730 1    
243:  0.424 0.235 0.277 0.063 1    
244:  0.053 0.191 0.729 0.027 1    
245:  0.641 0.098 0.035 0.225 1    
246:  0.516 0.100 0.318 0.067 1    
247:  0.058 0.241 0.052 0.649 1    
248:  0.079 0.175 0.075 0.672 1    
249:  0.803 0.107 0.047 0.042 1    
250:  0.128 0.336 0.075 0.462 1    
251:  0.861 0.029 0.051 0.059 1    
252:  0.104 0.605 0.171 0.121 1    
253:  0.031 0.140 0.788 0.041 1    
254:  0.044 0.385 0.215 0.357 1    
255:  0.583 0.105 0.260 0.053 1    
256:  0.051 0.626 0.257 0.067 1    
257:  0.369 0.182 0.064 0.385 1    
258:  0.037 0.074 0.035 0.854 1    
259:  0.047 0.047 0.029 0.877 1    
260:  0.094 0.539 0.148 0.219 1    
261:  0.054 0.089 0.791 0.066 1    
262:  0.063 0.153 0.699 0.084 1    
263:  0.074 0.736 0.068 0.121 1    
264:  0.036 0.123 0.799 0.042 1    
265:  0.102 0.085 0.338 0.475 1    
266:  0.091 0.357 0.093 0.459 1    
267:  0.851 0.069 0.038 0.042 1    
268:  0.778 0.091 0.069 0.062 1    
269:  0.173 0.118 0.069 0.639 1    
270:  0.053 0.137 0.034 0.776 1    
271:  0.089 0.273 0.599 0.039 1    
272:  0.083 0.144 0.690 0.083 1    
273:  0.808 0.069 0.052 0.070 1    
274:  0.046 0.076 0.033 0.845 1    
275:  0.568 0.218 0.113 0.102 1    
276:  0.178 0.421 0.107 0.294 1    
277:  0.050 0.580 0.216 0.155 1    
278:  0.508 0.203 0.155 0.134 1    
279:  0.028 0.280 0.281 0.412 1    
280:  0.097 0.400 0.295 0.207 1    
281:  0.828 0.056 0.040 0.076 1    
282:  0.037 0.474 0.405 0.084 1    
283:  0.192 0.115 0.595 0.098 1    
284:  0.396 0.171 0.224 0.209 1    
285:  0.312 0.192 0.270 0.226 1    
286:  0.062 0.265 0.204 0.470 1    
287:  0.095 0.262 0.600 0.043 1    
288:  0.080 0.519 0.254 0.147 1    
289:  0.339 0.401 0.143 0.117 1    
290:  0.053 0.249 0.645 0.053 1    
291:  0.032 0.457 0.456 0.055 1    
292:  0.492 0.047 0.415 0.046 1    
293:  0.713 0.123 0.037 0.127 1    
294:  0.056 0.630 0.152 0.162 1    
295:  0.065 0.062 0.802 0.071 1    
296:  0.075 0.357 0.509 0.059 1    
297:  0.089 0.127 0.733 0.050 1    
298:  0.099 0.076 0.023 0.802 1    
299:  0.061 0.424 0.098 0.417 1    
300:  0.047 0.107 0.027 0.819 1    
301:  0.067 0.234 0.327 0.372 1    
302:  0.041 0.079 0.024 0.855 1    
303:  0.036 0.668 0.206 0.090 1    
304:  0.068 0.275 0.096 0.561 1    
305:  0.206 0.289 0.192 0.313 1    
306:  0.261 0.597 0.068 0.074 1    
307:  0.125 0.734 0.081 0.060 1    
308:  0.165 0.286 0.077 0.473 1    
309:  0.217 0.374 0.096 0.312 1    
310:  0.780 0.071 0.049 0.100 1    
311:  0.647 0.123 0.068 0.162 1    
312:  0.022 0.036 0.017 0.925 1    
313:  0.042 0.044 0.831 0.083 1    
314:  0.081 0.083 0.101 0.735 1    
315:  0.035 0.036 0.026 0.903 1    
316:  0.853 0.044 0.061 0.041 1    
317:  0.750 0.091 0.049 0.110 1    
318:  0.050 0.124 0.083 0.743 1    
319:  0.899 0.034 0.029 0.037 1    
320:  0.032 0.054 0.031 0.882 1    
321:  0.157 0.125 0.610 0.107 1    
322:  0.192 0.569 0.085 0.154 1    
323:  0.086 0.478 0.268 0.168 1    
324:  0.059 0.055 0.047 0.839 1    
325:  0.851 0.051 0.036 0.062 1    
326:  0.116 0.394 0.309 0.180 1    
327:  0.718 0.090 0.141 0.050 1    
328:  0.052 0.720 0.084 0.145 1    
329:  0.044 0.660 0.126 0.171 1    
330:  0.056 0.495 0.338 0.110 1    
331:  0.334 0.334 0.186 0.146 1    
332:  0.078 0.484 0.369 0.069 1    
333:  0.128 0.127 0.208 0.537 1    
334:  0.863 0.047 0.043 0.048 1    
335:  0.687 0.109 0.054 0.150 1    
336:  0.080 0.492 0.300 0.127 1    
337:  0.065 0.113 0.153 0.668 1    
338:  0.074 0.796 0.055 0.075 1    
339:  0.844 0.063 0.049 0.045 1    
340:  0.082 0.287 0.518 0.113 1    
341:  0.045 0.564 0.223 0.169 1    
342:  0.047 0.058 0.866 0.030 1    
343:  0.112 0.047 0.066 0.776 1    
344:  0.122 0.691 0.060 0.128 1    
345:  0.860 0.052 0.044 0.043 1    
346:  0.037 0.048 0.074 0.841 1    
347:  0.405 0.414 0.094 0.088 1    
348:  0.667 0.093 0.146 0.094 1    
349:  0.657 0.113 0.131 0.099 1    
350:  0.605 0.142 0.088 0.165 1    
351:  0.179 0.564 0.139 0.119 1    
352:  0.107 0.411 0.432 0.050 1    
353:  0.803 0.061 0.073 0.062 1    
354:  0.387 0.139 0.368 0.105 1    
355:  0.587 0.280 0.099 0.035 1    
356:  0.028 0.040 0.038 0.893 1    
357:  0.041 0.058 0.861 0.040 1    
358:  0.101 0.147 0.093 0.659 1    
359:  0.058 0.115 0.204 0.623 1    
360:  0.103 0.124 0.716 0.057 1    
361:  0.038 0.083 0.091 0.788 1    
362:  0.064 0.621 0.237 0.078 1    
363:  0.040 0.846 0.071 0.042 1    
364:  0.145 0.403 0.346 0.107 1    
365:  0.311 0.460 0.037 0.192 1    
366:  0.076 0.186 0.159 0.579 1    
367:  0.188 0.456 0.095 0.260 1    
368:  0.248 0.631 0.077 0.044 1    
369:  0.047 0.178 0.717 0.057 1    
370:  0.585 0.214 0.083 0.118 1    
371:  0.082 0.157 0.705 0.057 1    
372:  0.085 0.159 0.711 0.046 1    
373:  0.098 0.157 0.244 0.502 1    
374:  0.113 0.112 0.058 0.717 1    
375:  0.031 0.067 0.874 0.028 1    
376:  0.743 0.104 0.087 0.066 1    
377:  0.049 0.074 0.067 0.810 1    
378:  0.054 0.050 0.099 0.796 1    
379:  0.826 0.068 0.071 0.035 1    
380:  0.303 0.180 0.356 0.161 1    
381:  0.075 0.302 0.215 0.409 1    
382:  0.076 0.045 0.833 0.046 1    
383:  0.079 0.764 0.112 0.044 1    
384:  0.073 0.144 0.142 0.641 1    
385:  0.599 0.103 0.059 0.239 1    
386:  0.109 0.677 0.147 0.067 1    
387:  0.035 0.603 0.308 0.054 1    
388:  0.068 0.090 0.565 0.276 1    
389:  0.562 0.095 0.294 0.050 1    
390:  0.064 0.117 0.768 0.051 1    
391:  0.310 0.303 0.278 0.108 1    
392:  0.050 0.293 0.189 0.468 1    
393:  0.253 0.223 0.271 0.252 1    
394:  0.762 0.121 0.049 0.068 1    
395:  0.038 0.754 0.160 0.047 1    
396:  0.068 0.075 0.635 0.223 1    
397:  0.041 0.279 0.548 0.132 1    
398:  0.045 0.304 0.124 0.527 1    
399:  0.056 0.205 0.686 0.053 1    
400:  0.129 0.467 0.294 0.110 1    
401:  0.043 0.717 0.140 0.099 1    
402:  0.788 0.069 0.074 0.069 1    
403:  0.065 0.178 0.074 0.682 1    
404:  0.306 0.461 0.110 0.123 1    
405:  0.582 0.129 0.135 0.154 1    
406:  0.057 0.069 0.813 0.061 1    
407:  0.102 0.165 0.693 0.040 1    
408:  0.124 0.347 0.055 0.474 1    
409:  0.260 0.370 0.262 0.109 1    
410:  0.040 0.344 0.555 0.061 1    
411:  0.077 0.424 0.260 0.238 1    
412:  0.350 0.331 0.137 0.182 1    
413:  0.538 0.164 0.150 0.148 1    
414:  0.315 0.290 0.187 0.208 1    
415:  0.054 0.073 0.045 0.827 1    
416:  0.867 0.049 0.049 0.035 1    
417:  0.098 0.428 0.373 0.102 1    
418:  0.265 0.450 0.207 0.077 1    
419:  0.160 0.146 0.585 0.109 1    
420:  0.057 0.438 0.341 0.165 1    
421:  0.484 0.243 0.150 0.123 1    
422:  0.338 0.368 0.082 0.212 1    
423:  0.033 0.817 0.120 0.030 1    
424:  0.038 0.044 0.039 0.878 1    
425:  0.053 0.221 0.569 0.157 1    
426:  0.564 0.201 0.130 0.104 1    
427:  0.217 0.264 0.426 0.093 1    
428:  0.091 0.377 0.436 0.096 1    
429:  0.055 0.670 0.223 0.052 1    
430:  0.031 0.040 0.033 0.896 1    
431:  0.065 0.745 0.092 0.098 1    
432:  0.823 0.064 0.054 0.059 1    
433:  0.069 0.050 0.819 0.062 1    
434:  0.486 0.078 0.065 0.370 1    
435:  0.194 0.434 0.269 0.104 1    
436:  0.196 0.114 0.610 0.080 1    
437:  0.044 0.066 0.061 0.829 1    
438:  0.447 0.131 0.056 0.367 1    
439:  0.075 0.472 0.361 0.092 1    
440:  0.052 0.065 0.034 0.848 1    
441:  0.723 0.088 0.147 0.042 1    
442:  0.077 0.118 0.537 0.268 1    
443:  0.051 0.074 0.841 0.034 1    
444:  0.063 0.602 0.213 0.121 1    
445:  0.059 0.518 0.343 0.080 1    
446:  0.872 0.053 0.040 0.034 1    
447:  0.052 0.446 0.403 0.099 1    
448:  0.099 0.166 0.050 0.684 1    
449:  0.055 0.047 0.052 0.845 1    
450:  0.877 0.030 0.052 0.041 1    
451:  0.844 0.055 0.052 0.049 1    
452:  0.035 0.051 0.874 0.039 1    
453:  0.851 0.048 0.051 0.050 1    
454:  0.591 0.207 0.117 0.085 1    
455:  0.115 0.572 0.249 0.065 1    
456:  0.823 0.069 0.058 0.050 1    
457:  0.078 0.057 0.099 0.767 1    
458:  0.043 0.540 0.285 0.131 1    
459:  0.794 0.056 0.103 0.046 1    
460:  0.043 0.309 0.580 0.067 1    
461:  0.070 0.047 0.059 0.823 1    
462:  0.851 0.040 0.067 0.042 1    
463:  0.554 0.202 0.058 0.186 1    
464:  0.075 0.285 0.507 0.133 1    
465:  0.733 0.103 0.038 0.127 1    
466:  0.109 0.371 0.452 0.068 1    
467:  0.059 0.053 0.855 0.033 1    
468:  0.085 0.653 0.165 0.097 1    
469:  0.026 0.049 0.903 0.021 1    
470:  0.404 0.284 0.064 0.248 1    
471:  0.066 0.468 0.226 0.240 1    
472:  0.128 0.559 0.127 0.186 1    
473:  0.082 0.693 0.095 0.130 1    
474:  0.050 0.539 0.350 0.061 1    
475:  0.029 0.463 0.105 0.403 1    
476:  0.796 0.110 0.031 0.064 1    
477:  0.040 0.698 0.064 0.199 1    
478:  0.039 0.046 0.040 0.875 1    
479:  0.066 0.284 0.576 0.074 1    
480:  0.053 0.057 0.830 0.060 1    
481:  0.084 0.126 0.140 0.650 1    
482:  0.067 0.074 0.084 0.775 1    
483:  0.157 0.360 0.354 0.129 1    
484:  0.038 0.215 0.678 0.069 1    
485:  0.039 0.103 0.816 0.042 1    
486:  0.867 0.031 0.069 0.034 1    
487:  0.082 0.141 0.709 0.068 1    
488:  0.077 0.651 0.222 0.050 1    
489:  0.217 0.519 0.091 0.173 1    
490:  0.199 0.469 0.202 0.130 1    
491:  0.085 0.086 0.777 0.052 1    
492:  0.032 0.092 0.836 0.040 1    
                 
                 
1:    0.096 0.076 0.078 0.751 1    
2:    0.086 0.690 0.109 0.115 1    
3:    0.284 0.543 0.059 0.114 1    
4:    0.059 0.037 0.078 0.827 1    
5:    0.067 0.044 0.032 0.857 1    
6:    0.338 0.449 0.099 0.115 1    
7:    0.233 0.551 0.149 0.067 1    
8:    0.048 0.037 0.060 0.855 1    
9:    0.598 0.280 0.036 0.086 1    
10:   0.082 0.039 0.043 0.836 1    
11:   0.075 0.051 0.834 0.041 1    
12:   0.089 0.461 0.078 0.372 1    
13:   0.167 0.098 0.416 0.319 1    
14:   0.234 0.168 0.079 0.519 1    
15:   0.509 0.208 0.208 0.076 1    
16:   0.125 0.072 0.410 0.393 1    
17:   0.078 0.176 0.686 0.060 1    
18:   0.074 0.149 0.059 0.718 1    
19:   0.359 0.312 0.184 0.144 1    
20:   0.244 0.109 0.084 0.563 1    
21:   0.128 0.070 0.131 0.671 1    
22:   0.688 0.063 0.120 0.129 1    
23:   0.070 0.816 0.075 0.039 1    
24:   0.482 0.413 0.056 0.049 1    
25:   0.111 0.048 0.761 0.080 1    
26:   0.158 0.682 0.058 0.101 1    
27:   0.221 0.043 0.248 0.488 1    
28:   0.467 0.117 0.364 0.052 1    
29:   0.302 0.409 0.050 0.239 1    
30:   0.603 0.093 0.201 0.102 1    
31:   0.200 0.216 0.506 0.078 1    
32:   0.688 0.101 0.141 0.070 1    
33:   0.277 0.196 0.472 0.056 1    
34:   0.294 0.258 0.337 0.111 1    
35:   0.109 0.119 0.039 0.733 1    
36:   0.561 0.306 0.065 0.068 1    
37:   0.103 0.179 0.619 0.100 1    
38:   0.704 0.198 0.051 0.047 1    
39:   0.282 0.067 0.143 0.508 1    
40:   0.066 0.069 0.808 0.056 1    
41:   0.531 0.207 0.059 0.204 1    
42:   0.120 0.211 0.617 0.052 1    
43:   0.040 0.909 0.029 0.021 1    
44:   0.067 0.831 0.072 0.030 1    
45:   0.059 0.046 0.065 0.829 1    
46:   0.071 0.789 0.103 0.038 1    
47:   0.094 0.068 0.053 0.784 1    
48:   0.502 0.323 0.104 0.071 1    
49:   0.449 0.260 0.074 0.218 1    
50:   0.184 0.062 0.116 0.638 1    
51:   0.330 0.139 0.224 0.307 1    
52:   0.092 0.073 0.775 0.060 1    
53:   0.710 0.069 0.080 0.141 1    
54:   0.127 0.170 0.102 0.602 1    
55:   0.094 0.161 0.586 0.159 1    
56:   0.409 0.389 0.142 0.060 1    
57:   0.199 0.693 0.039 0.068 1    
58:   0.306 0.598 0.042 0.054 1    
59:   0.631 0.215 0.059 0.095 1    
60:   0.415 0.347 0.086 0.152 1    
61:   0.052 0.027 0.865 0.056 1    
62:   0.272 0.629 0.051 0.048 1    
63:   0.133 0.046 0.131 0.690 1    
64:   0.497 0.118 0.111 0.274 1    
65:   0.461 0.154 0.323 0.062 1    
66:   0.259 0.077 0.114 0.550 1    
67:   0.085 0.735 0.124 0.056 1    
68:   0.309 0.561 0.060 0.070 1    
69:   0.044 0.020 0.048 0.888 1    
70:   0.095 0.854 0.025 0.025 1    
71:   0.622 0.123 0.057 0.198 1    
72:   0.330 0.462 0.046 0.162 1    
73:   0.043 0.077 0.085 0.794 1    
74:   0.605 0.047 0.115 0.233 1    
75:   0.068 0.037 0.831 0.064 1    
76:   0.183 0.599 0.096 0.122 1    
77:   0.412 0.283 0.100 0.206 1    
78:   0.092 0.083 0.772 0.054 1    
79:   0.072 0.049 0.729 0.150 1    
80:   0.417 0.473 0.053 0.057 1    
81:   0.426 0.048 0.079 0.446 1    
82:   0.211 0.140 0.273 0.376 1    
83:   0.245 0.546 0.059 0.150 1    
84:   0.296 0.257 0.126 0.321 1    
85:   0.106 0.080 0.043 0.771 1    
86:   0.210 0.498 0.131 0.161 1    
87:   0.421 0.327 0.103 0.149 1    
88:   0.366 0.368 0.153 0.112 1    
89:   0.046 0.055 0.854 0.045 1    
90:   0.088 0.792 0.069 0.051 1    
91:   0.249 0.030 0.595 0.126 1    
92:   0.081 0.771 0.047 0.101 1    
93:   0.666 0.139 0.100 0.096 1    
94:   0.182 0.066 0.065 0.687 1    
95:   0.665 0.181 0.065 0.088 1    
96:   0.178 0.046 0.726 0.050 1    
97:   0.040 0.892 0.036 0.032 1    
98:   0.163 0.090 0.667 0.080 1    
99:   0.368 0.185 0.375 0.072 1    
100:  0.043 0.034 0.866 0.057 1    
101:  0.444 0.385 0.054 0.118 1    
102:  0.724 0.036 0.108 0.132 1    
103:  0.332 0.453 0.096 0.118 1    
104:  0.045 0.050 0.849 0.056 1    
105:  0.036 0.047 0.882 0.035 1    
106:  0.706 0.087 0.042 0.166 1    
107:  0.086 0.068 0.037 0.809 1    
108:  0.032 0.025 0.890 0.053 1    
109:  0.076 0.084 0.777 0.063 1    
110:  0.097 0.527 0.240 0.136 1    
111:  0.111 0.063 0.735 0.091 1    
112:  0.108 0.083 0.087 0.722 1    
113:  0.103 0.608 0.238 0.051 1    
114:  0.069 0.302 0.574 0.055 1    
115:  0.171 0.032 0.041 0.755 1    
116:  0.171 0.039 0.044 0.745 1    
117:  0.274 0.604 0.067 0.055 1    
118:  0.116 0.068 0.100 0.717 1    
119:  0.180 0.056 0.683 0.081 1    
120:  0.520 0.248 0.087 0.145 1    
121:  0.555 0.304 0.069 0.071 1    
122:  0.282 0.526 0.113 0.078 1    
123:  0.062 0.861 0.036 0.041 1    
124:  0.387 0.488 0.068 0.056 1    
125:  0.071 0.665 0.076 0.187 1    
126:  0.395 0.300 0.083 0.221 1    
127:  0.447 0.212 0.176 0.165 1    
128:  0.115 0.066 0.701 0.117 1    
129:  0.258 0.518 0.140 0.084 1    
130:  0.612 0.100 0.054 0.234 1    
131:  0.097 0.724 0.140 0.039 1    
132:  0.496 0.057 0.261 0.187 1    
133:  0.040 0.038 0.872 0.051 1    
134:  0.570 0.309 0.044 0.076 1    
135:  0.794 0.087 0.045 0.074 1    
136:  0.132 0.123 0.070 0.675 1    
137:  0.511 0.137 0.152 0.200 1    
138:  0.109 0.126 0.711 0.054 1    
139:  0.058 0.081 0.058 0.802 1    
140:  0.521 0.362 0.053 0.064 1    
141:  0.518 0.148 0.127 0.207 1    
142:  0.211 0.056 0.631 0.102 1    
143:  0.446 0.138 0.133 0.283 1    
144:  0.663 0.055 0.105 0.176 1    
145:  0.169 0.678 0.073 0.080 1    
146:  0.604 0.147 0.092 0.156 1    
147:  0.109 0.632 0.152 0.107 1    
148:  0.335 0.474 0.097 0.094 1    
149:  0.088 0.151 0.702 0.059 1    
150:  0.427 0.069 0.410 0.093 1    
151:  0.041 0.044 0.848 0.067 1    
152:  0.611 0.285 0.040 0.064 1    
153:  0.061 0.033 0.752 0.154 1    
154:  0.619 0.143 0.141 0.096 1    
155:  0.671 0.159 0.060 0.109 1    
156:  0.416 0.077 0.197 0.310 1    
157:  0.084 0.691 0.123 0.101 1    
158:  0.311 0.216 0.296 0.177 1    
159:  0.121 0.124 0.070 0.685 1    
160:  0.063 0.048 0.049 0.840 1    
161:  0.062 0.080 0.085 0.773 1    
162:  0.598 0.248 0.078 0.076 1    
163:  0.225 0.581 0.146 0.049 1    
164:  0.050 0.048 0.054 0.848 1    
165:  0.248 0.281 0.333 0.138 1    
166:  0.236 0.100 0.522 0.143 1    
167:  0.345 0.109 0.469 0.077 1    
168:  0.461 0.089 0.123 0.327 1    
169:  0.059 0.035 0.037 0.869 1    
170:  0.156 0.072 0.058 0.713 1    
171:  0.168 0.658 0.124 0.049 1    
172:  0.052 0.038 0.854 0.056 1    
173:  0.106 0.030 0.812 0.053 1    
174:  0.225 0.278 0.277 0.220 1    
175:  0.168 0.613 0.110 0.108 1    
176:  0.150 0.068 0.040 0.742 1    
177:  0.228 0.401 0.149 0.221 1    
178:  0.099 0.091 0.750 0.060 1    
179:  0.156 0.189 0.558 0.097 1    
180:  0.327 0.046 0.062 0.566 1    
181:  0.573 0.181 0.094 0.152 1    
182:  0.066 0.152 0.690 0.093 1    
183:  0.051 0.043 0.073 0.833 1    
184:  0.314 0.210 0.319 0.157 1    
185:  0.255 0.204 0.141 0.400 1    
186:  0.243 0.095 0.145 0.517 1    
187:  0.344 0.549 0.053 0.053 1    
188:  0.044 0.029 0.060 0.867 1    
189:  0.220 0.287 0.130 0.363 1    
190:  0.518 0.068 0.167 0.247 1    
191:  0.072 0.058 0.822 0.047 1    
192:  0.096 0.418 0.072 0.414 1    
193:  0.227 0.146 0.250 0.377 1    
194:  0.715 0.148 0.052 0.084 1    
195:  0.101 0.081 0.769 0.049 1    
196:  0.362 0.088 0.045 0.505 1    
197:  0.547 0.202 0.159 0.092 1    
198:  0.052 0.053 0.854 0.041 1    
199:  0.068 0.809 0.074 0.049 1    
200:  0.046 0.056 0.871 0.027 1    
201:  0.141 0.032 0.040 0.786 1    
202:  0.154 0.644 0.093 0.109 1    
203:  0.599 0.262 0.061 0.078 1    
204:  0.283 0.296 0.344 0.077 1    
205:  0.051 0.881 0.030 0.038 1    
206:  0.405 0.425 0.067 0.103 1    
207:  0.344 0.124 0.456 0.076 1    
208:  0.045 0.046 0.877 0.032 1    
209:  0.086 0.102 0.671 0.141 1    
210:  0.493 0.269 0.086 0.151 1    
211:  0.096 0.050 0.778 0.076 1    
212:  0.045 0.041 0.877 0.037 1    
213:  0.359 0.148 0.081 0.412 1    
214:  0.701 0.199 0.033 0.067 1    
215:  0.192 0.055 0.672 0.081 1    
216:  0.116 0.046 0.768 0.070 1    
217:  0.126 0.682 0.049 0.143 1    
218:  0.073 0.799 0.067 0.061 1    
219:  0.187 0.029 0.713 0.071 1    
220:  0.272 0.440 0.176 0.113 1    
221:  0.745 0.130 0.044 0.081 1    
222:  0.525 0.242 0.095 0.138 1    
223:  0.662 0.132 0.082 0.124 1    
224:  0.312 0.227 0.273 0.188 1    
225:  0.092 0.049 0.062 0.797 1    
226:  0.246 0.147 0.311 0.296 1    
227:  0.063 0.879 0.029 0.029 1    
228:  0.153 0.641 0.146 0.060 1    
229:  0.155 0.121 0.156 0.568 1    
230:  0.154 0.343 0.434 0.069 1    
231:  0.058 0.027 0.878 0.037 1    
232:  0.061 0.376 0.497 0.066 1    
233:  0.122 0.047 0.784 0.047 1    
234:  0.075 0.084 0.762 0.079 1    
235:  0.335 0.047 0.045 0.573 1    
236:  0.433 0.398 0.069 0.100 1    
237:  0.144 0.127 0.625 0.104 1    
238:  0.639 0.224 0.040 0.097 1    
239:  0.056 0.400 0.064 0.481 1    
240:  0.555 0.203 0.062 0.179 1    
241:  0.585 0.074 0.143 0.198 1    
242:  0.079 0.107 0.098 0.717 1    
243:  0.200 0.292 0.439 0.069 1    
244:  0.225 0.695 0.052 0.028 1    
245:  0.132 0.039 0.608 0.222 1    
246:  0.119 0.308 0.513 0.060 1    
247:  0.271 0.060 0.063 0.607 1    
248:  0.221 0.082 0.078 0.619 1    
249:  0.101 0.053 0.801 0.045 1    
250:  0.358 0.075 0.135 0.433 1    
251:  0.032 0.051 0.859 0.059 1    
252:  0.584 0.158 0.109 0.149 1    
253:  0.137 0.787 0.033 0.043 1    
254:  0.429 0.210 0.051 0.309 1    
255:  0.114 0.247 0.587 0.053 1    
256:  0.642 0.208 0.060 0.090 1    
257:  0.174 0.061 0.390 0.374 1    
258:  0.102 0.034 0.040 0.824 1    
259:  0.060 0.030 0.048 0.862 1    
260:  0.552 0.146 0.105 0.197 1    
261:  0.093 0.788 0.057 0.062 1    
262:  0.136 0.722 0.061 0.080 1    
263:  0.700 0.074 0.077 0.149 1    
264:  0.112 0.808 0.036 0.044 1    
265:  0.090 0.365 0.102 0.443 1    
266:  0.373 0.095 0.098 0.434 1    
267:  0.072 0.041 0.841 0.046 1    
268:  0.090 0.077 0.768 0.066 1    
269:  0.151 0.082 0.163 0.604 1    
270:  0.174 0.036 0.056 0.734 1    
271:  0.229 0.636 0.090 0.045 1    
272:  0.127 0.693 0.089 0.091 1    
273:  0.075 0.058 0.789 0.077 1    
274:  0.081 0.036 0.049 0.835 1    
275:  0.202 0.109 0.581 0.108 1    
276:  0.452 0.103 0.168 0.277 1    
277:  0.533 0.188 0.057 0.222 1    
278:  0.193 0.152 0.526 0.129 1    
279:  0.297 0.256 0.028 0.419 1    
280:  0.413 0.275 0.097 0.216 1    
281:  0.062 0.043 0.808 0.087 1    
282:  0.405 0.443 0.043 0.109 1    
283:  0.121 0.602 0.182 0.095 1    
284:  0.180 0.232 0.391 0.196 1    
285:  0.176 0.295 0.318 0.211 1    
286:  0.219 0.205 0.059 0.517 1    
287:  0.186 0.680 0.089 0.045 1    
288:  0.502 0.256 0.083 0.159 1    
289:  0.481 0.106 0.310 0.102 1    
290:  0.198 0.693 0.054 0.055 1    
291:  0.397 0.498 0.036 0.069 1    
292:  0.050 0.419 0.482 0.049 1    
293:  0.159 0.036 0.689 0.117 1    
294:  0.573 0.147 0.064 0.216 1    
295:  0.066 0.791 0.066 0.077 1    
296:  0.310 0.541 0.078 0.071 1    
297:  0.147 0.708 0.093 0.052 1    
298:  0.094 0.023 0.105 0.778 1    
299:  0.449 0.099 0.061 0.391 1    
300:  0.150 0.029 0.048 0.773 1    
301:  0.209 0.345 0.072 0.375 1    
302:  0.103 0.025 0.046 0.826 1    
303:  0.618 0.239 0.039 0.104 1    
304:  0.324 0.077 0.077 0.522 1    
305:  0.303 0.193 0.198 0.306 1    
306:  0.604 0.057 0.269 0.069 1    
307:  0.759 0.077 0.096 0.068 1    
308:  0.253 0.075 0.155 0.517 1    
309:  0.414 0.084 0.216 0.286 1    
310:  0.077 0.053 0.758 0.111 1    
311:  0.120 0.065 0.649 0.166 1    
312:  0.039 0.018 0.023 0.919 1    
313:  0.045 0.829 0.046 0.081 1    
314:  0.088 0.098 0.090 0.724 1    
315:  0.040 0.027 0.035 0.897 1    
316:  0.042 0.063 0.853 0.042 1    
317:  0.095 0.051 0.749 0.105 1    
318:  0.143 0.085 0.049 0.723 1    
319:  0.035 0.031 0.894 0.040 1    
320:  0.057 0.033 0.035 0.875 1    
321:  0.117 0.639 0.145 0.098 1    
322:  0.629 0.064 0.165 0.143 1    
323:  0.472 0.254 0.086 0.187 1    
324:  0.063 0.051 0.065 0.821 1    
325:  0.050 0.036 0.854 0.060 1    
326:  0.340 0.318 0.132 0.210 1    
327:  0.084 0.141 0.725 0.050 1    
328:  0.692 0.070 0.051 0.187 1    
329:  0.675 0.100 0.046 0.179 1    
330:  0.475 0.343 0.058 0.124 1    
331:  0.442 0.153 0.269 0.136 1    
332:  0.470 0.361 0.082 0.086 1    
333:  0.149 0.213 0.120 0.518 1    
334:  0.048 0.046 0.859 0.047 1    
335:  0.133 0.049 0.667 0.152 1    
336:  0.488 0.303 0.086 0.123 1    
337:  0.109 0.158 0.069 0.664 1    
338:  0.762 0.056 0.084 0.097 1    
339:  0.064 0.053 0.835 0.048 1    
340:  0.264 0.522 0.086 0.128 1    
341:  0.489 0.227 0.050 0.233 1    
342:  0.061 0.855 0.051 0.032 1    
343:  0.049 0.071 0.115 0.764 1    
344:  0.700 0.055 0.119 0.126 1    
345:  0.057 0.047 0.851 0.045 1    
346:  0.058 0.078 0.042 0.822 1    
347:  0.481 0.074 0.368 0.077 1    
348:  0.104 0.160 0.644 0.092 1    
349:  0.136 0.140 0.633 0.090 1    
350:  0.143 0.091 0.590 0.176 1    
351:  0.528 0.144 0.188 0.140 1    
352:  0.387 0.435 0.124 0.054 1    
353:  0.063 0.071 0.808 0.058 1    
354:  0.156 0.361 0.380 0.103 1    
355:  0.249 0.101 0.609 0.040 1    
356:  0.047 0.039 0.030 0.884 1    
357:  0.060 0.856 0.042 0.042 1    
358:  0.181 0.092 0.092 0.635 1    
359:  0.114 0.229 0.059 0.597 1    
360:  0.108 0.742 0.093 0.057 1    
361:  0.117 0.086 0.037 0.759 1    
362:  0.576 0.263 0.075 0.086 1    
363:  0.836 0.076 0.044 0.044 1    
364:  0.495 0.270 0.138 0.096 1    
365:  0.477 0.035 0.293 0.194 1    
366:  0.173 0.172 0.078 0.576 1    
367:  0.530 0.090 0.166 0.215 1    
368:  0.613 0.076 0.258 0.053 1    
369:  0.157 0.739 0.050 0.054 1    
370:  0.203 0.086 0.582 0.129 1    
371:  0.128 0.733 0.079 0.060 1    
372:  0.137 0.741 0.077 0.045 1    
373:  0.145 0.240 0.095 0.520 1    
374:  0.130 0.065 0.108 0.697 1    
375:  0.076 0.861 0.031 0.031 1    
376:  0.102 0.091 0.737 0.070 1    
377:  0.071 0.070 0.049 0.810 1    
378:  0.056 0.100 0.057 0.787 1    
379:  0.076 0.081 0.808 0.035 1    
380:  0.185 0.363 0.297 0.154 1    
381:  0.312 0.223 0.079 0.386 1    
382:  0.050 0.833 0.070 0.046 1    
383:  0.739 0.121 0.084 0.055 1    
384:  0.151 0.141 0.073 0.635 1    
385:  0.132 0.055 0.576 0.237 1    
386:  0.623 0.167 0.123 0.087 1    
387:  0.608 0.293 0.038 0.061 1    
388:  0.093 0.573 0.071 0.263 1    
389:  0.098 0.309 0.543 0.049 1    
390:  0.119 0.765 0.066 0.050 1    
391:  0.332 0.268 0.296 0.103 1    
392:  0.254 0.203 0.055 0.488 1    
393:  0.218 0.275 0.253 0.254 1    
394:  0.122 0.044 0.772 0.062 1    
395:  0.768 0.146 0.040 0.045 1    
396:  0.074 0.612 0.071 0.243 1    
397:  0.233 0.574 0.044 0.149 1    
398:  0.317 0.126 0.046 0.511 1    
399:  0.239 0.650 0.056 0.055 1    
400:  0.444 0.291 0.133 0.131 1    
401:  0.684 0.149 0.048 0.120 1    
402:  0.071 0.078 0.774 0.077 1    
403:  0.165 0.070 0.068 0.697 1    
404:  0.534 0.091 0.266 0.109 1    
405:  0.150 0.123 0.562 0.164 1    
406:  0.075 0.807 0.057 0.061 1    
407:  0.130 0.725 0.104 0.041 1    
408:  0.379 0.047 0.124 0.450 1    
409:  0.367 0.249 0.274 0.110 1    
410:  0.278 0.616 0.044 0.062 1    
411:  0.376 0.254 0.083 0.288 1    
412:  0.424 0.121 0.306 0.149 1    
413:  0.159 0.133 0.569 0.138 1    
414:  0.274 0.195 0.324 0.206 1    
415:  0.069 0.046 0.056 0.829 1    
416:  0.049 0.052 0.863 0.036 1    
417:  0.385 0.389 0.108 0.118 1    
418:  0.432 0.184 0.309 0.075 1    
419:  0.127 0.621 0.146 0.106 1    
420:  0.445 0.300 0.057 0.197 1    
421:  0.306 0.148 0.426 0.120 1    
422:  0.399 0.078 0.308 0.215 1    
423:  0.811 0.122 0.035 0.032 1    
424:  0.048 0.042 0.043 0.868 1    
425:  0.226 0.547 0.049 0.178 1    
426:  0.197 0.129 0.558 0.116 1    
427:  0.277 0.423 0.216 0.084 1    
428:  0.361 0.436 0.094 0.108 1    
429:  0.657 0.226 0.061 0.056 1    
430:  0.051 0.034 0.033 0.881 1    
431:  0.768 0.081 0.067 0.084 1    
432:  0.064 0.057 0.812 0.067 1    
433:  0.052 0.813 0.073 0.062 1    
434:  0.086 0.069 0.468 0.378 1    
435:  0.554 0.212 0.146 0.088 1    
436:  0.108 0.630 0.178 0.084 1    
437:  0.067 0.068 0.046 0.819 1    
438:  0.145 0.057 0.461 0.337 1    
439:  0.502 0.337 0.065 0.096 1    
440:  0.068 0.034 0.058 0.840 1    
441:  0.102 0.158 0.695 0.045 1    
442:  0.135 0.552 0.075 0.237 1    
443:  0.084 0.833 0.050 0.034 1    
444:  0.585 0.188 0.066 0.161 1    
445:  0.561 0.306 0.063 0.070 1    
446:  0.059 0.038 0.865 0.038 1    
447:  0.481 0.356 0.052 0.112 1    
448:  0.188 0.048 0.103 0.661 1    
449:  0.059 0.051 0.055 0.836 1    
450:  0.033 0.053 0.869 0.044 1    
451:  0.061 0.054 0.835 0.050 1    
452:  0.055 0.867 0.038 0.040 1    
453:  0.046 0.054 0.844 0.056 1    
454:  0.214 0.116 0.580 0.090 1    
455:  0.510 0.287 0.124 0.079 1    
456:  0.066 0.061 0.820 0.053 1    
457:  0.059 0.107 0.079 0.755 1    
458:  0.519 0.265 0.045 0.172 1    
459:  0.063 0.103 0.789 0.046 1    
460:  0.266 0.605 0.048 0.082 1    
461:  0.053 0.069 0.074 0.803 1    
462:  0.042 0.069 0.844 0.046 1    
463:  0.227 0.059 0.526 0.188 1    
464:  0.237 0.540 0.074 0.149 1    
465:  0.100 0.038 0.725 0.137 1    
466:  0.281 0.522 0.121 0.077 1    
467:  0.058 0.845 0.061 0.035 1    
468:  0.635 0.182 0.089 0.095 1    
469:  0.036 0.914 0.027 0.022 1    
470:  0.305 0.065 0.402 0.229 1    
471:  0.447 0.230 0.070 0.254 1    
472:  0.498 0.136 0.133 0.234 1    
473:  0.631 0.102 0.088 0.179 1    
474:  0.505 0.374 0.055 0.066 1    
475:  0.553 0.093 0.028 0.327 1    
476:  0.121 0.034 0.777 0.069 1    
477:  0.687 0.065 0.046 0.203 1    
478:  0.055 0.044 0.041 0.860 1    
479:  0.239 0.617 0.070 0.073 1    
480:  0.056 0.827 0.052 0.065 1    
481:  0.132 0.155 0.093 0.621 1    
482:  0.098 0.076 0.072 0.754 1    
483:  0.344 0.347 0.161 0.147 1    
484:  0.159 0.727 0.039 0.075 1    
485:  0.088 0.832 0.037 0.042 1    
486:  0.033 0.069 0.864 0.034 1    
487:  0.139 0.711 0.081 0.069 1    
488:  0.658 0.210 0.078 0.054 1    
489:  0.590 0.059 0.188 0.163 1    
490:  0.531 0.169 0.174 0.125 1    
491:  0.082 0.791 0.076 0.051 1    
492:  0.089 0.835 0.033 0.043 1    
                 
                 
1:    0.735 0.104 0.072 0.089 1    
2:    0.129 0.108 0.642 0.120 1    
3:    0.101 0.230 0.602 0.067 1    
4:    0.816 0.057 0.042 0.085 1    
5:    0.863 0.057 0.044 0.035 1    
6:    0.114 0.297 0.487 0.102 1    
7:    0.072 0.258 0.504 0.165 1    
8:    0.846 0.050 0.039 0.065 1    
9:    0.086 0.543 0.331 0.040 1    
10:   0.837 0.075 0.044 0.044 1    
11:   0.044 0.077 0.057 0.823 1    
12:   0.382 0.093 0.443 0.082 1    
13:   0.337 0.177 0.090 0.396 1    
14:   0.514 0.201 0.196 0.088 1    
15:   0.072 0.497 0.230 0.202 1    
16:   0.402 0.125 0.070 0.403 1    
17:   0.065 0.084 0.168 0.683 1    
18:   0.693 0.083 0.158 0.067 1    
19:   0.137 0.351 0.324 0.188 1    
20:   0.570 0.219 0.123 0.088 1    
21:   0.671 0.121 0.069 0.140 1    
22:   0.128 0.694 0.066 0.112 1    
23:   0.040 0.075 0.805 0.079 1    
24:   0.053 0.473 0.413 0.061 1    
25:   0.083 0.116 0.051 0.750 1    
26:   0.096 0.148 0.696 0.060 1    
27:   0.487 0.230 0.046 0.236 1    
28:   0.057 0.487 0.095 0.361 1    
29:   0.247 0.234 0.465 0.054 1    
30:   0.100 0.606 0.091 0.203 1    
31:   0.086 0.203 0.208 0.502 1    
32:   0.073 0.673 0.111 0.143 1    
33:   0.058 0.276 0.211 0.455 1    
34:   0.116 0.313 0.246 0.324 1    
35:   0.731 0.104 0.121 0.044 1    
36:   0.077 0.550 0.305 0.068 1    
37:   0.105 0.093 0.182 0.620 1    
38:   0.045 0.725 0.176 0.054 1    
39:   0.498 0.272 0.075 0.155 1    
40:   0.059 0.075 0.077 0.789 1    
41:   0.184 0.543 0.214 0.059 1    
42:   0.055 0.116 0.220 0.609 1    
43:   0.024 0.050 0.893 0.032 1    
44:   0.032 0.079 0.804 0.085 1    
45:   0.823 0.056 0.053 0.068 1    
46:   0.042 0.089 0.758 0.111 1    
47:   0.781 0.088 0.076 0.055 1    
48:   0.074 0.458 0.354 0.114 1    
49:   0.203 0.516 0.210 0.072 1    
50:   0.631 0.188 0.062 0.118 1    
51:   0.312 0.327 0.138 0.223 1    
52:   0.067 0.090 0.077 0.766 1    
53:   0.135 0.718 0.065 0.082 1    
54:   0.581 0.143 0.166 0.110 1    
55:   0.167 0.096 0.157 0.580 1    
56:   0.065 0.398 0.396 0.141 1    
57:   0.071 0.179 0.706 0.043 1    
58:   0.056 0.278 0.621 0.045 1    
59:   0.092 0.603 0.239 0.066 1    
60:   0.145 0.424 0.337 0.093 1    
61:   0.059 0.051 0.031 0.859 1    
62:   0.050 0.224 0.670 0.056 1    
63:   0.692 0.120 0.051 0.138 1    
64:   0.262 0.517 0.111 0.110 1    
65:   0.060 0.469 0.156 0.315 1    
66:   0.545 0.264 0.081 0.110 1    
67:   0.061 0.105 0.701 0.132 1    
68:   0.075 0.269 0.587 0.069 1    
69:   0.869 0.055 0.023 0.054 1    
70:   0.029 0.072 0.872 0.027 1    
71:   0.201 0.603 0.132 0.063 1    
72:   0.134 0.345 0.471 0.050 1    
73:   0.782 0.045 0.079 0.093 1    
74:   0.229 0.608 0.049 0.114 1    
75:   0.073 0.076 0.040 0.811 1    
76:   0.137 0.172 0.586 0.104 1    
77:   0.205 0.363 0.326 0.105 1    
78:   0.058 0.099 0.086 0.757 1    
79:   0.169 0.069 0.054 0.707 1    
80:   0.056 0.376 0.508 0.059 1    
81:   0.438 0.432 0.048 0.082 1    
82:   0.374 0.203 0.140 0.283 1    
83:   0.138 0.239 0.561 0.062 1    
84:   0.326 0.278 0.272 0.123 1    
85:   0.753 0.107 0.090 0.049 1    
86:   0.165 0.208 0.488 0.139 1    
87:   0.150 0.425 0.313 0.111 1    
88:   0.109 0.379 0.355 0.156 1    
89:   0.050 0.048 0.054 0.848 1    
90:   0.059 0.118 0.744 0.079 1    
91:   0.139 0.282 0.032 0.547 1    
92:   0.102 0.082 0.770 0.045 1    
93:   0.090 0.698 0.120 0.092 1    
94:   0.695 0.168 0.068 0.069 1    
95:   0.094 0.669 0.164 0.074 1    
96:   0.057 0.184 0.049 0.710 1    
97:   0.036 0.048 0.874 0.042 1    
98:   0.085 0.167 0.106 0.642 1    
99:   0.071 0.372 0.184 0.372 1    
100:  0.065 0.044 0.037 0.854 1    
101:  0.119 0.456 0.365 0.060 1    
102:  0.120 0.728 0.038 0.115 1    
103:  0.110 0.290 0.502 0.098 1    
104:  0.064 0.051 0.051 0.834 1    
105:  0.040 0.043 0.049 0.869 1    
106:  0.161 0.712 0.083 0.044 1    
107:  0.793 0.096 0.069 0.041 1    
108:  0.060 0.036 0.027 0.877 1    
109:  0.071 0.076 0.090 0.762 1    
110:  0.145 0.102 0.495 0.258 1    
111:  0.094 0.116 0.064 0.726 1    
112:  0.719 0.102 0.086 0.093 1    
113:  0.057 0.120 0.567 0.256 1    
114:  0.061 0.081 0.270 0.587 1    
115:  0.745 0.173 0.035 0.048 1    
116:  0.734 0.176 0.043 0.048 1    
117:  0.058 0.261 0.606 0.075 1    
118:  0.708 0.111 0.076 0.105 1    
119:  0.089 0.178 0.066 0.667 1    
120:  0.134 0.561 0.219 0.087 1    
121:  0.070 0.518 0.335 0.076 1    
122:  0.084 0.324 0.476 0.116 1    
123:  0.047 0.078 0.834 0.041 1    
124:  0.057 0.368 0.501 0.074 1    
125:  0.202 0.092 0.618 0.088 1    
126:  0.216 0.369 0.326 0.089 1    
127:  0.159 0.479 0.189 0.174 1    
128:  0.136 0.121 0.070 0.674 1    
129:  0.084 0.308 0.469 0.139 1    
130:  0.255 0.572 0.116 0.057 1    
131:  0.043 0.122 0.686 0.149 1    
132:  0.174 0.511 0.060 0.254 1    
133:  0.055 0.043 0.040 0.862 1    
134:  0.078 0.612 0.266 0.044 1    
135:  0.075 0.765 0.114 0.046 1    
136:  0.655 0.140 0.128 0.078 1    
137:  0.192 0.527 0.130 0.150 1    
138:  0.060 0.117 0.124 0.699 1    
139:  0.789 0.063 0.083 0.065 1    
140:  0.070 0.522 0.350 0.058 1    
141:  0.202 0.536 0.133 0.129 1    
142:  0.113 0.228 0.057 0.602 1    
143:  0.260 0.460 0.137 0.143 1    
144:  0.171 0.649 0.071 0.110 1    
145:  0.085 0.218 0.622 0.075 1    
146:  0.155 0.589 0.160 0.096 1    
147:  0.108 0.144 0.579 0.169 1    
148:  0.094 0.299 0.502 0.105 1    
149:  0.064 0.096 0.143 0.697 1    
150:  0.094 0.400 0.076 0.431 1    
151:  0.075 0.045 0.047 0.833 1    
152:  0.068 0.595 0.291 0.046 1    
153:  0.164 0.066 0.037 0.733 1    
154:  0.094 0.624 0.146 0.136 1    
155:  0.108 0.659 0.164 0.069 1    
156:  0.291 0.411 0.088 0.210 1    
157:  0.104 0.081 0.692 0.123 1    
158:  0.181 0.290 0.229 0.301 1    
159:  0.680 0.114 0.132 0.074 1    
160:  0.826 0.072 0.051 0.051 1    
161:  0.756 0.066 0.088 0.090 1    
162:  0.078 0.579 0.265 0.079 1    
163:  0.052 0.242 0.542 0.163 1    
164:  0.839 0.051 0.053 0.057 1    
165:  0.137 0.223 0.307 0.333 1    
166:  0.147 0.250 0.100 0.503 1    
167:  0.083 0.329 0.134 0.454 1    
168:  0.337 0.424 0.104 0.135 1    
169:  0.857 0.064 0.040 0.039 1    
170:  0.710 0.146 0.083 0.061 1    
171:  0.056 0.188 0.624 0.132 1    
172:  0.061 0.061 0.042 0.837 1    
173:  0.057 0.122 0.033 0.789 1    
174:  0.213 0.224 0.279 0.284 1    
175:  0.110 0.179 0.595 0.115 1    
176:  0.738 0.148 0.070 0.044 1    
177:  0.220 0.234 0.393 0.153 1    
178:  0.064 0.106 0.099 0.731 1    
179:  0.100 0.153 0.203 0.544 1    
180:  0.560 0.324 0.050 0.066 1    
181:  0.155 0.610 0.139 0.096 1    
182:  0.096 0.073 0.143 0.688 1    
183:  0.813 0.056 0.045 0.086 1    
184:  0.167 0.313 0.198 0.322 1    
185:  0.399 0.257 0.204 0.139 1    
186:  0.495 0.250 0.097 0.158 1    
187:  0.053 0.352 0.539 0.055 1    
188:  0.860 0.044 0.032 0.064 1    
189:  0.369 0.194 0.300 0.136 1    
190:  0.242 0.513 0.074 0.170 1    
191:  0.052 0.079 0.062 0.808 1    
192:  0.417 0.098 0.413 0.072 1    
193:  0.374 0.222 0.154 0.249 1    
194:  0.084 0.701 0.159 0.056 1    
195:  0.053 0.109 0.083 0.755 1    
196:  0.509 0.347 0.096 0.049 1    
197:  0.089 0.526 0.210 0.175 1    
198:  0.046 0.056 0.060 0.837 1    
199:  0.054 0.081 0.783 0.083 1    
200:  0.030 0.049 0.057 0.864 1    
201:  0.775 0.148 0.034 0.044 1    
202:  0.102 0.119 0.686 0.093 1    
203:  0.080 0.597 0.260 0.063 1    
204:  0.077 0.293 0.294 0.336 1    
205:  0.041 0.047 0.879 0.033 1    
206:  0.097 0.376 0.458 0.070 1    
207:  0.073 0.358 0.105 0.464 1    
208:  0.035 0.049 0.050 0.866 1    
209:  0.147 0.086 0.114 0.652 1    
210:  0.154 0.481 0.265 0.100 1    
211:  0.084 0.096 0.057 0.762 1    
212:  0.040 0.051 0.043 0.866 1    
213:  0.393 0.347 0.171 0.089 1    
214:  0.072 0.687 0.206 0.036 1    
215:  0.084 0.181 0.060 0.676 1    
216:  0.077 0.118 0.047 0.757 1    
217:  0.152 0.131 0.663 0.054 1    
218:  0.067 0.077 0.777 0.078 1    
219:  0.075 0.210 0.030 0.685 1    
220:  0.106 0.336 0.378 0.180 1    
221:  0.091 0.718 0.144 0.048 1    
222:  0.128 0.593 0.195 0.084 1    
223:  0.120 0.636 0.150 0.094 1    
224:  0.187 0.305 0.245 0.262 1    
225:  0.795 0.088 0.053 0.064 1    
226:  0.293 0.257 0.137 0.314 1    
227:  0.031 0.060 0.877 0.032 1    
228:  0.064 0.172 0.602 0.162 1    
229:  0.562 0.146 0.128 0.164 1    
230:  0.073 0.176 0.314 0.436 1    
231:  0.040 0.061 0.029 0.870 1    
232:  0.064 0.063 0.361 0.512 1    
233:  0.054 0.142 0.052 0.751 1    
234:  0.086 0.085 0.095 0.735 1    
235:  0.593 0.305 0.051 0.051 1    
236:  0.104 0.480 0.348 0.068 1    
237:  0.107 0.151 0.136 0.606 1    
238:  0.098 0.631 0.228 0.043 1    
239:  0.466 0.057 0.407 0.070 1    
240:  0.185 0.556 0.194 0.065 1    
241:  0.204 0.567 0.079 0.150 1    
242:  0.696 0.083 0.118 0.103 1    
243:  0.071 0.195 0.301 0.433 1    
244:  0.031 0.267 0.644 0.058 1    
245:  0.230 0.138 0.040 0.592 1    
246:  0.065 0.123 0.296 0.516 1    
247:  0.610 0.263 0.058 0.070 1    
248:  0.638 0.200 0.079 0.083 1    
249:  0.053 0.112 0.053 0.782 1    
250:  0.414 0.367 0.077 0.142 1    
251:  0.067 0.036 0.054 0.843 1    
252:  0.136 0.578 0.176 0.110 1    
253:  0.047 0.139 0.778 0.036 1    
254:  0.293 0.461 0.193 0.053 1    
255:  0.053 0.125 0.236 0.586 1    
256:  0.088 0.568 0.278 0.066 1    
257:  0.381 0.170 0.064 0.386 1    
258:  0.820 0.097 0.038 0.044 1    
259:  0.845 0.067 0.033 0.055 1    
260:  0.215 0.517 0.156 0.113 1    
261:  0.065 0.102 0.768 0.065 1    
262:  0.093 0.150 0.686 0.071 1    
263:  0.141 0.710 0.075 0.074 1    
264:  0.042 0.091 0.829 0.038 1    
265:  0.459 0.094 0.344 0.104 1    
266:  0.443 0.348 0.106 0.103 1    
267:  0.049 0.078 0.046 0.828 1    
268:  0.070 0.090 0.086 0.754 1    
269:  0.580 0.151 0.086 0.183 1    
270:  0.735 0.163 0.042 0.060 1    
271:  0.048 0.210 0.647 0.095 1    
272:  0.091 0.152 0.664 0.093 1    
273:  0.082 0.076 0.063 0.779 1    
274:  0.839 0.066 0.041 0.054 1    
275:  0.111 0.196 0.129 0.564 1    
276:  0.279 0.455 0.098 0.169 1    
277:  0.222 0.474 0.243 0.060 1    
278:  0.130 0.195 0.159 0.516 1    
279:  0.412 0.277 0.279 0.031 1    
280:  0.220 0.430 0.254 0.097 1    
281:  0.091 0.062 0.047 0.800 1    
282:  0.108 0.360 0.484 0.048 1    
283:  0.105 0.141 0.560 0.194 1    
284:  0.202 0.203 0.214 0.381 1    
285:  0.218 0.171 0.295 0.316 1    
286:  0.513 0.189 0.232 0.067 1    
287:  0.049 0.183 0.668 0.100 1    
288:  0.170 0.488 0.254 0.088 1    
289:  0.101 0.500 0.078 0.321 1    
290:  0.058 0.209 0.670 0.062 1    
291:  0.069 0.356 0.536 0.040 1    
292:  0.051 0.061 0.376 0.512 1    
293:  0.126 0.180 0.039 0.655 1    
294:  0.218 0.518 0.197 0.067 1    
295:  0.083 0.067 0.784 0.066 1    
296:  0.076 0.280 0.558 0.085 1    
297:  0.055 0.191 0.649 0.104 1    
298:  0.754 0.104 0.025 0.117 1    
299:  0.391 0.442 0.108 0.060 1    
300:  0.759 0.160 0.031 0.050 1    
301:  0.382 0.195 0.351 0.072 1    
302:  0.827 0.096 0.029 0.048 1    
303:  0.105 0.601 0.252 0.041 1    
304:  0.487 0.368 0.069 0.076 1    
305:  0.305 0.312 0.176 0.207 1    
306:  0.068 0.623 0.058 0.251 1    
307:  0.067 0.751 0.082 0.101 1    
308:  0.503 0.260 0.082 0.155 1    
309:  0.286 0.435 0.076 0.202 1    
310:  0.117 0.082 0.053 0.748 1    
311:  0.179 0.142 0.069 0.610 1    
312:  0.911 0.043 0.020 0.026 1    
313:  0.086 0.044 0.821 0.050 1    
314:  0.707 0.097 0.102 0.093 1    
315:  0.890 0.039 0.030 0.040 1    
316:  0.046 0.050 0.069 0.835 1    
317:  0.109 0.106 0.053 0.732 1    
318:  0.716 0.144 0.084 0.055 1    
319:  0.043 0.038 0.035 0.884 1    
320:  0.867 0.057 0.039 0.037 1    
321:  0.109 0.131 0.608 0.152 1    
322:  0.128 0.659 0.058 0.155 1    
323:  0.188 0.457 0.263 0.092 1    
324:  0.802 0.067 0.057 0.074 1    
325:  0.068 0.056 0.038 0.838 1    
326:  0.209 0.332 0.327 0.131 1    
327:  0.053 0.083 0.163 0.700 1    
328:  0.183 0.669 0.091 0.056 1    
329:  0.197 0.625 0.127 0.052 1    
330:  0.126 0.462 0.348 0.064 1    
331:  0.133 0.469 0.134 0.263 1    
332:  0.086 0.421 0.405 0.087 1    
333:  0.500 0.153 0.224 0.123 1    
334:  0.054 0.049 0.051 0.846 1    
335:  0.160 0.140 0.051 0.648 1    
336:  0.125 0.495 0.285 0.095 1    
337:  0.660 0.103 0.165 0.072 1    
338:  0.098 0.749 0.066 0.087 1    
339:  0.053 0.068 0.058 0.821 1    
340:  0.136 0.256 0.511 0.097 1    
341:  0.230 0.451 0.266 0.053 1    
342:  0.037 0.080 0.827 0.057 1    
343:  0.745 0.053 0.078 0.125 1    
344:  0.116 0.705 0.058 0.121 1    
345:  0.049 0.057 0.052 0.841 1    
346:  0.798 0.072 0.082 0.048 1    
347:  0.069 0.508 0.069 0.354 1    
348:  0.097 0.125 0.163 0.615 1    
349:  0.092 0.158 0.137 0.613 1    
350:  0.189 0.146 0.104 0.561 1    
351:  0.135 0.516 0.155 0.194 1    
352:  0.052 0.357 0.463 0.128 1    
353:  0.064 0.070 0.076 0.790 1    
354:  0.099 0.162 0.371 0.368 1    
355:  0.041 0.277 0.111 0.571 1    
356:  0.875 0.050 0.042 0.032 1    
357:  0.047 0.062 0.846 0.046 1    
358:  0.621 0.185 0.094 0.100 1    
359:  0.600 0.109 0.228 0.064 1    
360:  0.066 0.111 0.723 0.100 1    
361:  0.759 0.102 0.097 0.042 1    
362:  0.088 0.583 0.247 0.082 1    
363:  0.047 0.824 0.081 0.048 1    
364:  0.096 0.550 0.235 0.119 1    
365:  0.191 0.472 0.041 0.296 1    
366:  0.579 0.158 0.180 0.083 1    
367:  0.211 0.541 0.095 0.154 1    
368:  0.057 0.594 0.086 0.263 1    
369:  0.058 0.151 0.737 0.055 1    
370:  0.128 0.209 0.094 0.569 1    
371:  0.065 0.135 0.712 0.088 1    
372:  0.049 0.152 0.703 0.096 1    
373:  0.498 0.128 0.273 0.100 1    
374:  0.693 0.127 0.068 0.112 1    
375:  0.033 0.097 0.835 0.035 1    
376:  0.075 0.105 0.101 0.719 1    
377:  0.796 0.072 0.078 0.055 1    
378:  0.761 0.061 0.114 0.064 1    
379:  0.038 0.084 0.081 0.796 1    
380:  0.161 0.212 0.340 0.287 1    
381:  0.395 0.286 0.239 0.080 1    
382:  0.050 0.066 0.798 0.086 1    
383:  0.059 0.712 0.135 0.094 1    
384:  0.622 0.155 0.148 0.075 1    
385:  0.243 0.137 0.060 0.560 1    
386:  0.093 0.604 0.176 0.128 1    
387:  0.067 0.586 0.303 0.044 1    
388:  0.262 0.087 0.581 0.069 1    
389:  0.053 0.106 0.291 0.550 1    
390:  0.052 0.137 0.740 0.071 1    
391:  0.107 0.352 0.248 0.294 1    
392:  0.490 0.236 0.215 0.058 1    
393:  0.260 0.219 0.270 0.251 1    
394:  0.071 0.123 0.044 0.762 1    
395:  0.045 0.782 0.127 0.045 1    
396:  0.246 0.079 0.602 0.072 1    
397:  0.161 0.197 0.593 0.048 1    
398:  0.518 0.301 0.131 0.050 1    
399:  0.060 0.301 0.576 0.063 1    
400:  0.124 0.391 0.339 0.147 1    
401:  0.130 0.644 0.173 0.054 1    
402:  0.081 0.070 0.085 0.764 1    
403:  0.694 0.151 0.084 0.071 1    
404:  0.113 0.548 0.074 0.265 1    
405:  0.167 0.160 0.126 0.546 1    
406:  0.065 0.075 0.798 0.062 1    
407:  0.045 0.138 0.709 0.108 1    
408:  0.420 0.419 0.047 0.113 1    
409:  0.107 0.373 0.224 0.297 1    
410:  0.071 0.239 0.643 0.047 1    
411:  0.282 0.374 0.261 0.083 1    
412:  0.131 0.475 0.109 0.285 1    
413:  0.146 0.151 0.122 0.580 1    
414:  0.206 0.283 0.191 0.321 1    
415:  0.814 0.072 0.053 0.061 1    
416:  0.038 0.053 0.056 0.852 1    
417:  0.118 0.351 0.416 0.115 1    
418:  0.072 0.449 0.174 0.305 1    
419:  0.113 0.148 0.587 0.152 1    
420:  0.186 0.408 0.345 0.062 1    
421:  0.114 0.308 0.150 0.428 1    
422:  0.195 0.429 0.078 0.298 1    
423:  0.033 0.798 0.130 0.039 1    
424:  0.857 0.055 0.044 0.045 1    
425:  0.171 0.221 0.554 0.055 1    
426:  0.118 0.188 0.131 0.563 1    
427:  0.089 0.309 0.381 0.221 1    
428:  0.114 0.298 0.487 0.101 1    
429:  0.055 0.630 0.251 0.065 1    
430:  0.875 0.050 0.037 0.038 1    
431:  0.086 0.766 0.074 0.075 1    
432:  0.072 0.068 0.060 0.799 1    
433:  0.071 0.061 0.789 0.079 1    
434:  0.383 0.084 0.068 0.466 1    
435:  0.086 0.603 0.159 0.152 1    
436:  0.087 0.124 0.587 0.201 1    
437:  0.810 0.064 0.077 0.050 1    
438:  0.351 0.133 0.062 0.454 1    
439:  0.099 0.525 0.304 0.072 1    
440:  0.824 0.077 0.038 0.061 1    
441:  0.049 0.114 0.155 0.683 1    
442:  0.265 0.173 0.478 0.083 1    
443:  0.037 0.108 0.797 0.059 1    
444:  0.158 0.522 0.246 0.074 1    
445:  0.071 0.607 0.261 0.061 1    
446:  0.039 0.064 0.042 0.855 1    
447:  0.114 0.468 0.363 0.055 1    
448:  0.661 0.177 0.050 0.112 1    
449:  0.819 0.063 0.056 0.062 1    
450:  0.049 0.035 0.057 0.858 1    
451:  0.054 0.065 0.058 0.823 1    
452:  0.045 0.057 0.856 0.042 1    
453:  0.060 0.054 0.056 0.830 1    
454:  0.095 0.221 0.114 0.571 1    
455:  0.083 0.475 0.309 0.133 1    
456:  0.056 0.069 0.066 0.808 1    
457:  0.731 0.063 0.119 0.088 1    
458:  0.168 0.455 0.330 0.048 1    
459:  0.052 0.071 0.104 0.773 1    
460:  0.079 0.214 0.654 0.053 1    
461:  0.790 0.059 0.073 0.079 1    
462:  0.047 0.046 0.076 0.831 1    
463:  0.197 0.226 0.058 0.519 1    
464:  0.154 0.210 0.553 0.082 1    
465:  0.149 0.106 0.044 0.702 1    
466:  0.084 0.251 0.538 0.127 1    
467:  0.038 0.061 0.836 0.065 1    
468:  0.102 0.637 0.171 0.091 1    
469:  0.024 0.039 0.906 0.031 1    
470:  0.234 0.310 0.069 0.387 1    
471:  0.250 0.441 0.238 0.072 1    
472:  0.237 0.470 0.152 0.141 1    
473:  0.169 0.615 0.123 0.094 1    
474:  0.071 0.459 0.412 0.058 1    
475:  0.317 0.551 0.100 0.031 1    
476:  0.079 0.127 0.038 0.757 1    
477:  0.215 0.656 0.082 0.047 1    
478:  0.852 0.053 0.049 0.046 1    
479:  0.076 0.217 0.633 0.074 1    
480:  0.067 0.061 0.815 0.057 1    
481:  0.624 0.128 0.149 0.099 1    
482:  0.743 0.101 0.074 0.082 1    
483:  0.138 0.345 0.347 0.170 1    
484:  0.079 0.145 0.737 0.040 1    
485:  0.046 0.097 0.816 0.041 1    
486:  0.038 0.035 0.069 0.859 1    
487:  0.075 0.125 0.715 0.086 1    
488:  0.060 0.604 0.253 0.083 1    
489:  0.150 0.617 0.046 0.188 1    
490:  0.116 0.557 0.150 0.177 1    
491:  0.058 0.108 0.742 0.093 1    
492:  0.049 0.109 0.806 0.036 1    
                 
                 
1:    0.175 0.098 0.657 0.069 1    
2:    0.110 0.087 0.122 0.682 1    
3:    0.061 0.301 0.103 0.535 1    
4:    0.161 0.076 0.727 0.035 1    
5:    0.046 0.095 0.814 0.046 1    
6:    0.100 0.359 0.097 0.444 1    
7:    0.173 0.224 0.053 0.550 1    
8:    0.176 0.052 0.734 0.038 1    
9:    0.035 0.601 0.078 0.285 1    
10:   0.047 0.118 0.797 0.038 1    
11:   0.816 0.080 0.052 0.052 1    
12:   0.113 0.089 0.339 0.459 1    
13:   0.460 0.155 0.289 0.096 1    
14:   0.076 0.241 0.511 0.172 1    
15:   0.176 0.497 0.106 0.221 1    
16:   0.477 0.113 0.341 0.069 1    
17:   0.656 0.082 0.075 0.186 1    
18:   0.177 0.074 0.611 0.137 1    
19:   0.178 0.364 0.139 0.320 1    
20:   0.132 0.275 0.486 0.108 1    
21:   0.117 0.139 0.677 0.067 1    
22:   0.118 0.617 0.200 0.064 1    
23:   0.070 0.063 0.040 0.827 1    
24:   0.053 0.456 0.052 0.440 1    
25:   0.787 0.097 0.069 0.047 1    
26:   0.063 0.156 0.089 0.692 1    
27:   0.228 0.242 0.489 0.041 1    
28:   0.335 0.448 0.100 0.117 1    
29:   0.051 0.314 0.217 0.418 1    
30:   0.190 0.588 0.129 0.093 1    
31:   0.498 0.202 0.079 0.222 1    
32:   0.140 0.658 0.090 0.112 1    
33:   0.410 0.278 0.111 0.201 1    
34:   0.338 0.281 0.127 0.254 1    
35:   0.039 0.131 0.706 0.124 1    
36:   0.061 0.574 0.081 0.283 1    
37:   0.651 0.093 0.084 0.173 1    
38:   0.046 0.700 0.051 0.202 1    
39:   0.204 0.295 0.433 0.068 1    
40:   0.673 0.070 0.190 0.067 1    
41:   0.058 0.510 0.216 0.217 1    
42:   0.599 0.120 0.058 0.224 1    
43:   0.029 0.042 0.023 0.906 1    
44:   0.069 0.065 0.029 0.838 1    
45:   0.200 0.059 0.695 0.046 1    
46:   0.092 0.070 0.049 0.789 1    
47:   0.182 0.085 0.668 0.065 1    
48:   0.105 0.494 0.084 0.317 1    
49:   0.072 0.403 0.293 0.232 1    
50:   0.106 0.152 0.682 0.060 1    
51:   0.192 0.268 0.419 0.121 1    
52:   0.659 0.094 0.171 0.076 1    
53:   0.074 0.677 0.184 0.065 1    
54:   0.139 0.130 0.558 0.172 1    
55:   0.571 0.098 0.169 0.162 1    
56:   0.135 0.381 0.060 0.425 1    
57:   0.039 0.191 0.077 0.693 1    
58:   0.039 0.324 0.059 0.577 1    
59:   0.053 0.637 0.099 0.212 1    
60:   0.086 0.425 0.146 0.342 1    
61:   0.877 0.048 0.051 0.025 1    
62:   0.047 0.290 0.045 0.617 1    
63:   0.162 0.154 0.639 0.045 1    
64:   0.095 0.437 0.359 0.110 1    
65:   0.268 0.403 0.166 0.163 1    
66:   0.103 0.250 0.573 0.073 1    
67:   0.113 0.084 0.058 0.746 1    
68:   0.060 0.333 0.071 0.536 1    
69:   0.170 0.056 0.755 0.019 1    
70:   0.024 0.095 0.023 0.858 1    
71:   0.056 0.634 0.191 0.119 1    
72:   0.052 0.294 0.146 0.508 1    
73:   0.212 0.041 0.675 0.071 1    
74:   0.134 0.586 0.234 0.046 1    
75:   0.821 0.070 0.072 0.036 1    
76:   0.097 0.193 0.110 0.600 1    
77:   0.095 0.424 0.205 0.276 1    
78:   0.783 0.085 0.053 0.079 1    
79:   0.718 0.075 0.153 0.054 1    
80:   0.049 0.440 0.063 0.447 1    
81:   0.075 0.371 0.506 0.048 1    
82:   0.298 0.191 0.376 0.136 1    
83:   0.064 0.232 0.133 0.572 1    
84:   0.130 0.311 0.298 0.261 1    
85:   0.155 0.123 0.633 0.089 1    
86:   0.131 0.212 0.163 0.494 1    
87:   0.095 0.372 0.216 0.318 1    
88:   0.132 0.362 0.140 0.365 1    
89:   0.841 0.050 0.056 0.052 1    
90:   0.062 0.090 0.073 0.775 1    
91:   0.522 0.251 0.199 0.027 1    
92:   0.054 0.086 0.086 0.774 1    
93:   0.097 0.604 0.164 0.136 1    
94:   0.073 0.236 0.625 0.066 1    
95:   0.067 0.658 0.095 0.179 1    
96:   0.649 0.201 0.100 0.049 1    
97:   0.037 0.038 0.031 0.893 1    
98:   0.560 0.170 0.167 0.103 1    
99:   0.357 0.382 0.082 0.179 1    
100:  0.749 0.042 0.177 0.032 1    
101:  0.060 0.473 0.093 0.373 1    
102:  0.115 0.664 0.184 0.037 1    
103:  0.094 0.349 0.109 0.448 1    
104:  0.845 0.046 0.058 0.051 1    
105:  0.754 0.035 0.170 0.041 1    
106:  0.040 0.701 0.174 0.085 1    
107:  0.057 0.121 0.753 0.070 1    
108:  0.749 0.035 0.192 0.024 1    
109:  0.797 0.065 0.058 0.079 1    
110:  0.231 0.096 0.136 0.536 1    
111:  0.673 0.115 0.155 0.058 1    
112:  0.142 0.130 0.640 0.087 1    
113:  0.216 0.106 0.058 0.620 1    
114:  0.571 0.064 0.059 0.307 1    
115:  0.074 0.212 0.684 0.030 1    
116:  0.131 0.182 0.650 0.038 1    
117:  0.065 0.284 0.052 0.599 1    
118:  0.220 0.108 0.608 0.064 1    
119:  0.687 0.172 0.087 0.054 1    
120:  0.076 0.453 0.236 0.235 1    
121:  0.062 0.546 0.081 0.311 1    
122:  0.107 0.266 0.116 0.511 1    
123:  0.035 0.062 0.040 0.863 1    
124:  0.066 0.394 0.060 0.480 1    
125:  0.097 0.069 0.158 0.676 1    
126:  0.088 0.423 0.187 0.302 1    
127:  0.160 0.443 0.199 0.198 1    
128:  0.604 0.104 0.233 0.059 1    
129:  0.116 0.244 0.142 0.498 1    
130:  0.058 0.637 0.207 0.097 1    
131:  0.128 0.093 0.055 0.723 1    
132:  0.224 0.512 0.212 0.052 1    
133:  0.858 0.044 0.063 0.036 1    
134:  0.041 0.527 0.112 0.320 1    
135:  0.048 0.776 0.072 0.104 1    
136:  0.143 0.145 0.586 0.126 1    
137:  0.138 0.464 0.265 0.133 1    
138:  0.603 0.110 0.160 0.126 1    
139:  0.175 0.062 0.678 0.085 1    
140:  0.049 0.518 0.057 0.375 1    
141:  0.136 0.501 0.228 0.135 1    
142:  0.637 0.213 0.096 0.054 1    
143:  0.126 0.443 0.306 0.126 1    
144:  0.095 0.649 0.199 0.057 1    
145:  0.073 0.173 0.085 0.668 1    
146:  0.089 0.648 0.132 0.131 1    
147:  0.146 0.114 0.115 0.625 1    
148:  0.078 0.348 0.109 0.465 1    
149:  0.683 0.091 0.080 0.146 1    
150:  0.404 0.422 0.105 0.069 1    
151:  0.850 0.043 0.064 0.043 1    
152:  0.038 0.606 0.066 0.290 1    
153:  0.632 0.056 0.280 0.032 1    
154:  0.126 0.576 0.139 0.159 1    
155:  0.058 0.637 0.158 0.147 1    
156:  0.199 0.417 0.307 0.077 1    
157:  0.125 0.086 0.093 0.696 1    
158:  0.268 0.290 0.222 0.219 1    
159:  0.075 0.149 0.645 0.130 1    
160:  0.188 0.063 0.703 0.046 1    
161:  0.219 0.061 0.647 0.073 1    
162:  0.068 0.587 0.089 0.257 1    
163:  0.143 0.204 0.052 0.601 1    
164:  0.187 0.055 0.709 0.049 1    
165:  0.321 0.258 0.122 0.299 1    
166:  0.433 0.211 0.258 0.098 1    
167:  0.383 0.383 0.126 0.108 1    
168:  0.161 0.450 0.295 0.094 1    
169:  0.160 0.071 0.734 0.035 1    
170:  0.053 0.177 0.698 0.072 1    
171:  0.108 0.170 0.059 0.663 1    
172:  0.712 0.055 0.194 0.038 1    
173:  0.675 0.096 0.202 0.027 1    
174:  0.273 0.220 0.220 0.288 1    
175:  0.100 0.159 0.141 0.600 1    
176:  0.047 0.198 0.688 0.068 1    
177:  0.145 0.231 0.235 0.389 1    
178:  0.645 0.104 0.168 0.083 1    
179:  0.551 0.138 0.117 0.194 1    
180:  0.057 0.331 0.567 0.045 1    
181:  0.099 0.513 0.210 0.178 1    
182:  0.722 0.060 0.078 0.141 1    
183:  0.221 0.050 0.689 0.040 1    
184:  0.318 0.302 0.169 0.211 1    
185:  0.180 0.243 0.362 0.214 1    
186:  0.128 0.227 0.561 0.083 1    
187:  0.053 0.355 0.061 0.531 1    
188:  0.195 0.042 0.736 0.027 1    
189:  0.145 0.238 0.319 0.299 1    
190:  0.148 0.516 0.277 0.060 1    
191:  0.693 0.064 0.188 0.055 1    
192:  0.124 0.090 0.366 0.420 1    
193:  0.263 0.232 0.355 0.151 1    
194:  0.053 0.719 0.082 0.146 1    
195:  0.746 0.102 0.068 0.084 1    
196:  0.049 0.360 0.505 0.086 1    
197:  0.152 0.563 0.094 0.191 1    
198:  0.729 0.056 0.160 0.055 1    
199:  0.076 0.067 0.047 0.810 1    
200:  0.826 0.059 0.048 0.068 1    
201:  0.039 0.137 0.795 0.029 1    
202:  0.090 0.163 0.095 0.652 1    
203:  0.058 0.629 0.081 0.232 1    
204:  0.288 0.296 0.112 0.304 1    
205:  0.032 0.045 0.035 0.889 1    
206:  0.059 0.400 0.097 0.443 1    
207:  0.462 0.346 0.081 0.111 1    
208:  0.860 0.048 0.041 0.050 1    
209:  0.578 0.093 0.220 0.108 1    
210:  0.099 0.484 0.140 0.277 1    
211:  0.653 0.096 0.201 0.051 1    
212:  0.739 0.050 0.166 0.045 1    
213:  0.113 0.414 0.321 0.152 1    
214:  0.031 0.734 0.061 0.175 1    
215:  0.700 0.171 0.078 0.051 1    
216:  0.746 0.121 0.083 0.051 1    
217:  0.050 0.126 0.139 0.685 1    
218:  0.068 0.076 0.054 0.803 1    
219:  0.625 0.142 0.207 0.026 1    
220:  0.141 0.250 0.199 0.411 1    
221:  0.043 0.726 0.096 0.135 1    
222:  0.095 0.455 0.212 0.238 1    
223:  0.078 0.683 0.119 0.120 1    
224:  0.258 0.296 0.224 0.222 1    
225:  0.059 0.099 0.794 0.048 1    
226:  0.311 0.232 0.318 0.139 1    
227:  0.027 0.060 0.028 0.885 1    
228:  0.140 0.154 0.065 0.640 1    
229:  0.272 0.129 0.493 0.106 1    
230:  0.423 0.153 0.079 0.345 1    
231:  0.848 0.060 0.064 0.027 1    
232:  0.508 0.058 0.063 0.372 1    
233:  0.672 0.096 0.189 0.043 1    
234:  0.767 0.079 0.072 0.081 1    
235:  0.049 0.372 0.531 0.048 1    
236:  0.065 0.421 0.122 0.392 1    
237:  0.661 0.122 0.096 0.120 1    
238:  0.042 0.611 0.106 0.241 1    
239:  0.157 0.053 0.400 0.391 1    
240:  0.073 0.576 0.156 0.195 1    
241:  0.134 0.552 0.244 0.071 1    
242:  0.200 0.085 0.607 0.108 1    
243:  0.397 0.219 0.069 0.315 1    
244:  0.050 0.216 0.027 0.706 1    
245:  0.662 0.104 0.196 0.038 1    
246:  0.506 0.113 0.073 0.308 1    
247:  0.142 0.262 0.540 0.055 1    
248:  0.080 0.228 0.607 0.085 1    
249:  0.799 0.109 0.045 0.047 1    
250:  0.116 0.300 0.515 0.070 1    
251:  0.861 0.030 0.058 0.051 1    
252:  0.123 0.592 0.132 0.153 1    
253:  0.032 0.133 0.041 0.794 1    
254:  0.048 0.411 0.341 0.200 1    
255:  0.539 0.130 0.068 0.263 1    
256:  0.054 0.643 0.074 0.229 1    
257:  0.402 0.163 0.377 0.058 1    
258:  0.139 0.112 0.712 0.037 1    
259:  0.176 0.066 0.726 0.032 1    
260:  0.084 0.523 0.247 0.146 1    
261:  0.049 0.083 0.075 0.793 1    
262:  0.068 0.133 0.079 0.719 1    
263:  0.075 0.687 0.175 0.063 1    
264:  0.034 0.107 0.038 0.822 1    
265:  0.126 0.099 0.405 0.370 1    
266:  0.094 0.382 0.431 0.092 1    
267:  0.711 0.070 0.181 0.038 1    
268:  0.776 0.090 0.063 0.071 1    
269:  0.164 0.153 0.609 0.073 1    
270:  0.066 0.212 0.687 0.035 1    
271:  0.085 0.244 0.050 0.622 1    
272:  0.089 0.138 0.079 0.694 1    
273:  0.801 0.068 0.074 0.057 1    
274:  0.049 0.120 0.796 0.035 1    
275:  0.490 0.212 0.181 0.118 1    
276:  0.162 0.447 0.298 0.094 1    
277:  0.058 0.562 0.175 0.205 1    
278:  0.466 0.197 0.182 0.154 1    
279:  0.044 0.331 0.358 0.268 1    
280:  0.093 0.383 0.255 0.269 1    
281:  0.835 0.056 0.069 0.040 1    
282:  0.041 0.439 0.088 0.432 1    
283:  0.173 0.115 0.098 0.614 1    
284:  0.385 0.193 0.204 0.217 1    
285:  0.314 0.171 0.215 0.299 1    
286:  0.117 0.245 0.430 0.208 1    
287:  0.079 0.190 0.053 0.678 1    
288:  0.085 0.509 0.174 0.231 1    
289:  0.342 0.460 0.116 0.082 1    
290:  0.053 0.207 0.050 0.691 1    
291:  0.036 0.429 0.059 0.476 1    
292:  0.447 0.049 0.063 0.441 1    
293:  0.580 0.136 0.250 0.033 1    
294:  0.061 0.636 0.169 0.135 1    
295:  0.061 0.062 0.077 0.800 1    
296:  0.077 0.313 0.070 0.541 1    
297:  0.090 0.145 0.051 0.713 1    
298:  0.139 0.094 0.746 0.021 1    
299:  0.093 0.462 0.344 0.101 1    
300:  0.116 0.148 0.708 0.027 1    
301:  0.096 0.214 0.346 0.345 1    
302:  0.101 0.138 0.737 0.024 1    
303:  0.040 0.613 0.102 0.245 1    
304:  0.065 0.279 0.582 0.074 1    
305:  0.204 0.289 0.319 0.188 1    
306:  0.222 0.549 0.173 0.056 1    
307:  0.118 0.735 0.067 0.080 1    
308:  0.201 0.279 0.448 0.072 1    
309:  0.193 0.406 0.320 0.081 1    
310:  0.657 0.067 0.229 0.047 1    
311:  0.542 0.112 0.290 0.056 1    
312:  0.055 0.066 0.860 0.018 1    
313:  0.053 0.045 0.070 0.833 1    
314:  0.196 0.088 0.625 0.091 1    
315:  0.074 0.054 0.843 0.029 1    
316:  0.731 0.047 0.154 0.069 1    
317:  0.659 0.095 0.201 0.045 1    
318:  0.102 0.184 0.638 0.076 1    
319:  0.815 0.039 0.115 0.032 1    
320:  0.157 0.075 0.732 0.036 1    
321:  0.144 0.113 0.098 0.645 1    
322:  0.166 0.586 0.182 0.065 1    
323:  0.083 0.470 0.197 0.250 1    
324:  0.182 0.064 0.707 0.047 1    
325:  0.795 0.051 0.118 0.036 1    
326:  0.115 0.359 0.227 0.299 1    
327:  0.603 0.089 0.157 0.151 1    
328:  0.057 0.709 0.161 0.072 1    
329:  0.046 0.695 0.154 0.104 1    
330:  0.060 0.502 0.108 0.331 1    
331:  0.320 0.417 0.137 0.126 1    
332:  0.071 0.487 0.079 0.363 1    
333:  0.225 0.127 0.446 0.202 1    
334:  0.719 0.043 0.194 0.043 1    
335:  0.698 0.123 0.127 0.052 1    
336:  0.081 0.442 0.195 0.282 1    
337:  0.192 0.110 0.557 0.141 1    
338:  0.072 0.761 0.115 0.053 1    
339:  0.837 0.064 0.047 0.052 1    
340:  0.081 0.269 0.136 0.514 1    
341:  0.051 0.525 0.196 0.228 1    
342:  0.047 0.062 0.032 0.859 1    
343:  0.258 0.043 0.637 0.062 1    
344:  0.120 0.710 0.116 0.055 1    
345:  0.853 0.055 0.044 0.048 1    
346:  0.179 0.060 0.686 0.075 1    
347:  0.349 0.453 0.119 0.080 1    
348:  0.567 0.106 0.171 0.156 1    
349:  0.628 0.127 0.109 0.137 1    
350:  0.508 0.127 0.278 0.087 1    
351:  0.172 0.534 0.170 0.125 1    
352:  0.099 0.381 0.070 0.450 1    
353:  0.679 0.057 0.200 0.065 1    
354:  0.361 0.150 0.118 0.371 1    
355:  0.495 0.243 0.163 0.099 1    
356:  0.166 0.055 0.741 0.038 1    
357:  0.040 0.057 0.043 0.860 1    
358:  0.091 0.181 0.645 0.083 1    
359:  0.104 0.135 0.515 0.247 1    
360:  0.089 0.110 0.069 0.731 1    
361:  0.039 0.143 0.720 0.098 1    
362:  0.083 0.591 0.082 0.244 1    
363:  0.038 0.842 0.051 0.069 1    
364:  0.128 0.443 0.146 0.283 1    
365:  0.341 0.448 0.176 0.035 1    
366:  0.099 0.202 0.531 0.168 1    
367:  0.150 0.423 0.342 0.084 1    
368:  0.240 0.607 0.078 0.075 1    
369:  0.050 0.143 0.049 0.758 1    
370:  0.501 0.205 0.211 0.083 1    
371:  0.077 0.131 0.055 0.737 1    
372:  0.075 0.137 0.052 0.736 1    
373:  0.161 0.152 0.440 0.247 1    
374:  0.158 0.156 0.626 0.060 1    
375:  0.032 0.067 0.028 0.873 1    
376:  0.749 0.098 0.063 0.091 1    
377:  0.191 0.072 0.671 0.066 1    
378:  0.197 0.054 0.652 0.097 1    
379:  0.686 0.074 0.164 0.076 1    
380:  0.275 0.179 0.191 0.356 1    
381:  0.079 0.342 0.347 0.232 1    
382:  0.064 0.047 0.047 0.842 1    
383:  0.077 0.767 0.054 0.102 1    
384:  0.155 0.169 0.538 0.139 1    
385:  0.639 0.117 0.190 0.054 1    
386:  0.119 0.649 0.083 0.150 1    
387:  0.035 0.599 0.063 0.303 1    
388:  0.072 0.095 0.245 0.589 1    
389:  0.518 0.096 0.059 0.327 1    
390:  0.065 0.112 0.049 0.774 1    
391:  0.316 0.327 0.118 0.239 1    
392:  0.055 0.279 0.459 0.207 1    
393:  0.254 0.222 0.249 0.275 1    
394:  0.703 0.148 0.104 0.045 1    
395:  0.043 0.747 0.048 0.162 1    
396:  0.105 0.068 0.200 0.626 1    
397:  0.047 0.242 0.116 0.595 1    
398:  0.070 0.348 0.462 0.120 1    
399:  0.049 0.232 0.059 0.660 1    
400:  0.133 0.426 0.127 0.314 1    
401:  0.049 0.692 0.111 0.149 1    
402:  0.781 0.075 0.069 0.076 1    
403:  0.076 0.200 0.652 0.072 1    
404:  0.300 0.506 0.113 0.081 1    
405:  0.602 0.136 0.143 0.119 1    
406:  0.063 0.069 0.055 0.812 1    
407:  0.088 0.137 0.052 0.723 1    
408:  0.144 0.340 0.470 0.047 1    
409:  0.256 0.339 0.148 0.258 1    
410:  0.040 0.268 0.058 0.634 1    
411:  0.115 0.402 0.244 0.239 1    
412:  0.270 0.359 0.252 0.119 1    
413:  0.535 0.163 0.160 0.142 1    
414:  0.312 0.282 0.217 0.189 1    
415:  0.202 0.066 0.690 0.041 1    
416:  0.852 0.051 0.044 0.053 1    
417:  0.107 0.391 0.116 0.387 1    
418:  0.256 0.415 0.145 0.184 1    
419:  0.151 0.130 0.113 0.606 1    
420:  0.062 0.465 0.165 0.309 1    
421:  0.475 0.287 0.101 0.137 1    
422:  0.324 0.392 0.210 0.075 1    
423:  0.031 0.826 0.036 0.107 1    
424:  0.177 0.056 0.726 0.041 1    
425:  0.058 0.247 0.148 0.547 1    
426:  0.549 0.206 0.122 0.123 1    
427:  0.188 0.248 0.176 0.388 1    
428:  0.087 0.351 0.131 0.431 1    
429:  0.058 0.667 0.057 0.218 1    
430:  0.038 0.064 0.863 0.035 1    
431:  0.067 0.754 0.091 0.088 1    
432:  0.714 0.068 0.164 0.054 1    
433:  0.073 0.049 0.060 0.817 1    
434:  0.533 0.077 0.322 0.068 1    
435:  0.179 0.510 0.134 0.177 1    
436:  0.174 0.108 0.097 0.621 1    
437:  0.148 0.078 0.704 0.070 1    
438:  0.388 0.124 0.435 0.054 1    
439:  0.070 0.530 0.094 0.306 1    
440:  0.172 0.074 0.718 0.036 1    
441:  0.710 0.096 0.044 0.151 1    
442:  0.069 0.135 0.272 0.524 1    
443:  0.051 0.085 0.032 0.832 1    
444:  0.065 0.606 0.132 0.197 1    
445:  0.058 0.539 0.094 0.309 1    
446:  0.821 0.072 0.065 0.041 1    
447:  0.054 0.492 0.109 0.345 1    
448:  0.091 0.204 0.661 0.044 1    
449:  0.199 0.056 0.698 0.047 1    
450:  0.855 0.035 0.050 0.060 1    
451:  0.839 0.059 0.050 0.052 1    
452:  0.039 0.053 0.039 0.869 1    
453:  0.707 0.049 0.193 0.051 1    
454:  0.517 0.211 0.163 0.110 1    
455:  0.108 0.497 0.130 0.265 1    
456:  0.815 0.063 0.059 0.063 1    
457:  0.220 0.052 0.632 0.097 1    
458:  0.058 0.527 0.135 0.280 1    
459:  0.761 0.062 0.077 0.100 1    
460:  0.045 0.269 0.085 0.601 1    
461:  0.208 0.053 0.676 0.063 1    
462:  0.714 0.039 0.177 0.070 1    
463:  0.553 0.210 0.178 0.059 1    
464:  0.075 0.257 0.139 0.528 1    
465:  0.744 0.104 0.116 0.036 1    
466:  0.098 0.291 0.079 0.533 1    
467:  0.054 0.053 0.034 0.859 1    
468:  0.086 0.648 0.094 0.172 1    
469:  0.026 0.039 0.022 0.913 1    
470:  0.353 0.326 0.258 0.063 1    
471:  0.068 0.473 0.236 0.223 1    
472:  0.132 0.519 0.220 0.129 1    
473:  0.088 0.665 0.147 0.100 1    
474:  0.052 0.509 0.060 0.380 1    
475:  0.032 0.556 0.312 0.100 1    
476:  0.760 0.132 0.078 0.030 1    
477:  0.042 0.703 0.188 0.066 1    
478:  0.182 0.054 0.720 0.044 1    
479:  0.066 0.242 0.073 0.619 1    
480:  0.053 0.056 0.054 0.837 1    
481:  0.100 0.158 0.589 0.153 1    
482:  0.203 0.086 0.643 0.068 1    
483:  0.146 0.344 0.169 0.341 1    
484:  0.040 0.161 0.061 0.738 1    
485:  0.037 0.096 0.038 0.829 1    
486:  0.853 0.035 0.038 0.074 1    
487:  0.078 0.136 0.068 0.718 1    
488:  0.078 0.616 0.050 0.256 1    
489:  0.214 0.550 0.185 0.051 1    
490:  0.198 0.530 0.119 0.153 1    
491:  0.079 0.082 0.054 0.786 1    
492:  0.034 0.090 0.039 0.837 1    
