

----------------------------------------------------
STRUCTURE by Pritchard, Stephens and Donnelly (2000)
     and Falush, Stephens and Pritchard (2003)
       Code by Pritchard, Falush and Hubisz
             Version 2.3.4 (Jul 2012)
----------------------------------------------------



Command line arguments:   /usr/local/bin/structure -m parameter_job_T7_5 
Input File:    /home/martin/bottleneck/structure_analysis/structure_4/data_job_T7_5

Run parameters:
   781 individuals
   22 loci
   7 populations assumed
   10000 Burn-in period
   100000 Reps


--------------------------------------------
Proportion of membership of each pre-defined
 population in each of the 7 clusters

Given    Inferred Clusters                                   Number of
 Pop       1      2      3      4      5      6      7      Individuals

  1:     0.138  0.144  0.144  0.142  0.145  0.144  0.144      781
--------------------------------------------

Allele-freq. divergence among pops (Net nucleotide distance),
computed using point estimates of P.

      1       2       3       4       5       6       7      
 1      -    0.0372  0.0420  0.0260  0.0332  0.0353  0.0600  
 2   0.0372     -    0.0271  0.0069  0.0206  0.0004  0.0391  
 3   0.0420  0.0271     -    0.0177  0.0257  0.0259  0.0493  
 4   0.0260  0.0069  0.0177     -    0.0092  0.0058  0.0272  
 5   0.0332  0.0206  0.0257  0.0092     -    0.0174  0.0459  
 6   0.0353  0.0004  0.0259  0.0058  0.0174     -    0.0400  
 7   0.0600  0.0391  0.0493  0.0272  0.0459  0.0400     -    

Average distances (expected heterozygosity) between individuals in same cluster:
cluster  1  : 0.5622 
cluster  2  : 0.6144 
cluster  3  : 0.5966 
cluster  4  : 0.6530 
cluster  5  : 0.6022 
cluster  6  : 0.6185 
cluster  7  : 0.5677 

--------------------------------------------
Estimated Ln Prob of Data   = -46329.0
Mean value of ln likelihood = -44368.9
Variance of ln likelihood   = 3920.2
Mean value of alpha         = 0.4541

Mean value of Fst_1         = 0.1389
Mean value of Fst_2         = 0.0944
Mean value of Fst_3         = 0.1028
Mean value of Fst_4         = 0.0005
Mean value of Fst_5         = 0.0782
Mean value of Fst_6         = 0.0905
Mean value of Fst_7         = 0.1180


Inferred ancestry of individuals:
        Label (%Miss) Pop:  Inferred clusters
  1        1    (0)    1 :  0.064 0.161 0.089 0.310 0.097 0.161 0.118 
  2        2    (0)    1 :  0.066 0.160 0.087 0.170 0.209 0.155 0.153 
  3        3    (0)    1 :  0.245 0.172 0.083 0.118 0.135 0.169 0.078 
  4        4    (0)    1 :  0.055 0.277 0.116 0.120 0.121 0.256 0.054 
  5        5    (0)    1 :  0.122 0.092 0.073 0.164 0.162 0.099 0.288 
  6        6    (0)    1 :  0.071 0.104 0.268 0.230 0.063 0.101 0.165 
  7        7    (0)    1 :  0.403 0.096 0.060 0.101 0.051 0.092 0.197 
  8        8    (0)    1 :  0.145 0.102 0.173 0.187 0.185 0.105 0.103 
  9        9    (0)    1 :  0.139 0.273 0.088 0.100 0.081 0.247 0.072 
 10       10    (0)    1 :  0.057 0.068 0.301 0.133 0.328 0.076 0.038 
 11       11    (0)    1 :  0.096 0.111 0.228 0.128 0.208 0.114 0.115 
 12       12    (0)    1 :  0.056 0.126 0.288 0.117 0.185 0.142 0.088 
 13       13    (0)    1 :  0.146 0.155 0.314 0.096 0.085 0.139 0.064 
 14       14    (0)    1 :  0.111 0.296 0.052 0.099 0.059 0.265 0.119 
 15       15    (0)    1 :  0.090 0.068 0.038 0.054 0.041 0.067 0.643 
 16       16    (0)    1 :  0.307 0.076 0.102 0.159 0.147 0.080 0.129 
 17       17    (0)    1 :  0.118 0.208 0.098 0.103 0.189 0.211 0.072 
 18       18    (0)    1 :  0.041 0.224 0.040 0.157 0.182 0.237 0.119 
 19       19    (0)    1 :  0.096 0.222 0.055 0.236 0.087 0.207 0.097 
 20       20    (0)    1 :  0.217 0.194 0.090 0.116 0.114 0.208 0.061 
 21       21    (0)    1 :  0.064 0.068 0.137 0.267 0.281 0.084 0.099 
 22       22    (0)    1 :  0.175 0.183 0.065 0.279 0.058 0.159 0.081 
 23       23    (0)    1 :  0.071 0.080 0.238 0.110 0.133 0.091 0.277 
 24       24    (0)    1 :  0.089 0.131 0.350 0.120 0.113 0.126 0.071 
 25       25    (0)    1 :  0.112 0.142 0.066 0.273 0.192 0.129 0.086 
 26       26    (0)    1 :  0.081 0.167 0.102 0.164 0.157 0.174 0.154 
 27       27    (0)    1 :  0.237 0.187 0.099 0.127 0.083 0.171 0.096 
 28       28    (0)    1 :  0.080 0.068 0.284 0.103 0.189 0.082 0.194 
 29       29    (0)    1 :  0.069 0.208 0.046 0.174 0.148 0.233 0.122 
 30       30    (0)    1 :  0.114 0.210 0.093 0.159 0.135 0.203 0.087 
 31       31    (0)    1 :  0.120 0.129 0.219 0.129 0.203 0.137 0.062 
 32       32    (0)    1 :  0.072 0.077 0.083 0.087 0.057 0.082 0.543 
 33       33    (0)    1 :  0.093 0.130 0.083 0.110 0.106 0.135 0.343 
 34       34    (0)    1 :  0.060 0.164 0.107 0.141 0.186 0.189 0.153 
 35       35    (4)    1 :  0.079 0.233 0.054 0.112 0.095 0.232 0.196 
 36       36    (0)    1 :  0.158 0.189 0.047 0.111 0.101 0.180 0.215 
 37       37    (0)    1 :  0.090 0.148 0.160 0.152 0.139 0.142 0.168 
 38       38    (0)    1 :  0.137 0.134 0.103 0.274 0.082 0.141 0.128 
 39       39    (0)    1 :  0.055 0.112 0.114 0.111 0.375 0.126 0.107 
 40       40    (0)    1 :  0.211 0.079 0.041 0.344 0.119 0.082 0.122 
 41       41    (0)    1 :  0.064 0.118 0.391 0.111 0.120 0.128 0.068 
 42       42    (0)    1 :  0.220 0.079 0.085 0.093 0.125 0.086 0.312 
 43       43    (0)    1 :  0.056 0.150 0.062 0.145 0.355 0.184 0.047 
 44       44    (0)    1 :  0.185 0.157 0.147 0.156 0.106 0.159 0.091 
 45       45    (0)    1 :  0.066 0.094 0.195 0.136 0.199 0.112 0.198 
 46       46    (4)    1 :  0.186 0.093 0.071 0.167 0.201 0.114 0.167 
 47       47    (0)    1 :  0.124 0.178 0.072 0.210 0.172 0.184 0.059 
 48       48    (0)    1 :  0.056 0.086 0.043 0.072 0.073 0.077 0.591 
 49       49    (0)    1 :  0.209 0.201 0.180 0.123 0.057 0.191 0.039 
 50       50    (0)    1 :  0.219 0.181 0.067 0.174 0.092 0.167 0.101 
 51       51    (0)    1 :  0.060 0.241 0.133 0.151 0.123 0.230 0.063 
 52       52    (0)    1 :  0.215 0.062 0.468 0.079 0.059 0.063 0.053 
 53       53    (4)    1 :  0.139 0.149 0.113 0.253 0.124 0.142 0.079 
 54       54    (0)    1 :  0.089 0.205 0.140 0.131 0.142 0.192 0.100 
 55       55    (0)    1 :  0.093 0.147 0.062 0.158 0.168 0.130 0.242 
 56       56    (0)    1 :  0.075 0.066 0.100 0.095 0.103 0.066 0.494 
 57       57    (0)    1 :  0.138 0.117 0.246 0.168 0.116 0.127 0.087 
 58       58    (0)    1 :  0.034 0.051 0.046 0.069 0.047 0.048 0.705 
 59       59    (0)    1 :  0.241 0.083 0.055 0.124 0.219 0.093 0.186 
 60       60    (0)    1 :  0.195 0.201 0.108 0.125 0.075 0.192 0.103 
 61       61    (0)    1 :  0.296 0.127 0.093 0.181 0.100 0.137 0.066 
 62       62    (0)    1 :  0.120 0.060 0.284 0.155 0.171 0.065 0.145 
 63       63    (0)    1 :  0.290 0.099 0.172 0.128 0.125 0.100 0.086 
 64       64    (0)    1 :  0.096 0.092 0.263 0.183 0.203 0.103 0.061 
 65       65    (0)    1 :  0.137 0.126 0.065 0.183 0.262 0.144 0.083 
 66       66    (0)    1 :  0.095 0.205 0.108 0.124 0.194 0.203 0.071 
 67       67    (0)    1 :  0.067 0.087 0.507 0.085 0.124 0.090 0.040 
 68       68    (0)    1 :  0.320 0.197 0.074 0.085 0.079 0.177 0.068 
 69       69    (0)    1 :  0.171 0.073 0.344 0.212 0.075 0.063 0.062 
 70       70    (0)    1 :  0.111 0.136 0.181 0.132 0.055 0.120 0.264 
 71       71    (0)    1 :  0.068 0.128 0.316 0.128 0.132 0.146 0.082 
 72       72    (0)    1 :  0.076 0.099 0.462 0.105 0.094 0.095 0.068 
 73       73    (0)    1 :  0.068 0.160 0.082 0.121 0.219 0.169 0.181 
 74       74    (0)    1 :  0.238 0.156 0.141 0.161 0.074 0.157 0.073 
 75       75    (0)    1 :  0.119 0.196 0.140 0.118 0.111 0.202 0.113 
 76       76    (0)    1 :  0.125 0.111 0.065 0.118 0.395 0.132 0.054 
 77       77    (0)    1 :  0.080 0.150 0.105 0.126 0.238 0.151 0.149 
 78       78    (0)    1 :  0.075 0.133 0.133 0.173 0.300 0.133 0.054 
 79       79    (0)    1 :  0.051 0.079 0.369 0.082 0.091 0.083 0.245 
 80       80    (0)    1 :  0.232 0.118 0.165 0.137 0.128 0.119 0.101 
 81       81    (0)    1 :  0.182 0.081 0.315 0.127 0.159 0.087 0.049 
 82       82    (0)    1 :  0.107 0.085 0.155 0.170 0.128 0.093 0.261 
 83       83    (0)    1 :  0.742 0.048 0.041 0.044 0.038 0.046 0.041 
 84       84    (0)    1 :  0.300 0.110 0.078 0.139 0.153 0.115 0.105 
 85       85    (0)    1 :  0.103 0.115 0.154 0.160 0.194 0.120 0.154 
 86       86    (0)    1 :  0.122 0.080 0.067 0.182 0.247 0.099 0.204 
 87       87    (0)    1 :  0.110 0.086 0.262 0.128 0.266 0.107 0.042 
 88       88    (0)    1 :  0.069 0.128 0.064 0.130 0.275 0.141 0.192 
 89       89    (0)    1 :  0.226 0.168 0.054 0.179 0.107 0.185 0.081 
 90       90    (0)    1 :  0.269 0.101 0.118 0.179 0.084 0.095 0.154 
 91       91    (0)    1 :  0.135 0.118 0.118 0.127 0.243 0.124 0.135 
 92       92    (0)    1 :  0.148 0.063 0.263 0.127 0.085 0.065 0.248 
 93       93    (0)    1 :  0.177 0.097 0.105 0.108 0.340 0.113 0.060 
 94       94    (0)    1 :  0.079 0.199 0.096 0.207 0.161 0.209 0.049 
 95       95    (0)    1 :  0.093 0.114 0.223 0.209 0.095 0.104 0.162 
 96       96    (0)    1 :  0.098 0.200 0.092 0.111 0.171 0.207 0.121 
 97       97    (0)    1 :  0.108 0.096 0.371 0.114 0.138 0.091 0.082 
 98       98    (0)    1 :  0.214 0.138 0.181 0.135 0.111 0.137 0.084 
 99       99    (0)    1 :  0.148 0.103 0.297 0.131 0.139 0.110 0.071 
100      100    (0)    1 :  0.136 0.172 0.230 0.108 0.095 0.153 0.106 
101      101    (0)    1 :  0.203 0.145 0.177 0.146 0.113 0.143 0.072 
102      102    (0)    1 :  0.150 0.110 0.054 0.094 0.091 0.110 0.390 
103      103    (0)    1 :  0.100 0.180 0.058 0.110 0.091 0.189 0.271 
104      104    (0)    1 :  0.098 0.105 0.108 0.119 0.355 0.117 0.098 
105      105    (0)    1 :  0.105 0.189 0.176 0.121 0.131 0.186 0.091 
106      106    (0)    1 :  0.140 0.147 0.131 0.231 0.092 0.147 0.112 
107      107    (0)    1 :  0.127 0.067 0.212 0.238 0.123 0.068 0.165 
108      108    (0)    1 :  0.135 0.067 0.362 0.128 0.100 0.063 0.145 
109      109    (0)    1 :  0.246 0.168 0.094 0.108 0.126 0.178 0.079 
110      110    (0)    1 :  0.055 0.317 0.082 0.102 0.070 0.299 0.075 
111      111    (0)    1 :  0.146 0.126 0.065 0.227 0.100 0.128 0.208 
112      112    (0)    1 :  0.097 0.209 0.076 0.143 0.116 0.218 0.140 
113      113    (0)    1 :  0.067 0.092 0.165 0.226 0.230 0.097 0.123 
114      114    (0)    1 :  0.143 0.284 0.070 0.096 0.078 0.261 0.068 
115      115    (0)    1 :  0.141 0.080 0.304 0.157 0.108 0.079 0.132 
116      116    (0)    1 :  0.197 0.098 0.151 0.194 0.077 0.089 0.193 
117      117    (0)    1 :  0.055 0.093 0.105 0.107 0.095 0.084 0.461 
118      118    (0)    1 :  0.096 0.265 0.108 0.093 0.103 0.265 0.070 
119      119    (0)    1 :  0.080 0.206 0.048 0.110 0.123 0.187 0.246 
120      120    (0)    1 :  0.054 0.148 0.063 0.110 0.117 0.142 0.367 
121      121    (0)    1 :  0.228 0.185 0.125 0.139 0.083 0.172 0.069 
122      122    (0)    1 :  0.139 0.112 0.258 0.109 0.201 0.136 0.044 
123      123    (0)    1 :  0.061 0.089 0.094 0.101 0.080 0.086 0.490 
124      124    (0)    1 :  0.143 0.087 0.200 0.155 0.252 0.100 0.064 
125      125    (0)    1 :  0.107 0.072 0.153 0.113 0.095 0.071 0.389 
126      126    (0)    1 :  0.107 0.118 0.122 0.291 0.144 0.111 0.108 
127      127    (0)    1 :  0.056 0.078 0.248 0.092 0.252 0.106 0.168 
128      128    (0)    1 :  0.091 0.063 0.131 0.137 0.108 0.065 0.406 
129      129    (0)    1 :  0.098 0.063 0.512 0.090 0.102 0.062 0.072 
130      130    (0)    1 :  0.048 0.245 0.149 0.121 0.126 0.255 0.055 
131      131    (0)    1 :  0.130 0.098 0.104 0.210 0.285 0.107 0.067 
132      132    (0)    1 :  0.051 0.074 0.053 0.094 0.112 0.078 0.539 
133      133    (0)    1 :  0.053 0.218 0.052 0.140 0.134 0.221 0.181 
134      134    (0)    1 :  0.137 0.217 0.119 0.161 0.098 0.178 0.090 
135      135    (0)    1 :  0.042 0.322 0.083 0.112 0.063 0.326 0.051 
136      136    (0)    1 :  0.239 0.134 0.067 0.149 0.126 0.133 0.151 
137      137    (0)    1 :  0.103 0.068 0.067 0.123 0.446 0.100 0.092 
138      138    (0)    1 :  0.078 0.125 0.084 0.208 0.222 0.137 0.145 
139      139    (0)    1 :  0.051 0.157 0.152 0.140 0.148 0.159 0.194 
140      140    (0)    1 :  0.285 0.074 0.177 0.122 0.194 0.086 0.062 
141      141    (0)    1 :  0.053 0.236 0.149 0.109 0.107 0.226 0.120 
142      142    (0)    1 :  0.099 0.073 0.056 0.087 0.071 0.076 0.539 
143      143    (0)    1 :  0.182 0.076 0.227 0.261 0.114 0.074 0.066 
144      144    (0)    1 :  0.253 0.139 0.065 0.138 0.149 0.146 0.110 
145      145    (0)    1 :  0.077 0.226 0.074 0.150 0.136 0.225 0.112 
146      146    (0)    1 :  0.116 0.189 0.168 0.195 0.111 0.164 0.058 
147      147    (0)    1 :  0.291 0.178 0.072 0.139 0.071 0.148 0.101 
148      148    (0)    1 :  0.193 0.178 0.135 0.119 0.118 0.173 0.083 
149      149    (0)    1 :  0.081 0.110 0.120 0.120 0.171 0.106 0.293 
150      150    (0)    1 :  0.067 0.275 0.129 0.118 0.094 0.267 0.049 
151      151    (0)    1 :  0.120 0.219 0.203 0.126 0.065 0.196 0.071 
152      152    (0)    1 :  0.165 0.112 0.131 0.257 0.141 0.115 0.078 
153      153    (0)    1 :  0.292 0.157 0.106 0.110 0.094 0.154 0.087 
154      154    (0)    1 :  0.148 0.119 0.166 0.164 0.134 0.133 0.137 
155      155    (0)    1 :  0.114 0.090 0.078 0.090 0.086 0.084 0.459 
156      156    (0)    1 :  0.100 0.189 0.272 0.106 0.074 0.174 0.086 
157      157    (0)    1 :  0.101 0.099 0.146 0.250 0.195 0.102 0.106 
158      158    (0)    1 :  0.052 0.058 0.080 0.103 0.560 0.086 0.061 
159      159    (0)    1 :  0.091 0.112 0.163 0.110 0.122 0.113 0.289 
160      160    (0)    1 :  0.079 0.088 0.117 0.183 0.206 0.103 0.223 
161      161    (0)    1 :  0.049 0.149 0.053 0.307 0.076 0.149 0.216 
162      162    (0)    1 :  0.083 0.236 0.107 0.111 0.146 0.220 0.098 
163      163    (0)    1 :  0.088 0.233 0.136 0.146 0.081 0.207 0.109 
164      164    (0)    1 :  0.156 0.050 0.061 0.068 0.128 0.052 0.485 
165      165    (0)    1 :  0.149 0.137 0.105 0.166 0.220 0.136 0.087 
166      166    (0)    1 :  0.086 0.105 0.288 0.239 0.078 0.101 0.104 
167      167    (0)    1 :  0.039 0.062 0.119 0.068 0.044 0.061 0.608 
168      168    (0)    1 :  0.098 0.190 0.139 0.130 0.132 0.189 0.122 
169      169    (0)    1 :  0.076 0.142 0.255 0.206 0.083 0.141 0.097 
170      170    (0)    1 :  0.084 0.256 0.176 0.108 0.075 0.255 0.047 
171      171    (0)    1 :  0.154 0.131 0.154 0.128 0.087 0.133 0.212 
172      172    (0)    1 :  0.113 0.255 0.101 0.103 0.112 0.261 0.055 
173      173    (0)    1 :  0.060 0.157 0.211 0.133 0.115 0.143 0.181 
174      174    (0)    1 :  0.227 0.129 0.090 0.170 0.165 0.137 0.082 
175      175    (0)    1 :  0.089 0.169 0.102 0.175 0.220 0.186 0.059 
176      176    (0)    1 :  0.087 0.302 0.064 0.099 0.082 0.312 0.054 
177      177    (0)    1 :  0.314 0.076 0.105 0.080 0.284 0.089 0.052 
178      178    (0)    1 :  0.098 0.111 0.140 0.159 0.287 0.128 0.076 
179      179    (0)    1 :  0.092 0.117 0.141 0.143 0.226 0.120 0.161 
180      180    (0)    1 :  0.142 0.176 0.209 0.118 0.118 0.170 0.066 
181      181    (0)    1 :  0.068 0.131 0.110 0.133 0.121 0.133 0.305 
182      182    (0)    1 :  0.775 0.032 0.046 0.036 0.037 0.033 0.040 
183      183    (0)    1 :  0.062 0.234 0.061 0.285 0.064 0.203 0.092 
184      184    (0)    1 :  0.151 0.191 0.142 0.151 0.103 0.181 0.083 
185      185    (0)    1 :  0.087 0.164 0.095 0.200 0.118 0.171 0.164 
186      186    (0)    1 :  0.155 0.177 0.081 0.158 0.087 0.179 0.163 
187      187    (0)    1 :  0.059 0.227 0.097 0.130 0.186 0.223 0.078 
188      188    (0)    1 :  0.108 0.164 0.074 0.111 0.073 0.139 0.331 
189      189    (0)    1 :  0.183 0.202 0.108 0.183 0.066 0.178 0.079 
190      190    (0)    1 :  0.090 0.170 0.303 0.090 0.104 0.164 0.078 
191      191    (0)    1 :  0.062 0.168 0.127 0.218 0.139 0.161 0.124 
192      192    (0)    1 :  0.185 0.113 0.219 0.201 0.102 0.097 0.084 
193      193    (0)    1 :  0.098 0.241 0.129 0.139 0.098 0.216 0.079 
194      194    (0)    1 :  0.089 0.121 0.059 0.160 0.136 0.129 0.306 
195      195    (0)    1 :  0.082 0.080 0.202 0.128 0.359 0.093 0.056 
196      196    (0)    1 :  0.085 0.185 0.081 0.219 0.131 0.200 0.100 
197      197    (0)    1 :  0.171 0.097 0.067 0.093 0.067 0.096 0.408 
198      198    (0)    1 :  0.051 0.300 0.132 0.108 0.052 0.260 0.097 
199      199    (0)    1 :  0.463 0.060 0.108 0.109 0.103 0.061 0.096 
200      200    (0)    1 :  0.057 0.167 0.155 0.157 0.086 0.164 0.214 
201      201    (0)    1 :  0.262 0.087 0.121 0.094 0.278 0.105 0.053 
202      202    (0)    1 :  0.208 0.156 0.087 0.158 0.122 0.164 0.105 
203      203    (0)    1 :  0.170 0.115 0.198 0.144 0.140 0.125 0.107 
204      204    (0)    1 :  0.201 0.179 0.139 0.116 0.131 0.177 0.058 
205      205    (0)    1 :  0.219 0.106 0.116 0.168 0.187 0.105 0.100 
206      206    (0)    1 :  0.108 0.094 0.332 0.127 0.166 0.097 0.075 
207      207    (0)    1 :  0.179 0.135 0.099 0.228 0.136 0.117 0.107 
208      208    (0)    1 :  0.162 0.186 0.102 0.142 0.152 0.194 0.061 
209      209    (0)    1 :  0.066 0.091 0.145 0.194 0.290 0.105 0.110 
210      210    (0)    1 :  0.080 0.224 0.148 0.121 0.108 0.232 0.086 
211      211    (0)    1 :  0.126 0.098 0.100 0.142 0.386 0.101 0.046 
212      212    (0)    1 :  0.077 0.291 0.043 0.116 0.072 0.274 0.127 
213      213    (0)    1 :  0.081 0.131 0.127 0.141 0.172 0.130 0.219 
214      214    (0)    1 :  0.091 0.073 0.496 0.140 0.074 0.075 0.051 
215      215    (0)    1 :  0.133 0.137 0.091 0.152 0.114 0.139 0.233 
216      216    (0)    1 :  0.063 0.118 0.181 0.119 0.301 0.122 0.096 
217      217    (0)    1 :  0.059 0.175 0.063 0.172 0.197 0.183 0.152 
218      218    (0)    1 :  0.056 0.098 0.143 0.116 0.076 0.090 0.422 
219      219    (0)    1 :  0.132 0.239 0.112 0.106 0.092 0.234 0.084 
220      220    (0)    1 :  0.133 0.112 0.157 0.222 0.184 0.119 0.073 
221      221    (0)    1 :  0.555 0.062 0.136 0.068 0.060 0.061 0.057 
222      222    (0)    1 :  0.065 0.166 0.098 0.209 0.180 0.156 0.125 
223      223    (0)    1 :  0.104 0.095 0.092 0.202 0.199 0.111 0.197 
224      224    (0)    1 :  0.171 0.126 0.169 0.172 0.159 0.132 0.071 
225      225    (0)    1 :  0.084 0.071 0.182 0.212 0.313 0.090 0.047 
226      226    (0)    1 :  0.063 0.204 0.079 0.116 0.189 0.216 0.133 
227      227    (0)    1 :  0.081 0.087 0.241 0.113 0.289 0.096 0.093 
228      228    (0)    1 :  0.106 0.115 0.094 0.122 0.289 0.137 0.137 
229      229    (0)    1 :  0.221 0.132 0.112 0.168 0.109 0.124 0.133 
230      230    (0)    1 :  0.059 0.364 0.044 0.073 0.061 0.328 0.071 
231      231    (0)    1 :  0.087 0.154 0.078 0.152 0.265 0.169 0.095 
232      232    (0)    1 :  0.283 0.062 0.075 0.109 0.288 0.070 0.112 
233      233    (0)    1 :  0.052 0.280 0.051 0.111 0.170 0.271 0.065 
234      234    (0)    1 :  0.069 0.112 0.102 0.158 0.315 0.133 0.111 
235      235    (0)    1 :  0.171 0.196 0.076 0.152 0.106 0.206 0.094 
236      236    (0)    1 :  0.149 0.165 0.055 0.097 0.112 0.175 0.247 
237      237    (0)    1 :  0.205 0.090 0.079 0.145 0.266 0.106 0.109 
238      238    (0)    1 :  0.101 0.142 0.106 0.333 0.085 0.140 0.092 
239      239    (0)    1 :  0.119 0.215 0.133 0.104 0.134 0.207 0.088 
240      240    (0)    1 :  0.152 0.147 0.085 0.133 0.175 0.164 0.143 
241      241    (0)    1 :  0.106 0.100 0.220 0.142 0.261 0.110 0.061 
242      242    (0)    1 :  0.228 0.101 0.271 0.133 0.065 0.099 0.102 
243      243    (0)    1 :  0.108 0.095 0.231 0.115 0.073 0.094 0.283 
244      244    (0)    1 :  0.243 0.074 0.086 0.116 0.335 0.089 0.056 
245      245    (0)    1 :  0.092 0.182 0.127 0.098 0.103 0.187 0.212 
246      246    (0)    1 :  0.109 0.172 0.129 0.103 0.088 0.164 0.234 
247      247    (0)    1 :  0.069 0.188 0.097 0.096 0.305 0.187 0.058 
248      248    (0)    1 :  0.057 0.168 0.081 0.115 0.338 0.183 0.057 
249      249    (0)    1 :  0.095 0.199 0.150 0.183 0.089 0.186 0.099 
250      250    (0)    1 :  0.098 0.106 0.060 0.119 0.077 0.106 0.434 
251      251    (0)    1 :  0.088 0.139 0.083 0.256 0.119 0.146 0.169 
252      252    (0)    1 :  0.086 0.114 0.236 0.179 0.184 0.126 0.075 
253      253    (0)    1 :  0.116 0.091 0.255 0.108 0.098 0.085 0.248 
254      254    (0)    1 :  0.056 0.263 0.094 0.145 0.081 0.247 0.114 
255      255    (0)    1 :  0.457 0.101 0.082 0.085 0.089 0.105 0.081 
256      256    (0)    1 :  0.095 0.085 0.112 0.214 0.146 0.090 0.256 
257      257    (0)    1 :  0.041 0.106 0.538 0.072 0.064 0.108 0.071 
258      258    (0)    1 :  0.221 0.145 0.104 0.135 0.129 0.145 0.122 
259      259    (0)    1 :  0.074 0.148 0.371 0.102 0.106 0.145 0.055 
260      260    (0)    1 :  0.168 0.112 0.196 0.112 0.178 0.118 0.117 
261      261    (0)    1 :  0.059 0.171 0.162 0.127 0.229 0.182 0.070 
262      262    (0)    1 :  0.179 0.157 0.086 0.137 0.147 0.164 0.130 
263      263    (0)    1 :  0.098 0.169 0.155 0.197 0.158 0.168 0.055 
264      264    (0)    1 :  0.246 0.143 0.104 0.123 0.146 0.134 0.105 
265      265    (0)    1 :  0.168 0.121 0.082 0.259 0.184 0.133 0.053 
266      266    (0)    1 :  0.065 0.140 0.116 0.172 0.094 0.143 0.270 
267      267    (0)    1 :  0.352 0.109 0.064 0.228 0.071 0.106 0.072 
268      268    (0)    1 :  0.049 0.314 0.109 0.106 0.073 0.284 0.065 
269      269    (0)    1 :  0.187 0.207 0.156 0.086 0.107 0.203 0.055 
270      270    (0)    1 :  0.179 0.184 0.086 0.169 0.156 0.177 0.049 
271      271    (0)    1 :  0.119 0.130 0.108 0.205 0.169 0.140 0.128 
272      272    (0)    1 :  0.067 0.179 0.273 0.110 0.145 0.176 0.050 
273      273    (0)    1 :  0.235 0.093 0.092 0.149 0.209 0.104 0.117 
274      274    (0)    1 :  0.079 0.339 0.052 0.088 0.072 0.324 0.045 
275      275    (0)    1 :  0.290 0.173 0.067 0.098 0.129 0.181 0.062 
276      276    (0)    1 :  0.085 0.062 0.192 0.115 0.186 0.070 0.289 
277      277    (0)    1 :  0.644 0.075 0.061 0.051 0.045 0.077 0.048 
278      278    (0)    1 :  0.280 0.113 0.228 0.103 0.125 0.113 0.037 
279      279    (0)    1 :  0.196 0.134 0.068 0.149 0.135 0.128 0.190 
280      280    (0)    1 :  0.115 0.192 0.082 0.100 0.188 0.195 0.127 
281      281    (0)    1 :  0.108 0.147 0.187 0.308 0.071 0.125 0.054 
282      282    (0)    1 :  0.055 0.180 0.374 0.091 0.065 0.166 0.069 
283      283    (0)    1 :  0.215 0.116 0.083 0.123 0.108 0.119 0.235 
284      284    (0)    1 :  0.506 0.063 0.063 0.094 0.107 0.067 0.099 
285      285    (0)    1 :  0.065 0.115 0.170 0.148 0.278 0.123 0.101 
286      286    (0)    1 :  0.258 0.146 0.214 0.140 0.060 0.128 0.054 
287      287    (0)    1 :  0.135 0.129 0.070 0.104 0.065 0.116 0.382 
288      288    (0)    1 :  0.775 0.036 0.033 0.039 0.047 0.036 0.034 
289      289    (0)    1 :  0.096 0.184 0.081 0.141 0.174 0.186 0.138 
290      290    (0)    1 :  0.052 0.178 0.051 0.104 0.369 0.183 0.062 
291      291    (0)    1 :  0.052 0.157 0.071 0.229 0.076 0.154 0.261 
292      292    (0)    1 :  0.138 0.078 0.282 0.149 0.101 0.085 0.166 
293      293    (0)    1 :  0.060 0.284 0.120 0.102 0.058 0.259 0.118 
294      294    (0)    1 :  0.139 0.125 0.156 0.156 0.218 0.131 0.076 
295      295    (0)    1 :  0.036 0.050 0.107 0.064 0.055 0.050 0.638 
296      296    (0)    1 :  0.466 0.097 0.063 0.087 0.088 0.097 0.102 
297      297    (0)    1 :  0.186 0.202 0.087 0.121 0.124 0.195 0.085 
298      298    (0)    1 :  0.039 0.107 0.456 0.086 0.088 0.104 0.121 
299      299    (0)    1 :  0.047 0.052 0.070 0.061 0.082 0.056 0.632 
300      300    (0)    1 :  0.137 0.209 0.155 0.118 0.072 0.195 0.114 
301      301    (0)    1 :  0.132 0.137 0.181 0.126 0.087 0.134 0.203 
302      302    (0)    1 :  0.049 0.070 0.041 0.068 0.049 0.065 0.657 
303      303    (0)    1 :  0.067 0.186 0.088 0.272 0.143 0.184 0.061 
304      304    (0)    1 :  0.068 0.139 0.434 0.088 0.063 0.124 0.085 
305      305    (0)    1 :  0.076 0.143 0.059 0.154 0.307 0.160 0.102 
306      306    (0)    1 :  0.402 0.058 0.064 0.073 0.055 0.054 0.294 
307      307    (0)    1 :  0.103 0.126 0.217 0.150 0.145 0.126 0.134 
308      308    (0)    1 :  0.139 0.135 0.191 0.174 0.134 0.126 0.102 
309      309    (0)    1 :  0.209 0.131 0.244 0.125 0.099 0.126 0.067 
310      310    (0)    1 :  0.293 0.163 0.069 0.169 0.084 0.151 0.070 
311      311    (0)    1 :  0.286 0.076 0.147 0.118 0.096 0.083 0.195 
312      312    (0)    1 :  0.216 0.206 0.103 0.116 0.086 0.207 0.066 
313      313    (0)    1 :  0.187 0.103 0.132 0.126 0.143 0.111 0.198 
314      314    (0)    1 :  0.197 0.074 0.210 0.203 0.112 0.075 0.129 
315      315    (4)    1 :  0.183 0.089 0.140 0.125 0.188 0.105 0.170 
316      316    (0)    1 :  0.113 0.149 0.245 0.164 0.075 0.139 0.114 
317      317    (0)    1 :  0.192 0.213 0.112 0.098 0.121 0.213 0.051 
318      318    (0)    1 :  0.062 0.303 0.070 0.111 0.075 0.316 0.063 
319      319    (0)    1 :  0.088 0.161 0.087 0.190 0.135 0.161 0.178 
320      320    (0)    1 :  0.164 0.072 0.106 0.082 0.145 0.073 0.358 
321      321    (0)    1 :  0.077 0.171 0.047 0.154 0.269 0.191 0.090 
322      322    (0)    1 :  0.096 0.111 0.147 0.178 0.264 0.125 0.078 
323      323    (0)    1 :  0.354 0.111 0.104 0.087 0.076 0.117 0.151 
324      324    (0)    1 :  0.068 0.127 0.109 0.182 0.315 0.142 0.058 
325      325    (0)    1 :  0.084 0.249 0.116 0.117 0.102 0.248 0.084 
326      326    (0)    1 :  0.446 0.099 0.125 0.091 0.095 0.088 0.055 
327      327    (0)    1 :  0.077 0.179 0.083 0.118 0.225 0.197 0.120 
328      328    (0)    1 :  0.066 0.147 0.268 0.162 0.124 0.156 0.076 
329      329    (0)    1 :  0.123 0.086 0.137 0.109 0.348 0.108 0.089 
330      330    (0)    1 :  0.060 0.057 0.140 0.095 0.516 0.087 0.044 
331      331    (0)    1 :  0.176 0.145 0.094 0.167 0.159 0.152 0.106 
332      332    (0)    1 :  0.080 0.193 0.231 0.155 0.092 0.183 0.066 
333      333    (0)    1 :  0.202 0.155 0.112 0.116 0.175 0.165 0.076 
334      334    (0)    1 :  0.133 0.225 0.166 0.120 0.079 0.219 0.058 
335      335    (0)    1 :  0.140 0.184 0.207 0.121 0.077 0.157 0.114 
336      336    (0)    1 :  0.202 0.127 0.136 0.145 0.162 0.128 0.100 
337      337    (0)    1 :  0.124 0.216 0.075 0.135 0.111 0.214 0.124 
338      338    (0)    1 :  0.114 0.078 0.389 0.093 0.172 0.080 0.073 
339      339    (0)    1 :  0.061 0.071 0.338 0.111 0.130 0.078 0.212 
340      340    (0)    1 :  0.086 0.253 0.100 0.145 0.122 0.233 0.060 
341      341    (0)    1 :  0.139 0.111 0.065 0.172 0.087 0.104 0.323 
342      342    (0)    1 :  0.053 0.090 0.518 0.084 0.101 0.091 0.062 
343      343    (0)    1 :  0.155 0.084 0.493 0.070 0.069 0.083 0.045 
344      344    (0)    1 :  0.100 0.271 0.163 0.091 0.078 0.244 0.054 
345      345    (0)    1 :  0.265 0.124 0.198 0.110 0.102 0.119 0.082 
346      346    (0)    1 :  0.079 0.140 0.128 0.182 0.180 0.150 0.140 
347      347    (0)    1 :  0.059 0.074 0.163 0.146 0.366 0.097 0.095 
348      348    (0)    1 :  0.095 0.180 0.155 0.145 0.087 0.153 0.187 
349      349    (0)    1 :  0.403 0.128 0.069 0.105 0.089 0.125 0.080 
350      350    (0)    1 :  0.082 0.155 0.153 0.188 0.114 0.157 0.152 
351      351    (0)    1 :  0.117 0.215 0.093 0.143 0.084 0.201 0.146 
352      352    (0)    1 :  0.168 0.166 0.194 0.101 0.068 0.160 0.144 
353      353    (0)    1 :  0.166 0.075 0.064 0.120 0.255 0.095 0.226 
354      354    (0)    1 :  0.106 0.081 0.334 0.097 0.206 0.103 0.073 
355      355    (0)    1 :  0.190 0.154 0.163 0.145 0.092 0.144 0.112 
356      356    (0)    1 :  0.101 0.119 0.286 0.113 0.082 0.111 0.189 
357      357    (0)    1 :  0.117 0.173 0.142 0.177 0.105 0.166 0.120 
358      358    (0)    1 :  0.307 0.106 0.117 0.117 0.111 0.112 0.129 
359      359    (9)    1 :  0.083 0.109 0.130 0.126 0.123 0.111 0.319 
360      360    (0)    1 :  0.093 0.257 0.093 0.127 0.063 0.223 0.144 
361      361    (0)    1 :  0.088 0.084 0.328 0.099 0.069 0.079 0.253 
362      362    (0)    1 :  0.133 0.179 0.115 0.145 0.131 0.187 0.110 
363      363    (4)    1 :  0.088 0.265 0.092 0.142 0.104 0.250 0.059 
364      364    (0)    1 :  0.182 0.190 0.108 0.114 0.135 0.190 0.083 
365      365    (0)    1 :  0.092 0.167 0.131 0.137 0.128 0.177 0.168 
366      366    (0)    1 :  0.117 0.199 0.130 0.101 0.078 0.168 0.206 
367      367    (0)    1 :  0.156 0.123 0.115 0.173 0.124 0.126 0.182 
368      368    (0)    1 :  0.039 0.066 0.076 0.078 0.521 0.103 0.118 
369      369    (0)    1 :  0.204 0.111 0.075 0.150 0.188 0.104 0.169 
370      370    (0)    1 :  0.223 0.074 0.079 0.125 0.209 0.089 0.201 
371      371    (0)    1 :  0.291 0.091 0.153 0.093 0.080 0.087 0.205 
372      372    (0)    1 :  0.096 0.094 0.084 0.127 0.095 0.098 0.407 
373      373    (0)    1 :  0.156 0.139 0.104 0.163 0.099 0.134 0.205 
374      374    (4)    1 :  0.194 0.158 0.095 0.136 0.148 0.164 0.105 
375      375    (0)    1 :  0.120 0.154 0.299 0.134 0.080 0.143 0.071 
376      376    (0)    1 :  0.122 0.180 0.085 0.156 0.192 0.176 0.088 
377      377    (0)    1 :  0.049 0.098 0.059 0.313 0.211 0.097 0.173 
378      378    (0)    1 :  0.091 0.112 0.084 0.379 0.103 0.118 0.112 
379      379    (4)    1 :  0.060 0.097 0.063 0.074 0.045 0.083 0.577 
380      380    (0)    1 :  0.067 0.095 0.085 0.270 0.192 0.091 0.199 
381      381    (0)    1 :  0.161 0.133 0.100 0.146 0.177 0.145 0.139 
382      382    (0)    1 :  0.175 0.132 0.153 0.148 0.119 0.129 0.143 
383      383    (0)    1 :  0.206 0.087 0.190 0.113 0.152 0.092 0.159 
384      384    (0)    1 :  0.041 0.184 0.101 0.121 0.041 0.165 0.348 
385      385    (0)    1 :  0.089 0.206 0.176 0.142 0.122 0.215 0.050 
386      386    (0)    1 :  0.045 0.057 0.060 0.078 0.056 0.053 0.650 
387      387    (0)    1 :  0.052 0.119 0.081 0.147 0.388 0.126 0.087 
388      388    (4)    1 :  0.053 0.166 0.096 0.103 0.057 0.145 0.380 
389      389    (0)    1 :  0.413 0.125 0.087 0.092 0.075 0.124 0.084 
390      390    (0)    1 :  0.065 0.070 0.349 0.122 0.229 0.084 0.081 
391      391    (0)    1 :  0.048 0.105 0.132 0.129 0.140 0.100 0.345 
392      392    (0)    1 :  0.236 0.089 0.247 0.109 0.112 0.086 0.120 
393      393    (0)    1 :  0.039 0.243 0.072 0.088 0.056 0.223 0.279 
394      394    (0)    1 :  0.106 0.076 0.440 0.113 0.151 0.078 0.034 
395      395    (0)    1 :  0.202 0.157 0.130 0.122 0.129 0.159 0.101 
396      396    (0)    1 :  0.086 0.264 0.110 0.133 0.090 0.254 0.064 
397      397    (0)    1 :  0.236 0.229 0.084 0.085 0.100 0.220 0.047 
398      398    (0)    1 :  0.054 0.133 0.278 0.150 0.140 0.125 0.120 
399      399    (0)    1 :  0.073 0.150 0.158 0.152 0.105 0.144 0.218 
400      400    (0)    1 :  0.250 0.092 0.072 0.106 0.080 0.091 0.308 
401      401    (0)    1 :  0.047 0.164 0.081 0.151 0.224 0.187 0.145 
402      402    (0)    1 :  0.128 0.226 0.077 0.132 0.111 0.223 0.104 
403      403    (0)    1 :  0.263 0.175 0.172 0.114 0.067 0.164 0.045 
404      404    (0)    1 :  0.100 0.109 0.410 0.116 0.097 0.098 0.069 
405      405    (0)    1 :  0.086 0.229 0.152 0.121 0.123 0.231 0.057 
406      406    (0)    1 :  0.145 0.078 0.254 0.249 0.076 0.080 0.117 
407      407    (0)    1 :  0.078 0.181 0.041 0.091 0.062 0.178 0.368 
408      408    (0)    1 :  0.078 0.161 0.099 0.224 0.187 0.172 0.080 
409      409    (0)    1 :  0.073 0.149 0.170 0.160 0.173 0.158 0.116 
410      410    (0)    1 :  0.121 0.144 0.194 0.166 0.137 0.142 0.096 
411      411    (0)    1 :  0.168 0.176 0.103 0.113 0.223 0.175 0.041 
412      412    (0)    1 :  0.037 0.126 0.147 0.267 0.168 0.139 0.117 
413      413    (0)    1 :  0.289 0.192 0.087 0.096 0.096 0.200 0.039 
414      414    (0)    1 :  0.066 0.180 0.088 0.258 0.099 0.163 0.147 
415      415    (0)    1 :  0.039 0.055 0.103 0.146 0.427 0.086 0.143 
416      416    (0)    1 :  0.063 0.358 0.038 0.079 0.061 0.349 0.052 
417      417    (0)    1 :  0.056 0.096 0.349 0.154 0.145 0.097 0.104 
418      418    (0)    1 :  0.104 0.119 0.099 0.165 0.281 0.139 0.093 
419      419    (0)    1 :  0.111 0.084 0.155 0.148 0.328 0.090 0.084 
420      420    (0)    1 :  0.126 0.265 0.076 0.141 0.105 0.231 0.056 
421      421    (0)    1 :  0.085 0.106 0.154 0.126 0.364 0.110 0.056 
422      422    (0)    1 :  0.124 0.112 0.191 0.199 0.158 0.129 0.087 
423      423    (0)    1 :  0.152 0.192 0.063 0.205 0.084 0.196 0.108 
424      424    (0)    1 :  0.131 0.237 0.092 0.116 0.137 0.233 0.055 
425      425    (0)    1 :  0.140 0.079 0.045 0.134 0.399 0.095 0.108 
426      426    (0)    1 :  0.078 0.072 0.126 0.171 0.275 0.080 0.197 
427      427    (0)    1 :  0.044 0.114 0.266 0.149 0.185 0.119 0.123 
428      428    (0)    1 :  0.096 0.116 0.327 0.132 0.080 0.119 0.131 
429      429    (0)    1 :  0.352 0.073 0.099 0.075 0.054 0.069 0.277 
430      430    (9)    1 :  0.091 0.112 0.205 0.274 0.116 0.104 0.098 
431      431    (0)    1 :  0.130 0.206 0.153 0.161 0.088 0.210 0.051 
432      432    (0)    1 :  0.122 0.179 0.069 0.167 0.085 0.175 0.203 
433      433    (0)    1 :  0.069 0.151 0.065 0.203 0.091 0.149 0.272 
434      434    (0)    1 :  0.070 0.239 0.189 0.116 0.095 0.222 0.068 
435      435    (0)    1 :  0.083 0.196 0.117 0.109 0.220 0.194 0.082 
436      436    (0)    1 :  0.209 0.111 0.054 0.298 0.121 0.114 0.093 
437      437    (0)    1 :  0.064 0.196 0.085 0.132 0.104 0.198 0.220 
438      438    (0)    1 :  0.044 0.086 0.087 0.142 0.079 0.086 0.477 
439      439    (0)    1 :  0.105 0.080 0.079 0.134 0.414 0.108 0.081 
440      440    (0)    1 :  0.516 0.081 0.087 0.086 0.081 0.082 0.067 
441      441    (0)    1 :  0.096 0.120 0.069 0.138 0.297 0.126 0.154 
442      442    (0)    1 :  0.089 0.261 0.116 0.100 0.111 0.270 0.053 
443      443    (0)    1 :  0.209 0.162 0.095 0.121 0.091 0.166 0.155 
444      444    (0)    1 :  0.092 0.121 0.144 0.119 0.086 0.118 0.321 
445      445    (0)    1 :  0.226 0.061 0.264 0.138 0.131 0.067 0.112 
446      446    (0)    1 :  0.078 0.128 0.386 0.129 0.096 0.111 0.073 
447      447    (0)    1 :  0.060 0.265 0.124 0.112 0.104 0.257 0.078 
448      448    (0)    1 :  0.071 0.142 0.200 0.132 0.170 0.134 0.152 
449      449    (0)    1 :  0.351 0.157 0.049 0.090 0.077 0.151 0.125 
450      450    (0)    1 :  0.352 0.135 0.099 0.125 0.102 0.129 0.057 
451      451    (0)    1 :  0.315 0.091 0.091 0.118 0.117 0.095 0.172 
452      452    (0)    1 :  0.346 0.092 0.213 0.086 0.088 0.091 0.084 
453      453    (0)    1 :  0.144 0.188 0.080 0.141 0.131 0.192 0.123 
454      454    (0)    1 :  0.308 0.180 0.080 0.127 0.079 0.180 0.046 
455      455    (0)    1 :  0.059 0.102 0.229 0.226 0.171 0.113 0.100 
456      456    (0)    1 :  0.065 0.081 0.464 0.107 0.108 0.081 0.094 
457      457    (0)    1 :  0.078 0.123 0.049 0.259 0.174 0.136 0.182 
458      458    (0)    1 :  0.592 0.050 0.052 0.064 0.070 0.050 0.123 
459      459    (0)    1 :  0.070 0.081 0.112 0.146 0.296 0.095 0.199 
460      460    (0)    1 :  0.089 0.153 0.306 0.123 0.067 0.147 0.115 
461      461    (0)    1 :  0.066 0.376 0.053 0.061 0.057 0.346 0.041 
462      462    (0)    1 :  0.068 0.116 0.278 0.171 0.206 0.121 0.038 
463      463    (0)    1 :  0.130 0.106 0.103 0.226 0.074 0.097 0.264 
464      464    (0)    1 :  0.086 0.159 0.099 0.136 0.169 0.168 0.182 
465      465    (0)    1 :  0.095 0.078 0.239 0.122 0.308 0.086 0.072 
466      466    (0)    1 :  0.062 0.126 0.075 0.259 0.092 0.119 0.266 
467      467    (0)    1 :  0.440 0.081 0.061 0.151 0.078 0.086 0.102 
468      468    (0)    1 :  0.203 0.123 0.098 0.124 0.125 0.130 0.197 
469      469    (0)    1 :  0.079 0.090 0.067 0.111 0.408 0.115 0.131 
470      470    (0)    1 :  0.066 0.121 0.083 0.166 0.152 0.128 0.283 
471      471    (0)    1 :  0.679 0.053 0.065 0.051 0.050 0.051 0.051 
472      472    (0)    1 :  0.048 0.173 0.077 0.092 0.061 0.163 0.386 
473      473    (0)    1 :  0.070 0.141 0.072 0.440 0.048 0.127 0.101 
474      474    (0)    1 :  0.108 0.179 0.128 0.108 0.213 0.196 0.067 
475      475    (0)    1 :  0.079 0.107 0.143 0.187 0.247 0.121 0.116 
476      476    (0)    1 :  0.137 0.074 0.321 0.120 0.111 0.076 0.161 
477      477    (0)    1 :  0.164 0.154 0.107 0.195 0.179 0.135 0.065 
478      478    (0)    1 :  0.056 0.265 0.072 0.129 0.134 0.273 0.071 
479      479    (0)    1 :  0.191 0.093 0.177 0.152 0.223 0.095 0.070 
480      480    (0)    1 :  0.060 0.263 0.047 0.141 0.103 0.263 0.122 
481      481    (0)    1 :  0.130 0.119 0.080 0.170 0.268 0.143 0.091 
482      482    (9)    1 :  0.062 0.126 0.066 0.126 0.140 0.137 0.343 
483      483    (9)    1 :  0.175 0.094 0.294 0.103 0.113 0.086 0.135 
484      484    (0)    1 :  0.041 0.152 0.392 0.157 0.067 0.152 0.039 
485      485    (0)    1 :  0.081 0.075 0.544 0.108 0.069 0.070 0.052 
486      486    (0)    1 :  0.135 0.174 0.085 0.135 0.191 0.186 0.094 
487      487    (0)    1 :  0.103 0.145 0.133 0.150 0.110 0.149 0.210 
488      488    (0)    1 :  0.089 0.085 0.329 0.179 0.096 0.076 0.147 
489      489    (0)    1 :  0.099 0.192 0.184 0.140 0.098 0.192 0.096 
490      490    (0)    1 :  0.077 0.126 0.101 0.195 0.114 0.121 0.265 
491      491    (0)    1 :  0.062 0.162 0.065 0.103 0.077 0.139 0.391 
492      492    (0)    1 :  0.199 0.096 0.098 0.155 0.243 0.110 0.099 
493      493    (0)    1 :  0.069 0.142 0.107 0.265 0.154 0.151 0.112 
494      494    (0)    1 :  0.070 0.094 0.195 0.140 0.162 0.092 0.248 
495      495    (0)    1 :  0.712 0.056 0.032 0.055 0.044 0.056 0.044 
496      496    (0)    1 :  0.079 0.158 0.155 0.096 0.296 0.169 0.047 
497      497    (0)    1 :  0.115 0.197 0.038 0.130 0.246 0.202 0.072 
498      498    (0)    1 :  0.107 0.308 0.085 0.090 0.079 0.265 0.066 
499      499    (0)    1 :  0.059 0.170 0.078 0.120 0.061 0.152 0.360 
500      500    (0)    1 :  0.274 0.085 0.052 0.128 0.163 0.086 0.212 
501      501    (0)    1 :  0.149 0.163 0.132 0.138 0.179 0.166 0.074 
502      502    (0)    1 :  0.147 0.130 0.160 0.185 0.141 0.138 0.099 
503      503    (0)    1 :  0.079 0.226 0.067 0.131 0.175 0.228 0.093 
504      504    (0)    1 :  0.064 0.167 0.082 0.107 0.355 0.179 0.047 
505      505    (0)    1 :  0.186 0.088 0.116 0.141 0.147 0.091 0.232 
506      506    (0)    1 :  0.115 0.117 0.119 0.176 0.264 0.128 0.080 
507      507    (0)    1 :  0.163 0.144 0.193 0.099 0.073 0.132 0.197 
508      508    (0)    1 :  0.086 0.288 0.149 0.093 0.083 0.263 0.039 
509      509    (0)    1 :  0.248 0.077 0.151 0.128 0.230 0.085 0.081 
510      510    (0)    1 :  0.100 0.242 0.191 0.139 0.053 0.232 0.043 
511      511    (0)    1 :  0.081 0.130 0.086 0.134 0.127 0.130 0.312 
512      512    (0)    1 :  0.048 0.364 0.049 0.081 0.096 0.322 0.040 
513      513    (0)    1 :  0.244 0.149 0.117 0.211 0.075 0.146 0.059 
514      514    (0)    1 :  0.067 0.290 0.130 0.100 0.055 0.280 0.078 
515      515    (0)    1 :  0.052 0.084 0.043 0.063 0.048 0.077 0.632 
516      516    (0)    1 :  0.242 0.093 0.291 0.116 0.075 0.084 0.099 
517      517    (0)    1 :  0.264 0.066 0.192 0.129 0.194 0.070 0.084 
518      518    (0)    1 :  0.052 0.260 0.157 0.114 0.109 0.258 0.051 
519      519    (0)    1 :  0.105 0.096 0.092 0.190 0.318 0.128 0.072 
520      520    (0)    1 :  0.174 0.101 0.077 0.140 0.231 0.112 0.165 
521      521    (0)    1 :  0.080 0.173 0.133 0.238 0.099 0.164 0.113 
522      522    (0)    1 :  0.091 0.098 0.091 0.136 0.413 0.116 0.056 
523      523    (0)    1 :  0.129 0.127 0.073 0.198 0.159 0.132 0.182 
524      524    (0)    1 :  0.608 0.048 0.094 0.074 0.073 0.050 0.054 
525      525    (0)    1 :  0.085 0.140 0.118 0.169 0.172 0.137 0.179 
526      526    (0)    1 :  0.103 0.263 0.112 0.094 0.067 0.238 0.123 
527      527    (0)    1 :  0.106 0.187 0.118 0.157 0.118 0.199 0.114 
528      528    (0)    1 :  0.045 0.090 0.168 0.139 0.073 0.080 0.405 
529      529    (0)    1 :  0.149 0.133 0.103 0.240 0.132 0.135 0.109 
530      530    (0)    1 :  0.074 0.114 0.181 0.219 0.081 0.107 0.224 
531      531    (0)    1 :  0.094 0.083 0.330 0.117 0.105 0.083 0.187 
532      532    (0)    1 :  0.706 0.048 0.041 0.065 0.058 0.051 0.031 
533      533    (0)    1 :  0.056 0.351 0.037 0.073 0.075 0.349 0.058 
534      534    (0)    1 :  0.070 0.099 0.192 0.153 0.181 0.101 0.205 
535      535    (0)    1 :  0.196 0.138 0.056 0.142 0.110 0.146 0.212 
536      536    (0)    1 :  0.167 0.173 0.052 0.140 0.211 0.184 0.073 
537      537    (0)    1 :  0.065 0.138 0.176 0.153 0.136 0.132 0.199 
538      538    (0)    1 :  0.169 0.112 0.171 0.176 0.160 0.115 0.098 
539      539    (0)    1 :  0.129 0.178 0.134 0.164 0.067 0.162 0.166 
540      540    (0)    1 :  0.180 0.113 0.166 0.105 0.091 0.106 0.239 
541      541    (0)    1 :  0.125 0.088 0.180 0.244 0.118 0.097 0.148 
542      542    (0)    1 :  0.082 0.092 0.072 0.105 0.191 0.101 0.358 
543      543    (0)    1 :  0.055 0.064 0.082 0.143 0.164 0.074 0.419 
544      544    (0)    1 :  0.080 0.081 0.072 0.123 0.160 0.088 0.397 
545      545    (0)    1 :  0.090 0.138 0.180 0.130 0.103 0.138 0.222 
546      546    (0)    1 :  0.093 0.110 0.090 0.105 0.089 0.111 0.403 
547      547    (0)    1 :  0.204 0.101 0.236 0.186 0.080 0.094 0.099 
548      548    (0)    1 :  0.095 0.156 0.181 0.140 0.139 0.156 0.133 
549      549    (0)    1 :  0.120 0.158 0.179 0.150 0.154 0.152 0.087 
550      550    (0)    1 :  0.060 0.254 0.154 0.125 0.101 0.222 0.085 
551      551    (0)    1 :  0.094 0.122 0.074 0.111 0.147 0.120 0.333 
552      552    (0)    1 :  0.092 0.260 0.144 0.119 0.057 0.226 0.102 
553      553    (0)    1 :  0.140 0.143 0.189 0.136 0.185 0.138 0.067 
554      554    (0)    1 :  0.042 0.090 0.051 0.110 0.102 0.087 0.519 
555      555    (0)    1 :  0.109 0.123 0.307 0.139 0.133 0.123 0.065 
556      556    (0)    1 :  0.109 0.252 0.062 0.111 0.157 0.261 0.049 
557      557    (0)    1 :  0.088 0.129 0.222 0.250 0.090 0.116 0.105 
558      558    (0)    1 :  0.167 0.075 0.156 0.092 0.140 0.079 0.292 
559      559    (0)    1 :  0.082 0.148 0.220 0.147 0.141 0.154 0.110 
560      560    (0)    1 :  0.051 0.170 0.114 0.124 0.143 0.149 0.248 
561      561    (0)    1 :  0.148 0.122 0.185 0.124 0.213 0.127 0.080 
562      562    (0)    1 :  0.100 0.160 0.084 0.126 0.097 0.146 0.288 
563      563    (0)    1 :  0.116 0.089 0.139 0.226 0.222 0.103 0.105 
564      564    (0)    1 :  0.082 0.191 0.205 0.150 0.103 0.175 0.094 
565      565    (0)    1 :  0.106 0.149 0.116 0.177 0.161 0.157 0.135 
566      566    (0)    1 :  0.085 0.156 0.387 0.099 0.062 0.138 0.073 
567      567    (0)    1 :  0.216 0.083 0.119 0.137 0.236 0.087 0.123 
568      568    (0)    1 :  0.065 0.170 0.063 0.267 0.079 0.174 0.182 
569      569    (0)    1 :  0.281 0.181 0.099 0.110 0.105 0.165 0.060 
570      570    (0)    1 :  0.325 0.156 0.058 0.121 0.059 0.136 0.145 
571      571    (0)    1 :  0.100 0.134 0.115 0.121 0.288 0.142 0.100 
572      572    (0)    1 :  0.054 0.332 0.067 0.088 0.074 0.319 0.066 
573      573    (0)    1 :  0.119 0.093 0.275 0.134 0.130 0.092 0.157 
574      574    (0)    1 :  0.184 0.115 0.191 0.161 0.161 0.120 0.068 
575      575    (0)    1 :  0.294 0.078 0.217 0.087 0.082 0.078 0.164 
576      576    (0)    1 :  0.056 0.106 0.266 0.191 0.160 0.110 0.111 
577      577    (0)    1 :  0.143 0.215 0.110 0.096 0.146 0.212 0.079 
578      578    (0)    1 :  0.370 0.088 0.082 0.149 0.093 0.081 0.137 
579      579    (0)    1 :  0.157 0.138 0.172 0.124 0.144 0.136 0.129 
580      580    (0)    1 :  0.073 0.176 0.218 0.174 0.143 0.163 0.053 
581      581    (0)    1 :  0.287 0.080 0.050 0.149 0.060 0.078 0.296 
582      582    (0)    1 :  0.235 0.131 0.104 0.280 0.069 0.113 0.067 
583      583    (0)    1 :  0.084 0.112 0.134 0.176 0.169 0.117 0.208 
584      584    (0)    1 :  0.068 0.092 0.115 0.247 0.248 0.105 0.126 
585      585    (0)    1 :  0.182 0.130 0.263 0.120 0.102 0.130 0.075 
586      586    (0)    1 :  0.152 0.080 0.193 0.122 0.222 0.091 0.140 
587      587    (0)    1 :  0.204 0.144 0.065 0.113 0.260 0.161 0.052 
588      588    (4)    1 :  0.184 0.113 0.199 0.119 0.203 0.117 0.065 
589      589    (0)    1 :  0.113 0.117 0.125 0.191 0.175 0.115 0.163 
590      590    (0)    1 :  0.212 0.136 0.150 0.143 0.133 0.130 0.096 
591      591    (0)    1 :  0.102 0.096 0.095 0.181 0.311 0.106 0.109 
592      592    (0)    1 :  0.177 0.186 0.099 0.140 0.158 0.185 0.055 
593      593    (0)    1 :  0.196 0.100 0.138 0.203 0.091 0.093 0.179 
594      594    (0)    1 :  0.061 0.153 0.075 0.156 0.158 0.157 0.239 
595      595    (0)    1 :  0.106 0.161 0.093 0.169 0.141 0.163 0.168 
596      596    (0)    1 :  0.122 0.202 0.058 0.242 0.080 0.200 0.095 
597      597    (0)    1 :  0.098 0.161 0.121 0.177 0.128 0.154 0.161 
598      598    (0)    1 :  0.118 0.103 0.173 0.094 0.085 0.111 0.317 
599      599    (0)    1 :  0.232 0.075 0.092 0.121 0.131 0.072 0.278 
600      600    (0)    1 :  0.146 0.176 0.091 0.155 0.128 0.180 0.125 
601      601    (0)    1 :  0.073 0.123 0.168 0.129 0.300 0.149 0.057 
602      602    (0)    1 :  0.245 0.173 0.074 0.160 0.116 0.166 0.067 
603      603    (0)    1 :  0.060 0.175 0.115 0.192 0.164 0.179 0.116 
604      604    (0)    1 :  0.077 0.151 0.075 0.293 0.107 0.152 0.146 
605      605    (0)    1 :  0.059 0.278 0.157 0.121 0.085 0.257 0.043 
606      606    (0)    1 :  0.080 0.084 0.193 0.140 0.077 0.080 0.346 
607      607    (0)    1 :  0.057 0.088 0.295 0.102 0.290 0.116 0.053 
608      608    (0)    1 :  0.112 0.151 0.084 0.310 0.071 0.149 0.124 
609      609    (4)    1 :  0.058 0.122 0.173 0.141 0.210 0.132 0.164 
610      610    (0)    1 :  0.289 0.080 0.263 0.105 0.098 0.081 0.084 
611      611    (0)    1 :  0.155 0.077 0.331 0.206 0.079 0.075 0.077 
612      612    (0)    1 :  0.218 0.113 0.164 0.127 0.136 0.114 0.128 
613      613    (0)    1 :  0.149 0.137 0.115 0.160 0.221 0.138 0.080 
614      614    (0)    1 :  0.079 0.135 0.132 0.151 0.195 0.135 0.173 
615      615    (0)    1 :  0.061 0.292 0.115 0.120 0.080 0.293 0.039 
616      616    (0)    1 :  0.091 0.090 0.295 0.127 0.249 0.094 0.054 
617      617    (0)    1 :  0.126 0.172 0.064 0.232 0.139 0.166 0.102 
618      618    (0)    1 :  0.298 0.115 0.236 0.118 0.076 0.112 0.045 
619      619    (0)    1 :  0.194 0.085 0.220 0.236 0.083 0.081 0.100 
620      620    (0)    1 :  0.045 0.074 0.319 0.105 0.067 0.076 0.313 
621      621    (0)    1 :  0.127 0.191 0.082 0.163 0.106 0.178 0.153 
622      622    (0)    1 :  0.053 0.109 0.322 0.112 0.242 0.116 0.047 
623      623    (0)    1 :  0.098 0.145 0.249 0.147 0.125 0.144 0.091 
624      624    (0)    1 :  0.266 0.123 0.075 0.112 0.249 0.129 0.046 
625      625    (0)    1 :  0.061 0.126 0.324 0.099 0.089 0.120 0.181 
626      626    (0)    1 :  0.356 0.106 0.163 0.101 0.113 0.108 0.052 
627      627    (0)    1 :  0.055 0.213 0.079 0.139 0.124 0.220 0.170 
628      628    (0)    1 :  0.066 0.203 0.060 0.123 0.258 0.212 0.077 
629      629    (0)    1 :  0.170 0.127 0.190 0.145 0.148 0.130 0.090 
630      630    (0)    1 :  0.080 0.238 0.110 0.118 0.131 0.215 0.109 
631      631    (0)    1 :  0.094 0.264 0.063 0.122 0.087 0.216 0.152 
632      632    (0)    1 :  0.072 0.122 0.099 0.111 0.117 0.115 0.363 
633      633    (0)    1 :  0.088 0.142 0.173 0.144 0.191 0.141 0.121 
634      634    (0)    1 :  0.403 0.113 0.068 0.134 0.111 0.120 0.052 
635      635    (0)    1 :  0.061 0.203 0.268 0.092 0.114 0.196 0.066 
636      636    (0)    1 :  0.136 0.156 0.144 0.115 0.161 0.162 0.127 
637      637    (0)    1 :  0.115 0.225 0.072 0.148 0.077 0.212 0.152 
638      638    (4)    1 :  0.444 0.138 0.093 0.085 0.064 0.127 0.049 
639      639    (0)    1 :  0.067 0.153 0.068 0.133 0.356 0.159 0.065 
640      640    (0)    1 :  0.112 0.172 0.130 0.135 0.156 0.179 0.116 
641      641    (0)    1 :  0.067 0.096 0.080 0.104 0.449 0.130 0.075 
642      642    (0)    1 :  0.389 0.093 0.094 0.137 0.126 0.092 0.070 
643      643    (0)    1 :  0.066 0.251 0.071 0.131 0.147 0.252 0.081 
644      644    (0)    1 :  0.374 0.078 0.228 0.099 0.104 0.083 0.035 
645      645    (0)    1 :  0.102 0.146 0.070 0.147 0.173 0.143 0.219 
646      646    (0)    1 :  0.265 0.149 0.117 0.107 0.105 0.149 0.107 
647      647    (0)    1 :  0.066 0.205 0.107 0.103 0.128 0.214 0.178 
648      648    (0)    1 :  0.036 0.067 0.069 0.096 0.579 0.100 0.053 
649      649    (0)    1 :  0.198 0.071 0.234 0.099 0.145 0.078 0.176 
650      650    (0)    1 :  0.175 0.088 0.282 0.140 0.118 0.086 0.112 
651      651    (4)    1 :  0.023 0.034 0.032 0.800 0.037 0.036 0.037 
652      652    (0)    1 :  0.045 0.070 0.074 0.084 0.067 0.072 0.589 
653      653    (0)    1 :  0.121 0.081 0.043 0.095 0.068 0.083 0.509 
654      654    (0)    1 :  0.071 0.127 0.109 0.145 0.283 0.149 0.116 
655      655    (0)    1 :  0.046 0.132 0.459 0.122 0.061 0.120 0.059 
656      656    (0)    1 :  0.047 0.362 0.111 0.066 0.046 0.335 0.033 
657      657    (0)    1 :  0.157 0.155 0.062 0.174 0.208 0.153 0.091 
658      658    (0)    1 :  0.069 0.081 0.251 0.136 0.098 0.085 0.279 
659      659    (0)    1 :  0.086 0.212 0.137 0.123 0.102 0.181 0.158 
660      660    (0)    1 :  0.174 0.190 0.048 0.161 0.071 0.194 0.162 
661      661    (0)    1 :  0.378 0.112 0.055 0.192 0.108 0.113 0.042 
662      662    (0)    1 :  0.321 0.104 0.164 0.148 0.103 0.110 0.050 
663      663    (0)    1 :  0.070 0.181 0.111 0.153 0.207 0.198 0.079 
664      664    (0)    1 :  0.086 0.129 0.262 0.137 0.110 0.124 0.152 
665      665    (0)    1 :  0.064 0.156 0.089 0.160 0.112 0.158 0.260 
666      666    (0)    1 :  0.052 0.134 0.080 0.227 0.241 0.130 0.136 
667      667    (0)    1 :  0.179 0.085 0.221 0.134 0.148 0.082 0.150 
668      668    (0)    1 :  0.059 0.106 0.222 0.257 0.184 0.110 0.062 
669      669    (0)    1 :  0.099 0.091 0.176 0.232 0.136 0.095 0.171 
670      670    (0)    1 :  0.187 0.206 0.065 0.091 0.116 0.199 0.136 
671      671    (0)    1 :  0.083 0.363 0.059 0.066 0.052 0.328 0.050 
672      672    (0)    1 :  0.071 0.100 0.072 0.103 0.094 0.093 0.468 
673      673    (0)    1 :  0.271 0.204 0.064 0.126 0.067 0.185 0.083 
674      674    (0)    1 :  0.120 0.202 0.075 0.191 0.133 0.189 0.091 
675      675    (0)    1 :  0.042 0.315 0.061 0.126 0.080 0.303 0.074 
676      676    (0)    1 :  0.259 0.092 0.077 0.119 0.312 0.099 0.041 
677      677    (0)    1 :  0.301 0.075 0.218 0.103 0.144 0.080 0.079 
678      678    (0)    1 :  0.135 0.122 0.098 0.109 0.272 0.132 0.131 
679      679    (0)    1 :  0.102 0.171 0.056 0.154 0.224 0.188 0.104 
680      680    (0)    1 :  0.266 0.102 0.125 0.151 0.147 0.098 0.111 
681      681    (0)    1 :  0.046 0.235 0.078 0.147 0.183 0.230 0.081 
682      682    (0)    1 :  0.061 0.160 0.279 0.130 0.160 0.176 0.034 
683      683    (0)    1 :  0.106 0.131 0.365 0.116 0.078 0.127 0.078 
684      684    (0)    1 :  0.040 0.135 0.076 0.217 0.128 0.131 0.274 
685      685    (0)    1 :  0.094 0.214 0.138 0.162 0.086 0.196 0.111 
686      686    (0)    1 :  0.085 0.192 0.127 0.194 0.117 0.169 0.115 
687      687    (0)    1 :  0.064 0.217 0.067 0.173 0.162 0.236 0.081 
688      688    (0)    1 :  0.067 0.060 0.218 0.122 0.355 0.086 0.093 
689      689    (0)    1 :  0.039 0.365 0.061 0.075 0.058 0.367 0.035 
690      690    (0)    1 :  0.065 0.119 0.132 0.156 0.228 0.133 0.167 
691      691    (0)    1 :  0.076 0.230 0.056 0.183 0.069 0.203 0.184 
692      692    (0)    1 :  0.454 0.080 0.104 0.089 0.061 0.076 0.136 
693      693    (0)    1 :  0.078 0.075 0.098 0.091 0.529 0.082 0.046 
694      694    (0)    1 :  0.126 0.111 0.149 0.136 0.124 0.111 0.243 
695      695    (0)    1 :  0.066 0.292 0.098 0.112 0.085 0.299 0.048 
696      696    (0)    1 :  0.146 0.087 0.176 0.163 0.172 0.094 0.162 
697      697    (0)    1 :  0.155 0.110 0.164 0.130 0.114 0.113 0.214 
698      698    (0)    1 :  0.047 0.243 0.166 0.118 0.124 0.230 0.071 
699      699    (0)    1 :  0.058 0.318 0.071 0.135 0.071 0.295 0.052 
700      700    (0)    1 :  0.117 0.056 0.525 0.083 0.066 0.058 0.095 
701      701    (0)    1 :  0.085 0.159 0.119 0.168 0.179 0.176 0.114 
702      702    (0)    1 :  0.095 0.132 0.172 0.155 0.157 0.130 0.158 
703      703    (0)    1 :  0.244 0.067 0.093 0.199 0.162 0.070 0.166 
704      704    (0)    1 :  0.112 0.086 0.347 0.076 0.230 0.099 0.050 
705      705    (0)    1 :  0.100 0.103 0.131 0.132 0.147 0.107 0.280 
706      706    (0)    1 :  0.102 0.112 0.232 0.137 0.201 0.113 0.102 
707      707    (0)    1 :  0.066 0.116 0.298 0.140 0.193 0.121 0.066 
708      708    (0)    1 :  0.174 0.108 0.124 0.154 0.105 0.105 0.231 
709      709    (0)    1 :  0.265 0.174 0.065 0.148 0.100 0.174 0.073 
710      710    (0)    1 :  0.256 0.104 0.089 0.138 0.100 0.097 0.216 
711      711    (0)    1 :  0.118 0.114 0.075 0.153 0.226 0.117 0.196 
712      712    (0)    1 :  0.070 0.261 0.046 0.125 0.180 0.271 0.047 
713      713    (0)    1 :  0.065 0.150 0.295 0.126 0.112 0.138 0.115 
714      714    (0)    1 :  0.086 0.096 0.228 0.158 0.199 0.104 0.129 
715      715    (0)    1 :  0.077 0.129 0.101 0.137 0.302 0.138 0.115 
716      716    (0)    1 :  0.085 0.260 0.114 0.148 0.086 0.239 0.069 
717      717    (0)    1 :  0.060 0.102 0.075 0.176 0.172 0.126 0.289 
718      718    (0)    1 :  0.213 0.114 0.252 0.091 0.066 0.111 0.152 
719      719    (0)    1 :  0.144 0.106 0.372 0.113 0.118 0.104 0.043 
720      720    (0)    1 :  0.091 0.088 0.131 0.107 0.071 0.094 0.419 
721      721    (0)    1 :  0.196 0.207 0.081 0.105 0.137 0.212 0.063 
722      722    (0)    1 :  0.143 0.059 0.092 0.266 0.100 0.058 0.281 
723      723    (0)    1 :  0.147 0.110 0.139 0.121 0.287 0.119 0.077 
724      724    (0)    1 :  0.047 0.314 0.076 0.099 0.081 0.293 0.089 
725      725    (0)    1 :  0.191 0.193 0.103 0.143 0.113 0.183 0.075 
726      726    (0)    1 :  0.178 0.127 0.088 0.141 0.214 0.143 0.110 
727      727    (0)    1 :  0.135 0.198 0.073 0.138 0.091 0.190 0.175 
728      728    (0)    1 :  0.052 0.084 0.348 0.123 0.183 0.092 0.118 
729      729    (0)    1 :  0.077 0.139 0.112 0.158 0.312 0.143 0.059 
730      730    (0)    1 :  0.108 0.085 0.141 0.111 0.098 0.078 0.380 
731      731    (0)    1 :  0.073 0.144 0.109 0.166 0.107 0.140 0.262 
732      732    (0)    1 :  0.089 0.093 0.141 0.117 0.136 0.104 0.320 
733      733    (0)    1 :  0.056 0.242 0.096 0.122 0.139 0.232 0.113 
734      734    (0)    1 :  0.149 0.133 0.120 0.243 0.125 0.126 0.105 
735      735    (0)    1 :  0.086 0.085 0.278 0.129 0.216 0.108 0.099 
736      736    (0)    1 :  0.089 0.114 0.218 0.168 0.145 0.111 0.154 
737      737    (0)    1 :  0.066 0.324 0.064 0.080 0.058 0.325 0.083 
738      738    (0)    1 :  0.149 0.106 0.155 0.139 0.203 0.122 0.127 
739      739    (0)    1 :  0.065 0.123 0.103 0.223 0.124 0.126 0.235 
740      740    (0)    1 :  0.086 0.139 0.168 0.161 0.106 0.134 0.207 
741      741    (0)    1 :  0.079 0.152 0.105 0.207 0.188 0.146 0.124 
742      742    (0)    1 :  0.085 0.081 0.343 0.130 0.201 0.100 0.059 
743      743    (0)    1 :  0.054 0.309 0.037 0.114 0.100 0.320 0.067 
744      744    (0)    1 :  0.052 0.361 0.091 0.068 0.051 0.311 0.066 
745      745    (0)    1 :  0.093 0.078 0.442 0.086 0.153 0.084 0.063 
746      746    (0)    1 :  0.177 0.078 0.346 0.091 0.162 0.091 0.055 
747      747    (0)    1 :  0.119 0.096 0.098 0.083 0.110 0.097 0.396 
748      748    (0)    1 :  0.101 0.184 0.091 0.110 0.194 0.191 0.130 
749      749    (0)    1 :  0.065 0.222 0.173 0.109 0.081 0.199 0.151 
750      750    (0)    1 :  0.140 0.114 0.096 0.146 0.266 0.130 0.108 
751      751    (0)    1 :  0.127 0.123 0.211 0.170 0.066 0.109 0.193 
752      752    (0)    1 :  0.066 0.250 0.181 0.119 0.083 0.241 0.059 
753      753    (0)    1 :  0.096 0.166 0.109 0.121 0.104 0.167 0.236 
754      754    (0)    1 :  0.266 0.072 0.110 0.104 0.147 0.078 0.225 
755      755    (0)    1 :  0.124 0.190 0.082 0.142 0.164 0.176 0.122 
756      756    (0)    1 :  0.046 0.045 0.650 0.056 0.047 0.048 0.107 
757      757    (0)    1 :  0.061 0.068 0.062 0.099 0.536 0.091 0.083 
758      758    (0)    1 :  0.128 0.075 0.061 0.109 0.140 0.081 0.406 
759      759    (0)    1 :  0.131 0.163 0.161 0.129 0.152 0.162 0.102 
760      760    (0)    1 :  0.174 0.254 0.115 0.105 0.066 0.236 0.050 
761      761    (0)    1 :  0.221 0.149 0.174 0.148 0.077 0.126 0.106 
762      762    (0)    1 :  0.063 0.078 0.056 0.104 0.118 0.082 0.500 
763      763    (0)    1 :  0.137 0.158 0.145 0.122 0.182 0.182 0.075 
764      764    (0)    1 :  0.125 0.100 0.271 0.166 0.142 0.105 0.091 
765      765    (0)    1 :  0.431 0.085 0.138 0.103 0.097 0.084 0.062 
766      766    (0)    1 :  0.072 0.108 0.097 0.149 0.176 0.119 0.279 
767      767    (0)    1 :  0.077 0.192 0.071 0.097 0.043 0.153 0.367 
768      768    (0)    1 :  0.092 0.125 0.100 0.195 0.181 0.133 0.172 
769      769    (0)    1 :  0.277 0.074 0.220 0.109 0.151 0.079 0.092 
770      770    (0)    1 :  0.086 0.246 0.226 0.097 0.062 0.234 0.048 
771      771    (0)    1 :  0.110 0.180 0.154 0.131 0.173 0.181 0.073 
772      772    (0)    1 :  0.242 0.120 0.268 0.129 0.067 0.109 0.065 
773      773    (0)    1 :  0.091 0.079 0.102 0.166 0.122 0.084 0.356 
774      774    (0)    1 :  0.184 0.094 0.094 0.109 0.099 0.095 0.327 
775      775    (0)    1 :  0.147 0.071 0.127 0.085 0.420 0.092 0.058 
776      776    (0)    1 :  0.193 0.129 0.105 0.166 0.220 0.120 0.067 
777      777    (0)    1 :  0.202 0.156 0.087 0.139 0.104 0.154 0.157 
778      778    (0)    1 :  0.148 0.111 0.105 0.215 0.194 0.127 0.100 
779      779    (0)    1 :  0.190 0.137 0.059 0.119 0.241 0.143 0.111 
780      780    (0)    1 :  0.158 0.265 0.105 0.096 0.066 0.250 0.060 
781      781    (0)    1 :  0.174 0.110 0.103 0.158 0.168 0.117 0.169 


Estimated Allele Frequencies in each cluster
First column gives estimated ancestral frequencies


Locus 1 : 
15 alleles
0.0% missing data
  42   (0.149) 0.351 0.153 0.060 0.149 0.125 0.172 0.324 
  48   (0.056) 0.015 0.034 0.015 0.056 0.081 0.041 0.133 
  44   (0.365) 0.417 0.336 0.398 0.367 0.512 0.340 0.234 
  60   (0.033) 0.021 0.033 0.024 0.033 0.009 0.030 0.006 
  46   (0.151) 0.073 0.227 0.429 0.151 0.107 0.210 0.079 
  50   (0.060) 0.024 0.090 0.016 0.060 0.038 0.083 0.012 
  54   (0.023) 0.006 0.034 0.006 0.023 0.012 0.026 0.004 
  58   (0.051) 0.031 0.026 0.023 0.051 0.076 0.032 0.090 
  52   (0.047) 0.047 0.016 0.015 0.047 0.019 0.016 0.102 
  64   (0.009) 0.001 0.027 0.001 0.009 0.001 0.023 0.001 
  56   (0.029) 0.011 0.020 0.007 0.029 0.016 0.023 0.013 
  66   (0.013) 0.002 0.003 0.005 0.013 0.004 0.003 0.001 
  72   (0.005) 0.000 0.000 0.000 0.005 0.000 0.000 0.000 
  62   (0.005) 0.000 0.000 0.000 0.005 0.001 0.000 0.000 
  36   (0.005) 0.000 0.000 0.001 0.005 0.000 0.000 0.000 

Locus 2 : 
20 alleles
0.1% missing data
  34   (0.114) 0.128 0.081 0.175 0.114 0.200 0.091 0.051 
  36   (0.151) 0.093 0.158 0.090 0.151 0.135 0.173 0.409 
  38   (0.066) 0.042 0.124 0.019 0.066 0.033 0.117 0.076 
  40   (0.052) 0.246 0.096 0.022 0.051 0.024 0.077 0.028 
  28   (0.105) 0.174 0.113 0.262 0.105 0.077 0.118 0.056 
  32   (0.118) 0.157 0.096 0.142 0.118 0.186 0.099 0.036 
  44   (0.042) 0.012 0.013 0.077 0.042 0.042 0.014 0.049 
  22   (0.022) 0.005 0.026 0.008 0.022 0.004 0.021 0.012 
  26   (0.092) 0.076 0.146 0.043 0.092 0.064 0.153 0.044 
  46   (0.025) 0.005 0.049 0.004 0.025 0.011 0.043 0.008 
  30   (0.059) 0.020 0.028 0.024 0.059 0.115 0.029 0.089 
  42   (0.035) 0.011 0.007 0.084 0.034 0.018 0.009 0.086 
  52   (0.015) 0.001 0.022 0.003 0.014 0.006 0.017 0.012 
  50   (0.023) 0.003 0.007 0.013 0.023 0.047 0.011 0.007 
  78   (0.005) 0.000 0.000 0.001 0.005 0.000 0.000 0.000 
  54   (0.021) 0.004 0.005 0.006 0.021 0.017 0.006 0.005 
  76   (0.009) 0.002 0.001 0.001 0.009 0.003 0.002 0.003 
  24   (0.024) 0.008 0.014 0.010 0.024 0.008 0.011 0.022 
  48   (0.021) 0.014 0.012 0.016 0.021 0.008 0.008 0.006 
  14   (0.005) 0.000 0.000 0.001 0.005 0.000 0.000 0.000 

Locus 3 : 
6 alleles
0.1% missing data
  26   (0.277) 0.191 0.339 0.151 0.279 0.177 0.336 0.215 
  30   (0.365) 0.359 0.320 0.418 0.365 0.599 0.354 0.217 
  28   (0.183) 0.113 0.131 0.323 0.183 0.144 0.125 0.312 
  24   (0.021) 0.003 0.096 0.004 0.021 0.015 0.078 0.004 
  32   (0.102) 0.313 0.058 0.096 0.102 0.047 0.051 0.218 
  34   (0.051) 0.021 0.056 0.008 0.051 0.019 0.056 0.035 

Locus 4 : 
5 alleles
0.0% missing data
  24   (0.547) 0.494 0.537 0.403 0.548 0.504 0.515 0.797 
  26   (0.380) 0.494 0.432 0.500 0.380 0.434 0.450 0.161 
  18   (0.041) 0.008 0.023 0.019 0.041 0.023 0.026 0.034 
  28   (0.019) 0.003 0.004 0.076 0.019 0.007 0.004 0.006 
  22   (0.013) 0.002 0.005 0.002 0.013 0.032 0.006 0.002 

Locus 5 : 
5 alleles
0.0% missing data
  24   (0.816) 0.924 0.892 0.661 0.817 0.846 0.885 0.795 
  26   (0.141) 0.070 0.087 0.331 0.141 0.087 0.089 0.183 
  28   (0.013) 0.001 0.002 0.002 0.012 0.062 0.006 0.001 
  22   (0.018) 0.003 0.017 0.004 0.018 0.003 0.017 0.004 
  20   (0.012) 0.002 0.002 0.002 0.012 0.002 0.002 0.017 

Locus 6 : 
8 alleles
0.0% missing data
  28   (0.153) 0.098 0.243 0.127 0.153 0.084 0.239 0.121 
  32   (0.512) 0.719 0.533 0.633 0.513 0.510 0.524 0.545 
  38   (0.138) 0.057 0.107 0.098 0.138 0.246 0.114 0.150 
  34   (0.108) 0.065 0.088 0.075 0.109 0.095 0.096 0.132 
  18   (0.005) 0.000 0.000 0.001 0.004 0.000 0.000 0.000 
  40   (0.025) 0.037 0.015 0.005 0.025 0.013 0.013 0.020 
  36   (0.034) 0.013 0.009 0.051 0.034 0.016 0.008 0.011 
  30   (0.024) 0.011 0.005 0.009 0.024 0.035 0.006 0.021 

Locus 7 : 
8 alleles
0.0% missing data
  34   (0.166) 0.173 0.143 0.102 0.166 0.194 0.147 0.166 
  40   (0.300) 0.299 0.309 0.450 0.299 0.440 0.317 0.129 
  36   (0.087) 0.023 0.064 0.102 0.087 0.075 0.069 0.168 
  38   (0.339) 0.472 0.296 0.255 0.340 0.242 0.277 0.516 
  42   (0.052) 0.025 0.140 0.014 0.052 0.026 0.136 0.010 
  44   (0.028) 0.004 0.042 0.008 0.027 0.017 0.047 0.005 
  32   (0.021) 0.003 0.006 0.067 0.021 0.005 0.006 0.006 
  22   (0.007) 0.000 0.000 0.000 0.008 0.000 0.000 0.000 

Locus 8 : 
7 alleles
0.0% missing data
  26   (0.123) 0.056 0.098 0.382 0.123 0.104 0.105 0.048 
  32   (0.140) 0.123 0.134 0.206 0.140 0.103 0.132 0.084 
  28   (0.123) 0.128 0.177 0.043 0.123 0.070 0.179 0.121 
  30   (0.564) 0.680 0.574 0.355 0.565 0.707 0.566 0.600 
  24   (0.040) 0.013 0.017 0.013 0.040 0.017 0.017 0.147 
  18   (0.005) 0.000 0.000 0.000 0.005 0.000 0.000 0.000 
  20   (0.005) 0.000 0.000 0.000 0.005 0.000 0.000 0.000 

Locus 9 : 
13 alleles
0.1% missing data
  32   (0.329) 0.147 0.529 0.300 0.330 0.301 0.525 0.233 
  34   (0.035) 0.012 0.028 0.033 0.035 0.022 0.029 0.007 
  44   (0.034) 0.008 0.015 0.020 0.034 0.103 0.021 0.005 
  36   (0.111) 0.442 0.086 0.079 0.111 0.093 0.089 0.036 
  38   (0.382) 0.295 0.302 0.530 0.382 0.440 0.296 0.694 
  40   (0.057) 0.051 0.034 0.029 0.058 0.034 0.034 0.020 
  50   (0.005) 0.000 0.001 0.000 0.005 0.000 0.000 0.000 
  42   (0.012) 0.043 0.002 0.004 0.012 0.001 0.002 0.001 
  30   (0.012) 0.001 0.002 0.002 0.012 0.003 0.002 0.003 
  48   (0.005) 0.000 0.000 0.001 0.005 0.000 0.000 0.000 
  46   (0.007) 0.001 0.001 0.001 0.007 0.001 0.001 0.001 
  20   (0.005) 0.000 0.000 0.000 0.005 0.000 0.000 0.000 
  24   (0.005) 0.000 0.000 0.000 0.005 0.000 0.000 0.000 

Locus 10 : 
14 alleles
0.0% missing data
  30   (0.017) 0.003 0.008 0.011 0.017 0.006 0.009 0.002 
  44   (0.202) 0.171 0.370 0.182 0.202 0.119 0.337 0.341 
  28   (0.457) 0.599 0.440 0.636 0.458 0.574 0.461 0.437 
  48   (0.053) 0.060 0.019 0.027 0.052 0.080 0.023 0.027 
  42   (0.045) 0.013 0.014 0.018 0.045 0.035 0.016 0.115 
  46   (0.027) 0.004 0.007 0.007 0.028 0.016 0.007 0.009 
  40   (0.085) 0.084 0.100 0.071 0.084 0.088 0.102 0.055 
  26   (0.009) 0.001 0.001 0.001 0.009 0.001 0.001 0.001 
  56   (0.012) 0.001 0.004 0.001 0.012 0.005 0.005 0.002 
  50   (0.039) 0.050 0.011 0.013 0.039 0.050 0.015 0.008 
  58   (0.023) 0.005 0.008 0.010 0.022 0.018 0.009 0.002 
  52   (0.022) 0.008 0.015 0.024 0.022 0.007 0.015 0.002 
  38   (0.005) 0.000 0.000 0.000 0.005 0.000 0.000 0.000 
  16   (0.005) 0.000 0.000 0.000 0.005 0.000 0.000 0.000 

Locus 11 : 
12 alleles
0.1% missing data
  42   (0.301) 0.283 0.322 0.212 0.302 0.276 0.310 0.253 
  34   (0.280) 0.538 0.320 0.292 0.280 0.273 0.333 0.267 
  50   (0.057) 0.061 0.033 0.115 0.057 0.091 0.035 0.011 
  20   (0.012) 0.001 0.004 0.002 0.012 0.003 0.004 0.004 
  48   (0.072) 0.017 0.049 0.027 0.071 0.131 0.058 0.313 
  40   (0.076) 0.044 0.126 0.023 0.077 0.024 0.109 0.043 
  44   (0.037) 0.011 0.028 0.053 0.037 0.036 0.028 0.007 
  38   (0.089) 0.034 0.082 0.166 0.089 0.040 0.076 0.044 
  56   (0.017) 0.003 0.003 0.100 0.017 0.006 0.003 0.002 
  52   (0.030) 0.004 0.018 0.007 0.030 0.109 0.027 0.007 
  60   (0.024) 0.003 0.015 0.003 0.023 0.010 0.015 0.048 
  54   (0.005) 0.000 0.000 0.000 0.005 0.000 0.000 0.000 

Locus 12 : 
5 alleles
0.0% missing data
  32   (0.854) 0.778 0.847 0.873 0.854 0.923 0.837 0.954 
  36   (0.033) 0.197 0.009 0.034 0.033 0.011 0.010 0.006 
  30   (0.072) 0.014 0.120 0.058 0.071 0.047 0.130 0.027 
  34   (0.034) 0.010 0.024 0.035 0.034 0.018 0.022 0.013 
  24   (0.007) 0.000 0.000 0.000 0.007 0.000 0.000 0.000 

Locus 13 : 
11 alleles
0.6% missing data
  32   (0.197) 0.074 0.252 0.149 0.198 0.167 0.234 0.276 
  36   (0.013) 0.001 0.003 0.001 0.013 0.001 0.003 0.001 
  26   (0.186) 0.252 0.143 0.153 0.186 0.149 0.144 0.287 
  24   (0.034) 0.012 0.027 0.018 0.034 0.031 0.029 0.030 
  28   (0.362) 0.587 0.408 0.582 0.362 0.424 0.400 0.171 
  30   (0.137) 0.061 0.132 0.088 0.137 0.153 0.150 0.209 
  20   (0.005) 0.000 0.000 0.000 0.005 0.001 0.000 0.000 
  34   (0.030) 0.006 0.023 0.005 0.030 0.066 0.028 0.007 
  22   (0.015) 0.005 0.006 0.002 0.015 0.003 0.006 0.004 
  18   (0.014) 0.001 0.005 0.001 0.013 0.005 0.006 0.014 
  12   (0.007) 0.000 0.000 0.000 0.007 0.000 0.000 0.000 

Locus 14 : 
6 alleles
0.1% missing data
  30   (0.785) 0.657 0.853 0.900 0.785 0.809 0.856 0.888 
  26   (0.024) 0.002 0.030 0.016 0.023 0.007 0.026 0.004 
  32   (0.070) 0.303 0.035 0.028 0.071 0.039 0.036 0.034 
  28   (0.097) 0.033 0.078 0.053 0.097 0.130 0.077 0.072 
  24   (0.012) 0.001 0.002 0.002 0.012 0.014 0.002 0.001 
  34   (0.011) 0.004 0.002 0.001 0.011 0.002 0.003 0.001 

Locus 15 : 
8 alleles
0.0% missing data
  22   (0.243) 0.473 0.259 0.194 0.243 0.199 0.246 0.217 
  24   (0.421) 0.321 0.423 0.354 0.421 0.527 0.417 0.527 
  20   (0.075) 0.054 0.066 0.107 0.075 0.034 0.063 0.040 
  26   (0.169) 0.108 0.141 0.273 0.168 0.207 0.157 0.148 
  28   (0.075) 0.041 0.109 0.071 0.075 0.032 0.115 0.068 
  32   (0.008) 0.001 0.001 0.000 0.008 0.001 0.001 0.001 
  16   (0.005) 0.000 0.000 0.000 0.005 0.001 0.000 0.000 
  30   (0.005) 0.000 0.000 0.000 0.005 0.000 0.000 0.000 

Locus 16 : 
10 alleles
0.0% missing data
  26   (0.222) 0.345 0.148 0.281 0.222 0.255 0.156 0.343 
  30   (0.206) 0.089 0.256 0.224 0.207 0.142 0.247 0.242 
  28   (0.265) 0.433 0.300 0.291 0.264 0.314 0.293 0.293 
  32   (0.044) 0.029 0.023 0.038 0.044 0.034 0.022 0.010 
  24   (0.037) 0.009 0.017 0.046 0.037 0.035 0.021 0.007 
  36   (0.025) 0.008 0.023 0.007 0.025 0.023 0.029 0.004 
  22   (0.095) 0.065 0.143 0.054 0.095 0.097 0.153 0.052 
  20   (0.093) 0.022 0.088 0.058 0.094 0.099 0.077 0.048 
  34   (0.007) 0.001 0.001 0.001 0.007 0.001 0.001 0.001 
  38   (0.005) 0.000 0.000 0.000 0.005 0.001 0.001 0.000 

Locus 17 : 
7 alleles
0.0% missing data
  24   (0.544) 0.733 0.560 0.501 0.545 0.616 0.581 0.274 
  26   (0.233) 0.090 0.251 0.204 0.233 0.190 0.225 0.603 
  28   (0.030) 0.006 0.076 0.020 0.029 0.008 0.079 0.005 
  22   (0.162) 0.167 0.106 0.262 0.162 0.175 0.109 0.114 
  18   (0.009) 0.001 0.002 0.001 0.008 0.002 0.002 0.001 
  20   (0.005) 0.000 0.000 0.000 0.005 0.000 0.000 0.000 
  30   (0.017) 0.002 0.004 0.012 0.017 0.007 0.004 0.002 

Locus 18 : 
7 alleles
0.3% missing data
  26   (0.600) 0.626 0.588 0.540 0.601 0.750 0.613 0.491 
  30   (0.095) 0.259 0.057 0.055 0.095 0.037 0.056 0.164 
  24   (0.059) 0.029 0.034 0.034 0.059 0.033 0.033 0.169 
  28   (0.210) 0.079 0.309 0.366 0.210 0.173 0.286 0.145 
  34   (0.020) 0.005 0.010 0.003 0.020 0.006 0.010 0.004 
  32   (0.011) 0.001 0.002 0.001 0.011 0.001 0.002 0.027 
  20   (0.005) 0.000 0.000 0.000 0.005 0.001 0.000 0.000 

Locus 19 : 
4 alleles
0.3% missing data
  24   (0.066) 0.022 0.054 0.034 0.066 0.135 0.067 0.022 
  28   (0.201) 0.087 0.125 0.212 0.201 0.264 0.133 0.118 
  26   (0.607) 0.621 0.703 0.714 0.606 0.432 0.663 0.821 
  30   (0.126) 0.270 0.118 0.041 0.126 0.168 0.137 0.039 

Locus 20 : 
8 alleles
0.1% missing data
  22   (0.246) 0.097 0.278 0.140 0.247 0.255 0.308 0.161 
  26   (0.450) 0.702 0.349 0.601 0.450 0.477 0.365 0.596 
  24   (0.082) 0.071 0.192 0.049 0.082 0.040 0.155 0.031 
  30   (0.086) 0.023 0.121 0.059 0.086 0.177 0.113 0.062 
  20   (0.044) 0.027 0.022 0.016 0.044 0.012 0.022 0.112 
  32   (0.028) 0.011 0.008 0.055 0.028 0.023 0.010 0.008 
  28   (0.048) 0.062 0.025 0.074 0.048 0.012 0.022 0.027 
  34   (0.017) 0.006 0.005 0.005 0.017 0.004 0.005 0.003 

Locus 21 : 
12 alleles
0.6% missing data
  44   (0.085) 0.072 0.075 0.051 0.085 0.092 0.082 0.030 
  46   (0.082) 0.020 0.048 0.147 0.083 0.051 0.051 0.129 
  20   (0.374) 0.359 0.576 0.354 0.375 0.341 0.547 0.290 
  50   (0.025) 0.070 0.022 0.015 0.025 0.009 0.022 0.003 
  48   (0.105) 0.042 0.092 0.068 0.105 0.104 0.086 0.289 
  16   (0.015) 0.005 0.003 0.003 0.015 0.002 0.002 0.090 
  18   (0.142) 0.131 0.098 0.172 0.143 0.228 0.112 0.088 
  40   (0.087) 0.238 0.062 0.148 0.087 0.108 0.073 0.023 
  22   (0.017) 0.049 0.004 0.011 0.017 0.004 0.003 0.004 
  42   (0.038) 0.010 0.017 0.018 0.038 0.020 0.016 0.052 
  54   (0.016) 0.002 0.003 0.010 0.016 0.034 0.004 0.002 
  38   (0.012) 0.003 0.001 0.003 0.012 0.008 0.002 0.001 

Locus 22 : 
3 alleles
0.0% missing data
  10   (0.692) 0.750 0.661 0.784 0.692 0.640 0.653 0.838 
  14   (0.217) 0.194 0.258 0.173 0.217 0.272 0.274 0.115 
  12   (0.091) 0.055 0.082 0.043 0.091 0.088 0.073 0.047 

Values of parameters used in structure:
DATAFILE=/home/martin/bottleneck/structure_analysis/structure_4/data_job_T7_5,	OUTFILE=/home/martin/bottleneck/structure_analysis/structure_4/structure_results/galapagos_sea_lion/results_job_T7_5,	NUMINDS=781,	NUMLOCI=22,	MISSING=-9,	LABEL=1,	POPDATA=1,	POPFLAG=0,	PHENOTYPE=0,	EXTRACOLS=0,	MAXPOPS=7,	BURNIN=10000,	NUMREPS=100000,	USEPOPINFO=0,	INFERALPHA=1,	INFERLAMBDA=0,	POPSPECIFICLAMBDA=0,	POPALPHAS=0,	COMPUTEPROB=1,	NOADMIX=0,	ADMBURNIN=2500,	UPDATEFREQ=1,	PRINTLIKES=0,	INTERMEDSAVE=0,	PRINTKLD=0,	PRINTNET=0,	PRINTLAMBDA=0,	ANCESTDIST=0,	NUMBOXES=1000,	ANCESTPINT=0.90000,	GENSBACK=2,	MIGRPRIOR=0.05000,	PRINTQHAT=1,	PRINTQSUM=0,	ALPHA=1.0000,	FREQSCORR=1,	FPRIORMEAN=0.0100,	FPRIORSD=0.0500,	ONEFST=0,	LAMBDA=1.0000,	UNIFPRIORALPHA=1,	ALPHAMAX=10.0000,	ALPHAPRIORA=1.0000,	ALPHAPRIORB=2.0000,	ALPHAPROPSD=0.0250,	STARTATPOPINFO=0,	RANDOMIZE=1,	LINKAGE=0,	METROFREQ=10,	REPORTHITRATE=0,	MARKOVPHASE=-1,	PHASED=0,	PLOIDY=2,	PHASEINFO=0	LOCPRIOR=0, 	LOCPRIORINIT=1.000000, 	LOCDATA=0, 	LOCISPOP=0, 	LOCPRIORSTEP=0.100000, 	MAXLOCPRIOR=20.000000, 	SEED=1470449707,	
[STRAT parameters]:    NUMSIMSTATS=1000,	PHENOTYPECOL=-9,	POOLFREQ=10,	LOCUSxONLY=0,	EMERROR=0.00100,	MISSINGPHENO=-9,	