

----------------------------------------------------
STRUCTURE by Pritchard, Stephens and Donnelly (2000)
     and Falush, Stephens and Pritchard (2003)
       Code by Pritchard, Falush and Hubisz
             Version 2.3.4 (Jul 2012)
----------------------------------------------------



Command line arguments:   /usr/local/bin/structure -m parameter_job_T3_5 
Input File:    /home/martin/bottleneck/structure_analysis/structure_4/data_job_T3_5

Run parameters:
   781 individuals
   22 loci
   3 populations assumed
   10000 Burn-in period
   100000 Reps


--------------------------------------------
Proportion of membership of each pre-defined
 population in each of the 3 clusters

Given    Inferred Clusters       Number of
 Pop       1      2      3      Individuals

  1:     0.334  0.333  0.333      781
--------------------------------------------

Allele-freq. divergence among pops (Net nucleotide distance),
computed using point estimates of P.

      1       2       3      
 1      -    0.0393  0.0479  
 2   0.0393     -    0.0424  
 3   0.0479  0.0424     -    

Average distances (expected heterozygosity) between individuals in same cluster:
cluster  1  : 0.5814 
cluster  2  : 0.6117 
cluster  3  : 0.5991 

--------------------------------------------
Estimated Ln Prob of Data   = -46054.4
Mean value of ln likelihood = -45140.3
Variance of ln likelihood   = 1828.2
Mean value of alpha         = 2.3851

Mean value of Fst_1         = 0.1260
Mean value of Fst_2         = 0.0978
Mean value of Fst_3         = 0.0954


Inferred ancestry of individuals:
        Label (%Miss) Pop:  Inferred clusters
  1        1    (0)    1 :  0.255 0.391 0.354 
  2        2    (0)    1 :  0.259 0.363 0.378 
  3        3    (0)    1 :  0.412 0.318 0.270 
  4        4    (0)    1 :  0.280 0.462 0.258 
  5        5    (0)    1 :  0.243 0.248 0.509 
  6        6    (0)    1 :  0.327 0.328 0.346 
  7        7    (0)    1 :  0.360 0.303 0.338 
  8        8    (0)    1 :  0.425 0.275 0.300 
  9        9    (0)    1 :  0.270 0.515 0.215 
 10       10    (0)    1 :  0.599 0.195 0.207 
 11       11    (0)    1 :  0.411 0.235 0.354 
 12       12    (0)    1 :  0.412 0.290 0.299 
 13       13    (0)    1 :  0.453 0.288 0.259 
 14       14    (0)    1 :  0.190 0.548 0.262 
 15       15    (0)    1 :  0.179 0.241 0.580 
 16       16    (0)    1 :  0.438 0.250 0.312 
 17       17    (0)    1 :  0.294 0.445 0.261 
 18       18    (0)    1 :  0.178 0.457 0.365 
 19       19    (0)    1 :  0.225 0.482 0.293 
 20       20    (0)    1 :  0.375 0.437 0.188 
 21       21    (0)    1 :  0.380 0.253 0.368 
 22       22    (0)    1 :  0.268 0.470 0.263 
 23       23    (0)    1 :  0.325 0.230 0.446 
 24       24    (0)    1 :  0.447 0.311 0.242 
 25       25    (0)    1 :  0.266 0.342 0.392 
 26       26    (0)    1 :  0.290 0.336 0.374 
 27       27    (0)    1 :  0.347 0.357 0.296 
 28       28    (0)    1 :  0.361 0.218 0.421 
 29       29    (0)    1 :  0.208 0.470 0.322 
 30       30    (0)    1 :  0.317 0.418 0.265 
 31       31    (0)    1 :  0.437 0.300 0.263 
 32       32    (0)    1 :  0.229 0.266 0.505 
 33       33    (0)    1 :  0.240 0.355 0.405 
 34       34    (0)    1 :  0.234 0.420 0.346 
 35       35    (4)    1 :  0.216 0.425 0.359 
 36       36    (0)    1 :  0.233 0.345 0.422 
 37       37    (0)    1 :  0.286 0.341 0.372 
 38       38    (0)    1 :  0.340 0.355 0.305 
 39       39    (0)    1 :  0.318 0.314 0.368 
 40       40    (0)    1 :  0.284 0.280 0.437 
 41       41    (0)    1 :  0.485 0.274 0.241 
 42       42    (0)    1 :  0.328 0.220 0.451 
 43       43    (0)    1 :  0.251 0.498 0.251 
 44       44    (0)    1 :  0.346 0.395 0.259 
 45       45    (0)    1 :  0.320 0.210 0.471 
 46       46    (4)    1 :  0.307 0.280 0.412 
 47       47    (0)    1 :  0.331 0.425 0.244 
 48       48    (0)    1 :  0.167 0.235 0.598 
 49       49    (0)    1 :  0.400 0.447 0.153 
 50       50    (0)    1 :  0.301 0.408 0.291 
 51       51    (0)    1 :  0.304 0.428 0.268 
 52       52    (0)    1 :  0.561 0.225 0.215 
 53       53    (4)    1 :  0.316 0.391 0.293 
 54       54    (0)    1 :  0.292 0.406 0.302 
 55       55    (0)    1 :  0.219 0.231 0.550 
 56       56    (0)    1 :  0.248 0.190 0.562 
 57       57    (0)    1 :  0.392 0.350 0.258 
 58       58    (0)    1 :  0.147 0.191 0.662 
 59       59    (0)    1 :  0.302 0.248 0.450 
 60       60    (0)    1 :  0.351 0.385 0.264 
 61       61    (0)    1 :  0.395 0.348 0.257 
 62       62    (0)    1 :  0.449 0.188 0.363 
 63       63    (0)    1 :  0.486 0.256 0.258 
 64       64    (0)    1 :  0.406 0.311 0.283 
 65       65    (0)    1 :  0.337 0.350 0.313 
 66       66    (0)    1 :  0.349 0.371 0.280 
 67       67    (0)    1 :  0.512 0.272 0.216 
 68       68    (0)    1 :  0.379 0.311 0.310 
 69       69    (0)    1 :  0.539 0.203 0.258 
 70       70    (0)    1 :  0.319 0.299 0.382 
 71       71    (0)    1 :  0.371 0.337 0.293 
 72       72    (0)    1 :  0.457 0.285 0.258 
 73       73    (0)    1 :  0.240 0.355 0.404 
 74       74    (0)    1 :  0.379 0.377 0.244 
 75       75    (0)    1 :  0.345 0.364 0.291 
 76       76    (0)    1 :  0.356 0.351 0.292 
 77       77    (0)    1 :  0.296 0.300 0.404 
 78       78    (0)    1 :  0.399 0.356 0.245 
 79       79    (0)    1 :  0.358 0.265 0.377 
 80       80    (0)    1 :  0.422 0.283 0.295 
 81       81    (0)    1 :  0.588 0.225 0.187 
 82       82    (0)    1 :  0.357 0.218 0.425 
 83       83    (0)    1 :  0.577 0.241 0.181 
 84       84    (0)    1 :  0.361 0.320 0.319 
 85       85    (0)    1 :  0.348 0.260 0.392 
 86       86    (0)    1 :  0.285 0.224 0.491 
 87       87    (0)    1 :  0.532 0.264 0.203 
 88       88    (0)    1 :  0.239 0.309 0.452 
 89       89    (0)    1 :  0.312 0.438 0.250 
 90       90    (0)    1 :  0.384 0.254 0.362 
 91       91    (0)    1 :  0.345 0.311 0.344 
 92       92    (0)    1 :  0.406 0.203 0.391 
 93       93    (0)    1 :  0.495 0.289 0.216 
 94       94    (0)    1 :  0.295 0.496 0.209 
 95       95    (0)    1 :  0.339 0.277 0.385 
 96       96    (0)    1 :  0.313 0.389 0.298 
 97       97    (0)    1 :  0.510 0.235 0.255 
 98       98    (0)    1 :  0.401 0.326 0.273 
 99       99    (0)    1 :  0.497 0.274 0.229 
100      100    (0)    1 :  0.369 0.346 0.285 
101      101    (0)    1 :  0.399 0.348 0.253 
102      102    (0)    1 :  0.251 0.253 0.496 
103      103    (0)    1 :  0.185 0.413 0.403 
104      104    (0)    1 :  0.409 0.263 0.328 
105      105    (0)    1 :  0.323 0.409 0.268 
106      106    (0)    1 :  0.346 0.343 0.311 
107      107    (0)    1 :  0.393 0.223 0.385 
108      108    (0)    1 :  0.435 0.197 0.368 
109      109    (0)    1 :  0.351 0.392 0.257 
110      110    (0)    1 :  0.199 0.588 0.214 
111      111    (0)    1 :  0.266 0.350 0.384 
112      112    (0)    1 :  0.224 0.492 0.284 
113      113    (0)    1 :  0.305 0.258 0.437 
114      114    (0)    1 :  0.259 0.460 0.282 
115      115    (0)    1 :  0.433 0.233 0.334 
116      116    (0)    1 :  0.352 0.263 0.385 
117      117    (0)    1 :  0.200 0.225 0.575 
118      118    (0)    1 :  0.282 0.479 0.239 
119      119    (0)    1 :  0.198 0.302 0.500 
120      120    (0)    1 :  0.161 0.301 0.539 
121      121    (0)    1 :  0.362 0.379 0.260 
122      122    (0)    1 :  0.524 0.286 0.189 
123      123    (0)    1 :  0.240 0.256 0.504 
124      124    (0)    1 :  0.470 0.271 0.260 
125      125    (0)    1 :  0.307 0.195 0.498 
126      126    (0)    1 :  0.290 0.371 0.338 
127      127    (0)    1 :  0.330 0.298 0.371 
128      128    (0)    1 :  0.332 0.199 0.469 
129      129    (0)    1 :  0.538 0.200 0.262 
130      130    (0)    1 :  0.330 0.435 0.235 
131      131    (0)    1 :  0.453 0.266 0.280 
132      132    (0)    1 :  0.178 0.221 0.601 
133      133    (0)    1 :  0.198 0.429 0.373 
134      134    (0)    1 :  0.317 0.309 0.374 
135      135    (0)    1 :  0.212 0.608 0.180 
136      136    (0)    1 :  0.289 0.320 0.391 
137      137    (0)    1 :  0.343 0.310 0.346 
138      138    (0)    1 :  0.232 0.317 0.450 
139      139    (0)    1 :  0.226 0.355 0.419 
140      140    (0)    1 :  0.508 0.255 0.237 
141      141    (0)    1 :  0.269 0.408 0.323 
142      142    (0)    1 :  0.216 0.238 0.546 
143      143    (0)    1 :  0.480 0.236 0.284 
144      144    (0)    1 :  0.307 0.358 0.335 
145      145    (0)    1 :  0.215 0.426 0.359 
146      146    (0)    1 :  0.312 0.455 0.233 
147      147    (0)    1 :  0.286 0.393 0.321 
148      148    (0)    1 :  0.338 0.417 0.245 
149      149    (0)    1 :  0.284 0.225 0.492 
150      150    (0)    1 :  0.302 0.520 0.177 
151      151    (0)    1 :  0.359 0.427 0.214 
152      152    (0)    1 :  0.338 0.368 0.294 
153      153    (0)    1 :  0.412 0.314 0.275 
154      154    (0)    1 :  0.347 0.294 0.358 
155      155    (0)    1 :  0.247 0.196 0.557 
156      156    (0)    1 :  0.397 0.346 0.257 
157      157    (0)    1 :  0.314 0.277 0.409 
158      158    (0)    1 :  0.359 0.255 0.385 
159      159    (0)    1 :  0.316 0.249 0.436 
160      160    (0)    1 :  0.253 0.288 0.458 
161      161    (0)    1 :  0.178 0.411 0.411 
162      162    (0)    1 :  0.256 0.436 0.308 
163      163    (0)    1 :  0.279 0.420 0.302 
164      164    (0)    1 :  0.302 0.162 0.536 
165      165    (0)    1 :  0.332 0.345 0.323 
166      166    (0)    1 :  0.368 0.307 0.325 
167      167    (0)    1 :  0.178 0.230 0.593 
168      168    (0)    1 :  0.321 0.348 0.331 
169      169    (0)    1 :  0.383 0.306 0.310 
170      170    (0)    1 :  0.341 0.474 0.185 
171      171    (0)    1 :  0.322 0.290 0.388 
172      172    (0)    1 :  0.287 0.479 0.234 
173      173    (0)    1 :  0.236 0.290 0.473 
174      174    (0)    1 :  0.365 0.304 0.330 
175      175    (0)    1 :  0.337 0.431 0.232 
176      176    (0)    1 :  0.270 0.530 0.200 
177      177    (0)    1 :  0.569 0.220 0.211 
178      178    (0)    1 :  0.368 0.340 0.292 
179      179    (0)    1 :  0.312 0.258 0.430 
180      180    (0)    1 :  0.396 0.381 0.223 
181      181    (0)    1 :  0.229 0.309 0.462 
182      182    (0)    1 :  0.617 0.173 0.211 
183      183    (0)    1 :  0.180 0.543 0.277 
184      184    (0)    1 :  0.348 0.387 0.265 
185      185    (0)    1 :  0.279 0.341 0.379 
186      186    (0)    1 :  0.261 0.403 0.336 
187      187    (0)    1 :  0.251 0.475 0.274 
188      188    (0)    1 :  0.231 0.315 0.453 
189      189    (0)    1 :  0.336 0.409 0.255 
190      190    (0)    1 :  0.357 0.394 0.249 
191      191    (0)    1 :  0.254 0.359 0.386 
192      192    (0)    1 :  0.423 0.232 0.344 
193      193    (0)    1 :  0.287 0.384 0.329 
194      194    (0)    1 :  0.247 0.268 0.485 
195      195    (0)    1 :  0.455 0.270 0.275 
196      196    (0)    1 :  0.263 0.422 0.315 
197      197    (0)    1 :  0.248 0.307 0.445 
198      198    (0)    1 :  0.246 0.411 0.342 
199      199    (0)    1 :  0.514 0.182 0.303 
200      200    (0)    1 :  0.248 0.347 0.405 
201      201    (0)    1 :  0.514 0.273 0.214 
202      202    (0)    1 :  0.336 0.369 0.295 
203      203    (0)    1 :  0.445 0.248 0.307 
204      204    (0)    1 :  0.378 0.386 0.236 
205      205    (0)    1 :  0.428 0.275 0.297 
206      206    (0)    1 :  0.465 0.264 0.272 
207      207    (0)    1 :  0.336 0.227 0.437 
208      208    (0)    1 :  0.363 0.415 0.222 
209      209    (0)    1 :  0.368 0.225 0.407 
210      210    (0)    1 :  0.339 0.386 0.275 
211      211    (0)    1 :  0.499 0.293 0.209 
212      212    (0)    1 :  0.195 0.446 0.359 
213      213    (0)    1 :  0.295 0.291 0.414 
214      214    (0)    1 :  0.494 0.272 0.234 
215      215    (0)    1 :  0.269 0.328 0.403 
216      216    (0)    1 :  0.387 0.276 0.337 
217      217    (0)    1 :  0.227 0.396 0.377 
218      218    (0)    1 :  0.247 0.242 0.511 
219      219    (0)    1 :  0.275 0.477 0.248 
220      220    (0)    1 :  0.387 0.268 0.346 
221      221    (0)    1 :  0.538 0.216 0.246 
222      222    (0)    1 :  0.287 0.314 0.399 
223      223    (0)    1 :  0.259 0.280 0.461 
224      224    (0)    1 :  0.421 0.274 0.305 
225      225    (0)    1 :  0.478 0.264 0.257 
226      226    (0)    1 :  0.236 0.422 0.342 
227      227    (0)    1 :  0.436 0.237 0.328 
228      228    (0)    1 :  0.312 0.331 0.357 
229      229    (0)    1 :  0.356 0.343 0.302 
230      230    (0)    1 :  0.188 0.553 0.258 
231      231    (0)    1 :  0.277 0.391 0.332 
232      232    (0)    1 :  0.411 0.194 0.395 
233      233    (0)    1 :  0.226 0.512 0.262 
234      234    (0)    1 :  0.288 0.362 0.350 
235      235    (0)    1 :  0.323 0.405 0.272 
236      236    (0)    1 :  0.276 0.303 0.421 
237      237    (0)    1 :  0.403 0.240 0.357 
238      238    (0)    1 :  0.285 0.425 0.291 
239      239    (0)    1 :  0.340 0.432 0.229 
240      240    (0)    1 :  0.313 0.370 0.317 
241      241    (0)    1 :  0.455 0.265 0.281 
242      242    (0)    1 :  0.444 0.237 0.318 
243      243    (0)    1 :  0.320 0.267 0.413 
244      244    (0)    1 :  0.458 0.276 0.266 
245      245    (0)    1 :  0.290 0.388 0.322 
246      246    (0)    1 :  0.270 0.307 0.422 
247      247    (0)    1 :  0.325 0.403 0.272 
248      248    (0)    1 :  0.237 0.467 0.296 
249      249    (0)    1 :  0.331 0.396 0.273 
250      250    (0)    1 :  0.228 0.281 0.491 
251      251    (0)    1 :  0.245 0.331 0.424 
252      252    (0)    1 :  0.461 0.276 0.264 
253      253    (0)    1 :  0.406 0.241 0.353 
254      254    (0)    1 :  0.215 0.499 0.287 
255      255    (0)    1 :  0.404 0.327 0.269 
256      256    (0)    1 :  0.282 0.243 0.475 
257      257    (0)    1 :  0.390 0.320 0.289 
258      258    (0)    1 :  0.337 0.368 0.295 
259      259    (0)    1 :  0.402 0.382 0.216 
260      260    (0)    1 :  0.418 0.219 0.363 
261      261    (0)    1 :  0.316 0.425 0.259 
262      262    (0)    1 :  0.324 0.353 0.323 
263      263    (0)    1 :  0.338 0.434 0.228 
264      264    (0)    1 :  0.405 0.251 0.344 
265      265    (0)    1 :  0.351 0.401 0.248 
266      266    (0)    1 :  0.290 0.296 0.414 
267      267    (0)    1 :  0.381 0.344 0.274 
268      268    (0)    1 :  0.238 0.488 0.275 
269      269    (0)    1 :  0.427 0.391 0.182 
270      270    (0)    1 :  0.366 0.419 0.215 
271      271    (0)    1 :  0.307 0.351 0.342 
272      272    (0)    1 :  0.406 0.345 0.249 
273      273    (0)    1 :  0.369 0.296 0.335 
274      274    (0)    1 :  0.199 0.613 0.187 
275      275    (0)    1 :  0.384 0.399 0.217 
276      276    (0)    1 :  0.317 0.190 0.493 
277      277    (0)    1 :  0.520 0.270 0.209 
278      278    (0)    1 :  0.525 0.320 0.154 
279      279    (0)    1 :  0.280 0.284 0.437 
280      280    (0)    1 :  0.297 0.296 0.407 
281      281    (0)    1 :  0.391 0.401 0.208 
282      282    (0)    1 :  0.343 0.405 0.252 
283      283    (0)    1 :  0.276 0.325 0.398 
284      284    (0)    1 :  0.450 0.220 0.330 
285      285    (0)    1 :  0.335 0.303 0.362 
286      286    (0)    1 :  0.461 0.315 0.224 
287      287    (0)    1 :  0.219 0.316 0.465 
288      288    (0)    1 :  0.598 0.202 0.200 
289      289    (0)    1 :  0.301 0.358 0.341 
290      290    (0)    1 :  0.271 0.379 0.350 
291      291    (0)    1 :  0.187 0.376 0.437 
292      292    (0)    1 :  0.378 0.244 0.378 
293      293    (0)    1 :  0.213 0.500 0.287 
294      294    (0)    1 :  0.404 0.314 0.282 
295      295    (0)    1 :  0.179 0.147 0.674 
296      296    (0)    1 :  0.391 0.300 0.309 
297      297    (0)    1 :  0.288 0.450 0.261 
298      298    (0)    1 :  0.309 0.311 0.379 
299      299    (0)    1 :  0.206 0.171 0.623 
300      300    (0)    1 :  0.284 0.423 0.293 
301      301    (0)    1 :  0.302 0.315 0.383 
302      302    (0)    1 :  0.160 0.253 0.587 
303      303    (0)    1 :  0.295 0.429 0.277 
304      304    (0)    1 :  0.384 0.291 0.325 
305      305    (0)    1 :  0.249 0.360 0.391 
306      306    (0)    1 :  0.370 0.212 0.419 
307      307    (0)    1 :  0.372 0.314 0.314 
308      308    (0)    1 :  0.388 0.292 0.319 
309      309    (0)    1 :  0.443 0.330 0.227 
310      310    (0)    1 :  0.365 0.423 0.213 
311      311    (0)    1 :  0.442 0.223 0.335 
312      312    (0)    1 :  0.366 0.440 0.194 
313      313    (0)    1 :  0.360 0.312 0.328 
314      314    (0)    1 :  0.393 0.199 0.408 
315      315    (4)    1 :  0.385 0.221 0.394 
316      316    (0)    1 :  0.365 0.335 0.300 
317      317    (0)    1 :  0.367 0.435 0.199 
318      318    (0)    1 :  0.254 0.556 0.190 
319      319    (0)    1 :  0.245 0.369 0.386 
320      320    (0)    1 :  0.318 0.203 0.479 
321      321    (0)    1 :  0.212 0.486 0.302 
322      322    (0)    1 :  0.352 0.345 0.304 
323      323    (0)    1 :  0.360 0.326 0.314 
324      324    (0)    1 :  0.405 0.339 0.256 
325      325    (0)    1 :  0.297 0.427 0.276 
326      326    (0)    1 :  0.517 0.269 0.214 
327      327    (0)    1 :  0.302 0.371 0.326 
328      328    (0)    1 :  0.300 0.395 0.305 
329      329    (0)    1 :  0.434 0.264 0.303 
330      330    (0)    1 :  0.517 0.201 0.282 
331      331    (0)    1 :  0.419 0.291 0.291 
332      332    (0)    1 :  0.379 0.397 0.224 
333      333    (0)    1 :  0.444 0.297 0.259 
334      334    (0)    1 :  0.322 0.464 0.214 
335      335    (0)    1 :  0.367 0.279 0.354 
336      336    (0)    1 :  0.389 0.294 0.317 
337      337    (0)    1 :  0.235 0.491 0.273 
338      338    (0)    1 :  0.529 0.218 0.253 
339      339    (0)    1 :  0.329 0.236 0.435 
340      340    (0)    1 :  0.276 0.475 0.249 
341      341    (0)    1 :  0.258 0.260 0.482 
342      342    (0)    1 :  0.472 0.264 0.265 
343      343    (0)    1 :  0.578 0.231 0.191 
344      344    (0)    1 :  0.327 0.447 0.226 
345      345    (0)    1 :  0.485 0.273 0.243 
346      346    (0)    1 :  0.266 0.370 0.364 
347      347    (0)    1 :  0.368 0.244 0.388 
348      348    (0)    1 :  0.269 0.344 0.386 
349      349    (0)    1 :  0.360 0.352 0.288 
350      350    (0)    1 :  0.287 0.376 0.337 
351      351    (0)    1 :  0.252 0.378 0.370 
352      352    (0)    1 :  0.324 0.358 0.318 
353      353    (0)    1 :  0.295 0.217 0.488 
354      354    (0)    1 :  0.492 0.244 0.264 
355      355    (0)    1 :  0.383 0.373 0.244 
356      356    (0)    1 :  0.333 0.334 0.333 
357      357    (0)    1 :  0.329 0.312 0.359 
358      358    (0)    1 :  0.408 0.275 0.316 
359      359    (9)    1 :  0.231 0.248 0.521 
360      360    (0)    1 :  0.237 0.392 0.372 
361      361    (0)    1 :  0.352 0.228 0.419 
362      362    (0)    1 :  0.289 0.437 0.274 
363      363    (4)    1 :  0.292 0.501 0.207 
364      364    (0)    1 :  0.375 0.375 0.250 
365      365    (0)    1 :  0.258 0.399 0.344 
366      366    (0)    1 :  0.279 0.267 0.454 
367      367    (0)    1 :  0.290 0.348 0.363 
368      368    (0)    1 :  0.274 0.289 0.437 
369      369    (0)    1 :  0.322 0.206 0.472 
370      370    (0)    1 :  0.337 0.237 0.426 
371      371    (0)    1 :  0.409 0.216 0.375 
372      372    (0)    1 :  0.283 0.267 0.451 
373      373    (0)    1 :  0.314 0.309 0.377 
374      374    (4)    1 :  0.313 0.368 0.319 
375      375    (0)    1 :  0.425 0.311 0.264 
376      376    (0)    1 :  0.263 0.414 0.323 
377      377    (0)    1 :  0.200 0.312 0.488 
378      378    (0)    1 :  0.295 0.357 0.348 
379      379    (4)    1 :  0.193 0.272 0.535 
380      380    (0)    1 :  0.221 0.245 0.534 
381      381    (0)    1 :  0.308 0.357 0.335 
382      382    (0)    1 :  0.391 0.292 0.318 
383      383    (0)    1 :  0.434 0.220 0.346 
384      384    (0)    1 :  0.178 0.428 0.394 
385      385    (0)    1 :  0.399 0.378 0.223 
386      386    (0)    1 :  0.170 0.162 0.668 
387      387    (0)    1 :  0.301 0.343 0.356 
388      388    (4)    1 :  0.200 0.299 0.501 
389      389    (0)    1 :  0.384 0.327 0.288 
390      390    (0)    1 :  0.484 0.212 0.304 
391      391    (0)    1 :  0.238 0.276 0.486 
392      392    (0)    1 :  0.484 0.201 0.316 
393      393    (0)    1 :  0.179 0.380 0.440 
394      394    (0)    1 :  0.613 0.218 0.168 
395      395    (0)    1 :  0.353 0.357 0.290 
396      396    (0)    1 :  0.313 0.449 0.238 
397      397    (0)    1 :  0.375 0.440 0.185 
398      398    (0)    1 :  0.332 0.285 0.383 
399      399    (0)    1 :  0.271 0.328 0.402 
400      400    (0)    1 :  0.309 0.263 0.427 
401      401    (0)    1 :  0.241 0.414 0.345 
402      402    (0)    1 :  0.300 0.398 0.302 
403      403    (0)    1 :  0.450 0.384 0.166 
404      404    (0)    1 :  0.461 0.248 0.291 
405      405    (0)    1 :  0.357 0.387 0.256 
406      406    (0)    1 :  0.425 0.253 0.322 
407      407    (0)    1 :  0.173 0.330 0.497 
408      408    (0)    1 :  0.296 0.387 0.317 
409      409    (0)    1 :  0.305 0.369 0.325 
410      410    (0)    1 :  0.344 0.368 0.288 
411      411    (0)    1 :  0.380 0.442 0.178 
412      412    (0)    1 :  0.235 0.372 0.392 
413      413    (0)    1 :  0.460 0.370 0.170 
414      414    (0)    1 :  0.224 0.360 0.417 
415      415    (0)    1 :  0.261 0.249 0.490 
416      416    (0)    1 :  0.183 0.634 0.183 
417      417    (0)    1 :  0.328 0.297 0.375 
418      418    (0)    1 :  0.289 0.359 0.352 
419      419    (0)    1 :  0.418 0.233 0.349 
420      420    (0)    1 :  0.273 0.538 0.189 
421      421    (0)    1 :  0.431 0.325 0.244 
422      422    (0)    1 :  0.409 0.300 0.292 
423      423    (0)    1 :  0.301 0.425 0.274 
424      424    (0)    1 :  0.334 0.445 0.220 
425      425    (0)    1 :  0.285 0.336 0.379 
426      426    (0)    1 :  0.280 0.225 0.496 
427      427    (0)    1 :  0.303 0.262 0.435 
428      428    (0)    1 :  0.338 0.337 0.326 
429      429    (0)    1 :  0.341 0.225 0.433 
430      430    (9)    1 :  0.351 0.321 0.328 
431      431    (0)    1 :  0.355 0.419 0.226 
432      432    (0)    1 :  0.245 0.345 0.410 
433      433    (0)    1 :  0.227 0.364 0.410 
434      434    (0)    1 :  0.293 0.434 0.273 
435      435    (0)    1 :  0.307 0.405 0.287 
436      436    (0)    1 :  0.304 0.353 0.343 
437      437    (0)    1 :  0.229 0.394 0.377 
438      438    (0)    1 :  0.206 0.250 0.543 
439      439    (0)    1 :  0.358 0.326 0.316 
440      440    (0)    1 :  0.490 0.277 0.233 
441      441    (0)    1 :  0.265 0.315 0.420 
442      442    (0)    1 :  0.335 0.457 0.208 
443      443    (0)    1 :  0.334 0.361 0.305 
444      444    (0)    1 :  0.284 0.282 0.433 
445      445    (0)    1 :  0.488 0.193 0.319 
446      446    (0)    1 :  0.436 0.304 0.260 
447      447    (0)    1 :  0.266 0.479 0.255 
448      448    (0)    1 :  0.278 0.338 0.384 
449      449    (0)    1 :  0.278 0.426 0.296 
450      450    (0)    1 :  0.430 0.340 0.230 
451      451    (0)    1 :  0.390 0.237 0.373 
452      452    (0)    1 :  0.545 0.214 0.242 
453      453    (0)    1 :  0.257 0.435 0.308 
454      454    (0)    1 :  0.409 0.405 0.187 
455      455    (0)    1 :  0.396 0.243 0.361 
456      456    (0)    1 :  0.394 0.231 0.374 
457      457    (0)    1 :  0.210 0.307 0.483 
458      458    (0)    1 :  0.481 0.175 0.344 
459      459    (0)    1 :  0.311 0.219 0.470 
460      460    (0)    1 :  0.355 0.364 0.281 
461      461    (0)    1 :  0.194 0.637 0.169 
462      462    (0)    1 :  0.485 0.317 0.198 
463      463    (0)    1 :  0.293 0.221 0.486 
464      464    (0)    1 :  0.319 0.309 0.372 
465      465    (0)    1 :  0.464 0.248 0.288 
466      466    (0)    1 :  0.213 0.303 0.485 
467      467    (0)    1 :  0.431 0.292 0.277 
468      468    (0)    1 :  0.357 0.275 0.368 
469      469    (0)    1 :  0.272 0.295 0.433 
470      470    (0)    1 :  0.235 0.324 0.441 
471      471    (0)    1 :  0.542 0.236 0.222 
472      472    (0)    1 :  0.185 0.379 0.436 
473      473    (0)    1 :  0.225 0.470 0.306 
474      474    (0)    1 :  0.329 0.415 0.256 
475      475    (0)    1 :  0.393 0.254 0.353 
476      476    (0)    1 :  0.454 0.190 0.356 
477      477    (0)    1 :  0.334 0.329 0.337 
478      478    (0)    1 :  0.217 0.541 0.243 
479      479    (0)    1 :  0.489 0.261 0.250 
480      480    (0)    1 :  0.188 0.497 0.316 
481      481    (0)    1 :  0.369 0.312 0.319 
482      482    (9)    1 :  0.206 0.343 0.451 
483      483    (9)    1 :  0.454 0.228 0.318 
484      484    (0)    1 :  0.408 0.395 0.197 
485      485    (0)    1 :  0.528 0.229 0.243 
486      486    (0)    1 :  0.323 0.370 0.307 
487      487    (0)    1 :  0.269 0.347 0.384 
488      488    (0)    1 :  0.366 0.222 0.412 
489      489    (0)    1 :  0.345 0.374 0.281 
490      490    (0)    1 :  0.253 0.343 0.404 
491      491    (0)    1 :  0.183 0.282 0.535 
492      492    (0)    1 :  0.354 0.265 0.381 
493      493    (0)    1 :  0.297 0.324 0.379 
494      494    (0)    1 :  0.329 0.233 0.437 
495      495    (0)    1 :  0.521 0.279 0.201 
496      496    (0)    1 :  0.409 0.395 0.196 
497      497    (0)    1 :  0.231 0.529 0.240 
498      498    (0)    1 :  0.276 0.498 0.227 
499      499    (0)    1 :  0.197 0.385 0.417 
500      500    (0)    1 :  0.324 0.245 0.431 
501      501    (0)    1 :  0.359 0.394 0.247 
502      502    (0)    1 :  0.377 0.298 0.325 
503      503    (0)    1 :  0.252 0.451 0.297 
504      504    (0)    1 :  0.303 0.420 0.277 
505      505    (0)    1 :  0.352 0.217 0.431 
506      506    (0)    1 :  0.388 0.331 0.281 
507      507    (0)    1 :  0.355 0.329 0.317 
508      508    (0)    1 :  0.316 0.526 0.158 
509      509    (0)    1 :  0.438 0.247 0.315 
510      510    (0)    1 :  0.343 0.454 0.203 
511      511    (0)    1 :  0.242 0.298 0.459 
512      512    (0)    1 :  0.170 0.665 0.165 
513      513    (0)    1 :  0.436 0.389 0.175 
514      514    (0)    1 :  0.268 0.505 0.227 
515      515    (0)    1 :  0.154 0.276 0.570 
516      516    (0)    1 :  0.483 0.206 0.311 
517      517    (0)    1 :  0.536 0.194 0.271 
518      518    (0)    1 :  0.288 0.503 0.210 
519      519    (0)    1 :  0.327 0.378 0.295 
520      520    (0)    1 :  0.308 0.283 0.409 
521      521    (0)    1 :  0.284 0.402 0.313 
522      522    (0)    1 :  0.421 0.312 0.268 
523      523    (0)    1 :  0.272 0.329 0.399 
524      524    (0)    1 :  0.585 0.187 0.228 
525      525    (0)    1 :  0.276 0.291 0.433 
526      526    (0)    1 :  0.253 0.423 0.324 
527      527    (0)    1 :  0.298 0.394 0.308 
528      528    (0)    1 :  0.223 0.239 0.537 
529      529    (0)    1 :  0.294 0.355 0.351 
530      530    (0)    1 :  0.264 0.283 0.452 
531      531    (0)    1 :  0.413 0.211 0.376 
532      532    (0)    1 :  0.576 0.253 0.170 
533      533    (0)    1 :  0.166 0.624 0.210 
534      534    (0)    1 :  0.288 0.283 0.429 
535      535    (0)    1 :  0.249 0.370 0.381 
536      536    (0)    1 :  0.297 0.403 0.300 
537      537    (0)    1 :  0.227 0.340 0.433 
538      538    (0)    1 :  0.411 0.287 0.303 
539      539    (0)    1 :  0.239 0.424 0.337 
540      540    (0)    1 :  0.347 0.301 0.352 
541      541    (0)    1 :  0.401 0.249 0.351 
542      542    (0)    1 :  0.200 0.245 0.555 
543      543    (0)    1 :  0.197 0.173 0.630 
544      544    (0)    1 :  0.236 0.265 0.500 
545      545    (0)    1 :  0.319 0.353 0.329 
546      546    (0)    1 :  0.228 0.279 0.493 
547      547    (0)    1 :  0.412 0.299 0.289 
548      548    (0)    1 :  0.326 0.364 0.310 
549      549    (0)    1 :  0.356 0.319 0.325 
550      550    (0)    1 :  0.273 0.414 0.313 
551      551    (0)    1 :  0.223 0.280 0.497 
552      552    (0)    1 :  0.265 0.433 0.302 
553      553    (0)    1 :  0.429 0.321 0.249 
554      554    (0)    1 :  0.140 0.266 0.594 
555      555    (0)    1 :  0.423 0.300 0.277 
556      556    (0)    1 :  0.293 0.523 0.184 
557      557    (0)    1 :  0.362 0.331 0.306 
558      558    (0)    1 :  0.375 0.183 0.442 
559      559    (0)    1 :  0.351 0.340 0.309 
560      560    (0)    1 :  0.202 0.250 0.548 
561      561    (0)    1 :  0.457 0.260 0.283 
562      562    (0)    1 :  0.240 0.315 0.445 
563      563    (0)    1 :  0.398 0.255 0.347 
564      564    (0)    1 :  0.318 0.382 0.300 
565      565    (0)    1 :  0.322 0.316 0.362 
566      566    (0)    1 :  0.410 0.318 0.271 
567      567    (0)    1 :  0.385 0.245 0.369 
568      568    (0)    1 :  0.207 0.452 0.341 
569      569    (0)    1 :  0.380 0.397 0.223 
570      570    (0)    1 :  0.300 0.355 0.345 
571      571    (0)    1 :  0.341 0.317 0.342 
572      572    (0)    1 :  0.227 0.543 0.231 
573      573    (0)    1 :  0.375 0.236 0.389 
574      574    (0)    1 :  0.467 0.278 0.255 
575      575    (0)    1 :  0.492 0.195 0.313 
576      576    (0)    1 :  0.335 0.266 0.400 
577      577    (0)    1 :  0.351 0.394 0.255 
578      578    (0)    1 :  0.404 0.240 0.357 
579      579    (0)    1 :  0.369 0.318 0.314 
580      580    (0)    1 :  0.340 0.413 0.246 
581      581    (0)    1 :  0.266 0.270 0.464 
582      582    (0)    1 :  0.393 0.342 0.265 
583      583    (0)    1 :  0.318 0.270 0.412 
584      584    (0)    1 :  0.309 0.289 0.402 
585      585    (0)    1 :  0.396 0.347 0.257 
586      586    (0)    1 :  0.421 0.202 0.377 
587      587    (0)    1 :  0.332 0.458 0.210 
588      588    (4)    1 :  0.472 0.308 0.220 
589      589    (0)    1 :  0.305 0.281 0.414 
590      590    (0)    1 :  0.400 0.332 0.268 
591      591    (0)    1 :  0.306 0.270 0.424 
592      592    (0)    1 :  0.308 0.448 0.244 
593      593    (0)    1 :  0.334 0.238 0.428 
594      594    (0)    1 :  0.231 0.322 0.447 
595      595    (0)    1 :  0.266 0.333 0.401 
596      596    (0)    1 :  0.248 0.446 0.307 
597      597    (0)    1 :  0.273 0.364 0.363 
598      598    (0)    1 :  0.318 0.276 0.406 
599      599    (0)    1 :  0.364 0.182 0.453 
600      600    (0)    1 :  0.313 0.382 0.305 
601      601    (0)    1 :  0.362 0.377 0.261 
602      602    (0)    1 :  0.350 0.401 0.248 
603      603    (0)    1 :  0.297 0.395 0.307 
604      604    (0)    1 :  0.218 0.399 0.383 
605      605    (0)    1 :  0.285 0.540 0.175 
606      606    (0)    1 :  0.299 0.227 0.474 
607      607    (0)    1 :  0.390 0.353 0.257 
608      608    (0)    1 :  0.267 0.424 0.310 
609      609    (4)    1 :  0.338 0.296 0.366 
610      610    (0)    1 :  0.558 0.198 0.244 
611      611    (0)    1 :  0.487 0.233 0.280 
612      612    (0)    1 :  0.401 0.300 0.300 
613      613    (0)    1 :  0.352 0.372 0.275 
614      614    (0)    1 :  0.256 0.331 0.413 
615      615    (0)    1 :  0.292 0.524 0.184 
616      616    (0)    1 :  0.480 0.248 0.272 
617      617    (0)    1 :  0.273 0.389 0.338 
618      618    (0)    1 :  0.537 0.287 0.176 
619      619    (0)    1 :  0.433 0.215 0.351 
620      620    (0)    1 :  0.256 0.236 0.509 
621      621    (0)    1 :  0.254 0.382 0.364 
622      622    (0)    1 :  0.409 0.327 0.264 
623      623    (0)    1 :  0.460 0.290 0.250 
624      624    (0)    1 :  0.448 0.327 0.225 
625      625    (0)    1 :  0.335 0.279 0.386 
626      626    (0)    1 :  0.546 0.254 0.200 
627      627    (0)    1 :  0.200 0.437 0.363 
628      628    (0)    1 :  0.228 0.507 0.265 
629      629    (0)    1 :  0.434 0.297 0.269 
630      630    (0)    1 :  0.274 0.364 0.362 
631      631    (0)    1 :  0.224 0.348 0.428 
632      632    (0)    1 :  0.238 0.237 0.525 
633      633    (0)    1 :  0.353 0.351 0.296 
634      634    (0)    1 :  0.469 0.323 0.208 
635      635    (0)    1 :  0.337 0.437 0.227 
636      636    (0)    1 :  0.348 0.343 0.309 
637      637    (0)    1 :  0.264 0.399 0.337 
638      638    (4)    1 :  0.490 0.314 0.196 
639      639    (0)    1 :  0.278 0.349 0.373 
640      640    (0)    1 :  0.301 0.379 0.320 
641      641    (0)    1 :  0.360 0.305 0.335 
642      642    (0)    1 :  0.447 0.259 0.294 
643      643    (0)    1 :  0.203 0.509 0.288 
644      644    (0)    1 :  0.622 0.229 0.149 
645      645    (0)    1 :  0.232 0.284 0.484 
646      646    (0)    1 :  0.389 0.327 0.284 
647      647    (0)    1 :  0.224 0.451 0.325 
648      648    (0)    1 :  0.289 0.359 0.352 
649      649    (0)    1 :  0.401 0.175 0.424 
650      650    (0)    1 :  0.419 0.231 0.349 
651      651    (4)    1 :  0.210 0.342 0.449 
652      652    (0)    1 :  0.183 0.233 0.583 
653      653    (0)    1 :  0.196 0.252 0.552 
654      654    (0)    1 :  0.328 0.347 0.325 
655      655    (0)    1 :  0.362 0.376 0.262 
656      656    (0)    1 :  0.216 0.632 0.152 
657      657    (0)    1 :  0.309 0.325 0.366 
658      658    (0)    1 :  0.325 0.236 0.439 
659      659    (0)    1 :  0.285 0.326 0.389 
660      660    (0)    1 :  0.226 0.438 0.336 
661      661    (0)    1 :  0.395 0.401 0.204 
662      662    (0)    1 :  0.522 0.266 0.212 
663      663    (0)    1 :  0.301 0.424 0.275 
664      664    (0)    1 :  0.301 0.320 0.378 
665      665    (0)    1 :  0.223 0.352 0.425 
666      666    (0)    1 :  0.224 0.321 0.455 
667      667    (0)    1 :  0.452 0.189 0.359 
668      668    (0)    1 :  0.362 0.347 0.291 
669      669    (0)    1 :  0.315 0.271 0.414 
670      670    (0)    1 :  0.274 0.369 0.357 
671      671    (0)    1 :  0.211 0.598 0.191 
672      672    (0)    1 :  0.199 0.220 0.581 
673      673    (0)    1 :  0.302 0.424 0.274 
674      674    (0)    1 :  0.251 0.465 0.284 
675      675    (0)    1 :  0.173 0.596 0.231 
676      676    (0)    1 :  0.462 0.333 0.204 
677      677    (0)    1 :  0.516 0.208 0.276 
678      678    (0)    1 :  0.344 0.332 0.324 
679      679    (0)    1 :  0.257 0.436 0.306 
680      680    (0)    1 :  0.471 0.250 0.280 
681      681    (0)    1 :  0.217 0.429 0.355 
682      682    (0)    1 :  0.413 0.423 0.165 
683      683    (0)    1 :  0.440 0.302 0.258 
684      684    (0)    1 :  0.172 0.318 0.510 
685      685    (0)    1 :  0.305 0.393 0.303 
686      686    (0)    1 :  0.253 0.355 0.392 
687      687    (0)    1 :  0.221 0.510 0.269 
688      688    (0)    1 :  0.429 0.210 0.360 
689      689    (0)    1 :  0.180 0.675 0.146 
690      690    (0)    1 :  0.290 0.360 0.349 
691      691    (0)    1 :  0.195 0.460 0.345 
692      692    (0)    1 :  0.445 0.249 0.306 
693      693    (0)    1 :  0.457 0.308 0.235 
694      694    (0)    1 :  0.288 0.289 0.423 
695      695    (0)    1 :  0.240 0.568 0.192 
696      696    (0)    1 :  0.379 0.238 0.382 
697      697    (0)    1 :  0.317 0.265 0.417 
698      698    (0)    1 :  0.265 0.470 0.265 
699      699    (0)    1 :  0.202 0.562 0.236 
700      700    (0)    1 :  0.536 0.176 0.288 
701      701    (0)    1 :  0.327 0.348 0.325 
702      702    (0)    1 :  0.313 0.306 0.381 
703      703    (0)    1 :  0.423 0.200 0.378 
704      704    (0)    1 :  0.521 0.270 0.209 
705      705    (0)    1 :  0.292 0.230 0.478 
706      706    (0)    1 :  0.406 0.262 0.332 
707      707    (0)    1 :  0.434 0.268 0.298 
708      708    (0)    1 :  0.316 0.260 0.424 
709      709    (0)    1 :  0.314 0.423 0.263 
710      710    (0)    1 :  0.324 0.292 0.384 
711      711    (0)    1 :  0.293 0.274 0.433 
712      712    (0)    1 :  0.230 0.566 0.205 
713      713    (0)    1 :  0.324 0.339 0.337 
714      714    (0)    1 :  0.417 0.252 0.331 
715      715    (0)    1 :  0.331 0.305 0.364 
716      716    (0)    1 :  0.228 0.531 0.241 
717      717    (0)    1 :  0.239 0.274 0.487 
718      718    (0)    1 :  0.393 0.288 0.319 
719      719    (0)    1 :  0.565 0.260 0.175 
720      720    (0)    1 :  0.268 0.273 0.459 
721      721    (0)    1 :  0.338 0.425 0.237 
722      722    (0)    1 :  0.350 0.198 0.452 
723      723    (0)    1 :  0.426 0.303 0.271 
724      724    (0)    1 :  0.180 0.529 0.291 
725      725    (0)    1 :  0.342 0.423 0.235 
726      726    (0)    1 :  0.336 0.378 0.286 
727      727    (0)    1 :  0.268 0.349 0.383 
728      728    (0)    1 :  0.405 0.221 0.374 
729      729    (0)    1 :  0.329 0.409 0.261 
730      730    (0)    1 :  0.300 0.198 0.502 
731      731    (0)    1 :  0.254 0.318 0.428 
732      732    (0)    1 :  0.323 0.247 0.430 
733      733    (0)    1 :  0.238 0.457 0.305 
734      734    (0)    1 :  0.349 0.330 0.320 
735      735    (0)    1 :  0.420 0.241 0.339 
736      736    (0)    1 :  0.393 0.250 0.356 
737      737    (0)    1 :  0.200 0.590 0.210 
738      738    (0)    1 :  0.349 0.309 0.342 
739      739    (0)    1 :  0.237 0.277 0.486 
740      740    (0)    1 :  0.291 0.283 0.426 
741      741    (0)    1 :  0.281 0.342 0.377 
742      742    (0)    1 :  0.486 0.245 0.269 
743      743    (0)    1 :  0.153 0.640 0.207 
744      744    (0)    1 :  0.216 0.506 0.278 
745      745    (0)    1 :  0.511 0.239 0.250 
746      746    (0)    1 :  0.586 0.217 0.198 
747      747    (0)    1 :  0.282 0.248 0.470 
748      748    (0)    1 :  0.293 0.416 0.291 
749      749    (0)    1 :  0.266 0.419 0.315 
750      750    (0)    1 :  0.364 0.315 0.322 
751      751    (0)    1 :  0.314 0.257 0.429 
752      752    (0)    1 :  0.332 0.442 0.226 
753      753    (0)    1 :  0.246 0.364 0.390 
754      754    (0)    1 :  0.410 0.195 0.394 
755      755    (0)    1 :  0.232 0.413 0.355 
756      756    (0)    1 :  0.496 0.172 0.332 
757      757    (0)    1 :  0.321 0.271 0.408 
758      758    (0)    1 :  0.242 0.206 0.552 
759      759    (0)    1 :  0.402 0.341 0.257 
760      760    (0)    1 :  0.320 0.500 0.181 
761      761    (0)    1 :  0.397 0.279 0.324 
762      762    (0)    1 :  0.168 0.221 0.611 
763      763    (0)    1 :  0.324 0.434 0.243 
764      764    (0)    1 :  0.414 0.279 0.306 
765      765    (0)    1 :  0.544 0.232 0.224 
766      766    (0)    1 :  0.247 0.319 0.434 
767      767    (0)    1 :  0.186 0.306 0.509 
768      768    (0)    1 :  0.276 0.284 0.440 
769      769    (0)    1 :  0.510 0.202 0.288 
770      770    (0)    1 :  0.368 0.446 0.187 
771      771    (0)    1 :  0.344 0.433 0.223 
772      772    (0)    1 :  0.461 0.307 0.232 
773      773    (0)    1 :  0.236 0.216 0.548 
774      774    (0)    1 :  0.283 0.270 0.447 
775      775    (0)    1 :  0.520 0.230 0.251 
776      776    (0)    1 :  0.370 0.351 0.278 
777      777    (0)    1 :  0.302 0.371 0.327 
778      778    (0)    1 :  0.348 0.353 0.299 
779      779    (0)    1 :  0.312 0.379 0.309 
780      780    (0)    1 :  0.320 0.477 0.202 
781      781    (0)    1 :  0.371 0.247 0.382 


Estimated Allele Frequencies in each cluster
First column gives estimated ancestral frequencies


Locus 1 : 
15 alleles
0.0% missing data
  42   (0.164) 0.141 0.187 0.242 
  48   (0.061) 0.014 0.027 0.121 
  44   (0.265) 0.500 0.336 0.280 
  60   (0.039) 0.019 0.039 0.008 
  46   (0.138) 0.244 0.208 0.098 
  50   (0.054) 0.012 0.108 0.019 
  54   (0.039) 0.008 0.019 0.021 
  58   (0.060) 0.030 0.017 0.094 
  52   (0.047) 0.013 0.012 0.087 
  64   (0.024) 0.001 0.023 0.002 
  56   (0.038) 0.010 0.019 0.023 
  66   (0.024) 0.005 0.004 0.003 
  72   (0.016) 0.001 0.001 0.001 
  62   (0.016) 0.001 0.001 0.001 
  36   (0.015) 0.001 0.001 0.001 

Locus 2 : 
20 alleles
0.1% missing data
  34   (0.087) 0.236 0.064 0.061 
  36   (0.114) 0.052 0.167 0.302 
  38   (0.061) 0.013 0.145 0.046 
  40   (0.077) 0.098 0.075 0.057 
  28   (0.085) 0.239 0.096 0.053 
  32   (0.098) 0.184 0.098 0.075 
  44   (0.043) 0.050 0.011 0.045 
  22   (0.034) 0.005 0.027 0.009 
  26   (0.065) 0.025 0.204 0.037 
  46   (0.037) 0.004 0.042 0.017 
  30   (0.051) 0.021 0.014 0.124 
  42   (0.044) 0.025 0.007 0.075 
  52   (0.028) 0.002 0.010 0.020 
  50   (0.034) 0.011 0.011 0.025 
  78   (0.015) 0.001 0.001 0.001 
  54   (0.030) 0.007 0.011 0.010 
  76   (0.020) 0.002 0.003 0.004 
  24   (0.032) 0.010 0.007 0.024 
  48   (0.031) 0.014 0.008 0.014 
  14   (0.016) 0.001 0.001 0.001 

Locus 3 : 
6 alleles
0.1% missing data
  26   (0.235) 0.119 0.378 0.226 
  30   (0.336) 0.510 0.323 0.296 
  28   (0.195) 0.177 0.112 0.283 
  24   (0.049) 0.006 0.079 0.009 
  32   (0.126) 0.181 0.037 0.158 
  34   (0.060) 0.007 0.071 0.028 

Locus 4 : 
5 alleles
0.0% missing data
  24   (0.507) 0.399 0.504 0.723 
  26   (0.360) 0.555 0.454 0.213 
  18   (0.055) 0.009 0.022 0.043 
  28   (0.044) 0.027 0.008 0.016 
  22   (0.034) 0.010 0.011 0.005 

Locus 5 : 
5 alleles
0.0% missing data
  24   (0.741) 0.812 0.898 0.782 
  26   (0.156) 0.166 0.071 0.188 
  28   (0.039) 0.013 0.011 0.015 
  22   (0.034) 0.004 0.018 0.006 
  20   (0.029) 0.004 0.003 0.010 

Locus 6 : 
8 alleles
0.0% missing data
  28   (0.149) 0.097 0.271 0.089 
  32   (0.451) 0.675 0.518 0.511 
  38   (0.140) 0.085 0.088 0.218 
  34   (0.119) 0.083 0.097 0.104 
  18   (0.017) 0.001 0.001 0.001 
  40   (0.045) 0.013 0.014 0.027 
  36   (0.044) 0.039 0.008 0.014 
  30   (0.036) 0.008 0.003 0.036 

Locus 7 : 
8 alleles
0.0% missing data
  34   (0.169) 0.139 0.133 0.196 
  40   (0.257) 0.503 0.292 0.169 
  36   (0.105) 0.056 0.052 0.144 
  38   (0.308) 0.258 0.310 0.457 
  42   (0.058) 0.013 0.149 0.011 
  44   (0.041) 0.007 0.052 0.006 
  32   (0.042) 0.023 0.010 0.016 
  22   (0.019) 0.001 0.002 0.002 

Locus 8 : 
7 alleles
0.0% missing data
  26   (0.134) 0.239 0.082 0.075 
  32   (0.143) 0.189 0.127 0.078 
  28   (0.136) 0.050 0.213 0.097 
  30   (0.503) 0.515 0.566 0.652 
  24   (0.051) 0.007 0.010 0.096 
  18   (0.017) 0.001 0.001 0.001 
  20   (0.017) 0.001 0.001 0.001 

Locus 9 : 
13 alleles
0.1% missing data
  32   (0.260) 0.162 0.630 0.224 
  34   (0.049) 0.019 0.039 0.012 
  44   (0.056) 0.048 0.027 0.015 
  36   (0.112) 0.277 0.068 0.051 
  38   (0.315) 0.423 0.192 0.648 
  40   (0.069) 0.045 0.030 0.036 
  50   (0.017) 0.001 0.001 0.001 
  42   (0.029) 0.020 0.004 0.003 
  30   (0.023) 0.002 0.003 0.005 
  48   (0.018) 0.001 0.001 0.001 
  46   (0.020) 0.001 0.001 0.002 
  20   (0.017) 0.001 0.001 0.001 
  24   (0.017) 0.001 0.001 0.001 

Locus 10 : 
14 alleles
0.0% missing data
  30   (0.032) 0.011 0.006 0.007 
  44   (0.196) 0.137 0.362 0.242 
  28   (0.349) 0.634 0.423 0.488 
  48   (0.062) 0.052 0.026 0.044 
  42   (0.045) 0.009 0.008 0.093 
  46   (0.035) 0.007 0.006 0.021 
  40   (0.094) 0.067 0.116 0.065 
  26   (0.021) 0.001 0.003 0.003 
  56   (0.025) 0.002 0.005 0.005 
  50   (0.047) 0.042 0.014 0.024 
  58   (0.031) 0.014 0.013 0.005 
  52   (0.033) 0.022 0.015 0.003 
  38   (0.015) 0.001 0.001 0.001 
  16   (0.016) 0.001 0.001 0.001 

Locus 11 : 
12 alleles
0.1% missing data
  42   (0.233) 0.189 0.346 0.303 
  34   (0.251) 0.445 0.274 0.265 
  50   (0.065) 0.117 0.034 0.022 
  20   (0.025) 0.003 0.006 0.004 
  48   (0.082) 0.021 0.037 0.230 
  40   (0.064) 0.014 0.149 0.028 
  44   (0.051) 0.046 0.027 0.013 
  38   (0.092) 0.102 0.058 0.069 
  56   (0.033) 0.049 0.004 0.005 
  52   (0.051) 0.011 0.051 0.026 
  60   (0.038) 0.003 0.013 0.034 
  54   (0.016) 0.000 0.001 0.001 

Locus 12 : 
5 alleles
0.0% missing data
  32   (0.791) 0.836 0.822 0.944 
  36   (0.049) 0.108 0.009 0.008 
  30   (0.086) 0.028 0.145 0.027 
  34   (0.054) 0.026 0.021 0.019 
  24   (0.020) 0.001 0.002 0.002 

Locus 13 : 
11 alleles
0.6% missing data
  32   (0.170) 0.065 0.217 0.300 
  36   (0.024) 0.002 0.006 0.002 
  26   (0.180) 0.153 0.155 0.254 
  24   (0.054) 0.024 0.023 0.030 
  28   (0.292) 0.665 0.378 0.211 
  30   (0.143) 0.074 0.165 0.162 
  20   (0.016) 0.001 0.001 0.001 
  34   (0.047) 0.010 0.039 0.022 
  22   (0.027) 0.003 0.008 0.006 
  18   (0.028) 0.002 0.007 0.010 
  12   (0.019) 0.001 0.002 0.002 

Locus 14 : 
6 alleles
0.1% missing data
  30   (0.705) 0.800 0.837 0.828 
  26   (0.042) 0.008 0.030 0.008 
  32   (0.091) 0.147 0.044 0.041 
  28   (0.109) 0.039 0.080 0.114 
  24   (0.028) 0.004 0.005 0.006 
  34   (0.025) 0.003 0.005 0.003 

Locus 15 : 
8 alleles
0.0% missing data
  22   (0.236) 0.296 0.219 0.265 
  24   (0.362) 0.357 0.399 0.531 
  20   (0.086) 0.095 0.059 0.034 
  26   (0.173) 0.204 0.186 0.127 
  28   (0.091) 0.046 0.134 0.038 
  32   (0.019) 0.001 0.002 0.002 
  16   (0.016) 0.001 0.001 0.001 
  30   (0.017) 0.001 0.001 0.001 

Locus 16 : 
10 alleles
0.0% missing data
  26   (0.196) 0.317 0.098 0.333 
  30   (0.188) 0.115 0.292 0.199 
  28   (0.255) 0.381 0.286 0.268 
  32   (0.053) 0.044 0.027 0.015 
  24   (0.046) 0.049 0.015 0.010 
  36   (0.041) 0.020 0.023 0.009 
  22   (0.098) 0.044 0.184 0.055 
  20   (0.089) 0.029 0.071 0.109 
  34   (0.019) 0.001 0.002 0.002 
  38   (0.016) 0.001 0.001 0.001 

Locus 17 : 
7 alleles
0.0% missing data
  24   (0.469) 0.709 0.647 0.273 
  26   (0.222) 0.074 0.147 0.552 
  28   (0.051) 0.010 0.080 0.008 
  22   (0.186) 0.198 0.114 0.158 
  18   (0.022) 0.001 0.003 0.002 
  20   (0.018) 0.001 0.001 0.001 
  30   (0.033) 0.007 0.008 0.005 

Locus 18 : 
7 alleles
0.3% missing data
  26   (0.509) 0.669 0.581 0.554 
  30   (0.125) 0.125 0.075 0.107 
  24   (0.065) 0.011 0.019 0.138 
  28   (0.223) 0.188 0.308 0.178 
  34   (0.033) 0.004 0.012 0.008 
  32   (0.028) 0.001 0.003 0.014 
  20   (0.017) 0.001 0.001 0.001 

Locus 19 : 
4 alleles
0.3% missing data
  24   (0.090) 0.038 0.092 0.043 
  28   (0.179) 0.219 0.099 0.170 
  26   (0.589) 0.575 0.647 0.733 
  30   (0.142) 0.168 0.162 0.054 

Locus 20 : 
8 alleles
0.1% missing data
  22   (0.207) 0.137 0.319 0.186 
  26   (0.393) 0.629 0.329 0.554 
  24   (0.088) 0.039 0.198 0.028 
  30   (0.118) 0.070 0.102 0.105 
  20   (0.061) 0.016 0.019 0.073 
  32   (0.043) 0.042 0.008 0.011 
  28   (0.062) 0.061 0.018 0.036 
  34   (0.030) 0.006 0.006 0.006 

Locus 21 : 
12 alleles
0.6% missing data
  44   (0.086) 0.098 0.064 0.046 
  46   (0.087) 0.051 0.038 0.139 
  20   (0.304) 0.283 0.653 0.286 
  50   (0.042) 0.044 0.017 0.007 
  48   (0.094) 0.033 0.040 0.265 
  16   (0.032) 0.003 0.003 0.046 
  18   (0.136) 0.178 0.112 0.127 
  40   (0.079) 0.246 0.046 0.022 
  22   (0.033) 0.026 0.004 0.008 
  42   (0.050) 0.015 0.016 0.042 
  54   (0.032) 0.018 0.004 0.008 
  38   (0.026) 0.005 0.003 0.004 

Locus 22 : 
3 alleles
0.0% missing data
  10   (0.666) 0.743 0.633 0.775 
  14   (0.228) 0.214 0.311 0.120 
  12   (0.105) 0.044 0.056 0.105 

Values of parameters used in structure:
DATAFILE=/home/martin/bottleneck/structure_analysis/structure_4/data_job_T3_5,	OUTFILE=/home/martin/bottleneck/structure_analysis/structure_4/structure_results/galapagos_sea_lion/results_job_T3_5,	NUMINDS=781,	NUMLOCI=22,	MISSING=-9,	LABEL=1,	POPDATA=1,	POPFLAG=0,	PHENOTYPE=0,	EXTRACOLS=0,	MAXPOPS=3,	BURNIN=10000,	NUMREPS=100000,	USEPOPINFO=0,	INFERALPHA=1,	INFERLAMBDA=0,	POPSPECIFICLAMBDA=0,	POPALPHAS=0,	COMPUTEPROB=1,	NOADMIX=0,	ADMBURNIN=2500,	UPDATEFREQ=1,	PRINTLIKES=0,	INTERMEDSAVE=0,	PRINTKLD=0,	PRINTNET=0,	PRINTLAMBDA=0,	ANCESTDIST=0,	NUMBOXES=1000,	ANCESTPINT=0.90000,	GENSBACK=2,	MIGRPRIOR=0.05000,	PRINTQHAT=1,	PRINTQSUM=0,	ALPHA=1.0000,	FREQSCORR=1,	FPRIORMEAN=0.0100,	FPRIORSD=0.0500,	ONEFST=0,	LAMBDA=1.0000,	UNIFPRIORALPHA=1,	ALPHAMAX=10.0000,	ALPHAPRIORA=1.0000,	ALPHAPRIORB=2.0000,	ALPHAPROPSD=0.0250,	STARTATPOPINFO=0,	RANDOMIZE=1,	LINKAGE=0,	METROFREQ=10,	REPORTHITRATE=0,	MARKOVPHASE=-1,	PHASED=0,	PLOIDY=2,	PHASEINFO=0	LOCPRIOR=0, 	LOCPRIORINIT=1.000000, 	LOCDATA=0, 	LOCISPOP=0, 	LOCPRIORSTEP=0.100000, 	MAXLOCPRIOR=20.000000, 	SEED=1470448123,	
[STRAT parameters]:    NUMSIMSTATS=1000,	PHENOTYPECOL=-9,	POOLFREQ=10,	LOCUSxONLY=0,	EMERROR=0.00100,	MISSINGPHENO=-9,	