

----------------------------------------------------
STRUCTURE by Pritchard, Stephens and Donnelly (2000)
     and Falush, Stephens and Pritchard (2003)
       Code by Pritchard, Falush and Hubisz
             Version 2.3.4 (Jul 2012)
----------------------------------------------------



Command line arguments:   /usr/local/bin/structure -m parameter_job_T3_4 
Input File:    /home/martin/bottleneck/structure_analysis/structure_4/data_job_T3_4

Run parameters:
   781 individuals
   22 loci
   3 populations assumed
   10000 Burn-in period
   100000 Reps


--------------------------------------------
Proportion of membership of each pre-defined
 population in each of the 3 clusters

Given    Inferred Clusters       Number of
 Pop       1      2      3      Individuals

  1:     0.333  0.334  0.333      781
--------------------------------------------

Allele-freq. divergence among pops (Net nucleotide distance),
computed using point estimates of P.

      1       2       3      
 1      -    0.0079  0.0332  
 2   0.0079     -    0.0369  
 3   0.0332  0.0369     -    

Average distances (expected heterozygosity) between individuals in same cluster:
cluster  1  : 0.6198 
cluster  2  : 0.6053 
cluster  3  : 0.6016 

--------------------------------------------
Estimated Ln Prob of Data   = -46501.2
Mean value of ln likelihood = -45146.6
Variance of ln likelihood   = 2709.2
Mean value of alpha         = 2.3892

Mean value of Fst_1         = 0.1028
Mean value of Fst_2         = 0.1167
Mean value of Fst_3         = 0.0890


Inferred ancestry of individuals:
        Label (%Miss) Pop:  Inferred clusters
  1        1    (0)    1 :  0.352 0.299 0.349 
  2        2    (0)    1 :  0.333 0.297 0.370 
  3        3    (0)    1 :  0.351 0.382 0.267 
  4        4    (0)    1 :  0.394 0.350 0.257 
  5        5    (0)    1 :  0.247 0.241 0.512 
  6        6    (0)    1 :  0.328 0.330 0.342 
  7        7    (0)    1 :  0.321 0.333 0.346 
  8        8    (0)    1 :  0.319 0.383 0.299 
  9        9    (0)    1 :  0.443 0.341 0.215 
 10       10    (0)    1 :  0.315 0.481 0.204 
 11       11    (0)    1 :  0.289 0.359 0.352 
 12       12    (0)    1 :  0.321 0.390 0.289 
 13       13    (0)    1 :  0.346 0.397 0.257 
 14       14    (0)    1 :  0.440 0.292 0.268 
 15       15    (0)    1 :  0.221 0.190 0.589 
 16       16    (0)    1 :  0.313 0.379 0.308 
 17       17    (0)    1 :  0.397 0.340 0.263 
 18       18    (0)    1 :  0.372 0.268 0.360 
 19       19    (0)    1 :  0.403 0.296 0.301 
 20       20    (0)    1 :  0.417 0.394 0.189 
 21       21    (0)    1 :  0.286 0.352 0.362 
 22       22    (0)    1 :  0.413 0.319 0.268 
 23       23    (0)    1 :  0.255 0.304 0.441 
 24       24    (0)    1 :  0.345 0.420 0.235 
 25       25    (0)    1 :  0.318 0.290 0.393 
 26       26    (0)    1 :  0.321 0.307 0.372 
 27       27    (0)    1 :  0.361 0.339 0.299 
 28       28    (0)    1 :  0.260 0.329 0.411 
 29       29    (0)    1 :  0.392 0.285 0.323 
 30       30    (0)    1 :  0.391 0.344 0.266 
 31       31    (0)    1 :  0.341 0.404 0.256 
 32       32    (0)    1 :  0.255 0.236 0.509 
 33       33    (0)    1 :  0.315 0.275 0.410 
 34       34    (0)    1 :  0.362 0.298 0.341 
 35       35    (4)    1 :  0.362 0.281 0.357 
 36       36    (0)    1 :  0.310 0.263 0.427 
 37       37    (0)    1 :  0.325 0.308 0.367 
 38       38    (0)    1 :  0.355 0.340 0.306 
 39       39    (0)    1 :  0.311 0.335 0.355 
 40       40    (0)    1 :  0.282 0.277 0.441 
 41       41    (0)    1 :  0.342 0.421 0.237 
 42       42    (0)    1 :  0.253 0.296 0.450 
 43       43    (0)    1 :  0.421 0.331 0.248 
 44       44    (0)    1 :  0.386 0.355 0.259 
 45       45    (0)    1 :  0.244 0.292 0.464 
 46       46    (4)    1 :  0.289 0.298 0.413 
 47       47    (0)    1 :  0.400 0.355 0.245 
 48       48    (0)    1 :  0.215 0.186 0.599 
 49       49    (0)    1 :  0.444 0.400 0.156 
 50       50    (0)    1 :  0.385 0.321 0.294 
 51       51    (0)    1 :  0.384 0.348 0.268 
 52       52    (0)    1 :  0.335 0.453 0.212 
 53       53    (4)    1 :  0.367 0.337 0.295 
 54       54    (0)    1 :  0.366 0.335 0.299 
 55       55    (0)    1 :  0.229 0.224 0.546 
 56       56    (0)    1 :  0.206 0.232 0.562 
 57       57    (0)    1 :  0.361 0.380 0.259 
 58       58    (0)    1 :  0.174 0.157 0.669 
 59       59    (0)    1 :  0.267 0.279 0.455 
 60       60    (0)    1 :  0.381 0.353 0.267 
 61       61    (0)    1 :  0.368 0.375 0.257 
 62       62    (0)    1 :  0.265 0.372 0.363 
 63       63    (0)    1 :  0.329 0.409 0.262 
 64       64    (0)    1 :  0.339 0.382 0.279 
 65       65    (0)    1 :  0.350 0.341 0.309 
 66       66    (0)    1 :  0.359 0.361 0.280 
 67       67    (0)    1 :  0.335 0.453 0.211 
 68       68    (0)    1 :  0.339 0.348 0.313 
 69       69    (0)    1 :  0.313 0.430 0.257 
 70       70    (0)    1 :  0.307 0.302 0.391 
 71       71    (0)    1 :  0.339 0.374 0.287 
 72       72    (0)    1 :  0.332 0.414 0.254 
 73       73    (0)    1 :  0.323 0.275 0.402 
 74       74    (0)    1 :  0.382 0.373 0.245 
 75       75    (0)    1 :  0.361 0.348 0.290 
 76       76    (0)    1 :  0.346 0.365 0.289 
 77       77    (0)    1 :  0.299 0.299 0.402 
 78       78    (0)    1 :  0.363 0.392 0.245 
 79       79    (0)    1 :  0.289 0.338 0.373 
 80       80    (0)    1 :  0.329 0.379 0.291 
 81       81    (0)    1 :  0.333 0.482 0.185 
 82       82    (0)    1 :  0.260 0.315 0.425 
 83       83    (0)    1 :  0.356 0.456 0.188 
 84       84    (0)    1 :  0.339 0.345 0.316 
 85       85    (0)    1 :  0.289 0.322 0.389 
 86       86    (0)    1 :  0.240 0.277 0.483 
 87       87    (0)    1 :  0.345 0.457 0.198 
 88       88    (0)    1 :  0.283 0.265 0.452 
 89       89    (0)    1 :  0.408 0.341 0.252 
 90       90    (0)    1 :  0.305 0.331 0.365 
 91       91    (0)    1 :  0.321 0.344 0.335 
 92       92    (0)    1 :  0.269 0.338 0.393 
 93       93    (0)    1 :  0.352 0.434 0.214 
 94       94    (0)    1 :  0.438 0.352 0.210 
 95       95    (0)    1 :  0.304 0.311 0.384 
 96       96    (0)    1 :  0.369 0.339 0.292 
 97       97    (0)    1 :  0.316 0.433 0.251 
 98       98    (0)    1 :  0.347 0.374 0.278 
 99       99    (0)    1 :  0.341 0.431 0.228 
100      100    (0)    1 :  0.353 0.361 0.285 
101      101    (0)    1 :  0.364 0.383 0.254 
102      102    (0)    1 :  0.254 0.250 0.496 
103      103    (0)    1 :  0.345 0.247 0.408 
104      104    (0)    1 :  0.306 0.369 0.325 
105      105    (0)    1 :  0.383 0.354 0.263 
106      106    (0)    1 :  0.346 0.340 0.315 
107      107    (0)    1 :  0.270 0.340 0.390 
108      108    (0)    1 :  0.272 0.365 0.364 
109      109    (0)    1 :  0.384 0.354 0.262 
110      110    (0)    1 :  0.463 0.318 0.219 
111      111    (0)    1 :  0.323 0.286 0.391 
112      112    (0)    1 :  0.409 0.303 0.288 
113      113    (0)    1 :  0.272 0.295 0.433 
114      114    (0)    1 :  0.402 0.315 0.283 
115      115    (0)    1 :  0.294 0.374 0.332 
116      116    (0)    1 :  0.294 0.318 0.388 
117      117    (0)    1 :  0.213 0.207 0.580 
118      118    (0)    1 :  0.415 0.347 0.238 
119      119    (0)    1 :  0.270 0.230 0.500 
120      120    (0)    1 :  0.258 0.204 0.538 
121      121    (0)    1 :  0.384 0.358 0.259 
122      122    (0)    1 :  0.349 0.467 0.184 
123      123    (0)    1 :  0.250 0.240 0.510 
124      124    (0)    1 :  0.329 0.411 0.260 
125      125    (0)    1 :  0.232 0.267 0.500 
126      126    (0)    1 :  0.344 0.312 0.344 
127      127    (0)    1 :  0.302 0.335 0.363 
128      128    (0)    1 :  0.235 0.290 0.475 
129      129    (0)    1 :  0.301 0.441 0.258 
130      130    (0)    1 :  0.392 0.377 0.230 
131      131    (0)    1 :  0.325 0.391 0.283 
132      132    (0)    1 :  0.205 0.187 0.607 
133      133    (0)    1 :  0.357 0.271 0.371 
134      134    (0)    1 :  0.313 0.309 0.377 
135      135    (0)    1 :  0.480 0.336 0.184 
136      136    (0)    1 :  0.310 0.294 0.396 
137      137    (0)    1 :  0.313 0.344 0.342 
138      138    (0)    1 :  0.293 0.262 0.445 
139      139    (0)    1 :  0.313 0.271 0.416 
140      140    (0)    1 :  0.335 0.430 0.236 
141      141    (0)    1 :  0.363 0.318 0.320 
142      142    (0)    1 :  0.224 0.216 0.559 
143      143    (0)    1 :  0.317 0.402 0.282 
144      144    (0)    1 :  0.343 0.322 0.335 
145      145    (0)    1 :  0.369 0.274 0.357 
146      146    (0)    1 :  0.408 0.357 0.235 
147      147    (0)    1 :  0.361 0.311 0.328 
148      148    (0)    1 :  0.397 0.359 0.244 
149      149    (0)    1 :  0.239 0.272 0.489 
150      150    (0)    1 :  0.451 0.371 0.178 
151      151    (0)    1 :  0.401 0.381 0.217 
152      152    (0)    1 :  0.357 0.348 0.295 
153      153    (0)    1 :  0.347 0.376 0.277 
154      154    (0)    1 :  0.311 0.330 0.359 
155      155    (0)    1 :  0.212 0.228 0.560 
156      156    (0)    1 :  0.363 0.380 0.257 
157      157    (0)    1 :  0.293 0.300 0.408 
158      158    (0)    1 :  0.282 0.344 0.374 
159      159    (0)    1 :  0.265 0.298 0.437 
160      160    (0)    1 :  0.273 0.268 0.459 
161      161    (0)    1 :  0.334 0.245 0.421 
162      162    (0)    1 :  0.379 0.312 0.309 
163      163    (0)    1 :  0.377 0.319 0.304 
164      164    (0)    1 :  0.206 0.259 0.535 
165      165    (0)    1 :  0.338 0.337 0.325 
166      166    (0)    1 :  0.319 0.353 0.329 
167      167    (0)    1 :  0.212 0.190 0.598 
168      168    (0)    1 :  0.341 0.331 0.328 
169      169    (0)    1 :  0.331 0.359 0.310 
170      170    (0)    1 :  0.429 0.391 0.180 
171      171    (0)    1 :  0.297 0.312 0.390 
172      172    (0)    1 :  0.418 0.351 0.231 
173      173    (0)    1 :  0.271 0.254 0.475 
174      174    (0)    1 :  0.330 0.342 0.328 
175      175    (0)    1 :  0.398 0.372 0.230 
176      176    (0)    1 :  0.449 0.350 0.200 
177      177    (0)    1 :  0.328 0.467 0.205 
178      178    (0)    1 :  0.348 0.364 0.288 
179      179    (0)    1 :  0.276 0.293 0.431 
180      180    (0)    1 :  0.386 0.389 0.225 
181      181    (0)    1 :  0.283 0.256 0.461 
182      182    (0)    1 :  0.322 0.461 0.217 
183      183    (0)    1 :  0.434 0.289 0.277 
184      184    (0)    1 :  0.378 0.353 0.270 
185      185    (0)    1 :  0.326 0.291 0.383 
186      186    (0)    1 :  0.366 0.294 0.340 
187      187    (0)    1 :  0.396 0.329 0.275 
188      188    (0)    1 :  0.289 0.250 0.461 
189      189    (0)    1 :  0.393 0.351 0.255 
190      190    (0)    1 :  0.377 0.371 0.252 
191      191    (0)    1 :  0.326 0.289 0.385 
192      192    (0)    1 :  0.290 0.357 0.353 
193      193    (0)    1 :  0.355 0.317 0.328 
194      194    (0)    1 :  0.266 0.250 0.484 
195      195    (0)    1 :  0.325 0.405 0.271 
196      196    (0)    1 :  0.370 0.316 0.314 
197      197    (0)    1 :  0.290 0.255 0.455 
198      198    (0)    1 :  0.358 0.298 0.345 
199      199    (0)    1 :  0.290 0.406 0.304 
200      200    (0)    1 :  0.319 0.274 0.406 
201      201    (0)    1 :  0.340 0.449 0.211 
202      202    (0)    1 :  0.360 0.342 0.298 
203      203    (0)    1 :  0.312 0.372 0.316 
204      204    (0)    1 :  0.384 0.381 0.235 
205      205    (0)    1 :  0.324 0.377 0.300 
206      206    (0)    1 :  0.322 0.410 0.267 
207      207    (0)    1 :  0.267 0.300 0.434 
208      208    (0)    1 :  0.404 0.379 0.217 
209      209    (0)    1 :  0.268 0.333 0.399 
210      210    (0)    1 :  0.374 0.352 0.274 
211      211    (0)    1 :  0.348 0.441 0.211 
212      212    (0)    1 :  0.370 0.271 0.359 
213      213    (0)    1 :  0.289 0.297 0.414 
214      214    (0)    1 :  0.335 0.438 0.226 
215      215    (0)    1 :  0.311 0.284 0.405 
216      216    (0)    1 :  0.305 0.363 0.332 
217      217    (0)    1 :  0.341 0.280 0.379 
218      218    (0)    1 :  0.244 0.245 0.511 
219      219    (0)    1 :  0.414 0.341 0.245 
220      220    (0)    1 :  0.313 0.352 0.335 
221      221    (0)    1 :  0.325 0.427 0.248 
222      222    (0)    1 :  0.309 0.295 0.396 
223      223    (0)    1 :  0.269 0.272 0.459 
224      224    (0)    1 :  0.316 0.383 0.301 
225      225    (0)    1 :  0.322 0.426 0.252 
226      226    (0)    1 :  0.364 0.299 0.337 
227      227    (0)    1 :  0.300 0.384 0.316 
228      228    (0)    1 :  0.333 0.320 0.347 
229      229    (0)    1 :  0.355 0.340 0.305 
230      230    (0)    1 :  0.450 0.297 0.254 
231      231    (0)    1 :  0.348 0.322 0.330 
232      232    (0)    1 :  0.261 0.339 0.400 
233      233    (0)    1 :  0.420 0.317 0.263 
234      234    (0)    1 :  0.336 0.319 0.345 
235      235    (0)    1 :  0.380 0.343 0.277 
236      236    (0)    1 :  0.301 0.276 0.423 
237      237    (0)    1 :  0.298 0.351 0.351 
238      238    (0)    1 :  0.379 0.324 0.297 
239      239    (0)    1 :  0.403 0.369 0.228 
240      240    (0)    1 :  0.356 0.325 0.319 
241      241    (0)    1 :  0.323 0.406 0.271 
242      242    (0)    1 :  0.303 0.378 0.319 
243      243    (0)    1 :  0.283 0.298 0.418 
244      244    (0)    1 :  0.332 0.406 0.262 
245      245    (0)    1 :  0.359 0.321 0.320 
246      246    (0)    1 :  0.297 0.278 0.424 
247      247    (0)    1 :  0.373 0.358 0.270 
248      248    (0)    1 :  0.385 0.321 0.294 
249      249    (0)    1 :  0.374 0.353 0.273 
250      250    (0)    1 :  0.270 0.241 0.489 
251      251    (0)    1 :  0.298 0.274 0.428 
252      252    (0)    1 :  0.326 0.413 0.261 
253      253    (0)    1 :  0.287 0.358 0.355 
254      254    (0)    1 :  0.413 0.299 0.289 
255      255    (0)    1 :  0.358 0.374 0.268 
256      256    (0)    1 :  0.252 0.269 0.480 
257      257    (0)    1 :  0.334 0.386 0.280 
258      258    (0)    1 :  0.364 0.339 0.296 
259      259    (0)    1 :  0.373 0.408 0.219 
260      260    (0)    1 :  0.281 0.365 0.354 
261      261    (0)    1 :  0.383 0.359 0.258 
262      262    (0)    1 :  0.344 0.334 0.322 
263      263    (0)    1 :  0.412 0.366 0.222 
264      264    (0)    1 :  0.297 0.357 0.346 
265      265    (0)    1 :  0.393 0.363 0.244 
266      266    (0)    1 :  0.290 0.296 0.413 
267      267    (0)    1 :  0.362 0.359 0.279 
268      268    (0)    1 :  0.411 0.316 0.273 
269      269    (0)    1 :  0.401 0.416 0.183 
270      270    (0)    1 :  0.405 0.381 0.214 
271      271    (0)    1 :  0.340 0.322 0.338 
272      272    (0)    1 :  0.359 0.397 0.244 
273      273    (0)    1 :  0.315 0.345 0.339 
274      274    (0)    1 :  0.488 0.325 0.187 
275      275    (0)    1 :  0.400 0.385 0.215 
276      276    (0)    1 :  0.227 0.281 0.492 
277      277    (0)    1 :  0.356 0.430 0.214 
278      278    (0)    1 :  0.379 0.465 0.156 
279      279    (0)    1 :  0.286 0.276 0.438 
280      280    (0)    1 :  0.299 0.296 0.404 
281      281    (0)    1 :  0.396 0.394 0.210 
282      282    (0)    1 :  0.382 0.372 0.246 
283      283    (0)    1 :  0.312 0.283 0.405 
284      284    (0)    1 :  0.296 0.372 0.332 
285      285    (0)    1 :  0.307 0.338 0.356 
286      286    (0)    1 :  0.362 0.411 0.227 
287      287    (0)    1 :  0.285 0.240 0.475 
288      288    (0)    1 :  0.338 0.456 0.206 
289      289    (0)    1 :  0.340 0.318 0.342 
290      290    (0)    1 :  0.337 0.313 0.350 
291      291    (0)    1 :  0.313 0.238 0.450 
292      292    (0)    1 :  0.292 0.338 0.370 
293      293    (0)    1 :  0.414 0.301 0.284 
294      294    (0)    1 :  0.345 0.381 0.274 
295      295    (0)    1 :  0.155 0.172 0.673 
296      296    (0)    1 :  0.337 0.353 0.310 
297      297    (0)    1 :  0.395 0.342 0.263 
298      298    (0)    1 :  0.305 0.322 0.373 
299      299    (0)    1 :  0.177 0.199 0.625 
300      300    (0)    1 :  0.379 0.325 0.296 
301      301    (0)    1 :  0.307 0.306 0.387 
302      302    (0)    1 :  0.221 0.180 0.599 
303      303    (0)    1 :  0.385 0.340 0.275 
304      304    (0)    1 :  0.318 0.365 0.316 
305      305    (0)    1 :  0.333 0.278 0.388 
306      306    (0)    1 :  0.264 0.307 0.429 
307      307    (0)    1 :  0.326 0.358 0.315 
308      308    (0)    1 :  0.330 0.351 0.318 
309      309    (0)    1 :  0.362 0.411 0.227 
310      310    (0)    1 :  0.404 0.378 0.218 
311      311    (0)    1 :  0.294 0.371 0.335 
312      312    (0)    1 :  0.421 0.384 0.195 
313      313    (0)    1 :  0.330 0.342 0.328 
314      314    (0)    1 :  0.260 0.332 0.408 
315      315    (4)    1 :  0.272 0.341 0.387 
316      316    (0)    1 :  0.346 0.351 0.303 
317      317    (0)    1 :  0.420 0.381 0.199 
318      318    (0)    1 :  0.463 0.344 0.192 
319      319    (0)    1 :  0.328 0.284 0.389 
320      320    (0)    1 :  0.239 0.285 0.476 
321      321    (0)    1 :  0.394 0.301 0.304 
322      322    (0)    1 :  0.348 0.354 0.299 
323      323    (0)    1 :  0.341 0.335 0.324 
324      324    (0)    1 :  0.358 0.392 0.251 
325      325    (0)    1 :  0.390 0.336 0.274 
326      326    (0)    1 :  0.356 0.428 0.216 
327      327    (0)    1 :  0.349 0.329 0.321 
328      328    (0)    1 :  0.360 0.336 0.304 
329      329    (0)    1 :  0.317 0.394 0.289 
330      330    (0)    1 :  0.302 0.427 0.272 
331      331    (0)    1 :  0.333 0.377 0.289 
332      332    (0)    1 :  0.386 0.384 0.230 
333      333    (0)    1 :  0.347 0.398 0.255 
334      334    (0)    1 :  0.430 0.360 0.210 
335      335    (0)    1 :  0.308 0.342 0.350 
336      336    (0)    1 :  0.324 0.361 0.314 
337      337    (0)    1 :  0.408 0.311 0.281 
338      338    (0)    1 :  0.311 0.440 0.249 
339      339    (0)    1 :  0.261 0.308 0.431 
340      340    (0)    1 :  0.408 0.340 0.252 
341      341    (0)    1 :  0.266 0.249 0.486 
342      342    (0)    1 :  0.326 0.417 0.257 
343      343    (0)    1 :  0.342 0.467 0.191 
344      344    (0)    1 :  0.408 0.369 0.223 
345      345    (0)    1 :  0.337 0.421 0.241 
346      346    (0)    1 :  0.339 0.294 0.367 
347      347    (0)    1 :  0.278 0.342 0.380 
348      348    (0)    1 :  0.322 0.289 0.388 
349      349    (0)    1 :  0.363 0.346 0.291 
350      350    (0)    1 :  0.351 0.308 0.342 
351      351    (0)    1 :  0.340 0.287 0.373 
352      352    (0)    1 :  0.349 0.331 0.320 
353      353    (0)    1 :  0.244 0.272 0.484 
354      354    (0)    1 :  0.317 0.429 0.254 
355      355    (0)    1 :  0.367 0.382 0.251 
356      356    (0)    1 :  0.331 0.337 0.331 
357      357    (0)    1 :  0.316 0.318 0.366 
358      358    (0)    1 :  0.325 0.359 0.316 
359      359    (9)    1 :  0.242 0.238 0.520 
360      360    (0)    1 :  0.343 0.279 0.378 
361      361    (0)    1 :  0.267 0.311 0.422 
362      362    (0)    1 :  0.389 0.332 0.278 
363      363    (4)    1 :  0.437 0.352 0.210 
364      364    (0)    1 :  0.374 0.377 0.249 
365      365    (0)    1 :  0.352 0.306 0.342 
366      366    (0)    1 :  0.271 0.266 0.464 
367      367    (0)    1 :  0.331 0.309 0.359 
368      368    (0)    1 :  0.271 0.301 0.428 
369      369    (0)    1 :  0.242 0.288 0.470 
370      370    (0)    1 :  0.269 0.305 0.426 
371      371    (0)    1 :  0.280 0.336 0.385 
372      372    (0)    1 :  0.272 0.273 0.455 
373      373    (0)    1 :  0.315 0.308 0.378 
374      374    (4)    1 :  0.352 0.329 0.319 
375      375    (0)    1 :  0.348 0.383 0.269 
376      376    (0)    1 :  0.371 0.311 0.318 
377      377    (0)    1 :  0.272 0.238 0.491 
378      378    (0)    1 :  0.344 0.304 0.352 
379      379    (4)    1 :  0.246 0.209 0.545 
380      380    (0)    1 :  0.232 0.231 0.537 
381      381    (0)    1 :  0.339 0.328 0.334 
382      382    (0)    1 :  0.326 0.351 0.323 
383      383    (0)    1 :  0.285 0.366 0.349 
384      384    (0)    1 :  0.354 0.252 0.394 
385      385    (0)    1 :  0.374 0.409 0.217 
386      386    (0)    1 :  0.161 0.165 0.675 
387      387    (0)    1 :  0.320 0.327 0.353 
388      388    (4)    1 :  0.267 0.226 0.507 
389      389    (0)    1 :  0.354 0.355 0.291 
390      390    (0)    1 :  0.294 0.410 0.296 
391      391    (0)    1 :  0.259 0.255 0.485 
392      392    (0)    1 :  0.292 0.394 0.314 
393      393    (0)    1 :  0.317 0.234 0.449 
394      394    (0)    1 :  0.339 0.494 0.167 
395      395    (0)    1 :  0.356 0.358 0.286 
396      396    (0)    1 :  0.407 0.360 0.233 
397      397    (0)    1 :  0.421 0.397 0.182 
398      398    (0)    1 :  0.296 0.324 0.380 
399      399    (0)    1 :  0.310 0.289 0.401 
400      400    (0)    1 :  0.285 0.285 0.430 
401      401    (0)    1 :  0.358 0.295 0.347 
402      402    (0)    1 :  0.365 0.332 0.303 
403      403    (0)    1 :  0.407 0.425 0.168 
404      404    (0)    1 :  0.311 0.405 0.284 
405      405    (0)    1 :  0.374 0.369 0.257 
406      406    (0)    1 :  0.303 0.379 0.319 
407      407    (0)    1 :  0.281 0.214 0.505 
408      408    (0)    1 :  0.363 0.322 0.314 
409      409    (0)    1 :  0.352 0.330 0.319 
410      410    (0)    1 :  0.356 0.352 0.292 
411      411    (0)    1 :  0.423 0.397 0.180 
412      412    (0)    1 :  0.323 0.286 0.390 
413      413    (0)    1 :  0.408 0.424 0.168 
414      414    (0)    1 :  0.315 0.264 0.421 
415      415    (0)    1 :  0.249 0.274 0.477 
416      416    (0)    1 :  0.501 0.315 0.185 
417      417    (0)    1 :  0.297 0.331 0.372 
418      418    (0)    1 :  0.333 0.314 0.353 
419      419    (0)    1 :  0.288 0.371 0.341 
420      420    (0)    1 :  0.454 0.351 0.195 
421      421    (0)    1 :  0.347 0.409 0.243 
422      422    (0)    1 :  0.328 0.377 0.295 
423      423    (0)    1 :  0.387 0.332 0.280 
424      424    (0)    1 :  0.411 0.372 0.217 
425      425    (0)    1 :  0.329 0.301 0.370 
426      426    (0)    1 :  0.240 0.267 0.493 
427      427    (0)    1 :  0.266 0.304 0.430 
428      428    (0)    1 :  0.339 0.332 0.329 
429      429    (0)    1 :  0.266 0.292 0.442 
430      430    (9)    1 :  0.339 0.341 0.320 
431      431    (0)    1 :  0.400 0.374 0.226 
432      432    (0)    1 :  0.315 0.266 0.419 
433      433    (0)    1 :  0.320 0.264 0.416 
434      434    (0)    1 :  0.384 0.345 0.271 
435      435    (0)    1 :  0.374 0.344 0.282 
436      436    (0)    1 :  0.340 0.312 0.348 
437      437    (0)    1 :  0.342 0.285 0.373 
438      438    (0)    1 :  0.238 0.216 0.546 
439      439    (0)    1 :  0.330 0.360 0.311 
440      440    (0)    1 :  0.352 0.410 0.238 
441      441    (0)    1 :  0.300 0.281 0.420 
442      442    (0)    1 :  0.418 0.379 0.204 
443      443    (0)    1 :  0.361 0.333 0.307 
444      444    (0)    1 :  0.276 0.284 0.441 
445      445    (0)    1 :  0.286 0.398 0.315 
446      446    (0)    1 :  0.351 0.392 0.257 
447      447    (0)    1 :  0.407 0.341 0.252 
448      448    (0)    1 :  0.323 0.299 0.377 
449      449    (0)    1 :  0.389 0.310 0.301 
450      450    (0)    1 :  0.377 0.385 0.238 
451      451    (0)    1 :  0.290 0.334 0.376 
452      452    (0)    1 :  0.320 0.441 0.239 
453      453    (0)    1 :  0.379 0.300 0.321 
454      454    (0)    1 :  0.413 0.398 0.189 
455      455    (0)    1 :  0.291 0.356 0.352 
456      456    (0)    1 :  0.281 0.352 0.366 
457      457    (0)    1 :  0.277 0.238 0.485 
458      458    (0)    1 :  0.277 0.377 0.346 
459      459    (0)    1 :  0.256 0.284 0.461 
460      460    (0)    1 :  0.357 0.362 0.281 
461      461    (0)    1 :  0.501 0.328 0.171 
462      462    (0)    1 :  0.359 0.446 0.195 
463      463    (0)    1 :  0.245 0.268 0.487 
464      464    (0)    1 :  0.300 0.329 0.372 
465      465    (0)    1 :  0.314 0.404 0.282 
466      466    (0)    1 :  0.272 0.238 0.490 
467      467    (0)    1 :  0.347 0.372 0.281 
468      468    (0)    1 :  0.306 0.327 0.368 
469      469    (0)    1 :  0.296 0.283 0.420 
470      470    (0)    1 :  0.293 0.266 0.441 
471      471    (0)    1 :  0.340 0.435 0.226 
472      472    (0)    1 :  0.315 0.241 0.444 
473      473    (0)    1 :  0.397 0.294 0.309 
474      474    (0)    1 :  0.389 0.362 0.249 
475      475    (0)    1 :  0.298 0.359 0.343 
476      476    (0)    1 :  0.274 0.373 0.352 
477      477    (0)    1 :  0.331 0.334 0.335 
478      478    (0)    1 :  0.442 0.316 0.243 
479      479    (0)    1 :  0.331 0.417 0.253 
480      480    (0)    1 :  0.403 0.281 0.315 
481      481    (0)    1 :  0.332 0.354 0.314 
482      482    (9)    1 :  0.297 0.244 0.458 
483      483    (9)    1 :  0.293 0.390 0.317 
484      484    (0)    1 :  0.393 0.413 0.194 
485      485    (0)    1 :  0.323 0.439 0.239 
486      486    (0)    1 :  0.363 0.336 0.301 
487      487    (0)    1 :  0.320 0.293 0.386 
488      488    (0)    1 :  0.268 0.321 0.411 
489      489    (0)    1 :  0.366 0.350 0.284 
490      490    (0)    1 :  0.316 0.279 0.405 
491      491    (0)    1 :  0.247 0.211 0.542 
492      492    (0)    1 :  0.292 0.326 0.382 
493      493    (0)    1 :  0.317 0.308 0.374 
494      494    (0)    1 :  0.258 0.303 0.438 
495      495    (0)    1 :  0.365 0.428 0.206 
496      496    (0)    1 :  0.390 0.419 0.191 
497      497    (0)    1 :  0.436 0.324 0.240 
498      498    (0)    1 :  0.430 0.340 0.230 
499      499    (0)    1 :  0.325 0.248 0.426 
500      500    (0)    1 :  0.273 0.292 0.435 
501      501    (0)    1 :  0.379 0.370 0.252 
502      502    (0)    1 :  0.326 0.348 0.326 
503      503    (0)    1 :  0.388 0.314 0.298 
504      504    (0)    1 :  0.376 0.356 0.268 
505      505    (0)    1 :  0.261 0.306 0.432 
506      506    (0)    1 :  0.353 0.368 0.279 
507      507    (0)    1 :  0.334 0.352 0.314 
508      508    (0)    1 :  0.453 0.385 0.161 
509      509    (0)    1 :  0.304 0.385 0.311 
510      510    (0)    1 :  0.424 0.369 0.207 
511      511    (0)    1 :  0.281 0.258 0.461 
512      512    (0)    1 :  0.509 0.318 0.173 
513      513    (0)    1 :  0.416 0.405 0.179 
514      514    (0)    1 :  0.428 0.340 0.232 
515      515    (0)    1 :  0.239 0.184 0.576 
516      516    (0)    1 :  0.297 0.393 0.309 
517      517    (0)    1 :  0.304 0.426 0.271 
518      518    (0)    1 :  0.430 0.360 0.210 
519      519    (0)    1 :  0.358 0.349 0.292 
520      520    (0)    1 :  0.298 0.296 0.406 
521      521    (0)    1 :  0.358 0.332 0.309 
522      522    (0)    1 :  0.346 0.387 0.267 
523      523    (0)    1 :  0.309 0.291 0.400 
524      524    (0)    1 :  0.320 0.452 0.229 
525      525    (0)    1 :  0.282 0.283 0.435 
526      526    (0)    1 :  0.376 0.299 0.326 
527      527    (0)    1 :  0.369 0.323 0.308 
528      528    (0)    1 :  0.230 0.228 0.541 
529      529    (0)    1 :  0.341 0.309 0.349 
530      530    (0)    1 :  0.278 0.268 0.454 
531      531    (0)    1 :  0.268 0.358 0.374 
532      532    (0)    1 :  0.362 0.461 0.177 
533      533    (0)    1 :  0.486 0.303 0.211 
534      534    (0)    1 :  0.282 0.288 0.430 
535      535    (0)    1 :  0.340 0.277 0.383 
536      536    (0)    1 :  0.374 0.326 0.300 
537      537    (0)    1 :  0.307 0.260 0.433 
538      538    (0)    1 :  0.326 0.370 0.305 
539      539    (0)    1 :  0.371 0.287 0.341 
540      540    (0)    1 :  0.314 0.330 0.356 
541      541    (0)    1 :  0.293 0.360 0.347 
542      542    (0)    1 :  0.233 0.217 0.550 
543      543    (0)    1 :  0.179 0.194 0.627 
544      544    (0)    1 :  0.252 0.242 0.506 
545      545    (0)    1 :  0.343 0.325 0.332 
546      546    (0)    1 :  0.259 0.239 0.501 
547      547    (0)    1 :  0.332 0.375 0.293 
548      548    (0)    1 :  0.354 0.340 0.306 
549      549    (0)    1 :  0.327 0.345 0.328 
550      550    (0)    1 :  0.369 0.316 0.315 
551      551    (0)    1 :  0.259 0.241 0.499 
552      552    (0)    1 :  0.383 0.312 0.305 
553      553    (0)    1 :  0.364 0.391 0.245 
554      554    (0)    1 :  0.223 0.175 0.601 
555      555    (0)    1 :  0.332 0.393 0.275 
556      556    (0)    1 :  0.458 0.363 0.180 
557      557    (0)    1 :  0.351 0.343 0.306 
558      558    (0)    1 :  0.245 0.314 0.442 
559      559    (0)    1 :  0.337 0.359 0.303 
560      560    (0)    1 :  0.229 0.221 0.550 
561      561    (0)    1 :  0.324 0.396 0.281 
562      562    (0)    1 :  0.295 0.252 0.452 
563      563    (0)    1 :  0.307 0.354 0.339 
564      564    (0)    1 :  0.360 0.341 0.299 
565      565    (0)    1 :  0.321 0.323 0.356 
566      566    (0)    1 :  0.343 0.389 0.268 
567      567    (0)    1 :  0.293 0.341 0.366 
568      568    (0)    1 :  0.375 0.271 0.353 
569      569    (0)    1 :  0.398 0.377 0.224 
570      570    (0)    1 :  0.339 0.308 0.352 
571      571    (0)    1 :  0.322 0.344 0.334 
572      572    (0)    1 :  0.453 0.319 0.228 
573      573    (0)    1 :  0.279 0.333 0.388 
574      574    (0)    1 :  0.348 0.401 0.252 
575      575    (0)    1 :  0.289 0.393 0.317 
576      576    (0)    1 :  0.287 0.322 0.390 
577      577    (0)    1 :  0.378 0.371 0.251 
578      578    (0)    1 :  0.299 0.337 0.364 
579      579    (0)    1 :  0.334 0.350 0.316 
580      580    (0)    1 :  0.380 0.376 0.244 
581      581    (0)    1 :  0.272 0.255 0.473 
582      582    (0)    1 :  0.363 0.370 0.267 
583      583    (0)    1 :  0.281 0.305 0.415 
584      584    (0)    1 :  0.292 0.308 0.400 
585      585    (0)    1 :  0.363 0.383 0.254 
586      586    (0)    1 :  0.264 0.363 0.373 
587      587    (0)    1 :  0.419 0.369 0.212 
588      588    (4)    1 :  0.354 0.425 0.220 
589      589    (0)    1 :  0.284 0.299 0.417 
590      590    (0)    1 :  0.358 0.375 0.267 
591      591    (0)    1 :  0.285 0.302 0.413 
592      592    (0)    1 :  0.402 0.352 0.245 
593      593    (0)    1 :  0.270 0.297 0.433 
594      594    (0)    1 :  0.295 0.258 0.447 
595      595    (0)    1 :  0.318 0.284 0.397 
596      596    (0)    1 :  0.388 0.303 0.309 
597      597    (0)    1 :  0.333 0.307 0.361 
598      598    (0)    1 :  0.286 0.301 0.413 
599      599    (0)    1 :  0.243 0.303 0.453 
600      600    (0)    1 :  0.365 0.332 0.303 
601      601    (0)    1 :  0.369 0.375 0.256 
602      602    (0)    1 :  0.391 0.359 0.250 
603      603    (0)    1 :  0.356 0.333 0.310 
604      604    (0)    1 :  0.343 0.271 0.385 
605      605    (0)    1 :  0.453 0.370 0.178 
606      606    (0)    1 :  0.247 0.271 0.482 
607      607    (0)    1 :  0.354 0.400 0.246 
608      608    (0)    1 :  0.375 0.309 0.316 
609      609    (4)    1 :  0.304 0.338 0.358 
610      610    (0)    1 :  0.311 0.442 0.247 
611      611    (0)    1 :  0.309 0.410 0.280 
612      612    (0)    1 :  0.334 0.367 0.298 
613      613    (0)    1 :  0.367 0.359 0.274 
614      614    (0)    1 :  0.307 0.282 0.411 
615      615    (0)    1 :  0.453 0.363 0.184 
616      616    (0)    1 :  0.323 0.415 0.262 
617      617    (0)    1 :  0.355 0.299 0.346 
618      618    (0)    1 :  0.364 0.460 0.176 
619      619    (0)    1 :  0.286 0.361 0.352 
620      620    (0)    1 :  0.237 0.255 0.508 
621      621    (0)    1 :  0.340 0.297 0.362 
622      622    (0)    1 :  0.349 0.395 0.256 
623      623    (0)    1 :  0.342 0.411 0.247 
624      624    (0)    1 :  0.367 0.412 0.222 
625      625    (0)    1 :  0.293 0.324 0.382 
626      626    (0)    1 :  0.352 0.452 0.196 
627      627    (0)    1 :  0.359 0.276 0.365 
628      628    (0)    1 :  0.412 0.321 0.267 
629      629    (0)    1 :  0.342 0.394 0.264 
630      630    (0)    1 :  0.334 0.304 0.362 
631      631    (0)    1 :  0.304 0.255 0.441 
632      632    (0)    1 :  0.230 0.237 0.532 
633      633    (0)    1 :  0.340 0.365 0.295 
634      634    (0)    1 :  0.371 0.422 0.207 
635      635    (0)    1 :  0.392 0.383 0.225 
636      636    (0)    1 :  0.342 0.349 0.309 
637      637    (0)    1 :  0.360 0.302 0.338 
638      638    (4)    1 :  0.375 0.425 0.199 
639      639    (0)    1 :  0.323 0.312 0.365 
640      640    (0)    1 :  0.350 0.333 0.317 
641      641    (0)    1 :  0.318 0.359 0.323 
642      642    (0)    1 :  0.328 0.385 0.287 
643      643    (0)    1 :  0.415 0.300 0.286 
644      644    (0)    1 :  0.350 0.501 0.149 
645      645    (0)    1 :  0.268 0.243 0.489 
646      646    (0)    1 :  0.347 0.374 0.279 
647      647    (0)    1 :  0.378 0.295 0.328 
648      648    (0)    1 :  0.323 0.336 0.341 
649      649    (0)    1 :  0.248 0.330 0.423 
650      650    (0)    1 :  0.288 0.360 0.352 
651      651    (4)    1 :  0.289 0.254 0.458 
652      652    (0)    1 :  0.219 0.200 0.581 
653      653    (0)    1 :  0.237 0.203 0.560 
654      654    (0)    1 :  0.346 0.332 0.322 
655      655    (0)    1 :  0.364 0.369 0.267 
656      656    (0)    1 :  0.501 0.345 0.153 
657      657    (0)    1 :  0.318 0.314 0.368 
658      658    (0)    1 :  0.259 0.303 0.438 
659      659    (0)    1 :  0.305 0.304 0.391 
660      660    (0)    1 :  0.386 0.276 0.338 
661      661    (0)    1 :  0.409 0.385 0.206 
662      662    (0)    1 :  0.351 0.437 0.212 
663      663    (0)    1 :  0.375 0.348 0.277 
664      664    (0)    1 :  0.311 0.314 0.375 
665      665    (0)    1 :  0.310 0.262 0.427 
666      666    (0)    1 :  0.285 0.253 0.462 
667      667    (0)    1 :  0.266 0.375 0.359 
668      668    (0)    1 :  0.345 0.366 0.289 
669      669    (0)    1 :  0.282 0.305 0.413 
670      670    (0)    1 :  0.344 0.298 0.358 
671      671    (0)    1 :  0.484 0.325 0.191 
672      672    (0)    1 :  0.212 0.199 0.588 
673      673    (0)    1 :  0.389 0.334 0.277 
674      674    (0)    1 :  0.401 0.314 0.285 
675      675    (0)    1 :  0.466 0.300 0.235 
676      676    (0)    1 :  0.370 0.428 0.202 
677      677    (0)    1 :  0.311 0.416 0.273 
678      678    (0)    1 :  0.335 0.342 0.324 
679      679    (0)    1 :  0.385 0.313 0.302 
680      680    (0)    1 :  0.321 0.396 0.283 
681      681    (0)    1 :  0.366 0.284 0.350 
682      682    (0)    1 :  0.417 0.418 0.165 
683      683    (0)    1 :  0.343 0.406 0.251 
684      684    (0)    1 :  0.269 0.222 0.509 
685      685    (0)    1 :  0.364 0.333 0.303 
686      686    (0)    1 :  0.321 0.282 0.396 
687      687    (0)    1 :  0.412 0.311 0.277 
688      688    (0)    1 :  0.281 0.372 0.346 
689      689    (0)    1 :  0.518 0.334 0.149 
690      690    (0)    1 :  0.338 0.314 0.348 
691      691    (0)    1 :  0.377 0.265 0.358 
692      692    (0)    1 :  0.314 0.368 0.319 
693      693    (0)    1 :  0.345 0.422 0.233 
694      694    (0)    1 :  0.292 0.283 0.425 
695      695    (0)    1 :  0.471 0.338 0.191 
696      696    (0)    1 :  0.287 0.331 0.382 
697      697    (0)    1 :  0.285 0.295 0.420 
698      698    (0)    1 :  0.400 0.337 0.264 
699      699    (0)    1 :  0.449 0.313 0.238 
700      700    (0)    1 :  0.286 0.429 0.285 
701      701    (0)    1 :  0.338 0.337 0.326 
702      702    (0)    1 :  0.312 0.314 0.374 
703      703    (0)    1 :  0.267 0.350 0.383 
704      704    (0)    1 :  0.341 0.454 0.205 
705      705    (0)    1 :  0.249 0.274 0.477 
706      706    (0)    1 :  0.309 0.365 0.327 
707      707    (0)    1 :  0.319 0.393 0.288 
708      708    (0)    1 :  0.275 0.293 0.432 
709      709    (0)    1 :  0.394 0.339 0.266 
710      710    (0)    1 :  0.309 0.303 0.388 
711      711    (0)    1 :  0.282 0.285 0.432 
712      712    (0)    1 :  0.462 0.331 0.207 
713      713    (0)    1 :  0.330 0.335 0.335 
714      714    (0)    1 :  0.303 0.369 0.328 
715      715    (0)    1 :  0.307 0.332 0.361 
716      716    (0)    1 :  0.434 0.318 0.247 
717      717    (0)    1 :  0.255 0.257 0.488 
718      718    (0)    1 :  0.319 0.357 0.324 
719      719    (0)    1 :  0.351 0.474 0.175 
720      720    (0)    1 :  0.267 0.266 0.467 
721      721    (0)    1 :  0.399 0.366 0.234 
722      722    (0)    1 :  0.241 0.302 0.457 
723      723    (0)    1 :  0.339 0.396 0.265 
724      724    (0)    1 :  0.423 0.288 0.289 
725      725    (0)    1 :  0.404 0.360 0.236 
726      726    (0)    1 :  0.368 0.351 0.281 
727      727    (0)    1 :  0.329 0.281 0.391 
728      728    (0)    1 :  0.271 0.362 0.367 
729      729    (0)    1 :  0.376 0.363 0.262 
730      730    (0)    1 :  0.224 0.267 0.509 
731      731    (0)    1 :  0.295 0.277 0.428 
732      732    (0)    1 :  0.270 0.300 0.429 
733      733    (0)    1 :  0.389 0.307 0.304 
734      734    (0)    1 :  0.339 0.339 0.322 
735      735    (0)    1 :  0.296 0.373 0.331 
736      736    (0)    1 :  0.293 0.354 0.352 
737      737    (0)    1 :  0.471 0.316 0.213 
738      738    (0)    1 :  0.318 0.345 0.337 
739      739    (0)    1 :  0.268 0.247 0.486 
740      740    (0)    1 :  0.289 0.293 0.417 
741      741    (0)    1 :  0.314 0.306 0.380 
742      742    (0)    1 :  0.320 0.419 0.261 
743      743    (0)    1 :  0.490 0.297 0.213 
744      744    (0)    1 :  0.413 0.304 0.283 
745      745    (0)    1 :  0.324 0.430 0.247 
746      746    (0)    1 :  0.334 0.474 0.192 
747      747    (0)    1 :  0.256 0.267 0.477 
748      748    (0)    1 :  0.382 0.333 0.285 
749      749    (0)    1 :  0.368 0.312 0.320 
750      750    (0)    1 :  0.332 0.353 0.315 
751      751    (0)    1 :  0.277 0.296 0.427 
752      752    (0)    1 :  0.407 0.372 0.221 
753      753    (0)    1 :  0.329 0.281 0.390 
754      754    (0)    1 :  0.264 0.338 0.398 
755      755    (0)    1 :  0.357 0.285 0.359 
756      756    (0)    1 :  0.267 0.406 0.326 
757      757    (0)    1 :  0.286 0.318 0.397 
758      758    (0)    1 :  0.221 0.231 0.548 
759      759    (0)    1 :  0.364 0.385 0.252 
760      760    (0)    1 :  0.452 0.367 0.180 
761      761    (0)    1 :  0.319 0.352 0.329 
762      762    (0)    1 :  0.209 0.182 0.609 
763      763    (0)    1 :  0.391 0.365 0.244 
764      764    (0)    1 :  0.317 0.378 0.305 
765      765    (0)    1 :  0.329 0.446 0.225 
766      766    (0)    1 :  0.292 0.272 0.436 
767      767    (0)    1 :  0.268 0.211 0.521 
768      768    (0)    1 :  0.280 0.280 0.440 
769      769    (0)    1 :  0.300 0.410 0.290 
770      770    (0)    1 :  0.419 0.399 0.183 
771      771    (0)    1 :  0.400 0.376 0.224 
772      772    (0)    1 :  0.356 0.410 0.234 
773      773    (0)    1 :  0.222 0.221 0.556 
774      774    (0)    1 :  0.277 0.273 0.450 
775      775    (0)    1 :  0.319 0.437 0.244 
776      776    (0)    1 :  0.358 0.364 0.278 
777      777    (0)    1 :  0.351 0.320 0.328 
778      778    (0)    1 :  0.351 0.351 0.297 
779      779    (0)    1 :  0.361 0.336 0.302 
780      780    (0)    1 :  0.441 0.353 0.205 
781      781    (0)    1 :  0.294 0.321 0.385 


Estimated Allele Frequencies in each cluster
First column gives estimated ancestral frequencies


Locus 1 : 
15 alleles
0.0% missing data
  42   (0.163) 0.178 0.149 0.242 
  48   (0.061) 0.024 0.019 0.119 
  44   (0.257) 0.377 0.457 0.281 
  60   (0.039) 0.035 0.023 0.008 
  46   (0.143) 0.216 0.235 0.099 
  50   (0.055) 0.079 0.039 0.021 
  54   (0.037) 0.016 0.011 0.020 
  58   (0.063) 0.022 0.029 0.090 
  52   (0.049) 0.013 0.013 0.086 
  64   (0.024) 0.016 0.007 0.002 
  56   (0.039) 0.017 0.011 0.023 
  66   (0.023) 0.004 0.005 0.003 
  72   (0.016) 0.001 0.001 0.001 
  62   (0.015) 0.001 0.001 0.001 
  36   (0.016) 0.001 0.001 0.001 

Locus 2 : 
20 alleles
0.1% missing data
  34   (0.089) 0.109 0.191 0.061 
  36   (0.113) 0.133 0.087 0.300 
  38   (0.059) 0.107 0.049 0.048 
  40   (0.077) 0.087 0.083 0.061 
  28   (0.091) 0.136 0.197 0.055 
  32   (0.094) 0.119 0.163 0.076 
  44   (0.048) 0.024 0.040 0.043 
  22   (0.032) 0.020 0.011 0.010 
  26   (0.067) 0.156 0.072 0.038 
  46   (0.036) 0.030 0.014 0.018 
  30   (0.050) 0.019 0.022 0.117 
  42   (0.043) 0.012 0.021 0.073 
  52   (0.028) 0.007 0.004 0.021 
  50   (0.034) 0.011 0.013 0.023 
  78   (0.014) 0.001 0.001 0.001 
  54   (0.027) 0.009 0.008 0.011 
  76   (0.019) 0.002 0.002 0.004 
  24   (0.031) 0.008 0.009 0.024 
  48   (0.030) 0.009 0.012 0.014 
  14   (0.015) 0.001 0.001 0.001 

Locus 3 : 
6 alleles
0.1% missing data
  26   (0.235) 0.308 0.188 0.227 
  30   (0.333) 0.371 0.472 0.287 
  28   (0.196) 0.132 0.161 0.278 
  24   (0.048) 0.057 0.027 0.011 
  32   (0.130) 0.082 0.129 0.165 
  34   (0.059) 0.050 0.024 0.031 

Locus 4 : 
5 alleles
0.0% missing data
  24   (0.511) 0.490 0.419 0.717 
  26   (0.359) 0.468 0.535 0.218 
  18   (0.055) 0.018 0.014 0.043 
  28   (0.042) 0.014 0.021 0.016 
  22   (0.033) 0.010 0.011 0.005 

Locus 5 : 
5 alleles
0.0% missing data
  24   (0.744) 0.875 0.832 0.786 
  26   (0.156) 0.098 0.142 0.184 
  28   (0.038) 0.010 0.014 0.014 
  22   (0.034) 0.014 0.008 0.007 
  20   (0.028) 0.003 0.004 0.010 

Locus 6 : 
8 alleles
0.0% missing data
  28   (0.148) 0.225 0.138 0.093 
  32   (0.455) 0.563 0.625 0.516 
  38   (0.141) 0.088 0.094 0.211 
  34   (0.117) 0.087 0.094 0.102 
  18   (0.016) 0.001 0.001 0.001 
  40   (0.044) 0.014 0.012 0.026 
  36   (0.044) 0.017 0.029 0.015 
  30   (0.036) 0.005 0.007 0.035 

Locus 7 : 
8 alleles
0.0% missing data
  34   (0.169) 0.140 0.139 0.189 
  40   (0.261) 0.337 0.452 0.174 
  36   (0.106) 0.053 0.058 0.142 
  38   (0.304) 0.306 0.260 0.459 
  42   (0.059) 0.110 0.051 0.012 
  44   (0.040) 0.039 0.019 0.007 
  32   (0.042) 0.014 0.019 0.016 
  22   (0.018) 0.001 0.001 0.002 

Locus 8 : 
7 alleles
0.0% missing data
  26   (0.131) 0.123 0.199 0.074 
  32   (0.143) 0.144 0.172 0.078 
  28   (0.136) 0.168 0.092 0.100 
  30   (0.506) 0.554 0.528 0.651 
  24   (0.051) 0.010 0.008 0.095 
  18   (0.016) 0.001 0.001 0.001 
  20   (0.016) 0.001 0.001 0.001 

Locus 9 : 
13 alleles
0.1% missing data
  32   (0.270) 0.486 0.302 0.228 
  34   (0.047) 0.032 0.026 0.013 
  44   (0.053) 0.030 0.044 0.015 
  36   (0.107) 0.132 0.209 0.054 
  38   (0.323) 0.266 0.363 0.635 
  40   (0.065) 0.037 0.036 0.038 
  50   (0.016) 0.001 0.001 0.001 
  42   (0.028) 0.009 0.014 0.003 
  30   (0.023) 0.003 0.002 0.005 
  48   (0.016) 0.001 0.001 0.001 
  46   (0.019) 0.001 0.001 0.002 
  20   (0.017) 0.001 0.001 0.001 
  24   (0.016) 0.001 0.001 0.001 

Locus 10 : 
14 alleles
0.0% missing data
  30   (0.030) 0.008 0.010 0.006 
  44   (0.193) 0.304 0.189 0.247 
  28   (0.353) 0.479 0.585 0.481 
  48   (0.061) 0.034 0.044 0.044 
  42   (0.047) 0.009 0.011 0.090 
  46   (0.032) 0.006 0.007 0.021 
  40   (0.098) 0.099 0.083 0.067 
  26   (0.020) 0.002 0.002 0.003 
  56   (0.023) 0.004 0.003 0.005 
  50   (0.049) 0.023 0.033 0.024 
  58   (0.031) 0.013 0.014 0.005 
  52   (0.031) 0.018 0.019 0.003 
  38   (0.016) 0.001 0.001 0.001 
  16   (0.016) 0.001 0.001 0.001 

Locus 11 : 
12 alleles
0.1% missing data
  42   (0.232) 0.301 0.230 0.308 
  34   (0.250) 0.321 0.400 0.263 
  50   (0.063) 0.057 0.094 0.022 
  20   (0.025) 0.005 0.003 0.005 
  48   (0.085) 0.037 0.029 0.222 
  40   (0.065) 0.110 0.050 0.031 
  44   (0.052) 0.033 0.038 0.015 
  38   (0.092) 0.072 0.089 0.069 
  56   (0.034) 0.017 0.035 0.006 
  52   (0.051) 0.037 0.025 0.026 
  60   (0.036) 0.010 0.006 0.033 
  54   (0.015) 0.001 0.001 0.001 

Locus 12 : 
5 alleles
0.0% missing data
  32   (0.793) 0.825 0.836 0.941 
  36   (0.050) 0.040 0.076 0.009 
  30   (0.085) 0.111 0.062 0.028 
  34   (0.053) 0.023 0.025 0.019 
  24   (0.020) 0.001 0.001 0.002 

Locus 13 : 
11 alleles
0.6% missing data
  32   (0.172) 0.175 0.112 0.294 
  36   (0.023) 0.005 0.003 0.003 
  26   (0.181) 0.155 0.153 0.255 
  24   (0.054) 0.023 0.025 0.029 
  28   (0.294) 0.460 0.576 0.219 
  30   (0.142) 0.136 0.103 0.161 
  20   (0.015) 0.001 0.001 0.001 
  34   (0.047) 0.032 0.019 0.020 
  22   (0.027) 0.006 0.005 0.006 
  18   (0.028) 0.005 0.003 0.010 
  12   (0.018) 0.001 0.001 0.002 

Locus 14 : 
6 alleles
0.1% missing data
  30   (0.711) 0.822 0.816 0.827 
  26   (0.040) 0.022 0.015 0.008 
  32   (0.090) 0.079 0.109 0.044 
  28   (0.108) 0.069 0.052 0.111 
  24   (0.027) 0.004 0.004 0.006 
  34   (0.024) 0.004 0.003 0.003 

Locus 15 : 
8 alleles
0.0% missing data
  22   (0.239) 0.247 0.269 0.265 
  24   (0.367) 0.392 0.367 0.528 
  20   (0.083) 0.067 0.085 0.036 
  26   (0.170) 0.182 0.207 0.128 
  28   (0.091) 0.109 0.070 0.040 
  32   (0.019) 0.001 0.001 0.002 
  16   (0.016) 0.001 0.001 0.001 
  30   (0.016) 0.001 0.001 0.001 

Locus 16 : 
10 alleles
0.0% missing data
  26   (0.200) 0.164 0.252 0.331 
  30   (0.186) 0.242 0.165 0.199 
  28   (0.258) 0.312 0.361 0.262 
  32   (0.051) 0.032 0.037 0.017 
  24   (0.045) 0.024 0.040 0.010 
  36   (0.040) 0.023 0.019 0.009 
  22   (0.097) 0.144 0.080 0.059 
  20   (0.088) 0.057 0.044 0.109 
  34   (0.019) 0.002 0.001 0.002 
  38   (0.016) 0.001 0.001 0.001 

Locus 17 : 
7 alleles
0.0% missing data
  24   (0.471) 0.665 0.682 0.283 
  26   (0.224) 0.126 0.103 0.544 
  28   (0.051) 0.059 0.030 0.009 
  22   (0.185) 0.139 0.175 0.156 
  18   (0.022) 0.003 0.002 0.002 
  20   (0.017) 0.001 0.001 0.001 
  30   (0.031) 0.007 0.008 0.006 

Locus 18 : 
7 alleles
0.3% missing data
  26   (0.511) 0.600 0.653 0.551 
  30   (0.125) 0.096 0.100 0.111 
  24   (0.066) 0.018 0.014 0.136 
  28   (0.223) 0.272 0.223 0.178 
  34   (0.032) 0.010 0.007 0.008 
  32   (0.027) 0.003 0.002 0.014 
  20   (0.016) 0.001 0.001 0.001 

Locus 19 : 
4 alleles
0.3% missing data
  24   (0.089) 0.073 0.058 0.043 
  28   (0.177) 0.130 0.191 0.167 
  26   (0.595) 0.633 0.588 0.734 
  30   (0.139) 0.165 0.163 0.056 

Locus 20 : 
8 alleles
0.1% missing data
  22   (0.205) 0.264 0.190 0.188 
  26   (0.401) 0.421 0.544 0.546 
  24   (0.089) 0.152 0.083 0.031 
  30   (0.115) 0.089 0.085 0.105 
  20   (0.059) 0.019 0.016 0.074 
  32   (0.041) 0.017 0.032 0.011 
  28   (0.061) 0.032 0.044 0.038 
  34   (0.029) 0.006 0.006 0.007 

Locus 21 : 
12 alleles
0.6% missing data
  44   (0.086) 0.076 0.085 0.047 
  46   (0.088) 0.043 0.052 0.134 
  20   (0.305) 0.548 0.377 0.296 
  50   (0.043) 0.025 0.036 0.008 
  48   (0.096) 0.039 0.038 0.260 
  16   (0.031) 0.003 0.003 0.046 
  18   (0.137) 0.124 0.170 0.123 
  40   (0.078) 0.102 0.188 0.024 
  22   (0.033) 0.011 0.018 0.009 
  42   (0.050) 0.015 0.016 0.042 
  54   (0.031) 0.009 0.014 0.008 
  38   (0.024) 0.004 0.005 0.004 

Locus 22 : 
3 alleles
0.0% missing data
  10   (0.671) 0.660 0.717 0.773 
  14   (0.225) 0.285 0.235 0.123 
  12   (0.104) 0.054 0.048 0.103 

Values of parameters used in structure:
DATAFILE=/home/martin/bottleneck/structure_analysis/structure_4/data_job_T3_4,	OUTFILE=/home/martin/bottleneck/structure_analysis/structure_4/structure_results/galapagos_sea_lion/results_job_T3_4,	NUMINDS=781,	NUMLOCI=22,	MISSING=-9,	LABEL=1,	POPDATA=1,	POPFLAG=0,	PHENOTYPE=0,	EXTRACOLS=0,	MAXPOPS=3,	BURNIN=10000,	NUMREPS=100000,	USEPOPINFO=0,	INFERALPHA=1,	INFERLAMBDA=0,	POPSPECIFICLAMBDA=0,	POPALPHAS=0,	COMPUTEPROB=1,	NOADMIX=0,	ADMBURNIN=2500,	UPDATEFREQ=1,	PRINTLIKES=0,	INTERMEDSAVE=0,	PRINTKLD=0,	PRINTNET=0,	PRINTLAMBDA=0,	ANCESTDIST=0,	NUMBOXES=1000,	ANCESTPINT=0.90000,	GENSBACK=2,	MIGRPRIOR=0.05000,	PRINTQHAT=1,	PRINTQSUM=0,	ALPHA=1.0000,	FREQSCORR=1,	FPRIORMEAN=0.0100,	FPRIORSD=0.0500,	ONEFST=0,	LAMBDA=1.0000,	UNIFPRIORALPHA=1,	ALPHAMAX=10.0000,	ALPHAPRIORA=1.0000,	ALPHAPRIORB=2.0000,	ALPHAPROPSD=0.0250,	STARTATPOPINFO=0,	RANDOMIZE=1,	LINKAGE=0,	METROFREQ=10,	REPORTHITRATE=0,	MARKOVPHASE=-1,	PHASED=0,	PLOIDY=2,	PHASEINFO=0	LOCPRIOR=0, 	LOCPRIORINIT=1.000000, 	LOCDATA=0, 	LOCISPOP=0, 	LOCPRIORSTEP=0.100000, 	MAXLOCPRIOR=20.000000, 	SEED=1470448113,	
[STRAT parameters]:    NUMSIMSTATS=1000,	PHENOTYPECOL=-9,	POOLFREQ=10,	LOCUSxONLY=0,	EMERROR=0.00100,	MISSINGPHENO=-9,	