Canucks vs Yanks for the Ice Hockey gold - Salt Lake City 2002														
npops = 2														
nloci = 7														
		SSR01		SSR02		SSR03		SSR04		SSR05		SSR06		SSR07	
pop = Canadian_Team					 	 								
Lemieux		239	245	204	222	169	185	180	206	197	211	150	168	171	177
Sakic		241	247	216	238	195	195	174	198	205	205	158	168	160	166
Fleury		?	?	224	224	175	189	160	218	201	207	156	160	158	168
Kariya		229	239	226	240	181	203	182	194	207	215	154	158	168	169
Yzerman		223	239	224	226	191	195	174	180	205	211	158	158	150	160
Lindros		237	245	222	226	179	193	194	222	207	233	152	158	158	158
Nolan		237	243	214	222	189	205	160	190	207	209	150	156	160	168
Iginla		241	241	230	234	183	183	188	192	187	211	152	162	154	160
Peca		237	241	224	228	189	203	160	186	207	207	156	158	158	168
Smyth		237	241	216	226	183	203	192	194	187	207	148	158	154	158
Gagne		241	241	216	226	179	183	192	202	187	207	158	162	154	160
Blake		237	247	216	216	195	203	160	174	203	205	152	158	160	168
Pronger		237	247	216	226	175	189	170	194	203	207	152	156	160	168
MacInnis	227	237	218	226	179	187	174	194	207	211	152	164	156	168
Jovanovski	237	243	212	222	181	211	186	214	195	209	152	162	158	162
Neidermeyer	237	237	224	228	179	191	174	194	207	207	156	158	158	168
Brewer		237	241	212	222	175	189	160	192	195	197	154	156	160	168
Brodeur		237	241	222	224	181	189	158	174	197	207	156	162	168	168
pop = American_Team														
Chelios		235	243	216	226	179	183	172	218	207	217	156	168	158	160
Leetch		235	239	208	216	179	191	198	208	185	191	152	158	160	173
Rafalski	227	239	208	234	191	195	166	208	191	211	152	152	160	160
Suter		237	241	222	224	185	197	166	192	207	217	152	164	162	166
Housley		?	?	212	228	183	191	184	218	211	213	146	168	150	160
Hatcher		237	241	222	222	173	187	160	198	203	211	144	152	160	168
Amonte		235	245	226	230	181	181	178	192	191	203	148	152	173	175
Drury		235	237	216	230	181	181	178	214	187	197	156	164	156	168
Guerin		235	237	208	230	179	181	178	198	197	203	148	156	168	175
Hull		?	?	?	?	?	?	172	208	201	233	158	160	160	175
LeClair		235	237	204	212	185	189	156	160	191	209	154	166	162	168
Modano		235	235	230	236	181	183	178	198	187	233	156	158	160	168
Roenick		235	237	216	222	183	187	160	214	197	203	152	164	156	168
Tkachuk		231	239	212	222	183	191	?	?	213	217	150	170	150	175
Weight		235	237	222	236	183	187	186	188	185	209	144	158	168	173
Young		235	243	208	236	181	183	188	200	197	233	148	158	173	175
Gomez		237	241	222	234	173	181	160	190	203	225	152	160	160	163
Richter		237	243	212	226	181	189	170	186	191	209	146	150	162	173
