

----------------------------------------------------
STRUCTURE by Pritchard, Stephens and Donnelly (2000)
     and Falush, Stephens and Pritchard (2003)
       Code by Pritchard, Falush and Hubisz
             Version 2.3.4 (Jul 2012)
----------------------------------------------------



Command line arguments:   /usr/local/bin/structure -m parameter_job_T9_3 
Input File:    /home/martin/bottleneck/structure_analysis/structure_4/data_job_T9_3

Run parameters:
   172 individuals
   17 loci
   9 populations assumed
   10000 Burn-in period
   100000 Reps


--------------------------------------------
Proportion of membership of each pre-defined
 population in each of the 9 clusters

Given    Inferred Clusters                                                 Number of
 Pop       1      2      3      4      5      6      7      8      9      Individuals

  1:     0.111  0.108  0.105  0.140  0.108  0.102  0.110  0.109  0.107      172
--------------------------------------------

Allele-freq. divergence among pops (Net nucleotide distance),
computed using point estimates of P.

      1       2       3       4       5       6       7       8       9      
 1      -    0.0008  0.0058  0.0999  0.0009  0.0040  0.0075  0.0022  0.0077  
 2   0.0008     -    0.0053  0.0960  0.0009  0.0042  0.0057  0.0012  0.0057  
 3   0.0058  0.0053     -    0.0963  0.0033  0.0014  0.0048  0.0069  0.0046  
 4   0.0999  0.0960  0.0963     -    0.0939  0.0910  0.0967  0.0973  0.0934  
 5   0.0009  0.0009  0.0033  0.0939     -    0.0017  0.0045  0.0029  0.0044  
 6   0.0040  0.0042  0.0014  0.0910  0.0017     -    0.0028  0.0072  0.0028  
 7   0.0075  0.0057  0.0048  0.0967  0.0045  0.0028     -    0.0100  0.0003  
 8   0.0022  0.0012  0.0069  0.0973  0.0029  0.0072  0.0100     -    0.0093  
 9   0.0077  0.0057  0.0046  0.0934  0.0044  0.0028  0.0003  0.0093     -    

Average distances (expected heterozygosity) between individuals in same cluster:
cluster  1  : 0.3414 
cluster  2  : 0.3397 
cluster  3  : 0.3246 
cluster  4  : 0.3416 
cluster  5  : 0.3448 
cluster  6  : 0.3397 
cluster  7  : 0.3283 
cluster  8  : 0.3417 
cluster  9  : 0.3342 

--------------------------------------------
Estimated Ln Prob of Data   = -3763.3
Mean value of ln likelihood = -3157.9
Variance of ln likelihood   = 1210.8
Mean value of alpha         = 0.0440

Mean value of Fst_1         = 0.1586
Mean value of Fst_2         = 0.1521
Mean value of Fst_3         = 0.1671
Mean value of Fst_4         = 0.3343
Mean value of Fst_5         = 0.1542
Mean value of Fst_6         = 0.1087
Mean value of Fst_7         = 0.1525
Mean value of Fst_8         = 0.1689
Mean value of Fst_9         = 0.1354


Inferred ancestry of individuals:
        Label (%Miss) Pop:  Inferred clusters
  1        1    (0)    1 :  0.102 0.064 0.084 0.400 0.073 0.081 0.053 0.086 0.058 
  2        2    (0)    1 :  0.091 0.073 0.099 0.294 0.095 0.124 0.068 0.080 0.077 
  3        3    (0)    1 :  0.117 0.143 0.152 0.006 0.170 0.062 0.026 0.278 0.047 
  4        4    (0)    1 :  0.107 0.150 0.144 0.013 0.169 0.043 0.021 0.303 0.050 
  5        5    (0)    1 :  0.110 0.138 0.137 0.028 0.166 0.060 0.019 0.296 0.046 
  6        6    (0)    1 :  0.106 0.146 0.111 0.034 0.141 0.088 0.044 0.270 0.061 
  7        7    (0)    1 :  0.112 0.142 0.138 0.010 0.171 0.060 0.027 0.291 0.051 
  8        8    (0)    1 :  0.122 0.047 0.215 0.007 0.157 0.192 0.112 0.037 0.110 
  9        9    (0)    1 :  0.129 0.108 0.134 0.082 0.154 0.093 0.031 0.218 0.052 
 10       10    (0)    1 :  0.107 0.120 0.149 0.018 0.134 0.129 0.073 0.180 0.090 
 11       11    (0)    1 :  0.145 0.041 0.202 0.034 0.125 0.214 0.094 0.035 0.110 
 12       12    (0)    1 :  0.169 0.045 0.201 0.024 0.118 0.205 0.086 0.056 0.095 
 13       13    (0)    1 :  0.127 0.063 0.152 0.174 0.089 0.159 0.061 0.100 0.075 
 14       14    (0)    1 :  0.086 0.144 0.206 0.010 0.096 0.113 0.104 0.152 0.090 
 15       15    (5)    1 :  0.152 0.138 0.138 0.022 0.107 0.104 0.063 0.205 0.071 
 16       16    (0)    1 :  0.007 0.008 0.008 0.942 0.008 0.007 0.006 0.008 0.007 
 17       17    (0)    1 :  0.286 0.198 0.016 0.008 0.133 0.021 0.035 0.289 0.013 
 18       18    (0)    1 :  0.005 0.005 0.005 0.961 0.005 0.005 0.005 0.005 0.005 
 19       19    (0)    1 :  0.284 0.159 0.041 0.009 0.142 0.050 0.048 0.236 0.030 
 20       20    (0)    1 :  0.006 0.007 0.007 0.945 0.007 0.007 0.008 0.006 0.007 
 21       21    (0)    1 :  0.014 0.015 0.011 0.889 0.014 0.014 0.015 0.012 0.016 
 22       22    (0)    1 :  0.129 0.094 0.167 0.015 0.118 0.170 0.120 0.061 0.125 
 23       23    (0)    1 :  0.198 0.211 0.044 0.011 0.228 0.072 0.064 0.120 0.052 
 24       24    (0)    1 :  0.167 0.192 0.070 0.031 0.146 0.094 0.083 0.146 0.071 
 25       25    (0)    1 :  0.128 0.093 0.101 0.122 0.114 0.197 0.083 0.070 0.091 
 26       26    (0)    1 :  0.183 0.174 0.093 0.021 0.123 0.089 0.072 0.176 0.069 
 27       27    (0)    1 :  0.168 0.137 0.101 0.008 0.120 0.130 0.123 0.113 0.101 
 28       28    (0)    1 :  0.009 0.010 0.011 0.921 0.010 0.010 0.009 0.009 0.010 
 29       29    (0)    1 :  0.211 0.167 0.047 0.008 0.211 0.077 0.084 0.117 0.078 
 30       30    (0)    1 :  0.010 0.012 0.011 0.917 0.011 0.010 0.008 0.014 0.009 
 31       31    (0)    1 :  0.120 0.126 0.102 0.024 0.133 0.157 0.095 0.117 0.126 
 32       32    (0)    1 :  0.015 0.014 0.018 0.867 0.018 0.018 0.017 0.016 0.018 
 33       33    (0)    1 :  0.141 0.102 0.164 0.008 0.145 0.155 0.098 0.083 0.103 
 34       34    (0)    1 :  0.220 0.222 0.032 0.005 0.208 0.048 0.066 0.156 0.043 
 35       35    (0)    1 :  0.086 0.166 0.151 0.016 0.143 0.035 0.026 0.306 0.070 
 36       36    (0)    1 :  0.146 0.165 0.056 0.007 0.169 0.108 0.111 0.105 0.133 
 37       37    (0)    1 :  0.011 0.011 0.013 0.909 0.011 0.013 0.010 0.012 0.011 
 38       38    (0)    1 :  0.059 0.104 0.297 0.007 0.062 0.097 0.137 0.124 0.114 
 39       39    (0)    1 :  0.296 0.207 0.012 0.003 0.120 0.012 0.035 0.305 0.010 
 40       40    (0)    1 :  0.175 0.158 0.086 0.009 0.169 0.161 0.077 0.078 0.086 
 41       41    (5)    1 :  0.096 0.123 0.188 0.010 0.106 0.132 0.132 0.102 0.110 
 42       42    (0)    1 :  0.005 0.005 0.005 0.957 0.005 0.005 0.006 0.006 0.005 
 43       43    (0)    1 :  0.133 0.153 0.081 0.061 0.163 0.115 0.112 0.074 0.110 
 44       44    (0)    1 :  0.233 0.184 0.060 0.007 0.119 0.055 0.048 0.252 0.042 
 45       45    (0)    1 :  0.118 0.114 0.170 0.005 0.134 0.122 0.121 0.113 0.104 
 46       46    (0)    1 :  0.274 0.205 0.020 0.006 0.127 0.035 0.040 0.275 0.019 
 47       47    (0)    1 :  0.115 0.112 0.135 0.009 0.120 0.213 0.104 0.074 0.118 
 48       48    (0)    1 :  0.012 0.011 0.014 0.897 0.013 0.014 0.013 0.011 0.014 
 49       49    (0)    1 :  0.245 0.245 0.014 0.004 0.226 0.027 0.044 0.180 0.015 
 50       50    (0)    1 :  0.219 0.205 0.041 0.006 0.157 0.037 0.044 0.264 0.027 
 51       51    (0)    1 :  0.272 0.192 0.026 0.005 0.133 0.030 0.038 0.284 0.019 
 52       52    (0)    1 :  0.223 0.239 0.019 0.010 0.234 0.041 0.050 0.157 0.026 
 53       53    (0)    1 :  0.058 0.051 0.059 0.489 0.062 0.100 0.068 0.042 0.071 
 54       54    (0)    1 :  0.220 0.199 0.035 0.012 0.165 0.035 0.041 0.271 0.021 
 55       55    (0)    1 :  0.076 0.100 0.196 0.009 0.102 0.183 0.099 0.129 0.106 
 56       56    (0)    1 :  0.066 0.106 0.276 0.005 0.098 0.113 0.099 0.137 0.100 
 57       57    (0)    1 :  0.087 0.140 0.239 0.008 0.073 0.109 0.123 0.103 0.117 
 58       58    (0)    1 :  0.006 0.006 0.006 0.954 0.006 0.006 0.006 0.006 0.006 
 59       59    (0)    1 :  0.012 0.014 0.013 0.834 0.015 0.018 0.037 0.019 0.039 
 60       60    (0)    1 :  0.279 0.160 0.050 0.009 0.133 0.054 0.044 0.242 0.031 
 61       61    (0)    1 :  0.287 0.204 0.014 0.004 0.128 0.012 0.031 0.309 0.011 
 62       62    (0)    1 :  0.116 0.148 0.143 0.007 0.135 0.114 0.071 0.174 0.091 
 63       63    (0)    1 :  0.096 0.136 0.142 0.004 0.088 0.131 0.175 0.078 0.151 
 64       64    (0)    1 :  0.168 0.069 0.179 0.018 0.131 0.189 0.101 0.062 0.082 
 65       65    (0)    1 :  0.009 0.009 0.011 0.916 0.010 0.013 0.011 0.008 0.013 
 66       66    (0)    1 :  0.013 0.014 0.016 0.882 0.014 0.017 0.015 0.013 0.016 
 67       67    (0)    1 :  0.031 0.032 0.019 0.803 0.023 0.027 0.014 0.034 0.018 
 68       68    (0)    1 :  0.164 0.140 0.127 0.017 0.125 0.116 0.062 0.190 0.059 
 69       69    (0)    1 :  0.071 0.111 0.300 0.005 0.074 0.091 0.106 0.149 0.091 
 70       70    (0)    1 :  0.126 0.131 0.134 0.005 0.141 0.139 0.126 0.087 0.111 
 71       71    (0)    1 :  0.089 0.158 0.134 0.007 0.151 0.053 0.034 0.298 0.076 
 72       72    (0)    1 :  0.084 0.102 0.231 0.019 0.100 0.125 0.102 0.133 0.104 
 73       73    (0)    1 :  0.009 0.010 0.010 0.925 0.009 0.008 0.008 0.012 0.008 
 74       74    (0)    1 :  0.119 0.068 0.164 0.029 0.132 0.188 0.121 0.047 0.132 
 75       75    (0)    1 :  0.247 0.173 0.031 0.004 0.163 0.069 0.068 0.192 0.053 
 76       76    (0)    1 :  0.007 0.006 0.006 0.951 0.006 0.006 0.006 0.006 0.006 
 77       77    (0)    1 :  0.007 0.008 0.008 0.936 0.008 0.009 0.008 0.008 0.008 
 78       78    (0)    1 :  0.244 0.218 0.020 0.015 0.155 0.030 0.041 0.259 0.016 
 79       79    (0)    1 :  0.013 0.013 0.010 0.909 0.011 0.010 0.011 0.013 0.011 
 80       80    (0)    1 :  0.198 0.144 0.090 0.032 0.179 0.131 0.071 0.096 0.059 
 81       81    (0)    1 :  0.069 0.105 0.301 0.004 0.068 0.098 0.124 0.130 0.100 
 82       82    (0)    1 :  0.250 0.181 0.035 0.004 0.164 0.046 0.063 0.220 0.037 
 83       83    (0)    1 :  0.209 0.186 0.046 0.012 0.172 0.061 0.045 0.242 0.028 
 84       84    (0)    1 :  0.007 0.007 0.007 0.942 0.007 0.007 0.008 0.007 0.008 
 85       85    (0)    1 :  0.084 0.095 0.081 0.185 0.077 0.149 0.119 0.074 0.136 
 86       86    (0)    1 :  0.111 0.137 0.111 0.011 0.122 0.167 0.107 0.086 0.149 
 87       87    (0)    1 :  0.083 0.093 0.142 0.006 0.083 0.112 0.163 0.116 0.202 
 88       88    (0)    1 :  0.116 0.151 0.065 0.014 0.175 0.116 0.138 0.089 0.135 
 89       89    (0)    1 :  0.088 0.143 0.147 0.013 0.120 0.098 0.110 0.148 0.134 
 90       90    (0)    1 :  0.118 0.100 0.178 0.009 0.128 0.167 0.114 0.078 0.109 
 91       91    (0)    1 :  0.081 0.117 0.182 0.014 0.074 0.137 0.155 0.085 0.155 
 92       92    (0)    1 :  0.112 0.156 0.137 0.007 0.123 0.080 0.120 0.132 0.134 
 93       93    (0)    1 :  0.057 0.120 0.320 0.005 0.072 0.080 0.105 0.159 0.082 
 94       94    (0)    1 :  0.132 0.036 0.203 0.006 0.155 0.212 0.109 0.025 0.121 
 95       95    (0)    1 :  0.091 0.097 0.074 0.013 0.094 0.200 0.177 0.062 0.193 
 96       96    (0)    1 :  0.215 0.235 0.025 0.047 0.172 0.037 0.046 0.196 0.027 
 97       97    (0)    1 :  0.191 0.184 0.064 0.011 0.200 0.087 0.065 0.142 0.056 
 98       98    (0)    1 :  0.016 0.020 0.016 0.853 0.022 0.019 0.020 0.015 0.021 
 99       99    (0)    1 :  0.139 0.047 0.201 0.022 0.131 0.213 0.107 0.021 0.119 
100      100    (0)    1 :  0.100 0.126 0.122 0.036 0.137 0.110 0.071 0.204 0.093 
101      101    (0)    1 :  0.060 0.122 0.282 0.010 0.088 0.093 0.103 0.150 0.093 
102      102    (0)    1 :  0.246 0.196 0.042 0.005 0.131 0.043 0.054 0.250 0.032 
103      103    (0)    1 :  0.122 0.126 0.120 0.029 0.143 0.144 0.070 0.155 0.092 
104      104    (0)    1 :  0.087 0.165 0.141 0.023 0.146 0.031 0.018 0.323 0.068 
105      105    (0)    1 :  0.102 0.145 0.164 0.011 0.112 0.120 0.112 0.129 0.105 
106      106    (0)    1 :  0.017 0.016 0.019 0.869 0.020 0.018 0.012 0.016 0.015 
107      107    (0)    1 :  0.159 0.157 0.084 0.054 0.177 0.138 0.077 0.087 0.068 
108      108    (0)    1 :  0.126 0.061 0.190 0.006 0.148 0.214 0.103 0.029 0.122 
109      109    (0)    1 :  0.173 0.202 0.046 0.014 0.213 0.088 0.075 0.135 0.054 
110      110    (0)    1 :  0.058 0.100 0.203 0.006 0.068 0.083 0.156 0.144 0.182 
111      111    (0)    1 :  0.053 0.059 0.067 0.425 0.051 0.095 0.079 0.063 0.108 
112      112    (0)    1 :  0.109 0.120 0.225 0.005 0.118 0.117 0.103 0.116 0.087 
113      113    (0)    1 :  0.089 0.095 0.102 0.015 0.095 0.138 0.190 0.077 0.198 
114      114    (0)    1 :  0.178 0.161 0.077 0.063 0.108 0.091 0.080 0.160 0.083 
115      115    (0)    1 :  0.113 0.121 0.146 0.007 0.133 0.116 0.136 0.095 0.133 
116      116    (0)    1 :  0.064 0.096 0.092 0.005 0.067 0.121 0.309 0.038 0.207 
117      117    (0)    1 :  0.144 0.077 0.157 0.004 0.152 0.156 0.146 0.029 0.134 
118      118    (0)    1 :  0.113 0.092 0.121 0.012 0.114 0.214 0.103 0.120 0.112 
119      119    (0)    1 :  0.071 0.095 0.148 0.006 0.085 0.116 0.225 0.072 0.183 
120      120    (0)    1 :  0.073 0.100 0.114 0.018 0.068 0.129 0.286 0.031 0.182 
121      121    (0)    1 :  0.104 0.105 0.172 0.009 0.120 0.146 0.133 0.088 0.121 
122      122    (0)    1 :  0.107 0.116 0.092 0.008 0.118 0.115 0.168 0.096 0.181 
123      123    (0)    1 :  0.100 0.125 0.093 0.008 0.101 0.111 0.181 0.094 0.186 
124      124    (0)    1 :  0.066 0.066 0.093 0.021 0.071 0.120 0.250 0.081 0.232 
125      125    (0)    1 :  0.120 0.079 0.159 0.006 0.145 0.186 0.129 0.044 0.132 
126      126    (0)    1 :  0.092 0.092 0.216 0.006 0.142 0.121 0.131 0.079 0.121 
127      127    (0)    1 :  0.137 0.045 0.182 0.004 0.157 0.193 0.142 0.012 0.129 
128      128    (0)    1 :  0.123 0.149 0.092 0.010 0.134 0.221 0.094 0.038 0.138 
129      129    (0)    1 :  0.095 0.116 0.131 0.008 0.109 0.099 0.138 0.135 0.169 
130      130    (0)    1 :  0.125 0.107 0.151 0.010 0.119 0.170 0.136 0.064 0.118 
131      131    (0)    1 :  0.150 0.126 0.089 0.006 0.115 0.133 0.158 0.093 0.131 
132      132    (0)    1 :  0.147 0.042 0.200 0.012 0.132 0.217 0.103 0.029 0.116 
133      133    (0)    1 :  0.078 0.085 0.095 0.008 0.080 0.173 0.253 0.049 0.180 
134      134    (0)    1 :  0.077 0.118 0.120 0.012 0.073 0.139 0.263 0.036 0.163 
135      135    (0)    1 :  0.103 0.116 0.091 0.005 0.113 0.106 0.179 0.100 0.186 
136      136    (0)    1 :  0.086 0.110 0.135 0.006 0.082 0.133 0.248 0.040 0.160 
137      137    (0)    1 :  0.020 0.029 0.052 0.009 0.058 0.059 0.304 0.116 0.351 
138      138    (0)    1 :  0.139 0.143 0.088 0.008 0.144 0.153 0.108 0.098 0.120 
139      139    (0)    1 :  0.126 0.060 0.166 0.006 0.146 0.189 0.149 0.019 0.141 
140      140    (0)    1 :  0.083 0.100 0.079 0.005 0.101 0.123 0.230 0.059 0.221 
141      141    (0)    1 :  0.104 0.121 0.106 0.008 0.118 0.157 0.183 0.048 0.155 
142      142    (0)    1 :  0.103 0.129 0.188 0.007 0.108 0.110 0.132 0.090 0.132 
143      143    (0)    1 :  0.100 0.100 0.180 0.022 0.118 0.134 0.104 0.136 0.105 
144      144    (0)    1 :  0.109 0.095 0.126 0.004 0.132 0.164 0.189 0.036 0.146 
145      145    (0)    1 :  0.094 0.103 0.142 0.005 0.098 0.147 0.226 0.048 0.138 
146      146    (0)    1 :  0.144 0.157 0.093 0.006 0.145 0.116 0.107 0.117 0.116 
147      147    (0)    1 :  0.091 0.147 0.123 0.006 0.083 0.118 0.193 0.067 0.173 
148      148    (0)    1 :  0.112 0.126 0.094 0.009 0.113 0.113 0.198 0.060 0.176 
149      149    (0)    1 :  0.143 0.057 0.157 0.003 0.152 0.168 0.164 0.014 0.142 
150      150    (5)    1 :  0.120 0.117 0.112 0.012 0.090 0.148 0.169 0.096 0.135 
151      151    (0)    1 :  0.093 0.114 0.094 0.011 0.084 0.131 0.232 0.068 0.173 
152      152    (0)    1 :  0.090 0.098 0.188 0.004 0.093 0.119 0.134 0.113 0.161 
153      153    (0)    1 :  0.079 0.089 0.091 0.012 0.103 0.108 0.173 0.114 0.232 
154      154    (0)    1 :  0.054 0.057 0.106 0.011 0.077 0.097 0.239 0.094 0.264 
155      155    (0)    1 :  0.072 0.086 0.109 0.058 0.068 0.176 0.241 0.032 0.159 
156      156    (5)    1 :  0.075 0.098 0.095 0.007 0.076 0.113 0.301 0.036 0.198 
157      157    (0)    1 :  0.078 0.099 0.147 0.010 0.101 0.139 0.233 0.035 0.158 
158      158    (0)    1 :  0.104 0.101 0.098 0.076 0.096 0.197 0.101 0.102 0.124 
159      159    (0)    1 :  0.108 0.134 0.065 0.060 0.171 0.121 0.126 0.069 0.147 
160      160    (0)    1 :  0.121 0.139 0.073 0.025 0.166 0.136 0.123 0.074 0.142 
161      161    (0)    1 :  0.016 0.029 0.047 0.007 0.058 0.048 0.293 0.127 0.375 
162      162    (0)    1 :  0.032 0.044 0.058 0.006 0.059 0.052 0.266 0.134 0.349 
163      163    (0)    1 :  0.015 0.026 0.045 0.007 0.056 0.041 0.297 0.130 0.384 
164      164    (0)    1 :  0.137 0.151 0.089 0.020 0.116 0.109 0.140 0.111 0.127 
165      165    (0)    1 :  0.112 0.139 0.072 0.022 0.126 0.103 0.176 0.077 0.173 
166      166    (0)    1 :  0.114 0.124 0.107 0.004 0.115 0.154 0.109 0.144 0.129 
167      167    (0)    1 :  0.097 0.127 0.110 0.010 0.085 0.107 0.194 0.087 0.182 
168      168    (0)    1 :  0.031 0.046 0.065 0.005 0.063 0.071 0.278 0.115 0.325 
169      169    (0)    1 :  0.084 0.104 0.045 0.032 0.122 0.064 0.201 0.119 0.229 
170      170    (0)    1 :  0.123 0.144 0.091 0.005 0.134 0.114 0.154 0.084 0.150 
171      171    (0)    1 :  0.018 0.030 0.049 0.005 0.054 0.048 0.296 0.132 0.369 
172      172    (0)    1 :  0.102 0.150 0.115 0.008 0.075 0.115 0.217 0.054 0.165 


Estimated Allele Frequencies in each cluster
First column gives estimated ancestral frequencies


Locus 1 : 
2 alleles
0.0% missing data
 191   (0.976) 0.982 0.989 0.983 0.999 0.982 0.976 0.981 0.995 0.982 
 185   (0.024) 0.018 0.011 0.017 0.001 0.018 0.024 0.019 0.005 0.018 

Locus 2 : 
2 alleles
0.0% missing data
 124   (0.830) 0.862 0.876 0.795 0.756 0.840 0.783 0.804 0.898 0.829 
 114   (0.170) 0.138 0.124 0.205 0.244 0.160 0.217 0.196 0.102 0.171 

Locus 3 : 
3 alleles
0.0% missing data
 100   (0.354) 0.534 0.444 0.345 0.018 0.457 0.410 0.346 0.437 0.322 
 104   (0.566) 0.411 0.489 0.536 0.979 0.484 0.511 0.576 0.502 0.598 
  98   (0.080) 0.055 0.068 0.119 0.003 0.058 0.079 0.078 0.061 0.080 

Locus 4 : 
3 alleles
0.0% missing data
 163   (0.020) 0.005 0.005 0.004 0.461 0.004 0.009 0.004 0.004 0.005 
 134   (0.419) 0.379 0.398 0.357 0.284 0.381 0.389 0.460 0.380 0.462 
 161   (0.561) 0.617 0.597 0.639 0.255 0.615 0.602 0.536 0.616 0.533 

Locus 5 : 
2 alleles
0.0% missing data
 152   (0.976) 0.994 0.992 0.989 0.999 0.986 0.985 0.938 0.973 0.922 
 148   (0.024) 0.006 0.008 0.011 0.001 0.014 0.015 0.062 0.027 0.078 

Locus 6 : 
3 alleles
0.0% missing data
 202   (0.525) 0.589 0.617 0.394 0.655 0.537 0.452 0.531 0.605 0.507 
 200   (0.385) 0.361 0.322 0.505 0.339 0.406 0.468 0.340 0.320 0.355 
 194   (0.090) 0.050 0.062 0.102 0.005 0.057 0.080 0.129 0.074 0.138 

Locus 7 : 
2 alleles
0.0% missing data
 186   (0.791) 0.839 0.804 0.815 0.991 0.811 0.826 0.757 0.787 0.756 
 188   (0.209) 0.161 0.196 0.185 0.009 0.189 0.174 0.243 0.213 0.244 

Locus 8 : 
3 alleles
0.0% missing data
 200   (0.957) 0.985 0.979 0.981 0.546 0.980 0.980 0.991 0.968 0.985 
 228   (0.023) 0.006 0.005 0.005 0.454 0.005 0.011 0.004 0.005 0.006 
 220   (0.020) 0.010 0.016 0.014 0.001 0.015 0.009 0.004 0.028 0.009 

Locus 9 : 
16 alleles
0.6% missing data
 137   (0.371) 0.509 0.505 0.592 0.019 0.492 0.532 0.602 0.482 0.562 
 167   (0.084) 0.063 0.050 0.074 0.204 0.061 0.079 0.055 0.065 0.062 
 155   (0.073) 0.098 0.077 0.059 0.004 0.086 0.073 0.049 0.062 0.047 
 169   (0.023) 0.020 0.026 0.023 0.001 0.030 0.013 0.005 0.051 0.010 
 165   (0.039) 0.016 0.018 0.017 0.335 0.019 0.021 0.013 0.024 0.016 
 153   (0.059) 0.075 0.079 0.022 0.176 0.077 0.038 0.031 0.067 0.028 
 159   (0.072) 0.040 0.061 0.083 0.149 0.054 0.051 0.054 0.069 0.061 
 157   (0.024) 0.031 0.025 0.006 0.001 0.018 0.013 0.010 0.031 0.009 
 139   (0.048) 0.023 0.027 0.023 0.063 0.026 0.029 0.020 0.028 0.022 
 129   (0.083) 0.072 0.084 0.053 0.008 0.087 0.073 0.094 0.063 0.104 
 163   (0.022) 0.012 0.010 0.005 0.010 0.008 0.010 0.005 0.011 0.006 
 151   (0.036) 0.022 0.019 0.018 0.002 0.019 0.027 0.015 0.021 0.017 
 133   (0.012) 0.004 0.004 0.006 0.001 0.004 0.008 0.004 0.005 0.005 
 161   (0.022) 0.005 0.006 0.007 0.009 0.008 0.012 0.029 0.014 0.036 
 135   (0.021) 0.005 0.006 0.006 0.018 0.005 0.011 0.009 0.004 0.008 
 171   (0.013) 0.005 0.004 0.006 0.001 0.006 0.010 0.004 0.003 0.005 

Locus 10 : 
4 alleles
0.0% missing data
 108   (0.115) 0.130 0.088 0.125 0.008 0.120 0.157 0.148 0.070 0.138 
 118   (0.664) 0.710 0.733 0.735 0.491 0.701 0.663 0.622 0.774 0.610 
 112   (0.198) 0.153 0.171 0.132 0.500 0.171 0.168 0.218 0.149 0.241 
 116   (0.023) 0.008 0.008 0.008 0.001 0.008 0.013 0.011 0.007 0.010 

Locus 11 : 
4 alleles
0.6% missing data
 109   (0.860) 0.850 0.847 0.937 0.694 0.855 0.912 0.942 0.846 0.939 
 111   (0.098) 0.132 0.134 0.048 0.305 0.126 0.061 0.044 0.144 0.043 
 105   (0.025) 0.013 0.013 0.009 0.001 0.014 0.017 0.009 0.006 0.012 
 103   (0.017) 0.005 0.005 0.006 0.001 0.005 0.009 0.005 0.004 0.006 

Locus 12 : 
4 alleles
1.2% missing data
 171   (0.348) 0.425 0.447 0.393 0.063 0.383 0.305 0.299 0.528 0.308 
 181   (0.493) 0.469 0.463 0.515 0.336 0.521 0.559 0.564 0.400 0.563 
 179   (0.086) 0.074 0.054 0.053 0.426 0.063 0.077 0.045 0.045 0.051 
 177   (0.073) 0.032 0.037 0.039 0.175 0.033 0.059 0.093 0.027 0.078 

Locus 13 : 
2 alleles
0.0% missing data
 139   (0.123) 0.099 0.095 0.120 0.600 0.109 0.119 0.068 0.141 0.083 
 149   (0.877) 0.901 0.905 0.880 0.400 0.891 0.881 0.932 0.859 0.917 

Locus 14 : 
2 alleles
0.0% missing data
 161   (0.923) 0.879 0.896 0.964 0.761 0.917 0.945 0.964 0.895 0.969 
 171   (0.077) 0.121 0.104 0.036 0.239 0.083 0.055 0.036 0.105 0.031 

Locus 15 : 
2 alleles
0.0% missing data
 133   (0.342) 0.411 0.393 0.335 0.022 0.380 0.325 0.283 0.469 0.305 
 145   (0.658) 0.589 0.607 0.665 0.978 0.620 0.675 0.717 0.531 0.695 

Locus 16 : 
3 alleles
0.0% missing data
 156   (0.529) 0.518 0.522 0.481 0.256 0.543 0.541 0.610 0.478 0.608 
 157   (0.287) 0.300 0.278 0.321 0.659 0.298 0.294 0.208 0.328 0.231 
 169   (0.183) 0.182 0.199 0.198 0.086 0.159 0.165 0.182 0.194 0.161 

Locus 17 : 
2 alleles
0.0% missing data
 123   (0.924) 0.905 0.904 0.963 0.996 0.900 0.939 0.950 0.937 0.950 
 119   (0.076) 0.095 0.096 0.037 0.004 0.100 0.061 0.050 0.063 0.050 

Values of parameters used in structure:
DATAFILE=/home/martin/bottleneck/structure_analysis/structure_4/data_job_T9_3,	OUTFILE=/home/martin/bottleneck/structure_analysis/structure_4/structure_results/saimaa_ringed_seal/results_job_T9_3,	NUMINDS=172,	NUMLOCI=17,	MISSING=-9,	LABEL=1,	POPDATA=1,	POPFLAG=0,	PHENOTYPE=0,	EXTRACOLS=0,	MAXPOPS=9,	BURNIN=10000,	NUMREPS=100000,	USEPOPINFO=0,	INFERALPHA=1,	INFERLAMBDA=0,	POPSPECIFICLAMBDA=0,	POPALPHAS=0,	COMPUTEPROB=1,	NOADMIX=0,	ADMBURNIN=2500,	UPDATEFREQ=1,	PRINTLIKES=0,	INTERMEDSAVE=0,	PRINTKLD=0,	PRINTNET=0,	PRINTLAMBDA=0,	ANCESTDIST=0,	NUMBOXES=1000,	ANCESTPINT=0.90000,	GENSBACK=2,	MIGRPRIOR=0.05000,	PRINTQHAT=1,	PRINTQSUM=0,	ALPHA=1.0000,	FREQSCORR=1,	FPRIORMEAN=0.0100,	FPRIORSD=0.0500,	ONEFST=0,	LAMBDA=1.0000,	UNIFPRIORALPHA=1,	ALPHAMAX=10.0000,	ALPHAPRIORA=1.0000,	ALPHAPRIORB=2.0000,	ALPHAPROPSD=0.0250,	STARTATPOPINFO=0,	RANDOMIZE=1,	LINKAGE=0,	METROFREQ=10,	REPORTHITRATE=0,	MARKOVPHASE=-1,	PHASED=0,	PLOIDY=2,	PHASEINFO=0	LOCPRIOR=0, 	LOCPRIORINIT=1.000000, 	LOCDATA=0, 	LOCISPOP=0, 	LOCPRIORSTEP=0.100000, 	MAXLOCPRIOR=20.000000, 	SEED=1470661885,	
[STRAT parameters]:    NUMSIMSTATS=1000,	PHENOTYPECOL=-9,	POOLFREQ=10,	LOCUSxONLY=0,	EMERROR=0.00100,	MISSINGPHENO=-9,	