           1  1 0.4183 0.0757 0.0964 0.1562 0.0633 0.1026 0.0874 
           2  1 0.3117 0.0977 0.1026 0.1975 0.1037 0.1284 0.0583 
           3  1 0.0062 0.1397 0.3806 0.2625 0.0670 0.0849 0.0591 
           4  1 0.0173 0.1508 0.4138 0.2630 0.0574 0.0759 0.0216 
           5  1 0.0390 0.1470 0.4017 0.2594 0.0597 0.0762 0.0170 
           6  1 0.0294 0.1655 0.4200 0.2315 0.0686 0.0779 0.0072 
           7  1 0.0113 0.1557 0.4170 0.2535 0.0668 0.0796 0.0160 
           8  1 0.0066 0.0988 0.0846 0.4247 0.1039 0.2712 0.0102 
           9  1 0.1139 0.1215 0.2431 0.2950 0.0674 0.0966 0.0624 
          10  1 0.0164 0.1618 0.3525 0.2198 0.1243 0.0984 0.0268 
          11  1 0.0348 0.0969 0.0552 0.4504 0.1065 0.2407 0.0155 
          12  1 0.0257 0.0864 0.0438 0.4418 0.0914 0.2417 0.0693 
          13  1 0.1901 0.0896 0.1051 0.3398 0.0734 0.1571 0.0450 
          14  1 0.0092 0.1896 0.2756 0.1495 0.1782 0.1244 0.0734 
          15  1 0.0232 0.1216 0.2020 0.2833 0.0755 0.1308 0.1635 
          16  1 0.9556 0.0073 0.0077 0.0080 0.0073 0.0071 0.0070 
          17  1 0.0074 0.0106 0.0090 0.0145 0.0112 0.0159 0.9314 
          18  1 0.9705 0.0049 0.0053 0.0057 0.0046 0.0052 0.0038 
          19  1 0.0096 0.0301 0.0159 0.0602 0.0319 0.0401 0.8122 
          20  1 0.9593 0.0074 0.0079 0.0069 0.0067 0.0072 0.0046 
          21  1 0.9187 0.0135 0.0130 0.0105 0.0155 0.0151 0.0137 
          22  1 0.0156 0.1779 0.1095 0.2360 0.2185 0.2286 0.0139 
          23  1 0.0120 0.0411 0.0383 0.0449 0.0766 0.0586 0.7284 
          24  1 0.0399 0.0879 0.1021 0.0715 0.1027 0.0846 0.5112 
          25  1 0.1551 0.1282 0.1346 0.2127 0.1106 0.1487 0.1101 
          26  1 0.0214 0.1185 0.0996 0.0878 0.1723 0.0815 0.4188 
          27  1 0.0070 0.1249 0.0799 0.0985 0.1554 0.1540 0.3802 
          28  1 0.9394 0.0096 0.0097 0.0115 0.0116 0.0099 0.0084 
          29  1 0.0081 0.0647 0.0348 0.0474 0.1185 0.0908 0.6358 
          30  1 0.9402 0.0098 0.0120 0.0098 0.0094 0.0082 0.0107 
          31  1 0.0270 0.1763 0.2023 0.1641 0.2110 0.1304 0.0890 
          32  1 0.9040 0.0165 0.0179 0.0191 0.0179 0.0177 0.0068 
          33  1 0.0085 0.1257 0.1135 0.3133 0.1304 0.2018 0.1068 
          34  1 0.0050 0.0305 0.0234 0.0215 0.0528 0.0396 0.8273 
          35  1 0.0160 0.1524 0.4242 0.2348 0.0930 0.0702 0.0094 
          36  1 0.0073 0.1247 0.0919 0.0602 0.1895 0.1252 0.4013 
          37  1 0.9305 0.0110 0.0128 0.0149 0.0106 0.0116 0.0087 
          38  1 0.0072 0.2348 0.1962 0.0966 0.3046 0.1488 0.0118 
          39  1 0.0034 0.0110 0.0113 0.0113 0.0121 0.0106 0.9402 
          40  1 0.0101 0.1407 0.0885 0.1376 0.1770 0.1369 0.3092 
          41  1 0.0104 0.1998 0.2426 0.1447 0.1698 0.1596 0.0732 
          42  1 0.9686 0.0054 0.0051 0.0053 0.0054 0.0054 0.0048 
          43  1 0.1009 0.1377 0.1403 0.1019 0.1548 0.1483 0.2160 
          44  1 0.0076 0.0789 0.0964 0.0776 0.0778 0.0709 0.5908 
          45  1 0.0051 0.1524 0.2359 0.2172 0.1168 0.1753 0.0972 
          46  1 0.0070 0.0166 0.0171 0.0143 0.0219 0.0168 0.9063 
          47  1 0.0096 0.2208 0.1141 0.1506 0.3052 0.1776 0.0221 
          48  1 0.9203 0.0139 0.0124 0.0148 0.0157 0.0155 0.0075 
          49  1 0.0046 0.0111 0.0109 0.0100 0.0225 0.0175 0.9234 
          50  1 0.0058 0.0364 0.0576 0.0415 0.0346 0.0272 0.7969 
          51  1 0.0055 0.0269 0.0329 0.0398 0.0212 0.0243 0.8495 
          52  1 0.0102 0.0161 0.0132 0.0131 0.0339 0.0284 0.8852 
          53  1 0.5105 0.0741 0.0680 0.1197 0.0778 0.1004 0.0494 
          54  1 0.0136 0.0257 0.0526 0.0447 0.0280 0.0240 0.8115 
          55  1 0.0107 0.1836 0.3079 0.1762 0.1594 0.1352 0.0270 
          56  1 0.0053 0.1831 0.3003 0.1812 0.1852 0.1280 0.0168 
          57  1 0.0090 0.2249 0.2305 0.1142 0.2440 0.1375 0.0399 
          58  1 0.9658 0.0063 0.0057 0.0056 0.0056 0.0060 0.0050 
          59  1 0.8668 0.0284 0.0182 0.0147 0.0348 0.0270 0.0101 
          60  1 0.0092 0.0358 0.0313 0.0539 0.0388 0.0460 0.7851 
          61  1 0.0045 0.0144 0.0217 0.0195 0.0156 0.0129 0.9115 
          62  1 0.0079 0.1571 0.3159 0.1699 0.1413 0.0951 0.1128 
          63  1 0.0041 0.2352 0.2401 0.1030 0.1812 0.1761 0.0602 
          64  1 0.0187 0.0881 0.0327 0.4013 0.0918 0.2154 0.1520 
          65  1 0.9373 0.0137 0.0121 0.0096 0.0110 0.0106 0.0057 
          66  1 0.9085 0.0165 0.0167 0.0143 0.0173 0.0170 0.0097 
          67  1 0.8437 0.0188 0.0240 0.0208 0.0196 0.0149 0.0582 
          68  1 0.0192 0.1001 0.1127 0.2025 0.0968 0.1092 0.3594 
          69  1 0.0060 0.2204 0.2016 0.1212 0.2932 0.1268 0.0310 
          70  1 0.0047 0.1634 0.1000 0.1310 0.2313 0.2112 0.1583 
          71  1 0.0081 0.1821 0.4055 0.2095 0.0979 0.0795 0.0174 
          72  1 0.0203 0.2234 0.1814 0.1398 0.2720 0.1293 0.0338 
          73  1 0.9458 0.0088 0.0111 0.0096 0.0084 0.0076 0.0088 
          74  1 0.0286 0.1460 0.0760 0.3072 0.1618 0.2596 0.0209 
          75  1 0.0043 0.0361 0.0289 0.0280 0.0661 0.0509 0.7857 
          76  1 0.9639 0.0058 0.0058 0.0053 0.0063 0.0060 0.0069 
          77  1 0.9517 0.0084 0.0093 0.0083 0.0081 0.0081 0.0061 
          78  1 0.0135 0.0152 0.0225 0.0149 0.0206 0.0161 0.8972 
          79  1 0.9360 0.0103 0.0097 0.0082 0.0097 0.0091 0.0170 
          80  1 0.0352 0.0509 0.0330 0.2223 0.0753 0.1259 0.4575 
          81  1 0.0044 0.2441 0.1867 0.0955 0.3275 0.1260 0.0158 
          82  1 0.0041 0.0269 0.0310 0.0315 0.0285 0.0343 0.8437 
          83  1 0.0135 0.0403 0.1020 0.0659 0.0386 0.0286 0.7112 
          84  1 0.9569 0.0073 0.0085 0.0074 0.0070 0.0080 0.0048 
          85  1 0.2255 0.1580 0.1613 0.1025 0.1546 0.1414 0.0566 
          86  1 0.0129 0.2229 0.1394 0.0821 0.2880 0.1564 0.0981 
          87  1 0.0064 0.2405 0.1609 0.0731 0.3254 0.1778 0.0159 
          88  1 0.0189 0.1541 0.1481 0.1090 0.1907 0.1469 0.2323 
          89  1 0.0138 0.1907 0.3174 0.1557 0.1638 0.1233 0.0353 
          90  1 0.0090 0.1443 0.1268 0.3084 0.1052 0.2405 0.0660 
          91  1 0.0133 0.2118 0.1667 0.1006 0.2676 0.2039 0.0361 
          92  1 0.0082 0.1560 0.1042 0.0521 0.2399 0.1510 0.2886 
          93  1 0.0059 0.2144 0.3110 0.1276 0.2339 0.0943 0.0129 
          94  1 0.0055 0.0900 0.0376 0.4617 0.0971 0.2972 0.0109 
          95  1 0.0149 0.2403 0.1369 0.0897 0.2610 0.1994 0.0579 
          96  1 0.0416 0.0252 0.0234 0.0142 0.0368 0.0252 0.8336 
          97  1 0.0142 0.0838 0.0651 0.0641 0.0987 0.0680 0.6062 
          98  1 0.8877 0.0203 0.0188 0.0168 0.0202 0.0197 0.0165 
          99  1 0.0217 0.1099 0.0378 0.4470 0.1086 0.2599 0.0152 
         100  1 0.0394 0.1718 0.3447 0.2094 0.0982 0.1156 0.0209 
         101  1 0.0113 0.1934 0.3296 0.1576 0.1993 0.1012 0.0075 
         102  1 0.0048 0.0444 0.0454 0.0376 0.0555 0.0354 0.7768 
         103  1 0.0305 0.1487 0.3377 0.2078 0.0929 0.0862 0.0963 
         104  1 0.0260 0.1571 0.4209 0.2372 0.0837 0.0648 0.0102 
         105  1 0.0121 0.1969 0.2659 0.1723 0.1833 0.1518 0.0176 
         106  1 0.8961 0.0151 0.0206 0.0228 0.0140 0.0170 0.0143 
         107  1 0.0762 0.0902 0.0837 0.1637 0.1367 0.1166 0.3329 
         108  1 0.0067 0.1094 0.0585 0.4121 0.1189 0.2811 0.0133 
         109  1 0.0146 0.0492 0.0680 0.0430 0.0633 0.0602 0.7018 
         110  1 0.0067 0.2120 0.1624 0.0761 0.3270 0.1751 0.0407 
         111  1 0.4548 0.1094 0.0902 0.0728 0.1411 0.0885 0.0432 
         112  1 0.0063 0.2202 0.1635 0.1318 0.2922 0.1498 0.0362 
         113  1 0.0158 0.2215 0.1938 0.1163 0.2316 0.1968 0.0242 
         114  1 0.0702 0.1121 0.1273 0.1048 0.1199 0.0927 0.3731 
         115  1 0.0071 0.1973 0.2128 0.1739 0.1842 0.2027 0.0220 
         116  1 0.0057 0.3168 0.1858 0.0733 0.1704 0.2310 0.0171 
         117  1 0.0039 0.1391 0.0735 0.3284 0.1256 0.3156 0.0139 
         118  1 0.0116 0.1761 0.2906 0.2524 0.1159 0.1376 0.0158 
         119  1 0.0062 0.2639 0.2044 0.1109 0.2103 0.1921 0.0122 
         120  1 0.0193 0.3008 0.2085 0.0910 0.1390 0.2323 0.0091 
         121  1 0.0107 0.1883 0.1778 0.2044 0.1886 0.2161 0.0141 
         122  1 0.0086 0.2126 0.1899 0.1047 0.2400 0.2090 0.0353 
         123  1 0.0087 0.2333 0.1725 0.0875 0.2625 0.1875 0.0480 
         124  1 0.0281 0.2594 0.1661 0.1205 0.2090 0.2060 0.0109 
         125  1 0.0068 0.1607 0.1015 0.2741 0.1681 0.2761 0.0127 
         126  1 0.0067 0.1461 0.2429 0.2268 0.1554 0.2144 0.0077 
         127  1 0.0036 0.1256 0.0480 0.4015 0.0968 0.3155 0.0090 
         128  1 0.0108 0.1948 0.1724 0.1404 0.2405 0.1988 0.0423 
         129  1 0.0078 0.2173 0.1644 0.1043 0.3086 0.1456 0.0520 
         130  1 0.0102 0.1644 0.1344 0.2418 0.1322 0.2575 0.0594 
         131  1 0.0069 0.2018 0.1363 0.1677 0.1021 0.2355 0.1495 
         132  1 0.0123 0.0968 0.0523 0.4654 0.0976 0.2574 0.0182 
         133  1 0.0080 0.2815 0.2050 0.1235 0.1503 0.2207 0.0111 
         134  1 0.0140 0.2746 0.2433 0.1133 0.1188 0.2164 0.0196 
         135  1 0.0057 0.2198 0.1770 0.0842 0.2795 0.1960 0.0378 
         136  1 0.0065 0.2594 0.1922 0.1152 0.1318 0.2531 0.0418 
         137  1 0.0106 0.2136 0.1538 0.0782 0.3160 0.2184 0.0095 
         138  1 0.0083 0.1330 0.1154 0.1181 0.1297 0.1558 0.3397 
         139  1 0.0061 0.1660 0.0793 0.3356 0.1061 0.2979 0.0090 
         140  1 0.0050 0.2633 0.1723 0.0943 0.2270 0.2067 0.0313 
         141  1 0.0076 0.2188 0.1631 0.1633 0.1695 0.2550 0.0228 
         142  1 0.0080 0.1887 0.2303 0.1547 0.2128 0.1888 0.0167 
         143  1 0.0230 0.1801 0.2369 0.2114 0.1765 0.1455 0.0267 
         144  1 0.0040 0.2009 0.1216 0.2163 0.1352 0.2854 0.0366 
         145  1 0.0054 0.2337 0.2105 0.1614 0.1241 0.2406 0.0242 
         146  1 0.0060 0.1668 0.1069 0.0681 0.2306 0.1419 0.2797 
         147  1 0.0066 0.2509 0.2241 0.1019 0.2069 0.1948 0.0148 
         148  1 0.0100 0.2100 0.1831 0.1222 0.2145 0.2371 0.0231 
         149  1 0.0037 0.1656 0.0603 0.3259 0.0995 0.3366 0.0085 
         150  1 0.0139 0.2174 0.1803 0.1679 0.1221 0.1977 0.1007 
         151  1 0.0113 0.2530 0.1894 0.0953 0.1729 0.2113 0.0668 
         152  1 0.0041 0.2294 0.1494 0.1048 0.3124 0.1700 0.0299 
         153  1 0.0125 0.2137 0.1646 0.0850 0.3022 0.1760 0.0460 
         154  1 0.0114 0.2284 0.1598 0.0885 0.3023 0.1961 0.0136 
         155  1 0.0732 0.2768 0.1855 0.0985 0.1557 0.1936 0.0165 
         156  1 0.0073 0.3035 0.1815 0.0685 0.2037 0.2236 0.0120 
         157  1 0.0106 0.2638 0.1765 0.1335 0.1478 0.2583 0.0095 
         158  1 0.0851 0.1897 0.1893 0.1912 0.1493 0.1518 0.0436 
         159  1 0.0719 0.1732 0.1234 0.0688 0.2956 0.2171 0.0499 
         160  1 0.0329 0.1857 0.1271 0.0819 0.2821 0.2208 0.0695 
         161  1 0.0072 0.1898 0.1524 0.0645 0.3461 0.2208 0.0192 
         162  1 0.0056 0.1900 0.1559 0.0667 0.3555 0.2106 0.0158 
         163  1 0.0072 0.1898 0.1498 0.0653 0.3533 0.2269 0.0076 
         164  1 0.0240 0.1820 0.1911 0.1107 0.1562 0.1697 0.1663 
         165  1 0.0267 0.1956 0.1570 0.0673 0.2267 0.2027 0.1241 
         166  1 0.0047 0.1854 0.2143 0.1737 0.1576 0.1411 0.1233 
         167  1 0.0101 0.2456 0.2273 0.0901 0.2089 0.2022 0.0158 
         168  1 0.0053 0.2125 0.1622 0.0773 0.3126 0.2177 0.0123 
         169  1 0.0407 0.1294 0.1209 0.0495 0.2433 0.1604 0.2559 
         170  1 0.0057 0.1984 0.1789 0.1029 0.1863 0.1959 0.1319 
         171  1 0.0055 0.2065 0.1526 0.0689 0.3339 0.2232 0.0093 
         172  1 0.0087 0.2620 0.2177 0.0958 0.1865 0.2075 0.0218 
