

----------------------------------------------------
STRUCTURE by Pritchard, Stephens and Donnelly (2000)
     and Falush, Stephens and Pritchard (2003)
       Code by Pritchard, Falush and Hubisz
             Version 2.3.4 (Jul 2012)
----------------------------------------------------



Command line arguments:   /usr/local/bin/structure -m parameter_job_T4_2 
Input File:    /home/martin/bottleneck/structure_analysis/structure_4/data_job_T4_2

Run parameters:
   172 individuals
   17 loci
   4 populations assumed
   10000 Burn-in period
   100000 Reps


--------------------------------------------
Proportion of membership of each pre-defined
 population in each of the 4 clusters

Given    Inferred Clusters              Number of
 Pop       1      2      3      4      Individuals

  1:     0.290  0.258  0.296  0.155      172
--------------------------------------------

Allele-freq. divergence among pops (Net nucleotide distance),
computed using point estimates of P.

      1       2       3       4      
 1      -    0.0258  0.0153  0.0907  
 2   0.0258     -    0.0287  0.1061  
 3   0.0153  0.0287     -    0.0927  
 4   0.0907  0.1061  0.0927     -    

Average distances (expected heterozygosity) between individuals in same cluster:
cluster  1  : 0.3270 
cluster  2  : 0.3358 
cluster  3  : 0.3091 
cluster  4  : 0.3453 

--------------------------------------------
Estimated Ln Prob of Data   = -3419.9
Mean value of ln likelihood = -3296.5
Variance of ln likelihood   = 246.9
Mean value of alpha         = 0.0485

Mean value of Fst_1         = 0.0917
Mean value of Fst_2         = 0.1367
Mean value of Fst_3         = 0.1223
Mean value of Fst_4         = 0.3031


Inferred ancestry of individuals:
        Label (%Miss) Pop:  Inferred clusters
  1        1    (0)    1 :  0.285 0.169 0.099 0.447 
  2        2    (0)    1 :  0.247 0.239 0.142 0.373 
  3        3    (0)    1 :  0.855 0.115 0.021 0.008 
  4        4    (0)    1 :  0.876 0.062 0.030 0.032 
  5        5    (0)    1 :  0.887 0.033 0.020 0.060 
  6        6    (0)    1 :  0.885 0.011 0.065 0.039 
  7        7    (0)    1 :  0.906 0.039 0.039 0.016 
  8        8    (0)    1 :  0.921 0.022 0.050 0.008 
  9        9    (0)    1 :  0.632 0.143 0.026 0.199 
 10       10    (0)    1 :  0.824 0.049 0.107 0.020 
 11       11    (0)    1 :  0.765 0.111 0.058 0.066 
 12       12    (0)    1 :  0.534 0.402 0.025 0.039 
 13       13    (0)    1 :  0.655 0.104 0.040 0.201 
 14       14    (0)    1 :  0.621 0.112 0.257 0.011 
 15       15    (5)    1 :  0.676 0.262 0.038 0.024 
 16       16    (0)    1 :  0.008 0.008 0.008 0.976 
 17       17    (0)    1 :  0.012 0.970 0.011 0.007 
 18       18    (0)    1 :  0.006 0.004 0.005 0.984 
 19       19    (0)    1 :  0.025 0.952 0.015 0.009 
 20       20    (0)    1 :  0.008 0.005 0.008 0.979 
 21       21    (0)    1 :  0.010 0.017 0.019 0.954 
 22       22    (0)    1 :  0.333 0.053 0.595 0.019 
 23       23    (0)    1 :  0.021 0.934 0.033 0.013 
 24       24    (0)    1 :  0.060 0.823 0.084 0.033 
 25       25    (0)    1 :  0.431 0.266 0.095 0.209 
 26       26    (0)    1 :  0.083 0.799 0.100 0.019 
 27       27    (0)    1 :  0.051 0.772 0.169 0.008 
 28       28    (0)    1 :  0.009 0.010 0.010 0.970 
 29       29    (0)    1 :  0.010 0.921 0.061 0.008 
 30       30    (0)    1 :  0.011 0.012 0.008 0.969 
 31       31    (0)    1 :  0.262 0.337 0.360 0.041 
 32       32    (0)    1 :  0.021 0.010 0.018 0.951 
 33       33    (0)    1 :  0.441 0.401 0.149 0.009 
 34       34    (0)    1 :  0.015 0.939 0.041 0.005 
 35       35    (0)    1 :  0.762 0.027 0.180 0.031 
 36       36    (0)    1 :  0.031 0.680 0.280 0.008 
 37       37    (0)    1 :  0.015 0.012 0.010 0.963 
 38       38    (0)    1 :  0.212 0.026 0.754 0.008 
 39       39    (0)    1 :  0.017 0.966 0.013 0.004 
 40       40    (0)    1 :  0.087 0.791 0.111 0.012 
 41       41    (5)    1 :  0.585 0.128 0.274 0.013 
 42       42    (0)    1 :  0.005 0.006 0.006 0.983 
 43       43    (0)    1 :  0.124 0.497 0.267 0.112 
 44       44    (0)    1 :  0.158 0.728 0.106 0.008 
 45       45    (0)    1 :  0.807 0.089 0.098 0.005 
 46       46    (0)    1 :  0.014 0.965 0.012 0.008 
 47       47    (0)    1 :  0.232 0.131 0.625 0.012 
 48       48    (0)    1 :  0.013 0.010 0.017 0.960 
 49       49    (0)    1 :  0.011 0.974 0.011 0.005 
 50       50    (0)    1 :  0.049 0.922 0.023 0.006 
 51       51    (0)    1 :  0.072 0.907 0.015 0.006 
 52       52    (0)    1 :  0.009 0.961 0.019 0.011 
 53       53    (0)    1 :  0.218 0.108 0.121 0.554 
 54       54    (0)    1 :  0.046 0.923 0.018 0.013 
 55       55    (0)    1 :  0.808 0.040 0.141 0.011 
 56       56    (0)    1 :  0.791 0.024 0.178 0.007 
 57       57    (0)    1 :  0.278 0.080 0.631 0.011 
 58       58    (0)    1 :  0.006 0.006 0.007 0.981 
 59       59    (0)    1 :  0.012 0.012 0.052 0.924 
 60       60    (0)    1 :  0.042 0.925 0.023 0.009 
 61       61    (0)    1 :  0.022 0.961 0.013 0.005 
 62       62    (0)    1 :  0.507 0.299 0.184 0.010 
 63       63    (0)    1 :  0.227 0.082 0.686 0.005 
 64       64    (0)    1 :  0.189 0.763 0.022 0.026 
 65       65    (0)    1 :  0.010 0.006 0.009 0.975 
 66       66    (0)    1 :  0.017 0.012 0.021 0.950 
 67       67    (0)    1 :  0.020 0.052 0.015 0.913 
 68       68    (0)    1 :  0.261 0.670 0.047 0.022 
 69       69    (0)    1 :  0.435 0.135 0.422 0.008 
 70       70    (0)    1 :  0.093 0.565 0.336 0.006 
 71       71    (0)    1 :  0.676 0.047 0.265 0.012 
 72       72    (0)    1 :  0.385 0.152 0.437 0.027 
 73       73    (0)    1 :  0.010 0.010 0.009 0.972 
 74       74    (0)    1 :  0.453 0.091 0.419 0.038 
 75       75    (0)    1 :  0.019 0.927 0.048 0.005 
 76       76    (0)    1 :  0.006 0.007 0.007 0.980 
 77       77    (0)    1 :  0.009 0.007 0.009 0.975 
 78       78    (0)    1 :  0.017 0.955 0.013 0.014 
 79       79    (0)    1 :  0.008 0.018 0.012 0.961 
 80       80    (0)    1 :  0.074 0.874 0.012 0.040 
 81       81    (0)    1 :  0.228 0.052 0.716 0.005 
 82       82    (0)    1 :  0.043 0.925 0.028 0.005 
 83       83    (0)    1 :  0.090 0.882 0.015 0.014 
 84       84    (0)    1 :  0.008 0.006 0.008 0.977 
 85       85    (0)    1 :  0.223 0.110 0.386 0.281 
 86       86    (0)    1 :  0.086 0.404 0.493 0.017 
 87       87    (0)    1 :  0.031 0.021 0.941 0.007 
 88       88    (0)    1 :  0.124 0.546 0.304 0.026 
 89       89    (0)    1 :  0.413 0.137 0.432 0.018 
 90       90    (0)    1 :  0.784 0.090 0.118 0.009 
 91       91    (0)    1 :  0.139 0.065 0.780 0.015 
 92       92    (0)    1 :  0.014 0.738 0.237 0.011 
 93       93    (0)    1 :  0.557 0.036 0.399 0.008 
 94       94    (0)    1 :  0.955 0.014 0.026 0.006 
 95       95    (0)    1 :  0.126 0.152 0.700 0.022 
 96       96    (0)    1 :  0.013 0.929 0.021 0.036 
 97       97    (0)    1 :  0.034 0.898 0.055 0.013 
 98       98    (0)    1 :  0.016 0.020 0.020 0.944 
 99       99    (0)    1 :  0.655 0.131 0.155 0.059 
100      100    (0)    1 :  0.740 0.049 0.157 0.055 
101      101    (0)    1 :  0.661 0.015 0.307 0.017 
102      102    (0)    1 :  0.047 0.907 0.041 0.005 
103      103    (0)    1 :  0.739 0.164 0.059 0.038 
104      104    (0)    1 :  0.759 0.032 0.142 0.066 
105      105    (0)    1 :  0.551 0.028 0.409 0.012 
106      106    (0)    1 :  0.025 0.016 0.011 0.948 
107      107    (0)    1 :  0.077 0.825 0.030 0.068 
108      108    (0)    1 :  0.901 0.025 0.067 0.008 
109      109    (0)    1 :  0.037 0.898 0.050 0.015 
110      110    (0)    1 :  0.044 0.236 0.710 0.010 
111      111    (0)    1 :  0.091 0.178 0.218 0.513 
112      112    (0)    1 :  0.397 0.146 0.449 0.008 
113      113    (0)    1 :  0.155 0.055 0.774 0.016 
114      114    (0)    1 :  0.118 0.694 0.120 0.068 
115      115    (0)    1 :  0.427 0.045 0.520 0.008 
116      116    (0)    1 :  0.226 0.038 0.728 0.008 
117      117    (0)    1 :  0.789 0.025 0.181 0.004 
118      118    (0)    1 :  0.919 0.017 0.052 0.012 
119      119    (0)    1 :  0.292 0.016 0.685 0.007 
120      120    (0)    1 :  0.440 0.015 0.517 0.028 
121      121    (0)    1 :  0.483 0.022 0.484 0.011 
122      122    (0)    1 :  0.148 0.080 0.763 0.009 
123      123    (0)    1 :  0.069 0.090 0.831 0.009 
124      124    (0)    1 :  0.291 0.018 0.660 0.031 
125      125    (0)    1 :  0.552 0.021 0.418 0.008 
126      126    (0)    1 :  0.741 0.010 0.242 0.007 
127      127    (0)    1 :  0.835 0.015 0.146 0.004 
128      128    (0)    1 :  0.263 0.163 0.559 0.015 
129      129    (0)    1 :  0.103 0.147 0.740 0.010 
130      130    (0)    1 :  0.552 0.140 0.296 0.013 
131      131    (0)    1 :  0.609 0.134 0.250 0.007 
132      132    (0)    1 :  0.908 0.041 0.032 0.019 
133      133    (0)    1 :  0.532 0.016 0.442 0.009 
134      134    (0)    1 :  0.502 0.031 0.447 0.020 
135      135    (0)    1 :  0.095 0.087 0.812 0.006 
136      136    (0)    1 :  0.436 0.079 0.478 0.008 
137      137    (0)    1 :  0.026 0.012 0.951 0.011 
138      138    (0)    1 :  0.171 0.597 0.223 0.009 
139      139    (0)    1 :  0.665 0.016 0.312 0.007 
140      140    (0)    1 :  0.189 0.086 0.719 0.006 
141      141    (0)    1 :  0.367 0.042 0.581 0.010 
142      142    (0)    1 :  0.432 0.036 0.524 0.008 
143      143    (0)    1 :  0.585 0.077 0.311 0.027 
144      144    (0)    1 :  0.633 0.061 0.301 0.005 
145      145    (0)    1 :  0.687 0.020 0.286 0.006 
146      146    (0)    1 :  0.063 0.606 0.324 0.007 
147      147    (0)    1 :  0.135 0.024 0.834 0.007 
148      148    (0)    1 :  0.149 0.067 0.774 0.010 
149      149    (0)    1 :  0.751 0.019 0.226 0.005 
150      150    (5)    1 :  0.475 0.222 0.289 0.014 
151      151    (0)    1 :  0.150 0.115 0.723 0.012 
152      152    (0)    1 :  0.143 0.064 0.789 0.005 
153      153    (0)    1 :  0.043 0.110 0.832 0.015 
154      154    (0)    1 :  0.050 0.024 0.913 0.013 
155      155    (0)    1 :  0.338 0.038 0.482 0.142 
156      156    (5)    1 :  0.163 0.026 0.802 0.009 
157      157    (0)    1 :  0.486 0.014 0.488 0.012 
158      158    (0)    1 :  0.538 0.099 0.248 0.116 
159      159    (0)    1 :  0.038 0.328 0.487 0.147 
160      160    (0)    1 :  0.057 0.360 0.540 0.043 
161      161    (0)    1 :  0.017 0.025 0.951 0.008 
162      162    (0)    1 :  0.015 0.014 0.965 0.007 
163      163    (0)    1 :  0.013 0.009 0.970 0.008 
164      164    (0)    1 :  0.234 0.454 0.287 0.025 
165      165    (0)    1 :  0.049 0.382 0.535 0.034 
166      166    (0)    1 :  0.491 0.254 0.250 0.005 
167      167    (0)    1 :  0.149 0.037 0.801 0.013 
168      168    (0)    1 :  0.025 0.014 0.955 0.005 
169      169    (0)    1 :  0.020 0.406 0.506 0.068 
170      170    (0)    1 :  0.125 0.334 0.534 0.006 
171      171    (0)    1 :  0.013 0.010 0.972 0.005 
172      172    (0)    1 :  0.160 0.053 0.777 0.010 


Estimated Allele Frequencies in each cluster
First column gives estimated ancestral frequencies


Locus 1 : 
2 alleles
0.0% missing data
 191   (0.963) 0.968 0.996 0.990 0.998 
 185   (0.037) 0.032 0.004 0.010 0.002 

Locus 2 : 
2 alleles
0.0% missing data
 124   (0.820) 0.696 0.978 0.867 0.759 
 114   (0.180) 0.304 0.022 0.133 0.241 

Locus 3 : 
3 alleles
0.0% missing data
 100   (0.350) 0.415 0.668 0.228 0.021 
 104   (0.560) 0.507 0.318 0.651 0.975 
  98   (0.090) 0.078 0.014 0.121 0.004 

Locus 4 : 
3 alleles
0.0% missing data
 163   (0.032) 0.004 0.003 0.002 0.421 
 134   (0.404) 0.310 0.372 0.513 0.299 
 161   (0.563) 0.685 0.626 0.485 0.279 

Locus 5 : 
2 alleles
0.0% missing data
 152   (0.960) 0.996 0.995 0.926 0.998 
 148   (0.040) 0.004 0.005 0.074 0.002 

Locus 6 : 
3 alleles
0.0% missing data
 202   (0.507) 0.397 0.708 0.531 0.637 
 200   (0.391) 0.552 0.241 0.316 0.356 
 194   (0.102) 0.051 0.050 0.154 0.008 

Locus 7 : 
2 alleles
0.0% missing data
 186   (0.800) 0.799 0.855 0.744 0.990 
 188   (0.200) 0.201 0.145 0.256 0.010 

Locus 8 : 
3 alleles
0.0% missing data
 200   (0.930) 0.969 0.994 0.990 0.581 
 228   (0.036) 0.006 0.003 0.003 0.417 
 220   (0.034) 0.024 0.003 0.008 0.002 

Locus 9 : 
16 alleles
0.6% missing data
 137   (0.255) 0.587 0.397 0.644 0.015 
 167   (0.099) 0.078 0.044 0.053 0.205 
 155   (0.064) 0.034 0.154 0.037 0.004 
 169   (0.031) 0.056 0.004 0.003 0.002 
 165   (0.047) 0.037 0.005 0.006 0.314 
 153   (0.062) 0.015 0.135 0.014 0.175 
 159   (0.087) 0.056 0.042 0.064 0.151 
 157   (0.031) 0.004 0.048 0.007 0.002 
 139   (0.061) 0.031 0.023 0.015 0.063 
 129   (0.079) 0.034 0.110 0.103 0.010 
 163   (0.032) 0.004 0.014 0.003 0.016 
 151   (0.042) 0.034 0.016 0.007 0.002 
 133   (0.023) 0.010 0.002 0.003 0.001 
 161   (0.035) 0.004 0.003 0.032 0.015 
 135   (0.029) 0.006 0.002 0.006 0.024 
 171   (0.021) 0.010 0.002 0.002 0.001 

Locus 10 : 
4 alleles
0.0% missing data
 108   (0.144) 0.144 0.115 0.111 0.012 
 118   (0.631) 0.778 0.705 0.599 0.505 
 112   (0.193) 0.061 0.178 0.283 0.482 
 116   (0.033) 0.017 0.002 0.006 0.002 

Locus 11 : 
4 alleles
0.6% missing data
 109   (0.815) 0.928 0.767 0.960 0.700 
 111   (0.120) 0.058 0.215 0.019 0.297 
 105   (0.038) 0.009 0.014 0.014 0.002 
 103   (0.027) 0.005 0.003 0.008 0.001 

Locus 12 : 
4 alleles
1.2% missing data
 171   (0.337) 0.352 0.529 0.319 0.077 
 181   (0.461) 0.551 0.374 0.565 0.353 
 179   (0.114) 0.047 0.086 0.037 0.399 
 177   (0.088) 0.050 0.010 0.079 0.171 

Locus 13 : 
2 alleles
0.0% missing data
 139   (0.157) 0.187 0.045 0.043 0.582 
 149   (0.843) 0.813 0.955 0.957 0.418 

Locus 14 : 
2 alleles
0.0% missing data
 161   (0.916) 0.982 0.789 0.991 0.779 
 171   (0.084) 0.018 0.211 0.009 0.221 

Locus 15 : 
2 alleles
0.0% missing data
 133   (0.329) 0.373 0.452 0.291 0.026 
 145   (0.671) 0.627 0.548 0.709 0.974 

Locus 16 : 
3 alleles
0.0% missing data
 156   (0.480) 0.498 0.458 0.657 0.273 
 157   (0.313) 0.355 0.311 0.165 0.637 
 169   (0.208) 0.147 0.231 0.177 0.091 

Locus 17 : 
2 alleles
0.0% missing data
 123   (0.925) 0.984 0.822 0.962 0.996 
 119   (0.075) 0.016 0.178 0.038 0.004 

Values of parameters used in structure:
DATAFILE=/home/martin/bottleneck/structure_analysis/structure_4/data_job_T4_2,	OUTFILE=/home/martin/bottleneck/structure_analysis/structure_4/structure_results/saimaa_ringed_seal/results_job_T4_2,	NUMINDS=172,	NUMLOCI=17,	MISSING=-9,	LABEL=1,	POPDATA=1,	POPFLAG=0,	PHENOTYPE=0,	EXTRACOLS=0,	MAXPOPS=4,	BURNIN=10000,	NUMREPS=100000,	USEPOPINFO=0,	INFERALPHA=1,	INFERLAMBDA=0,	POPSPECIFICLAMBDA=0,	POPALPHAS=0,	COMPUTEPROB=1,	NOADMIX=0,	ADMBURNIN=2500,	UPDATEFREQ=1,	PRINTLIKES=0,	INTERMEDSAVE=0,	PRINTKLD=0,	PRINTNET=0,	PRINTLAMBDA=0,	ANCESTDIST=0,	NUMBOXES=1000,	ANCESTPINT=0.90000,	GENSBACK=2,	MIGRPRIOR=0.05000,	PRINTQHAT=1,	PRINTQSUM=0,	ALPHA=1.0000,	FREQSCORR=1,	FPRIORMEAN=0.0100,	FPRIORSD=0.0500,	ONEFST=0,	LAMBDA=1.0000,	UNIFPRIORALPHA=1,	ALPHAMAX=10.0000,	ALPHAPRIORA=1.0000,	ALPHAPRIORB=2.0000,	ALPHAPROPSD=0.0250,	STARTATPOPINFO=0,	RANDOMIZE=1,	LINKAGE=0,	METROFREQ=10,	REPORTHITRATE=0,	MARKOVPHASE=-1,	PHASED=0,	PLOIDY=2,	PHASEINFO=0	LOCPRIOR=0, 	LOCPRIORINIT=1.000000, 	LOCDATA=0, 	LOCISPOP=0, 	LOCPRIORSTEP=0.100000, 	MAXLOCPRIOR=20.000000, 	SEED=1470658208,	
[STRAT parameters]:    NUMSIMSTATS=1000,	PHENOTYPECOL=-9,	POOLFREQ=10,	LOCUSxONLY=0,	EMERROR=0.00100,	MISSINGPHENO=-9,	