

----------------------------------------------------
STRUCTURE by Pritchard, Stephens and Donnelly (2000)
     and Falush, Stephens and Pritchard (2003)
       Code by Pritchard, Falush and Hubisz
             Version 2.3.4 (Jul 2012)
----------------------------------------------------



Command line arguments:   /usr/local/bin/structure -m parameter_job_T3_5 
Input File:    /home/martin/bottleneck/structure_analysis/structure_4/data_job_T3_5

Run parameters:
   172 individuals
   17 loci
   3 populations assumed
   10000 Burn-in period
   100000 Reps


--------------------------------------------
Proportion of membership of each pre-defined
 population in each of the 3 clusters

Given    Inferred Clusters       Number of
 Pop       1      2      3      Individuals

  1:     0.459  0.381  0.160      172
--------------------------------------------

Allele-freq. divergence among pops (Net nucleotide distance),
computed using point estimates of P.

      1       2       3      
 1      -    0.0161  0.0921  
 2   0.0161     -    0.0907  
 3   0.0921  0.0907     -    

Average distances (expected heterozygosity) between individuals in same cluster:
cluster  1  : 0.3166 
cluster  2  : 0.3455 
cluster  3  : 0.3465 

--------------------------------------------
Estimated Ln Prob of Data   = -3459.3
Mean value of ln likelihood = -3375.0
Variance of ln likelihood   = 168.5
Mean value of alpha         = 0.0514

Mean value of Fst_1         = 0.1062
Mean value of Fst_2         = 0.1019
Mean value of Fst_3         = 0.2905


Inferred ancestry of individuals:
        Label (%Miss) Pop:  Inferred clusters
  1        1    (0)    1 :  0.208 0.337 0.456 
  2        2    (0)    1 :  0.183 0.455 0.362 
  3        3    (0)    1 :  0.212 0.779 0.010 
  4        4    (0)    1 :  0.245 0.718 0.037 
  5        5    (0)    1 :  0.267 0.614 0.119 
  6        6    (0)    1 :  0.663 0.238 0.099 
  7        7    (0)    1 :  0.353 0.623 0.024 
  8        8    (0)    1 :  0.814 0.175 0.011 
  9        9    (0)    1 :  0.134 0.656 0.210 
 10       10    (0)    1 :  0.730 0.237 0.032 
 11       11    (0)    1 :  0.360 0.549 0.091 
 12       12    (0)    1 :  0.139 0.831 0.030 
 13       13    (0)    1 :  0.262 0.485 0.253 
 14       14    (0)    1 :  0.712 0.276 0.012 
 15       15    (5)    1 :  0.230 0.744 0.025 
 16       16    (0)    1 :  0.008 0.008 0.983 
 17       17    (0)    1 :  0.015 0.976 0.009 
 18       18    (0)    1 :  0.006 0.005 0.989 
 19       19    (0)    1 :  0.025 0.964 0.011 
 20       20    (0)    1 :  0.008 0.006 0.986 
 21       21    (0)    1 :  0.015 0.017 0.968 
 22       22    (0)    1 :  0.780 0.197 0.024 
 23       23    (0)    1 :  0.026 0.963 0.012 
 24       24    (0)    1 :  0.080 0.890 0.030 
 25       25    (0)    1 :  0.255 0.527 0.218 
 26       26    (0)    1 :  0.098 0.884 0.018 
 27       27    (0)    1 :  0.173 0.818 0.009 
 28       28    (0)    1 :  0.011 0.012 0.977 
 29       29    (0)    1 :  0.041 0.950 0.009 
 30       30    (0)    1 :  0.009 0.013 0.978 
 31       31    (0)    1 :  0.288 0.681 0.031 
 32       32    (0)    1 :  0.019 0.013 0.968 
 33       33    (0)    1 :  0.318 0.673 0.009 
 34       34    (0)    1 :  0.041 0.953 0.006 
 35       35    (0)    1 :  0.565 0.386 0.049 
 36       36    (0)    1 :  0.206 0.786 0.008 
 37       37    (0)    1 :  0.011 0.014 0.975 
 38       38    (0)    1 :  0.919 0.072 0.010 
 39       39    (0)    1 :  0.018 0.977 0.005 
 40       40    (0)    1 :  0.104 0.884 0.012 
 41       41    (5)    1 :  0.731 0.255 0.014 
 42       42    (0)    1 :  0.005 0.006 0.988 
 43       43    (0)    1 :  0.181 0.713 0.106 
 44       44    (0)    1 :  0.170 0.823 0.007 
 45       45    (0)    1 :  0.665 0.328 0.006 
 46       46    (0)    1 :  0.016 0.974 0.010 
 47       47    (0)    1 :  0.593 0.391 0.016 
 48       48    (0)    1 :  0.016 0.012 0.971 
 49       49    (0)    1 :  0.012 0.982 0.006 
 50       50    (0)    1 :  0.029 0.965 0.006 
 51       51    (0)    1 :  0.046 0.947 0.007 
 52       52    (0)    1 :  0.014 0.973 0.013 
 53       53    (0)    1 :  0.242 0.180 0.578 
 54       54    (0)    1 :  0.022 0.966 0.012 
 55       55    (0)    1 :  0.775 0.210 0.014 
 56       56    (0)    1 :  0.932 0.060 0.008 
 57       57    (0)    1 :  0.860 0.129 0.011 
 58       58    (0)    1 :  0.006 0.007 0.987 
 59       59    (0)    1 :  0.032 0.014 0.953 
 60       60    (0)    1 :  0.040 0.950 0.010 
 61       61    (0)    1 :  0.019 0.975 0.006 
 62       62    (0)    1 :  0.462 0.528 0.010 
 63       63    (0)    1 :  0.881 0.114 0.005 
 64       64    (0)    1 :  0.065 0.911 0.024 
 65       65    (0)    1 :  0.010 0.007 0.983 
 66       66    (0)    1 :  0.020 0.015 0.965 
 67       67    (0)    1 :  0.015 0.056 0.929 
 68       68    (0)    1 :  0.101 0.882 0.017 
 69       69    (0)    1 :  0.747 0.245 0.008 
 70       70    (0)    1 :  0.344 0.650 0.006 
 71       71    (0)    1 :  0.576 0.410 0.014 
 72       72    (0)    1 :  0.548 0.424 0.028 
 73       73    (0)    1 :  0.009 0.011 0.980 
 74       74    (0)    1 :  0.737 0.223 0.040 
 75       75    (0)    1 :  0.042 0.953 0.005 
 76       76    (0)    1 :  0.007 0.007 0.986 
 77       77    (0)    1 :  0.009 0.009 0.982 
 78       78    (0)    1 :  0.016 0.968 0.017 
 79       79    (0)    1 :  0.010 0.016 0.973 
 80       80    (0)    1 :  0.022 0.951 0.027 
 81       81    (0)    1 :  0.899 0.096 0.005 
 82       82    (0)    1 :  0.046 0.949 0.005 
 83       83    (0)    1 :  0.035 0.953 0.012 
 84       84    (0)    1 :  0.009 0.007 0.984 
 85       85    (0)    1 :  0.472 0.235 0.292 
 86       86    (0)    1 :  0.449 0.536 0.015 
 87       87    (0)    1 :  0.860 0.131 0.009 
 88       88    (0)    1 :  0.154 0.824 0.022 
 89       89    (0)    1 :  0.720 0.262 0.018 
 90       90    (0)    1 :  0.648 0.340 0.012 
 91       91    (0)    1 :  0.869 0.114 0.017 
 92       92    (0)    1 :  0.207 0.782 0.011 
 93       93    (0)    1 :  0.906 0.086 0.008 
 94       94    (0)    1 :  0.753 0.235 0.012 
 95       95    (0)    1 :  0.671 0.302 0.027 
 96       96    (0)    1 :  0.022 0.931 0.047 
 97       97    (0)    1 :  0.036 0.953 0.012 
 98       98    (0)    1 :  0.021 0.021 0.958 
 99       99    (0)    1 :  0.485 0.438 0.076 
100      100    (0)    1 :  0.625 0.293 0.082 
101      101    (0)    1 :  0.947 0.033 0.020 
102      102    (0)    1 :  0.061 0.934 0.005 
103      103    (0)    1 :  0.485 0.458 0.057 
104      104    (0)    1 :  0.469 0.421 0.110 
105      105    (0)    1 :  0.893 0.094 0.014 
106      106    (0)    1 :  0.018 0.017 0.965 
107      107    (0)    1 :  0.037 0.908 0.055 
108      108    (0)    1 :  0.816 0.174 0.010 
109      109    (0)    1 :  0.042 0.939 0.019 
110      110    (0)    1 :  0.674 0.315 0.011 
111      111    (0)    1 :  0.203 0.284 0.513 
112      112    (0)    1 :  0.664 0.328 0.008 
113      113    (0)    1 :  0.789 0.191 0.020 
114      114    (0)    1 :  0.100 0.855 0.045 
115      115    (0)    1 :  0.876 0.116 0.009 
116      116    (0)    1 :  0.921 0.070 0.008 
117      117    (0)    1 :  0.935 0.060 0.005 
118      118    (0)    1 :  0.814 0.163 0.023 
119      119    (0)    1 :  0.963 0.030 0.007 
120      120    (0)    1 :  0.936 0.032 0.032 
121      121    (0)    1 :  0.941 0.049 0.010 
122      122    (0)    1 :  0.780 0.210 0.010 
123      123    (0)    1 :  0.724 0.265 0.012 
124      124    (0)    1 :  0.899 0.062 0.038 
125      125    (0)    1 :  0.963 0.029 0.008 
126      126    (0)    1 :  0.971 0.021 0.008 
127      127    (0)    1 :  0.935 0.060 0.005 
128      128    (0)    1 :  0.647 0.335 0.018 
129      129    (0)    1 :  0.613 0.375 0.012 
130      130    (0)    1 :  0.738 0.252 0.010 
131      131    (0)    1 :  0.846 0.148 0.006 
132      132    (0)    1 :  0.527 0.441 0.032 
133      133    (0)    1 :  0.960 0.029 0.010 
134      134    (0)    1 :  0.916 0.062 0.021 
135      135    (0)    1 :  0.779 0.214 0.007 
136      136    (0)    1 :  0.860 0.131 0.009 
137      137    (0)    1 :  0.875 0.111 0.014 
138      138    (0)    1 :  0.342 0.649 0.009 
139      139    (0)    1 :  0.954 0.039 0.007 
140      140    (0)    1 :  0.806 0.187 0.007 
141      141    (0)    1 :  0.902 0.089 0.009 
142      142    (0)    1 :  0.922 0.069 0.008 
143      143    (0)    1 :  0.688 0.277 0.035 
144      144    (0)    1 :  0.873 0.121 0.005 
145      145    (0)    1 :  0.946 0.048 0.006 
146      146    (0)    1 :  0.275 0.718 0.007 
147      147    (0)    1 :  0.930 0.061 0.008 
148      148    (0)    1 :  0.835 0.154 0.011 
149      149    (0)    1 :  0.954 0.042 0.005 
150      150    (5)    1 :  0.508 0.477 0.015 
151      151    (0)    1 :  0.780 0.205 0.015 
152      152    (0)    1 :  0.862 0.132 0.005 
153      153    (0)    1 :  0.586 0.393 0.022 
154      154    (0)    1 :  0.850 0.131 0.018 
155      155    (0)    1 :  0.753 0.085 0.162 
156      156    (5)    1 :  0.914 0.076 0.010 
157      157    (0)    1 :  0.966 0.023 0.011 
158      158    (0)    1 :  0.571 0.325 0.104 
159      159    (0)    1 :  0.334 0.474 0.192 
160      160    (0)    1 :  0.397 0.552 0.051 
161      161    (0)    1 :  0.824 0.166 0.010 
162      162    (0)    1 :  0.855 0.136 0.009 
163      163    (0)    1 :  0.862 0.128 0.010 
164      164    (0)    1 :  0.280 0.694 0.027 
165      165    (0)    1 :  0.295 0.665 0.040 
166      166    (0)    1 :  0.585 0.409 0.005 
167      167    (0)    1 :  0.868 0.118 0.014 
168      168    (0)    1 :  0.879 0.114 0.006 
169      169    (0)    1 :  0.282 0.644 0.074 
170      170    (0)    1 :  0.458 0.535 0.007 
171      171    (0)    1 :  0.880 0.113 0.007 
172      172    (0)    1 :  0.854 0.134 0.012 


Estimated Allele Frequencies in each cluster
First column gives estimated ancestral frequencies


Locus 1 : 
2 alleles
0.0% missing data
 191   (0.958) 0.975 0.995 0.998 
 185   (0.042) 0.025 0.005 0.002 

Locus 2 : 
2 alleles
0.0% missing data
 124   (0.807) 0.762 0.935 0.754 
 114   (0.193) 0.238 0.065 0.246 

Locus 3 : 
3 alleles
0.0% missing data
 100   (0.344) 0.308 0.576 0.022 
 104   (0.574) 0.575 0.404 0.974 
  98   (0.082) 0.117 0.021 0.004 

Locus 4 : 
3 alleles
0.0% missing data
 163   (0.039) 0.002 0.003 0.411 
 134   (0.410) 0.419 0.377 0.304 
 161   (0.551) 0.579 0.620 0.286 

Locus 5 : 
2 alleles
0.0% missing data
 152   (0.945) 0.957 0.987 0.997 
 148   (0.055) 0.043 0.013 0.003 

Locus 6 : 
3 alleles
0.0% missing data
 202   (0.521) 0.460 0.633 0.634 
 200   (0.376) 0.424 0.316 0.358 
 194   (0.103) 0.117 0.051 0.008 

Locus 7 : 
2 alleles
0.0% missing data
 186   (0.813) 0.760 0.842 0.990 
 188   (0.187) 0.240 0.158 0.010 

Locus 8 : 
3 alleles
0.0% missing data
 200   (0.916) 0.985 0.984 0.588 
 228   (0.042) 0.003 0.004 0.409 
 220   (0.043) 0.012 0.012 0.003 

Locus 9 : 
16 alleles
0.6% missing data
 137   (0.206) 0.668 0.425 0.013 
 167   (0.096) 0.049 0.065 0.205 
 155   (0.068) 0.029 0.124 0.005 
 169   (0.041) 0.015 0.030 0.004 
 165   (0.052) 0.018 0.010 0.314 
 153   (0.065) 0.007 0.105 0.169 
 159   (0.086) 0.061 0.044 0.151 
 157   (0.038) 0.005 0.034 0.002 
 139   (0.064) 0.020 0.024 0.063 
 129   (0.082) 0.071 0.095 0.011 
 163   (0.035) 0.002 0.010 0.017 
 151   (0.044) 0.018 0.019 0.003 
 133   (0.025) 0.006 0.003 0.001 
 161   (0.041) 0.019 0.006 0.017 
 135   (0.034) 0.005 0.003 0.026 
 171   (0.024) 0.006 0.003 0.001 

Locus 10 : 
4 alleles
0.0% missing data
 108   (0.136) 0.133 0.112 0.012 
 118   (0.598) 0.683 0.706 0.509 
 112   (0.231) 0.171 0.178 0.477 
 116   (0.036) 0.013 0.004 0.002 

Locus 11 : 
4 alleles
0.6% missing data
 109   (0.797) 0.967 0.800 0.705 
 111   (0.127) 0.017 0.180 0.291 
 105   (0.044) 0.011 0.014 0.003 
 103   (0.032) 0.005 0.005 0.002 

Locus 12 : 
4 alleles
1.2% missing data
 171   (0.333) 0.326 0.479 0.079 
 181   (0.447) 0.566 0.428 0.357 
 179   (0.126) 0.035 0.078 0.393 
 177   (0.094) 0.074 0.016 0.170 

Locus 13 : 
2 alleles
0.0% missing data
 139   (0.179) 0.075 0.110 0.581 
 149   (0.821) 0.925 0.890 0.419 

Locus 14 : 
2 alleles
0.0% missing data
 161   (0.890) 0.990 0.847 0.784 
 171   (0.110) 0.010 0.153 0.216 

Locus 15 : 
2 alleles
0.0% missing data
 133   (0.317) 0.309 0.441 0.028 
 145   (0.683) 0.691 0.559 0.972 

Locus 16 : 
3 alleles
0.0% missing data
 156   (0.464) 0.599 0.474 0.279 
 157   (0.322) 0.228 0.330 0.629 
 169   (0.214) 0.173 0.196 0.091 

Locus 17 : 
2 alleles
0.0% missing data
 123   (0.906) 0.974 0.869 0.994 
 119   (0.094) 0.026 0.131 0.006 

Values of parameters used in structure:
DATAFILE=/home/martin/bottleneck/structure_analysis/structure_4/data_job_T3_5,	OUTFILE=/home/martin/bottleneck/structure_analysis/structure_4/structure_results/saimaa_ringed_seal/results_job_T3_5,	NUMINDS=172,	NUMLOCI=17,	MISSING=-9,	LABEL=1,	POPDATA=1,	POPFLAG=0,	PHENOTYPE=0,	EXTRACOLS=0,	MAXPOPS=3,	BURNIN=10000,	NUMREPS=100000,	USEPOPINFO=0,	INFERALPHA=1,	INFERLAMBDA=0,	POPSPECIFICLAMBDA=0,	POPALPHAS=0,	COMPUTEPROB=1,	NOADMIX=0,	ADMBURNIN=2500,	UPDATEFREQ=1,	PRINTLIKES=0,	INTERMEDSAVE=0,	PRINTKLD=0,	PRINTNET=0,	PRINTLAMBDA=0,	ANCESTDIST=0,	NUMBOXES=1000,	ANCESTPINT=0.90000,	GENSBACK=2,	MIGRPRIOR=0.05000,	PRINTQHAT=1,	PRINTQSUM=0,	ALPHA=1.0000,	FREQSCORR=1,	FPRIORMEAN=0.0100,	FPRIORSD=0.0500,	ONEFST=0,	LAMBDA=1.0000,	UNIFPRIORALPHA=1,	ALPHAMAX=10.0000,	ALPHAPRIORA=1.0000,	ALPHAPRIORB=2.0000,	ALPHAPROPSD=0.0250,	STARTATPOPINFO=0,	RANDOMIZE=1,	LINKAGE=0,	METROFREQ=10,	REPORTHITRATE=0,	MARKOVPHASE=-1,	PHASED=0,	PLOIDY=2,	PHASEINFO=0	LOCPRIOR=0, 	LOCPRIORINIT=1.000000, 	LOCDATA=0, 	LOCISPOP=0, 	LOCPRIORSTEP=0.100000, 	MAXLOCPRIOR=20.000000, 	SEED=1470658068,	
[STRAT parameters]:    NUMSIMSTATS=1000,	PHENOTYPECOL=-9,	POOLFREQ=10,	LOCUSxONLY=0,	EMERROR=0.00100,	MISSINGPHENO=-9,	