

----------------------------------------------------
STRUCTURE by Pritchard, Stephens and Donnelly (2000)
     and Falush, Stephens and Pritchard (2003)
       Code by Pritchard, Falush and Hubisz
             Version 2.3.4 (Jul 2012)
----------------------------------------------------



Command line arguments:   /usr/local/bin/structure -m parameter_job_T9_4 
Input File:    /home/martin/bottleneck/structure_analysis/structure_4/data_job_T9_4

Run parameters:
   172 individuals
   17 loci
   9 populations assumed
   10000 Burn-in period
   100000 Reps


--------------------------------------------
Proportion of membership of each pre-defined
 population in each of the 9 clusters

Given    Inferred Clusters                                                 Number of
 Pop       1      2      3      4      5      6      7      8      9      Individuals

  1:     0.139  0.107  0.116  0.103  0.106  0.097  0.108  0.120  0.104      172
--------------------------------------------

Allele-freq. divergence among pops (Net nucleotide distance),
computed using point estimates of P.

      1       2       3       4       5       6       7       8       9      
 1      -    0.0930  0.1049  0.0927  0.0961  0.0824  0.0938  0.1121  0.0913  
 2   0.0930     -    0.0113  0.0045  0.0052  0.0023  0.0012  0.0167  0.0109  
 3   0.1049  0.0113     -    0.0070  0.0060  0.0067  0.0082  0.0023  0.0070  
 4   0.0927  0.0045  0.0070     -    0.0009  0.0016  0.0012  0.0144  0.0022  
 5   0.0961  0.0052  0.0060  0.0009     -    0.0025  0.0019  0.0144  0.0025  
 6   0.0824  0.0023  0.0067  0.0016  0.0025     -    0.0010  0.0124  0.0049  
 7   0.0938  0.0012  0.0082  0.0012  0.0019  0.0010     -    0.0147  0.0057  
 8   0.1121  0.0167  0.0023  0.0144  0.0144  0.0124  0.0147     -    0.0153  
 9   0.0913  0.0109  0.0070  0.0022  0.0025  0.0049  0.0057  0.0153     -    

Average distances (expected heterozygosity) between individuals in same cluster:
cluster  1  : 0.3414 
cluster  2  : 0.3315 
cluster  3  : 0.3416 
cluster  4  : 0.3266 
cluster  5  : 0.3305 
cluster  6  : 0.3503 
cluster  7  : 0.3296 
cluster  8  : 0.3319 
cluster  9  : 0.3375 

--------------------------------------------
Estimated Ln Prob of Data   = -3783.8
Mean value of ln likelihood = -3181.4
Variance of ln likelihood   = 1204.7
Mean value of alpha         = 0.0437

Mean value of Fst_1         = 0.3323
Mean value of Fst_2         = 0.1170
Mean value of Fst_3         = 0.1668
Mean value of Fst_4         = 0.1413
Mean value of Fst_5         = 0.1561
Mean value of Fst_6         = 0.0359
Mean value of Fst_7         = 0.1386
Mean value of Fst_8         = 0.1650
Mean value of Fst_9         = 0.1525


Inferred ancestry of individuals:
        Label (%Miss) Pop:  Inferred clusters
  1        1    (0)    1 :  0.392 0.049 0.091 0.086 0.082 0.057 0.063 0.064 0.115 
  2        2    (0)    1 :  0.271 0.083 0.084 0.101 0.088 0.119 0.077 0.060 0.117 
  3        3    (0)    1 :  0.006 0.048 0.085 0.172 0.090 0.061 0.105 0.062 0.371 
  4        4    (0)    1 :  0.015 0.046 0.061 0.183 0.084 0.065 0.099 0.044 0.402 
  5        5    (0)    1 :  0.032 0.042 0.057 0.174 0.080 0.071 0.103 0.037 0.405 
  6        6    (0)    1 :  0.035 0.068 0.040 0.164 0.082 0.125 0.102 0.053 0.330 
  7        7    (0)    1 :  0.009 0.053 0.053 0.181 0.083 0.066 0.109 0.048 0.397 
  8        8    (0)    1 :  0.007 0.049 0.161 0.145 0.250 0.031 0.099 0.016 0.242 
  9        9    (0)    1 :  0.089 0.044 0.099 0.126 0.100 0.076 0.100 0.062 0.304 
 10       10    (0)    1 :  0.019 0.086 0.075 0.162 0.102 0.159 0.121 0.057 0.219 
 11       11    (0)    1 :  0.037 0.048 0.168 0.113 0.214 0.063 0.098 0.025 0.235 
 12       12    (0)    1 :  0.030 0.036 0.192 0.118 0.207 0.039 0.088 0.054 0.236 
 13       13    (0)    1 :  0.168 0.047 0.134 0.119 0.132 0.085 0.074 0.040 0.202 
 14       14    (0)    1 :  0.009 0.091 0.089 0.181 0.136 0.112 0.147 0.104 0.132 
 15       15    (5)    1 :  0.024 0.049 0.154 0.141 0.125 0.062 0.095 0.139 0.212 
 16       16    (0)    1 :  0.940 0.007 0.007 0.008 0.007 0.008 0.007 0.007 0.008 
 17       17    (0)    1 :  0.008 0.012 0.362 0.013 0.017 0.015 0.015 0.506 0.052 
 18       18    (0)    1 :  0.962 0.005 0.004 0.005 0.005 0.005 0.005 0.004 0.005 
 19       19    (0)    1 :  0.009 0.034 0.314 0.034 0.050 0.031 0.034 0.411 0.082 
 20       20    (0)    1 :  0.947 0.007 0.006 0.007 0.007 0.007 0.007 0.005 0.006 
 21       21    (0)    1 :  0.893 0.017 0.012 0.012 0.013 0.014 0.015 0.014 0.010 
 22       22    (0)    1 :  0.013 0.129 0.095 0.146 0.150 0.174 0.117 0.054 0.121 
 23       23    (0)    1 :  0.012 0.052 0.249 0.048 0.109 0.077 0.052 0.329 0.072 
 24       24    (0)    1 :  0.030 0.079 0.190 0.089 0.092 0.128 0.069 0.233 0.089 
 25       25    (0)    1 :  0.114 0.084 0.102 0.084 0.103 0.213 0.096 0.078 0.126 
 26       26    (0)    1 :  0.020 0.087 0.171 0.123 0.103 0.109 0.087 0.211 0.089 
 27       27    (0)    1 :  0.008 0.119 0.173 0.091 0.117 0.141 0.099 0.184 0.070 
 28       28    (0)    1 :  0.917 0.010 0.010 0.011 0.010 0.011 0.011 0.010 0.010 
 29       29    (0)    1 :  0.007 0.116 0.244 0.060 0.116 0.053 0.080 0.265 0.058 
 30       30    (0)    1 :  0.921 0.008 0.010 0.010 0.009 0.011 0.009 0.010 0.012 
 31       31    (0)    1 :  0.020 0.127 0.089 0.115 0.110 0.219 0.110 0.079 0.130 
 32       32    (0)    1 :  0.872 0.016 0.013 0.018 0.018 0.018 0.016 0.009 0.020 
 33       33    (0)    1 :  0.007 0.088 0.133 0.130 0.154 0.093 0.103 0.095 0.196 
 34       34    (0)    1 :  0.005 0.049 0.301 0.028 0.082 0.039 0.048 0.392 0.058 
 35       35    (0)    1 :  0.015 0.036 0.031 0.202 0.127 0.099 0.115 0.036 0.339 
 36       36    (0)    1 :  0.006 0.163 0.185 0.081 0.106 0.105 0.111 0.177 0.065 
 37       37    (0)    1 :  0.907 0.010 0.012 0.013 0.012 0.012 0.011 0.009 0.013 
 38       38    (0)    1 :  0.006 0.122 0.084 0.196 0.143 0.128 0.179 0.059 0.081 
 39       39    (0)    1 :  0.003 0.010 0.365 0.010 0.012 0.010 0.010 0.529 0.051 
 40       40    (0)    1 :  0.009 0.134 0.147 0.089 0.119 0.173 0.080 0.162 0.086 
 41       41    (5)    1 :  0.010 0.106 0.098 0.166 0.122 0.150 0.134 0.104 0.110 
 42       42    (0)    1 :  0.957 0.006 0.004 0.006 0.005 0.006 0.005 0.005 0.005 
 43       43    (0)    1 :  0.066 0.104 0.108 0.095 0.116 0.174 0.110 0.142 0.085 
 44       44    (0)    1 :  0.007 0.056 0.254 0.072 0.055 0.057 0.061 0.359 0.078 
 45       45    (0)    1 :  0.005 0.081 0.129 0.155 0.142 0.084 0.127 0.101 0.176 
 46       46    (0)    1 :  0.007 0.023 0.337 0.023 0.023 0.034 0.023 0.477 0.053 
 47       47    (0)    1 :  0.009 0.129 0.088 0.134 0.098 0.314 0.111 0.052 0.065 
 48       48    (0)    1 :  0.899 0.013 0.011 0.014 0.013 0.014 0.013 0.009 0.013 
 49       49    (0)    1 :  0.004 0.017 0.317 0.013 0.075 0.020 0.020 0.479 0.056 
 50       50    (0)    1 :  0.006 0.033 0.293 0.034 0.045 0.037 0.053 0.401 0.099 
 51       51    (0)    1 :  0.005 0.020 0.330 0.030 0.025 0.036 0.029 0.465 0.060 
 52       52    (0)    1 :  0.010 0.026 0.297 0.019 0.083 0.029 0.025 0.455 0.056 
 53       53    (0)    1 :  0.476 0.062 0.055 0.065 0.071 0.095 0.067 0.044 0.065 
 54       54    (0)    1 :  0.013 0.022 0.285 0.030 0.045 0.034 0.049 0.434 0.089 
 55       55    (0)    1 :  0.008 0.106 0.070 0.156 0.105 0.241 0.124 0.055 0.136 
 56       56    (0)    1 :  0.005 0.077 0.066 0.213 0.153 0.123 0.158 0.044 0.161 
 57       57    (0)    1 :  0.009 0.123 0.086 0.169 0.142 0.137 0.169 0.088 0.078 
 58       58    (0)    1 :  0.954 0.006 0.005 0.006 0.005 0.006 0.006 0.005 0.006 
 59       59    (0)    1 :  0.827 0.047 0.013 0.011 0.016 0.032 0.033 0.011 0.010 
 60       60    (0)    1 :  0.010 0.038 0.281 0.046 0.053 0.050 0.045 0.401 0.077 
 61       61    (0)    1 :  0.004 0.012 0.353 0.017 0.017 0.012 0.015 0.517 0.053 
 62       62    (0)    1 :  0.007 0.083 0.093 0.148 0.110 0.142 0.116 0.103 0.196 
 63       63    (0)    1 :  0.004 0.158 0.096 0.154 0.130 0.103 0.162 0.123 0.069 
 64       64    (0)    1 :  0.020 0.049 0.187 0.100 0.188 0.051 0.077 0.116 0.212 
 65       65    (0)    1 :  0.913 0.012 0.009 0.011 0.010 0.016 0.011 0.008 0.010 
 66       66    (0)    1 :  0.877 0.018 0.013 0.015 0.016 0.018 0.017 0.012 0.014 
 67       67    (0)    1 :  0.789 0.018 0.034 0.023 0.019 0.038 0.018 0.035 0.026 
 68       68    (0)    1 :  0.019 0.060 0.179 0.107 0.096 0.107 0.082 0.212 0.136 
 69       69    (0)    1 :  0.006 0.101 0.078 0.208 0.152 0.107 0.176 0.072 0.100 
 70       70    (0)    1 :  0.005 0.148 0.126 0.115 0.136 0.148 0.122 0.113 0.087 
 71       71    (0)    1 :  0.008 0.056 0.038 0.200 0.124 0.086 0.103 0.052 0.334 
 72       72    (0)    1 :  0.018 0.108 0.101 0.192 0.131 0.137 0.143 0.073 0.098 
 73       73    (0)    1 :  0.927 0.008 0.008 0.010 0.008 0.010 0.009 0.009 0.011 
 74       74    (0)    1 :  0.027 0.089 0.134 0.146 0.191 0.107 0.112 0.042 0.152 
 75       75    (0)    1 :  0.004 0.066 0.299 0.035 0.063 0.057 0.051 0.367 0.058 
 76       76    (0)    1 :  0.951 0.006 0.006 0.006 0.006 0.007 0.006 0.007 0.005 
 77       77    (0)    1 :  0.936 0.008 0.007 0.008 0.009 0.009 0.009 0.007 0.008 
 78       78    (0)    1 :  0.014 0.016 0.328 0.021 0.030 0.028 0.022 0.485 0.056 
 79       79    (0)    1 :  0.910 0.011 0.013 0.010 0.011 0.012 0.010 0.015 0.009 
 80       80    (0)    1 :  0.032 0.033 0.211 0.075 0.140 0.063 0.054 0.235 0.156 
 81       81    (0)    1 :  0.004 0.121 0.083 0.204 0.148 0.113 0.186 0.067 0.073 
 82       82    (0)    1 :  0.004 0.032 0.309 0.036 0.062 0.037 0.034 0.416 0.071 
 83       83    (0)    1 :  0.013 0.032 0.248 0.036 0.054 0.061 0.052 0.385 0.120 
 84       84    (0)    1 :  0.940 0.007 0.007 0.008 0.008 0.008 0.007 0.006 0.008 
 85       85    (0)    1 :  0.166 0.123 0.079 0.103 0.080 0.208 0.102 0.075 0.063 
 86       86    (0)    1 :  0.011 0.171 0.113 0.107 0.116 0.209 0.120 0.080 0.072 
 87       87    (0)    1 :  0.006 0.229 0.085 0.142 0.121 0.120 0.188 0.065 0.044 
 88       88    (0)    1 :  0.015 0.138 0.111 0.089 0.130 0.168 0.127 0.151 0.071 
 89       89    (0)    1 :  0.013 0.137 0.064 0.151 0.137 0.116 0.154 0.066 0.163 
 90       90    (0)    1 :  0.009 0.088 0.143 0.139 0.161 0.093 0.114 0.089 0.163 
 91       91    (0)    1 :  0.013 0.163 0.095 0.142 0.121 0.171 0.159 0.079 0.059 
 92       92    (0)    1 :  0.007 0.132 0.179 0.117 0.125 0.115 0.128 0.153 0.043 
 93       93    (0)    1 :  0.005 0.075 0.060 0.224 0.154 0.115 0.189 0.042 0.137 
 94       94    (0)    1 :  0.006 0.040 0.180 0.136 0.260 0.017 0.093 0.012 0.256 
 95       95    (0)    1 :  0.012 0.191 0.085 0.101 0.085 0.273 0.126 0.073 0.054 
 96       96    (0)    1 :  0.043 0.030 0.300 0.025 0.053 0.037 0.031 0.430 0.051 
 97       97    (0)    1 :  0.011 0.079 0.197 0.077 0.095 0.094 0.066 0.283 0.097 
 98       98    (0)    1 :  0.853 0.020 0.016 0.018 0.019 0.022 0.017 0.018 0.016 
 99       99    (0)    1 :  0.026 0.055 0.161 0.119 0.220 0.078 0.093 0.026 0.221 
100      100    (0)    1 :  0.035 0.087 0.055 0.165 0.108 0.136 0.110 0.068 0.236 
101      101    (0)    1 :  0.009 0.077 0.056 0.207 0.140 0.135 0.165 0.037 0.174 
102      102    (0)    1 :  0.005 0.038 0.299 0.051 0.047 0.039 0.047 0.409 0.066 
103      103    (0)    1 :  0.029 0.088 0.086 0.121 0.087 0.213 0.115 0.087 0.174 
104      104    (0)    1 :  0.026 0.029 0.031 0.200 0.124 0.086 0.106 0.034 0.363 
105      105    (0)    1 :  0.010 0.105 0.076 0.182 0.126 0.136 0.142 0.068 0.155 
106      106    (0)    1 :  0.872 0.013 0.013 0.018 0.016 0.017 0.015 0.015 0.021 
107      107    (0)    1 :  0.059 0.076 0.149 0.092 0.132 0.141 0.069 0.163 0.118 
108      108    (0)    1 :  0.006 0.062 0.137 0.141 0.209 0.114 0.098 0.027 0.206 
109      109    (0)    1 :  0.014 0.059 0.226 0.059 0.094 0.077 0.063 0.340 0.068 
110      110    (0)    1 :  0.006 0.148 0.102 0.170 0.129 0.120 0.204 0.070 0.052 
111      111    (0)    1 :  0.409 0.104 0.059 0.079 0.061 0.126 0.076 0.039 0.047 
112      112    (0)    1 :  0.006 0.115 0.093 0.192 0.146 0.140 0.141 0.065 0.103 
113      113    (0)    1 :  0.014 0.218 0.069 0.104 0.102 0.184 0.161 0.073 0.075 
114      114    (0)    1 :  0.057 0.087 0.159 0.109 0.085 0.128 0.078 0.193 0.103 
115      115    (0)    1 :  0.007 0.136 0.084 0.174 0.150 0.092 0.148 0.075 0.136 
116      116    (0)    1 :  0.006 0.229 0.086 0.108 0.141 0.069 0.204 0.126 0.032 
117      117    (0)    1 :  0.004 0.050 0.161 0.134 0.227 0.071 0.122 0.027 0.204 
118      118    (0)    1 :  0.011 0.094 0.067 0.122 0.075 0.338 0.094 0.053 0.146 
119      119    (0)    1 :  0.006 0.201 0.067 0.139 0.129 0.102 0.192 0.085 0.080 
120      120    (0)    1 :  0.020 0.191 0.080 0.139 0.131 0.088 0.172 0.133 0.046 
121      121    (0)    1 :  0.008 0.115 0.086 0.189 0.153 0.116 0.137 0.055 0.140 
122      122    (0)    1 :  0.007 0.186 0.075 0.148 0.127 0.117 0.174 0.085 0.081 
123      123    (0)    1 :  0.008 0.216 0.079 0.141 0.124 0.105 0.162 0.104 0.062 
124      124    (0)    1 :  0.024 0.251 0.063 0.097 0.097 0.157 0.173 0.066 0.073 
125      125    (0)    1 :  0.006 0.091 0.123 0.150 0.198 0.106 0.119 0.040 0.167 
126      126    (0)    1 :  0.006 0.091 0.078 0.186 0.179 0.095 0.152 0.034 0.178 
127      127    (0)    1 :  0.004 0.040 0.179 0.142 0.267 0.015 0.110 0.020 0.224 
128      128    (0)    1 :  0.009 0.168 0.082 0.087 0.119 0.289 0.105 0.074 0.066 
129      129    (0)    1 :  0.007 0.178 0.090 0.160 0.123 0.112 0.161 0.080 0.088 
130      130    (0)    1 :  0.010 0.107 0.124 0.143 0.171 0.110 0.122 0.081 0.131 
131      131    (0)    1 :  0.006 0.091 0.156 0.111 0.136 0.133 0.112 0.160 0.094 
132      132    (0)    1 :  0.013 0.048 0.169 0.122 0.236 0.061 0.094 0.022 0.235 
133      133    (0)    1 :  0.008 0.193 0.071 0.097 0.114 0.207 0.158 0.098 0.053 
134      134    (0)    1 :  0.012 0.161 0.073 0.137 0.123 0.142 0.153 0.138 0.062 
135      135    (0)    1 :  0.006 0.208 0.079 0.136 0.125 0.110 0.181 0.090 0.066 
136      136    (0)    1 :  0.006 0.158 0.104 0.146 0.144 0.082 0.157 0.141 0.060 
137      137    (0)    1 :  0.010 0.410 0.052 0.022 0.090 0.117 0.263 0.022 0.014 
138      138    (0)    1 :  0.007 0.122 0.157 0.097 0.116 0.141 0.107 0.170 0.083 
139      139    (0)    1 :  0.006 0.062 0.152 0.151 0.246 0.033 0.123 0.028 0.199 
140      140    (0)    1 :  0.005 0.257 0.074 0.091 0.125 0.097 0.203 0.110 0.039 
141      141    (0)    1 :  0.008 0.160 0.091 0.133 0.158 0.113 0.146 0.091 0.101 
142      142    (0)    1 :  0.008 0.132 0.079 0.181 0.147 0.110 0.154 0.063 0.126 
143      143    (0)    1 :  0.023 0.107 0.073 0.156 0.127 0.134 0.138 0.060 0.182 
144      144    (0)    1 :  0.004 0.109 0.121 0.141 0.194 0.080 0.127 0.081 0.143 
145      145    (0)    1 :  0.005 0.128 0.099 0.166 0.146 0.101 0.143 0.102 0.110 
146      146    (0)    1 :  0.006 0.143 0.166 0.136 0.109 0.099 0.108 0.160 0.074 
147      147    (0)    1 :  0.007 0.185 0.081 0.160 0.134 0.094 0.184 0.095 0.062 
148      148    (0)    1 :  0.010 0.193 0.079 0.144 0.150 0.093 0.167 0.094 0.069 
149      149    (0)    1 :  0.003 0.052 0.165 0.146 0.233 0.032 0.124 0.027 0.217 
150      150    (5)    1 :  0.012 0.126 0.122 0.140 0.117 0.103 0.139 0.138 0.102 
151      151    (0)    1 :  0.010 0.177 0.091 0.121 0.122 0.122 0.167 0.138 0.052 
152      152    (0)    1 :  0.004 0.169 0.092 0.159 0.144 0.123 0.167 0.069 0.074 
153      153    (0)    1 :  0.012 0.256 0.081 0.107 0.102 0.127 0.182 0.070 0.064 
154      154    (0)    1 :  0.012 0.297 0.071 0.087 0.111 0.133 0.190 0.051 0.047 
155      155    (0)    1 :  0.045 0.162 0.069 0.110 0.113 0.222 0.134 0.095 0.051 
156      156    (5)    1 :  0.007 0.242 0.077 0.118 0.136 0.066 0.202 0.124 0.028 
157      157    (0)    1 :  0.011 0.164 0.096 0.147 0.148 0.083 0.169 0.095 0.087 
158      158    (0)    1 :  0.064 0.133 0.086 0.112 0.089 0.248 0.097 0.071 0.101 
159      159    (0)    1 :  0.060 0.183 0.108 0.122 0.119 0.149 0.111 0.088 0.060 
160      160    (0)    1 :  0.025 0.190 0.118 0.128 0.115 0.151 0.119 0.093 0.061 
161      161    (0)    1 :  0.007 0.419 0.058 0.018 0.081 0.119 0.266 0.017 0.015 
162      162    (0)    1 :  0.006 0.382 0.069 0.039 0.084 0.126 0.247 0.026 0.021 
163      163    (0)    1 :  0.007 0.428 0.055 0.017 0.087 0.111 0.272 0.012 0.011 
164      164    (0)    1 :  0.021 0.138 0.113 0.129 0.123 0.095 0.134 0.151 0.096 
165      165    (0)    1 :  0.021 0.194 0.091 0.114 0.130 0.114 0.160 0.132 0.044 
166      166    (0)    1 :  0.005 0.154 0.102 0.116 0.094 0.173 0.129 0.111 0.116 
167      167    (0)    1 :  0.010 0.205 0.080 0.140 0.132 0.081 0.188 0.104 0.059 
168      168    (0)    1 :  0.006 0.360 0.062 0.043 0.101 0.131 0.242 0.029 0.027 
169      169    (0)    1 :  0.038 0.239 0.126 0.044 0.091 0.143 0.166 0.120 0.034 
170      170    (0)    1 :  0.005 0.167 0.101 0.123 0.134 0.093 0.163 0.138 0.075 
171      171    (0)    1 :  0.005 0.407 0.060 0.027 0.087 0.116 0.261 0.019 0.016 
172      172    (0)    1 :  0.008 0.179 0.089 0.139 0.139 0.083 0.180 0.126 0.057 


Estimated Allele Frequencies in each cluster
First column gives estimated ancestral frequencies


Locus 1 : 
2 alleles
0.0% missing data
 191   (0.977) 0.999 0.990 0.981 0.984 0.974 0.981 0.985 0.993 0.977 
 185   (0.023) 0.001 0.010 0.019 0.016 0.026 0.019 0.015 0.007 0.023 

Locus 2 : 
2 alleles
0.0% missing data
 124   (0.818) 0.756 0.855 0.863 0.802 0.786 0.832 0.828 0.911 0.782 
 114   (0.182) 0.244 0.145 0.137 0.198 0.214 0.168 0.172 0.089 0.218 

Locus 3 : 
3 alleles
0.0% missing data
 100   (0.340) 0.017 0.289 0.580 0.327 0.409 0.307 0.313 0.604 0.414 
 104   (0.570) 0.979 0.628 0.369 0.572 0.504 0.589 0.590 0.357 0.521 
  98   (0.090) 0.004 0.083 0.051 0.101 0.087 0.104 0.097 0.039 0.065 

Locus 4 : 
3 alleles
0.0% missing data
 163   (0.017) 0.461 0.006 0.004 0.005 0.004 0.013 0.004 0.003 0.005 
 134   (0.420) 0.284 0.496 0.361 0.398 0.385 0.423 0.440 0.378 0.332 
 161   (0.563) 0.255 0.498 0.635 0.597 0.611 0.564 0.556 0.619 0.663 

Locus 5 : 
2 alleles
0.0% missing data
 152   (0.977) 0.999 0.914 0.986 0.994 0.981 0.965 0.947 0.995 0.995 
 148   (0.023) 0.001 0.086 0.014 0.006 0.019 0.035 0.053 0.005 0.005 

Locus 6 : 
3 alleles
0.0% missing data
 202   (0.526) 0.655 0.546 0.595 0.462 0.441 0.508 0.496 0.744 0.432 
 200   (0.390) 0.340 0.309 0.345 0.455 0.476 0.388 0.379 0.211 0.522 
 194   (0.084) 0.005 0.145 0.059 0.083 0.083 0.104 0.125 0.045 0.046 

Locus 7 : 
2 alleles
0.0% missing data
 186   (0.799) 0.991 0.742 0.847 0.804 0.820 0.788 0.765 0.829 0.811 
 188   (0.201) 0.009 0.258 0.153 0.196 0.180 0.212 0.235 0.171 0.189 

Locus 8 : 
3 alleles
0.0% missing data
 200   (0.958) 0.547 0.986 0.990 0.974 0.982 0.964 0.984 0.991 0.962 
 228   (0.023) 0.453 0.007 0.005 0.006 0.005 0.019 0.005 0.003 0.006 
 220   (0.020) 0.001 0.007 0.005 0.019 0.013 0.018 0.011 0.005 0.031 

Locus 9 : 
16 alleles
0.6% missing data
 137   (0.409) 0.021 0.548 0.515 0.596 0.598 0.448 0.582 0.486 0.527 
 167   (0.074) 0.206 0.058 0.061 0.063 0.065 0.070 0.057 0.043 0.084 
 155   (0.074) 0.004 0.051 0.095 0.055 0.068 0.065 0.048 0.100 0.063 
 169   (0.021) 0.001 0.010 0.010 0.031 0.015 0.019 0.018 0.008 0.070 
 165   (0.036) 0.334 0.015 0.011 0.020 0.012 0.030 0.016 0.010 0.027 
 153   (0.057) 0.176 0.029 0.084 0.024 0.036 0.049 0.029 0.119 0.038 
 159   (0.065) 0.150 0.060 0.037 0.076 0.060 0.075 0.070 0.030 0.062 
 157   (0.020) 0.001 0.010 0.036 0.006 0.006 0.016 0.007 0.048 0.008 
 139   (0.045) 0.063 0.023 0.019 0.025 0.020 0.039 0.022 0.022 0.029 
 129   (0.083) 0.008 0.113 0.080 0.056 0.072 0.085 0.088 0.087 0.044 
 163   (0.018) 0.009 0.006 0.012 0.005 0.005 0.014 0.005 0.014 0.006 
 151   (0.033) 0.002 0.016 0.020 0.017 0.016 0.027 0.015 0.019 0.021 
 133   (0.013) 0.001 0.006 0.003 0.006 0.004 0.011 0.005 0.003 0.005 
 161   (0.020) 0.008 0.041 0.008 0.005 0.010 0.023 0.026 0.003 0.004 
 135   (0.020) 0.016 0.009 0.005 0.007 0.006 0.016 0.007 0.005 0.005 
 171   (0.013) 0.001 0.005 0.005 0.006 0.007 0.011 0.005 0.002 0.007 

Locus 10 : 
4 alleles
0.0% missing data
 108   (0.103) 0.008 0.116 0.143 0.107 0.158 0.096 0.118 0.100 0.126 
 118   (0.660) 0.492 0.605 0.693 0.725 0.674 0.662 0.667 0.731 0.768 
 112   (0.215) 0.499 0.268 0.158 0.159 0.162 0.224 0.206 0.162 0.099 
 116   (0.022) 0.001 0.011 0.006 0.009 0.007 0.018 0.009 0.006 0.008 

Locus 11 : 
4 alleles
0.6% missing data
 109   (0.872) 0.693 0.935 0.848 0.928 0.927 0.893 0.936 0.798 0.886 
 111   (0.089) 0.305 0.044 0.139 0.056 0.058 0.075 0.049 0.190 0.102 
 105   (0.024) 0.001 0.015 0.009 0.010 0.011 0.019 0.010 0.009 0.008 
 103   (0.015) 0.001 0.006 0.004 0.006 0.004 0.013 0.005 0.003 0.004 

Locus 12 : 
4 alleles
1.2% missing data
 171   (0.345) 0.063 0.323 0.444 0.382 0.320 0.365 0.350 0.517 0.371 
 181   (0.496) 0.336 0.545 0.449 0.526 0.572 0.494 0.540 0.381 0.546 
 179   (0.087) 0.427 0.051 0.074 0.048 0.062 0.073 0.045 0.063 0.056 
 177   (0.073) 0.174 0.082 0.033 0.044 0.046 0.068 0.065 0.038 0.026 

Locus 13 : 
2 alleles
0.0% missing data
 139   (0.126) 0.599 0.069 0.081 0.131 0.110 0.111 0.090 0.050 0.208 
 149   (0.874) 0.401 0.931 0.919 0.869 0.890 0.889 0.910 0.950 0.792 

Locus 14 : 
2 alleles
0.0% missing data
 161   (0.929) 0.760 0.968 0.863 0.964 0.955 0.940 0.970 0.825 0.952 
 171   (0.071) 0.240 0.032 0.137 0.036 0.045 0.060 0.030 0.175 0.048 

Locus 15 : 
2 alleles
0.0% missing data
 133   (0.325) 0.021 0.298 0.419 0.346 0.325 0.319 0.315 0.448 0.400 
 145   (0.675) 0.979 0.702 0.581 0.654 0.675 0.681 0.685 0.552 0.600 

Locus 16 : 
3 alleles
0.0% missing data
 156   (0.536) 0.256 0.625 0.508 0.521 0.541 0.537 0.568 0.503 0.494 
 157   (0.286) 0.659 0.211 0.289 0.299 0.300 0.277 0.251 0.257 0.385 
 169   (0.178) 0.085 0.164 0.204 0.181 0.159 0.186 0.181 0.241 0.122 

Locus 17 : 
2 alleles
0.0% missing data
 123   (0.934) 0.997 0.941 0.897 0.956 0.942 0.943 0.957 0.879 0.959 
 119   (0.066) 0.003 0.059 0.103 0.044 0.058 0.057 0.043 0.121 0.041 

Values of parameters used in structure:
DATAFILE=/home/martin/bottleneck/structure_analysis/structure_4/data_job_T9_4,	OUTFILE=/home/martin/bottleneck/structure_analysis/structure_4/structure_results/saimaa_ringed_seal/results_job_T9_4,	NUMINDS=172,	NUMLOCI=17,	MISSING=-9,	LABEL=1,	POPDATA=1,	POPFLAG=0,	PHENOTYPE=0,	EXTRACOLS=0,	MAXPOPS=9,	BURNIN=10000,	NUMREPS=100000,	USEPOPINFO=0,	INFERALPHA=1,	INFERLAMBDA=0,	POPSPECIFICLAMBDA=0,	POPALPHAS=0,	COMPUTEPROB=1,	NOADMIX=0,	ADMBURNIN=2500,	UPDATEFREQ=1,	PRINTLIKES=0,	INTERMEDSAVE=0,	PRINTKLD=0,	PRINTNET=0,	PRINTLAMBDA=0,	ANCESTDIST=0,	NUMBOXES=1000,	ANCESTPINT=0.90000,	GENSBACK=2,	MIGRPRIOR=0.05000,	PRINTQHAT=1,	PRINTQSUM=0,	ALPHA=1.0000,	FREQSCORR=1,	FPRIORMEAN=0.0100,	FPRIORSD=0.0500,	ONEFST=0,	LAMBDA=1.0000,	UNIFPRIORALPHA=1,	ALPHAMAX=10.0000,	ALPHAPRIORA=1.0000,	ALPHAPRIORB=2.0000,	ALPHAPROPSD=0.0250,	STARTATPOPINFO=0,	RANDOMIZE=1,	LINKAGE=0,	METROFREQ=10,	REPORTHITRATE=0,	MARKOVPHASE=-1,	PHASED=0,	PLOIDY=2,	PHASEINFO=0	LOCPRIOR=0, 	LOCPRIORINIT=1.000000, 	LOCDATA=0, 	LOCISPOP=0, 	LOCPRIORSTEP=0.100000, 	MAXLOCPRIOR=20.000000, 	SEED=1470661786,	
[STRAT parameters]:    NUMSIMSTATS=1000,	PHENOTYPECOL=-9,	POOLFREQ=10,	LOCUSxONLY=0,	EMERROR=0.00100,	MISSINGPHENO=-9,	