           1  1 0.1438 0.1422 0.1433 0.1422 0.1438 0.1443 0.1404 
           2  1 0.1442 0.1433 0.1416 0.1414 0.1433 0.1451 0.1411 
           3  1 0.1432 0.1426 0.1442 0.1437 0.1418 0.1429 0.1417 
           4  1 0.1451 0.1412 0.1432 0.1430 0.1441 0.1446 0.1387 
           5  1 0.1439 0.1426 0.1437 0.1417 0.1431 0.1435 0.1414 
           6  1 0.1419 0.1419 0.1422 0.1406 0.1428 0.1440 0.1466 
           7  1 0.1454 0.1436 0.1429 0.1425 0.1421 0.1452 0.1384 
           8  1 0.1421 0.1420 0.1451 0.1422 0.1423 0.1426 0.1437 
           9  1 0.1419 0.1442 0.1439 0.1440 0.1431 0.1413 0.1416 
          10  1 0.1435 0.1417 0.1414 0.1441 0.1421 0.1438 0.1435 
          11  1 0.1427 0.1421 0.1436 0.1408 0.1434 0.1425 0.1448 
          12  1 0.1411 0.1457 0.1424 0.1432 0.1431 0.1409 0.1437 
          13  1 0.1421 0.1421 0.1425 0.1425 0.1424 0.1425 0.1457 
          14  1 0.1440 0.1421 0.1440 0.1426 0.1424 0.1459 0.1389 
          15  1 0.1437 0.1423 0.1429 0.1428 0.1440 0.1441 0.1402 
          16  1 0.1418 0.1409 0.1450 0.1422 0.1435 0.1424 0.1442 
          17  1 0.1414 0.1434 0.1422 0.1424 0.1429 0.1419 0.1458 
          18  1 0.1406 0.1457 0.1422 0.1420 0.1432 0.1410 0.1453 
          19  1 0.1423 0.1440 0.1426 0.1428 0.1425 0.1433 0.1424 
          20  1 0.1422 0.1433 0.1436 0.1422 0.1443 0.1414 0.1431 
          21  1 0.1427 0.1419 0.1438 0.1435 0.1418 0.1435 0.1428 
          22  1 0.1409 0.1442 0.1430 0.1425 0.1434 0.1418 0.1442 
          23  1 0.1422 0.1444 0.1429 0.1406 0.1423 0.1426 0.1450 
          24  1 0.1455 0.1408 0.1444 0.1437 0.1419 0.1469 0.1369 
          25  1 0.1448 0.1432 0.1433 0.1423 0.1430 0.1450 0.1384 
          26  1 0.1417 0.1430 0.1429 0.1422 0.1432 0.1424 0.1446 
          27  1 0.1433 0.1419 0.1431 0.1421 0.1418 0.1441 0.1438 
          28  1 0.1437 0.1421 0.1431 0.1425 0.1439 0.1430 0.1418 
          29  1 0.1427 0.1432 0.1438 0.1408 0.1428 0.1429 0.1438 
          30  1 0.1442 0.1414 0.1434 0.1437 0.1432 0.1433 0.1407 
          31  1 0.1422 0.1423 0.1428 0.1437 0.1439 0.1415 0.1436 
          32  1 0.1417 0.1445 0.1433 0.1433 0.1419 0.1418 0.1435 
          33  1 0.1416 0.1420 0.1421 0.1449 0.1427 0.1411 0.1455 
          34  1 0.1434 0.1420 0.1430 0.1439 0.1423 0.1422 0.1433 
          35  1 0.1430 0.1438 0.1425 0.1418 0.1420 0.1423 0.1446 
          36  1 0.1438 0.1418 0.1426 0.1431 0.1425 0.1441 0.1421 
          37  1 0.1423 0.1433 0.1417 0.1429 0.1419 0.1425 0.1454 
          38  1 0.1429 0.1415 0.1420 0.1413 0.1425 0.1437 0.1462 
          39  1 0.1448 0.1422 0.1414 0.1437 0.1432 0.1452 0.1395 
          40  1 0.1428 0.1434 0.1433 0.1419 0.1416 0.1420 0.1450 
          41  1 0.1401 0.1420 0.1440 0.1410 0.1415 0.1415 0.1500 
          42  1 0.1438 0.1424 0.1418 0.1429 0.1422 0.1431 0.1438 
          43  1 0.1442 0.1416 0.1424 0.1434 0.1428 0.1432 0.1425 
          44  1 0.1420 0.1427 0.1433 0.1422 0.1425 0.1420 0.1453 
          45  1 0.1426 0.1437 0.1432 0.1410 0.1434 0.1430 0.1430 
          46  1 0.1431 0.1424 0.1428 0.1433 0.1422 0.1439 0.1423 
          47  1 0.1421 0.1432 0.1438 0.1417 0.1422 0.1424 0.1446 
          48  1 0.1423 0.1428 0.1423 0.1427 0.1426 0.1434 0.1439 
          49  1 0.1419 0.1415 0.1435 0.1434 0.1432 0.1413 0.1452 
          50  1 0.1428 0.1419 0.1439 0.1428 0.1439 0.1435 0.1412 
          51  1 0.1421 0.1430 0.1423 0.1442 0.1426 0.1421 0.1437 
          52  1 0.1426 0.1414 0.1405 0.1433 0.1432 0.1423 0.1467 
          53  1 0.1423 0.1423 0.1415 0.1429 0.1437 0.1421 0.1453 
          54  1 0.1428 0.1431 0.1434 0.1430 0.1424 0.1411 0.1442 
          55  1 0.1418 0.1446 0.1420 0.1433 0.1440 0.1408 0.1435 
          56  1 0.1427 0.1431 0.1445 0.1412 0.1410 0.1423 0.1452 
          57  1 0.1418 0.1420 0.1412 0.1455 0.1438 0.1417 0.1440 
          58  1 0.1426 0.1413 0.1415 0.1451 0.1435 0.1425 0.1434 
          59  1 0.1421 0.1428 0.1430 0.1416 0.1433 0.1430 0.1441 
          60  1 0.1428 0.1450 0.1430 0.1414 0.1441 0.1438 0.1399 
          61  1 0.1436 0.1412 0.1440 0.1436 0.1421 0.1440 0.1415 
          62  1 0.1417 0.1419 0.1426 0.1437 0.1424 0.1425 0.1453 
          63  1 0.1432 0.1430 0.1421 0.1416 0.1418 0.1432 0.1451 
          64  1 0.1423 0.1422 0.1434 0.1426 0.1448 0.1431 0.1416 
          65  1 0.1417 0.1438 0.1429 0.1431 0.1431 0.1424 0.1429 
          66  1 0.1451 0.1430 0.1424 0.1426 0.1429 0.1460 0.1379 
          67  1 0.1445 0.1417 0.1414 0.1451 0.1430 0.1449 0.1395 
          68  1 0.1427 0.1437 0.1429 0.1421 0.1414 0.1416 0.1457 
          69  1 0.1422 0.1433 0.1425 0.1432 0.1433 0.1424 0.1432 
          70  1 0.1427 0.1425 0.1421 0.1446 0.1432 0.1422 0.1426 
          71  1 0.1405 0.1462 0.1428 0.1415 0.1439 0.1417 0.1433 
          72  1 0.1432 0.1416 0.1430 0.1436 0.1420 0.1427 0.1439 
          73  1 0.1437 0.1432 0.1430 0.1441 0.1434 0.1436 0.1389 
          74  1 0.1421 0.1426 0.1417 0.1423 0.1422 0.1427 0.1464 
          75  1 0.1447 0.1413 0.1426 0.1434 0.1417 0.1447 0.1417 
          76  1 0.1417 0.1434 0.1437 0.1410 0.1423 0.1431 0.1448 
          77  1 0.1418 0.1439 0.1439 0.1427 0.1431 0.1416 0.1429 
          78  1 0.1439 0.1415 0.1433 0.1424 0.1440 0.1437 0.1412 
          79  1 0.1435 0.1423 0.1432 0.1418 0.1437 0.1435 0.1421 
          80  1 0.1446 0.1414 0.1425 0.1447 0.1420 0.1441 0.1407 
          81  1 0.1414 0.1452 0.1414 0.1444 0.1427 0.1407 0.1441 
          82  1 0.1409 0.1428 0.1436 0.1431 0.1435 0.1421 0.1440 
          83  1 0.1418 0.1444 0.1429 0.1425 0.1430 0.1429 0.1425 
          84  1 0.1434 0.1406 0.1440 0.1415 0.1423 0.1444 0.1438 
          85  1 0.1442 0.1418 0.1440 0.1430 0.1435 0.1449 0.1386 
          86  1 0.1435 0.1417 0.1427 0.1420 0.1423 0.1435 0.1444 
          87  1 0.1427 0.1428 0.1407 0.1441 0.1409 0.1426 0.1462 
          88  1 0.1416 0.1435 0.1432 0.1424 0.1424 0.1423 0.1446 
          89  1 0.1424 0.1426 0.1424 0.1432 0.1417 0.1426 0.1451 
          90  1 0.1452 0.1426 0.1412 0.1435 0.1446 0.1443 0.1386 
          91  1 0.1417 0.1449 0.1423 0.1429 0.1431 0.1420 0.1432 
          92  1 0.1434 0.1414 0.1431 0.1445 0.1416 0.1431 0.1430 
          93  1 0.1414 0.1447 0.1418 0.1427 0.1433 0.1412 0.1448 
          94  1 0.1416 0.1421 0.1447 0.1427 0.1439 0.1409 0.1441 
          95  1 0.1440 0.1412 0.1442 0.1419 0.1423 0.1431 0.1434 
          96  1 0.1428 0.1418 0.1424 0.1423 0.1417 0.1439 0.1450 
          97  1 0.1419 0.1422 0.1425 0.1446 0.1438 0.1422 0.1428 
          98  1 0.1417 0.1443 0.1407 0.1441 0.1442 0.1413 0.1437 
          99  1 0.1448 0.1409 0.1429 0.1431 0.1449 0.1429 0.1404 
         100  1 0.1417 0.1419 0.1416 0.1445 0.1426 0.1425 0.1451 
         101  1 0.1425 0.1419 0.1419 0.1451 0.1438 0.1421 0.1427 
         102  1 0.1430 0.1403 0.1423 0.1440 0.1425 0.1430 0.1449 
         103  1 0.1407 0.1445 0.1422 0.1418 0.1435 0.1431 0.1443 
         104  1 0.1441 0.1413 0.1428 0.1435 0.1435 0.1434 0.1413 
         105  1 0.1421 0.1431 0.1430 0.1423 0.1410 0.1418 0.1467 
         106  1 0.1418 0.1414 0.1434 0.1451 0.1429 0.1427 0.1427 
         107  1 0.1429 0.1465 0.1422 0.1416 0.1436 0.1417 0.1415 
         108  1 0.1428 0.1425 0.1430 0.1413 0.1414 0.1434 0.1457 
         109  1 0.1467 0.1411 0.1447 0.1431 0.1436 0.1472 0.1337 
         110  1 0.1438 0.1426 0.1423 0.1419 0.1427 0.1437 0.1429 
         111  1 0.1455 0.1425 0.1427 0.1423 0.1440 0.1439 0.1391 
         112  1 0.1445 0.1428 0.1427 0.1437 0.1426 0.1438 0.1400 
         113  1 0.1422 0.1448 0.1428 0.1401 0.1433 0.1420 0.1447 
         114  1 0.1415 0.1440 0.1431 0.1417 0.1424 0.1426 0.1447 
         115  1 0.1414 0.1421 0.1439 0.1419 0.1422 0.1434 0.1452 
         116  1 0.1420 0.1439 0.1424 0.1416 0.1425 0.1417 0.1460 
         117  1 0.1414 0.1465 0.1410 0.1430 0.1452 0.1414 0.1415 
         118  1 0.1431 0.1424 0.1435 0.1449 0.1426 0.1423 0.1411 
         119  1 0.1428 0.1440 0.1426 0.1431 0.1448 0.1419 0.1408 
         120  1 0.1449 0.1416 0.1428 0.1418 0.1429 0.1443 0.1418 
         121  1 0.1434 0.1420 0.1427 0.1439 0.1429 0.1432 0.1418 
         122  1 0.1433 0.1423 0.1428 0.1422 0.1423 0.1437 0.1434 
         123  1 0.1435 0.1428 0.1431 0.1443 0.1438 0.1444 0.1380 
         124  1 0.1418 0.1429 0.1437 0.1409 0.1439 0.1412 0.1456 
         125  1 0.1445 0.1430 0.1434 0.1420 0.1422 0.1445 0.1404 
         126  1 0.1447 0.1417 0.1427 0.1422 0.1430 0.1435 0.1421 
         127  1 0.1434 0.1423 0.1418 0.1411 0.1435 0.1435 0.1444 
         128  1 0.1419 0.1416 0.1417 0.1446 0.1435 0.1415 0.1451 
         129  1 0.1424 0.1410 0.1411 0.1417 0.1441 0.1435 0.1462 
         130  1 0.1437 0.1421 0.1413 0.1424 0.1429 0.1423 0.1453 
         131  1 0.1424 0.1440 0.1423 0.1435 0.1454 0.1434 0.1390 
         132  1 0.1417 0.1452 0.1429 0.1417 0.1440 0.1429 0.1417 
         133  1 0.1430 0.1412 0.1427 0.1444 0.1418 0.1440 0.1428 
         134  1 0.1451 0.1417 0.1444 0.1441 0.1406 0.1444 0.1397 
         135  1 0.1445 0.1419 0.1428 0.1442 0.1431 0.1426 0.1409 
         136  1 0.1419 0.1425 0.1425 0.1444 0.1433 0.1408 0.1446 
         137  1 0.1425 0.1427 0.1442 0.1416 0.1426 0.1433 0.1430 
         138  1 0.1433 0.1422 0.1422 0.1426 0.1428 0.1440 0.1430 
         139  1 0.1423 0.1427 0.1437 0.1422 0.1429 0.1429 0.1432 
         140  1 0.1418 0.1423 0.1419 0.1431 0.1426 0.1415 0.1467 
         141  1 0.1439 0.1407 0.1410 0.1442 0.1416 0.1439 0.1447 
         142  1 0.1437 0.1427 0.1437 0.1429 0.1439 0.1438 0.1394 
         143  1 0.1444 0.1436 0.1437 0.1423 0.1441 0.1431 0.1387 
         144  1 0.1431 0.1430 0.1437 0.1456 0.1429 0.1427 0.1390 
         145  1 0.1420 0.1448 0.1409 0.1455 0.1434 0.1400 0.1434 
         146  1 0.1431 0.1425 0.1439 0.1428 0.1434 0.1431 0.1412 
         147  1 0.1417 0.1416 0.1448 0.1439 0.1407 0.1422 0.1451 
         148  1 0.1438 0.1419 0.1438 0.1433 0.1438 0.1439 0.1396 
         149  1 0.1435 0.1410 0.1437 0.1434 0.1434 0.1432 0.1419 
         150  1 0.1423 0.1427 0.1450 0.1416 0.1432 0.1426 0.1425 
         151  1 0.1423 0.1434 0.1400 0.1434 0.1427 0.1421 0.1460 
         152  1 0.1438 0.1427 0.1428 0.1419 0.1415 0.1442 0.1431 
         153  1 0.1427 0.1426 0.1428 0.1431 0.1429 0.1431 0.1428 
         154  1 0.1449 0.1412 0.1422 0.1449 0.1431 0.1439 0.1397 
         155  1 0.1416 0.1427 0.1411 0.1439 0.1419 0.1423 0.1467 
         156  1 0.1433 0.1421 0.1432 0.1431 0.1430 0.1423 0.1429 
         157  1 0.1451 0.1409 0.1434 0.1430 0.1430 0.1455 0.1391 
         158  1 0.1445 0.1419 0.1430 0.1426 0.1429 0.1443 0.1407 
         159  1 0.1429 0.1418 0.1450 0.1419 0.1429 0.1449 0.1406 
         160  1 0.1419 0.1436 0.1428 0.1429 0.1425 0.1419 0.1443 
         161  1 0.1432 0.1427 0.1424 0.1437 0.1428 0.1424 0.1428 
         162  1 0.1418 0.1434 0.1423 0.1427 0.1421 0.1428 0.1450 
         163  1 0.1427 0.1405 0.1428 0.1434 0.1428 0.1432 0.1446 
         164  1 0.1420 0.1417 0.1431 0.1416 0.1425 0.1437 0.1454 
         165  1 0.1427 0.1433 0.1430 0.1427 0.1438 0.1428 0.1417 
         166  1 0.1422 0.1449 0.1425 0.1426 0.1434 0.1414 0.1429 
         167  1 0.1423 0.1438 0.1425 0.1419 0.1422 0.1433 0.1441 
         168  1 0.1417 0.1457 0.1427 0.1430 0.1437 0.1415 0.1417 
         169  1 0.1427 0.1410 0.1448 0.1432 0.1425 0.1422 0.1435 
         170  1 0.1413 0.1429 0.1436 0.1427 0.1413 0.1423 0.1458 
         171  1 0.1430 0.1410 0.1432 0.1422 0.1425 0.1428 0.1453 
         172  1 0.1411 0.1420 0.1447 0.1409 0.1421 0.1409 0.1482 
         173  1 0.1440 0.1430 0.1435 0.1423 0.1411 0.1440 0.1422 
         174  1 0.1443 0.1441 0.1431 0.1424 0.1415 0.1431 0.1415 
         175  1 0.1414 0.1443 0.1435 0.1414 0.1426 0.1412 0.1456 
         176  1 0.1424 0.1426 0.1431 0.1427 0.1433 0.1432 0.1427 
         177  1 0.1416 0.1442 0.1430 0.1430 0.1408 0.1421 0.1452 
         178  1 0.1426 0.1438 0.1429 0.1433 0.1428 0.1420 0.1426 
         179  1 0.1444 0.1437 0.1427 0.1432 0.1431 0.1431 0.1398 
         180  1 0.1413 0.1445 0.1433 0.1416 0.1438 0.1434 0.1420 
         181  1 0.1429 0.1435 0.1422 0.1438 0.1426 0.1424 0.1427 
         182  1 0.1401 0.1452 0.1422 0.1422 0.1424 0.1412 0.1468 
         183  1 0.1422 0.1437 0.1433 0.1415 0.1419 0.1427 0.1446 
         184  1 0.1418 0.1434 0.1436 0.1417 0.1416 0.1423 0.1456 
         185  1 0.1422 0.1424 0.1420 0.1431 0.1423 0.1433 0.1446 
         186  1 0.1440 0.1422 0.1429 0.1418 0.1428 0.1436 0.1427 
         187  1 0.1425 0.1416 0.1426 0.1440 0.1430 0.1420 0.1442 
         188  1 0.1413 0.1429 0.1416 0.1439 0.1415 0.1421 0.1466 
         189  1 0.1424 0.1430 0.1427 0.1423 0.1418 0.1419 0.1458 
         190  1 0.1410 0.1441 0.1428 0.1409 0.1435 0.1419 0.1458 
         191  1 0.1430 0.1434 0.1423 0.1428 0.1417 0.1440 0.1428 
         192  1 0.1449 0.1420 0.1438 0.1431 0.1425 0.1441 0.1397 
         193  1 0.1428 0.1429 0.1429 0.1449 0.1432 0.1423 0.1409 
         194  1 0.1427 0.1435 0.1436 0.1418 0.1427 0.1441 0.1418 
         195  1 0.1440 0.1431 0.1431 0.1429 0.1444 0.1430 0.1395 
         196  1 0.1409 0.1427 0.1426 0.1435 0.1425 0.1423 0.1455 
         197  1 0.1437 0.1413 0.1428 0.1440 0.1444 0.1431 0.1407 
         198  1 0.1416 0.1455 0.1409 0.1424 0.1435 0.1430 0.1432 
         199  1 0.1431 0.1428 0.1416 0.1442 0.1418 0.1435 0.1431 
         200  1 0.1432 0.1431 0.1434 0.1423 0.1427 0.1441 0.1412 
         201  1 0.1417 0.1434 0.1414 0.1440 0.1441 0.1420 0.1434 
         202  1 0.1409 0.1437 0.1429 0.1411 0.1411 0.1426 0.1478 
         203  1 0.1426 0.1429 0.1425 0.1422 0.1427 0.1432 0.1439 
         204  1 0.1432 0.1425 0.1435 0.1427 0.1437 0.1430 0.1414 
         205  1 0.1424 0.1449 0.1420 0.1427 0.1423 0.1429 0.1428 
         206  1 0.1432 0.1440 0.1439 0.1422 0.1434 0.1429 0.1404 
         207  1 0.1431 0.1433 0.1435 0.1425 0.1427 0.1430 0.1419 
         208  1 0.1441 0.1422 0.1428 0.1438 0.1441 0.1447 0.1384 
         209  1 0.1426 0.1438 0.1429 0.1416 0.1432 0.1419 0.1441 
         210  1 0.1459 0.1416 0.1426 0.1433 0.1432 0.1444 0.1390 
         211  1 0.1468 0.1416 0.1427 0.1422 0.1415 0.1481 0.1371 
         212  1 0.1414 0.1420 0.1423 0.1445 0.1434 0.1418 0.1446 
         213  1 0.1431 0.1426 0.1431 0.1425 0.1422 0.1432 0.1434 
         214  1 0.1444 0.1424 0.1421 0.1455 0.1435 0.1445 0.1377 
         215  1 0.1433 0.1413 0.1444 0.1412 0.1418 0.1440 0.1438 
         216  1 0.1421 0.1441 0.1420 0.1431 0.1441 0.1421 0.1423 
         217  1 0.1442 0.1417 0.1431 0.1421 0.1429 0.1442 0.1419 
         218  1 0.1426 0.1442 0.1429 0.1410 0.1419 0.1426 0.1449 
         219  1 0.1429 0.1429 0.1436 0.1415 0.1418 0.1444 0.1430 
         220  1 0.1448 0.1443 0.1425 0.1427 0.1424 0.1438 0.1395 
         221  1 0.1437 0.1414 0.1423 0.1454 0.1433 0.1439 0.1401 
         222  1 0.1413 0.1434 0.1428 0.1420 0.1414 0.1425 0.1467 
         223  1 0.1424 0.1437 0.1415 0.1438 0.1437 0.1434 0.1416 
         224  1 0.1426 0.1422 0.1436 0.1423 0.1443 0.1427 0.1423 
         225  1 0.1426 0.1434 0.1424 0.1416 0.1432 0.1423 0.1444 
         226  1 0.1435 0.1422 0.1433 0.1432 0.1428 0.1424 0.1427 
         227  1 0.1432 0.1407 0.1422 0.1453 0.1423 0.1436 0.1427 
         228  1 0.1424 0.1441 0.1433 0.1422 0.1420 0.1419 0.1442 
         229  1 0.1413 0.1435 0.1426 0.1427 0.1413 0.1425 0.1462 
         230  1 0.1446 0.1418 0.1417 0.1446 0.1433 0.1425 0.1415 
         231  1 0.1424 0.1410 0.1427 0.1436 0.1441 0.1421 0.1440 
         232  1 0.1422 0.1437 0.1428 0.1436 0.1450 0.1409 0.1418 
         233  1 0.1436 0.1432 0.1419 0.1440 0.1437 0.1432 0.1403 
         234  1 0.1426 0.1433 0.1431 0.1426 0.1422 0.1426 0.1436 
         235  1 0.1418 0.1436 0.1420 0.1425 0.1434 0.1410 0.1457 
         236  1 0.1430 0.1409 0.1422 0.1444 0.1428 0.1441 0.1425 
         237  1 0.1416 0.1459 0.1416 0.1439 0.1444 0.1400 0.1426 
         238  1 0.1445 0.1407 0.1431 0.1440 0.1424 0.1422 0.1430 
         239  1 0.1412 0.1420 0.1438 0.1428 0.1414 0.1413 0.1475 
         240  1 0.1426 0.1441 0.1429 0.1405 0.1425 0.1428 0.1446 
         241  1 0.1423 0.1424 0.1412 0.1433 0.1447 0.1416 0.1445 
         242  1 0.1437 0.1414 0.1420 0.1449 0.1432 0.1419 0.1428 
         243  1 0.1431 0.1427 0.1436 0.1419 0.1425 0.1429 0.1434 
         244  1 0.1426 0.1427 0.1419 0.1421 0.1410 0.1448 0.1450 
         245  1 0.1420 0.1429 0.1421 0.1417 0.1432 0.1428 0.1452 
         246  1 0.1419 0.1410 0.1422 0.1440 0.1414 0.1423 0.1471 
         247  1 0.1421 0.1435 0.1422 0.1425 0.1426 0.1429 0.1443 
         248  1 0.1430 0.1425 0.1412 0.1454 0.1426 0.1431 0.1422 
         249  1 0.1428 0.1425 0.1432 0.1430 0.1430 0.1435 0.1420 
         250  1 0.1424 0.1431 0.1435 0.1420 0.1435 0.1424 0.1431 
         251  1 0.1416 0.1426 0.1427 0.1428 0.1421 0.1411 0.1472 
         252  1 0.1434 0.1418 0.1438 0.1425 0.1421 0.1438 0.1425 
         253  1 0.1449 0.1402 0.1423 0.1439 0.1445 0.1443 0.1400 
         254  1 0.1413 0.1438 0.1420 0.1432 0.1438 0.1429 0.1430 
         255  1 0.1435 0.1433 0.1433 0.1423 0.1421 0.1436 0.1419 
         256  1 0.1426 0.1430 0.1425 0.1414 0.1426 0.1443 0.1436 
         257  1 0.1444 0.1424 0.1420 0.1415 0.1414 0.1443 0.1440 
         258  1 0.1445 0.1422 0.1437 0.1439 0.1427 0.1435 0.1395 
         259  1 0.1448 0.1419 0.1430 0.1438 0.1416 0.1448 0.1401 
         260  1 0.1424 0.1439 0.1438 0.1428 0.1436 0.1432 0.1405 
         261  1 0.1416 0.1442 0.1426 0.1416 0.1444 0.1427 0.1429 
         262  1 0.1454 0.1429 0.1426 0.1422 0.1432 0.1445 0.1392 
         263  1 0.1420 0.1426 0.1416 0.1454 0.1431 0.1419 0.1434 
         264  1 0.1436 0.1430 0.1421 0.1413 0.1439 0.1424 0.1437 
         265  1 0.1425 0.1431 0.1426 0.1436 0.1432 0.1435 0.1414 
         266  1 0.1419 0.1436 0.1425 0.1405 0.1417 0.1425 0.1473 
         267  1 0.1446 0.1420 0.1428 0.1433 0.1427 0.1438 0.1409 
         268  1 0.1431 0.1427 0.1434 0.1434 0.1434 0.1436 0.1404 
         269  1 0.1442 0.1427 0.1434 0.1432 0.1415 0.1455 0.1394 
         270  1 0.1428 0.1435 0.1421 0.1404 0.1425 0.1415 0.1472 
         271  1 0.1427 0.1430 0.1436 0.1436 0.1422 0.1413 0.1436 
         272  1 0.1436 0.1408 0.1419 0.1437 0.1436 0.1435 0.1429 
         273  1 0.1402 0.1449 0.1427 0.1439 0.1433 0.1402 0.1448 
         274  1 0.1432 0.1425 0.1426 0.1439 0.1440 0.1419 0.1420 
         275  1 0.1452 0.1430 0.1426 0.1420 0.1415 0.1431 0.1426 
         276  1 0.1404 0.1450 0.1422 0.1403 0.1414 0.1421 0.1486 
         277  1 0.1434 0.1421 0.1440 0.1422 0.1434 0.1420 0.1429 
         278  1 0.1430 0.1428 0.1449 0.1442 0.1425 0.1435 0.1390 
         279  1 0.1434 0.1438 0.1425 0.1424 0.1436 0.1440 0.1402 
         280  1 0.1435 0.1431 0.1435 0.1432 0.1428 0.1433 0.1406 
         281  1 0.1410 0.1446 0.1418 0.1437 0.1436 0.1405 0.1448 
         282  1 0.1406 0.1434 0.1429 0.1452 0.1443 0.1410 0.1426 
         283  1 0.1427 0.1445 0.1444 0.1420 0.1435 0.1417 0.1413 
         284  1 0.1414 0.1447 0.1428 0.1417 0.1446 0.1417 0.1430 
         285  1 0.1424 0.1433 0.1412 0.1427 0.1437 0.1413 0.1454 
         286  1 0.1440 0.1428 0.1442 0.1426 0.1431 0.1440 0.1393 
         287  1 0.1416 0.1424 0.1429 0.1441 0.1421 0.1404 0.1466 
         288  1 0.1414 0.1435 0.1430 0.1427 0.1412 0.1417 0.1465 
         289  1 0.1417 0.1422 0.1421 0.1445 0.1448 0.1408 0.1440 
         290  1 0.1417 0.1469 0.1427 0.1419 0.1446 0.1410 0.1413 
         291  1 0.1431 0.1439 0.1434 0.1426 0.1437 0.1439 0.1394 
         292  1 0.1425 0.1432 0.1425 0.1429 0.1425 0.1414 0.1450 
         293  1 0.1419 0.1417 0.1438 0.1418 0.1435 0.1441 0.1432 
         294  1 0.1415 0.1424 0.1412 0.1451 0.1432 0.1410 0.1455 
         295  1 0.1447 0.1421 0.1422 0.1444 0.1443 0.1438 0.1384 
         296  1 0.1442 0.1418 0.1419 0.1436 0.1431 0.1429 0.1425 
         297  1 0.1421 0.1414 0.1422 0.1438 0.1418 0.1426 0.1461 
         298  1 0.1451 0.1412 0.1442 0.1453 0.1427 0.1433 0.1383 
         299  1 0.1431 0.1410 0.1428 0.1440 0.1416 0.1419 0.1456 
         300  1 0.1429 0.1428 0.1440 0.1414 0.1418 0.1456 0.1415 
         301  1 0.1405 0.1428 0.1429 0.1416 0.1424 0.1430 0.1468 
         302  1 0.1429 0.1412 0.1424 0.1435 0.1426 0.1425 0.1448 
         303  1 0.1422 0.1428 0.1428 0.1417 0.1421 0.1434 0.1450 
         304  1 0.1437 0.1449 0.1423 0.1412 0.1433 0.1431 0.1415 
         305  1 0.1426 0.1448 0.1430 0.1413 0.1439 0.1433 0.1411 
         306  1 0.1435 0.1438 0.1438 0.1421 0.1424 0.1431 0.1413 
         307  1 0.1437 0.1431 0.1415 0.1432 0.1432 0.1440 0.1414 
         308  1 0.1438 0.1432 0.1430 0.1429 0.1440 0.1438 0.1393 
         309  1 0.1407 0.1452 0.1425 0.1436 0.1417 0.1410 0.1453 
         310  1 0.1422 0.1417 0.1439 0.1430 0.1415 0.1429 0.1448 
         311  1 0.1413 0.1434 0.1434 0.1409 0.1421 0.1437 0.1450 
         312  1 0.1436 0.1454 0.1420 0.1418 0.1445 0.1413 0.1412 
         313  1 0.1448 0.1411 0.1435 0.1433 0.1432 0.1430 0.1411 
         314  1 0.1434 0.1418 0.1441 0.1423 0.1437 0.1427 0.1420 
         315  1 0.1433 0.1436 0.1443 0.1419 0.1427 0.1433 0.1409 
         316  1 0.1439 0.1410 0.1439 0.1426 0.1445 0.1431 0.1409 
         317  1 0.1420 0.1447 0.1419 0.1422 0.1460 0.1423 0.1408 
         318  1 0.1410 0.1442 0.1431 0.1444 0.1430 0.1426 0.1418 
         319  1 0.1452 0.1412 0.1457 0.1421 0.1409 0.1462 0.1389 
         320  1 0.1435 0.1428 0.1435 0.1422 0.1427 0.1419 0.1434 
         321  1 0.1430 0.1415 0.1440 0.1426 0.1420 0.1441 0.1427 
         322  1 0.1417 0.1434 0.1420 0.1436 0.1420 0.1411 0.1461 
         323  1 0.1441 0.1422 0.1430 0.1439 0.1443 0.1424 0.1401 
         324  1 0.1460 0.1401 0.1429 0.1449 0.1430 0.1460 0.1371 
         325  1 0.1429 0.1423 0.1416 0.1432 0.1444 0.1432 0.1424 
         326  1 0.1447 0.1411 0.1431 0.1445 0.1419 0.1456 0.1390 
         327  1 0.1414 0.1433 0.1441 0.1410 0.1418 0.1420 0.1463 
         328  1 0.1425 0.1429 0.1429 0.1447 0.1418 0.1426 0.1426 
         329  1 0.1438 0.1431 0.1413 0.1458 0.1437 0.1436 0.1388 
         330  1 0.1412 0.1423 0.1442 0.1428 0.1426 0.1423 0.1447 
         331  1 0.1432 0.1448 0.1436 0.1425 0.1430 0.1428 0.1401 
         332  1 0.1424 0.1432 0.1431 0.1430 0.1433 0.1437 0.1414 
         333  1 0.1418 0.1415 0.1447 0.1411 0.1421 0.1440 0.1448 
         334  1 0.1433 0.1417 0.1440 0.1421 0.1422 0.1429 0.1438 
         335  1 0.1412 0.1431 0.1417 0.1447 0.1458 0.1412 0.1423 
         336  1 0.1416 0.1417 0.1428 0.1428 0.1437 0.1423 0.1451 
         337  1 0.1433 0.1421 0.1426 0.1435 0.1443 0.1432 0.1410 
         338  1 0.1443 0.1422 0.1426 0.1437 0.1420 0.1432 0.1420 
         339  1 0.1416 0.1442 0.1415 0.1417 0.1452 0.1424 0.1435 
         340  1 0.1441 0.1441 0.1429 0.1434 0.1434 0.1439 0.1384 
         341  1 0.1426 0.1429 0.1450 0.1429 0.1412 0.1426 0.1429 
         342  1 0.1434 0.1431 0.1418 0.1418 0.1422 0.1437 0.1439 
         343  1 0.1404 0.1442 0.1431 0.1418 0.1431 0.1422 0.1452 
         344  1 0.1438 0.1427 0.1445 0.1438 0.1426 0.1434 0.1392 
         345  1 0.1444 0.1432 0.1418 0.1441 0.1442 0.1417 0.1406 
         346  1 0.1430 0.1425 0.1431 0.1410 0.1428 0.1427 0.1450 
         347  1 0.1442 0.1416 0.1423 0.1424 0.1434 0.1442 0.1419 
         348  1 0.1436 0.1433 0.1430 0.1451 0.1434 0.1418 0.1398 
         349  1 0.1421 0.1443 0.1434 0.1414 0.1420 0.1408 0.1459 
         350  1 0.1428 0.1457 0.1425 0.1438 0.1439 0.1411 0.1402 
         351  1 0.1423 0.1433 0.1441 0.1423 0.1422 0.1432 0.1426 
         352  1 0.1416 0.1446 0.1420 0.1450 0.1435 0.1418 0.1415 
         353  1 0.1438 0.1425 0.1437 0.1439 0.1430 0.1438 0.1393 
         354  1 0.1425 0.1428 0.1416 0.1416 0.1420 0.1438 0.1456 
         355  1 0.1427 0.1421 0.1435 0.1420 0.1426 0.1425 0.1447 
         356  1 0.1429 0.1437 0.1418 0.1428 0.1430 0.1434 0.1424 
         357  1 0.1439 0.1418 0.1430 0.1428 0.1425 0.1455 0.1404 
         358  1 0.1420 0.1441 0.1429 0.1411 0.1422 0.1421 0.1457 
         359  1 0.1452 0.1424 0.1439 0.1414 0.1419 0.1464 0.1388 
         360  1 0.1411 0.1433 0.1412 0.1435 0.1433 0.1419 0.1457 
         361  1 0.1468 0.1420 0.1416 0.1418 0.1413 0.1476 0.1390 
         362  1 0.1440 0.1420 0.1419 0.1432 0.1431 0.1436 0.1422 
         363  1 0.1409 0.1440 0.1434 0.1409 0.1428 0.1422 0.1457 
         364  1 0.1410 0.1431 0.1421 0.1427 0.1425 0.1419 0.1467 
         365  1 0.1428 0.1409 0.1435 0.1425 0.1430 0.1436 0.1437 
         366  1 0.1420 0.1423 0.1439 0.1426 0.1434 0.1416 0.1441 
         367  1 0.1424 0.1459 0.1424 0.1418 0.1435 0.1423 0.1416 
         368  1 0.1417 0.1423 0.1416 0.1452 0.1438 0.1412 0.1440 
         369  1 0.1430 0.1419 0.1424 0.1446 0.1417 0.1430 0.1434 
         370  1 0.1411 0.1424 0.1414 0.1440 0.1412 0.1419 0.1479 
         371  1 0.1428 0.1423 0.1433 0.1424 0.1427 0.1433 0.1432 
         372  1 0.1437 0.1411 0.1439 0.1448 0.1435 0.1419 0.1411 
         373  1 0.1433 0.1414 0.1430 0.1431 0.1444 0.1419 0.1429 
         374  1 0.1430 0.1417 0.1431 0.1453 0.1419 0.1427 0.1424 
         375  1 0.1420 0.1438 0.1425 0.1427 0.1438 0.1444 0.1409 
         376  1 0.1414 0.1439 0.1430 0.1422 0.1420 0.1413 0.1462 
         377  1 0.1436 0.1421 0.1447 0.1423 0.1426 0.1430 0.1416 
         378  1 0.1433 0.1437 0.1419 0.1415 0.1448 0.1424 0.1424 
         379  1 0.1418 0.1442 0.1410 0.1418 0.1427 0.1422 0.1463 
         380  1 0.1418 0.1418 0.1408 0.1447 0.1424 0.1419 0.1466 
         381  1 0.1432 0.1439 0.1427 0.1422 0.1433 0.1428 0.1419 
         382  1 0.1432 0.1432 0.1417 0.1407 0.1420 0.1421 0.1470 
         383  1 0.1419 0.1432 0.1420 0.1426 0.1437 0.1432 0.1434 
         384  1 0.1423 0.1440 0.1435 0.1430 0.1426 0.1428 0.1418 
         385  1 0.1441 0.1428 0.1430 0.1419 0.1417 0.1439 0.1425 
         386  1 0.1440 0.1391 0.1426 0.1433 0.1415 0.1440 0.1454 
         387  1 0.1434 0.1411 0.1444 0.1428 0.1424 0.1436 0.1423 
         388  1 0.1400 0.1431 0.1421 0.1423 0.1408 0.1419 0.1498 
         389  1 0.1428 0.1432 0.1436 0.1406 0.1424 0.1424 0.1451 
         390  1 0.1454 0.1410 0.1425 0.1432 0.1430 0.1442 0.1407 
         391  1 0.1443 0.1410 0.1428 0.1439 0.1422 0.1436 0.1422 
         392  1 0.1427 0.1427 0.1422 0.1432 0.1428 0.1422 0.1442 
         393  1 0.1422 0.1417 0.1444 0.1425 0.1423 0.1419 0.1449 
         394  1 0.1430 0.1443 0.1435 0.1427 0.1428 0.1435 0.1402 
         395  1 0.1438 0.1454 0.1435 0.1431 0.1421 0.1432 0.1389 
         396  1 0.1419 0.1433 0.1424 0.1431 0.1421 0.1435 0.1437 
         397  1 0.1431 0.1428 0.1445 0.1427 0.1426 0.1439 0.1403 
         398  1 0.1435 0.1429 0.1423 0.1413 0.1428 0.1433 0.1438 
         399  1 0.1432 0.1423 0.1419 0.1443 0.1439 0.1417 0.1428 
         400  1 0.1430 0.1452 0.1434 0.1436 0.1426 0.1424 0.1398 
         401  1 0.1440 0.1442 0.1425 0.1442 0.1438 0.1440 0.1373 
         402  1 0.1435 0.1427 0.1431 0.1444 0.1434 0.1427 0.1402 
         403  1 0.1418 0.1460 0.1428 0.1417 0.1452 0.1407 0.1418 
         404  1 0.1404 0.1439 0.1436 0.1404 0.1421 0.1424 0.1472 
         405  1 0.1428 0.1425 0.1422 0.1430 0.1434 0.1425 0.1436 
         406  1 0.1429 0.1440 0.1440 0.1410 0.1443 0.1416 0.1423 
         407  1 0.1437 0.1440 0.1437 0.1423 0.1426 0.1431 0.1407 
         408  1 0.1419 0.1433 0.1431 0.1404 0.1416 0.1422 0.1475 
         409  1 0.1436 0.1430 0.1430 0.1401 0.1427 0.1425 0.1451 
         410  1 0.1439 0.1425 0.1441 0.1421 0.1440 0.1432 0.1402 
         411  1 0.1461 0.1414 0.1436 0.1425 0.1437 0.1436 0.1392 
         412  1 0.1428 0.1413 0.1433 0.1425 0.1436 0.1431 0.1434 
         413  1 0.1429 0.1437 0.1420 0.1428 0.1417 0.1419 0.1449 
         414  1 0.1400 0.1443 0.1423 0.1436 0.1431 0.1397 0.1469 
         415  1 0.1418 0.1454 0.1426 0.1427 0.1432 0.1417 0.1425 
         416  1 0.1423 0.1430 0.1417 0.1435 0.1446 0.1429 0.1420 
         417  1 0.1425 0.1429 0.1440 0.1421 0.1423 0.1438 0.1424 
         418  1 0.1428 0.1444 0.1426 0.1426 0.1436 0.1416 0.1423 
         419  1 0.1425 0.1423 0.1425 0.1428 0.1424 0.1429 0.1446 
         420  1 0.1420 0.1453 0.1418 0.1429 0.1441 0.1419 0.1420 
         421  1 0.1449 0.1412 0.1452 0.1429 0.1408 0.1447 0.1404 
         422  1 0.1431 0.1433 0.1422 0.1429 0.1445 0.1433 0.1405 
         423  1 0.1437 0.1418 0.1417 0.1443 0.1426 0.1445 0.1414 
         424  1 0.1412 0.1428 0.1413 0.1437 0.1424 0.1420 0.1466 
         425  1 0.1407 0.1424 0.1426 0.1454 0.1421 0.1411 0.1457 
         426  1 0.1430 0.1429 0.1447 0.1433 0.1418 0.1431 0.1412 
         427  1 0.1427 0.1435 0.1428 0.1422 0.1435 0.1426 0.1428 
         428  1 0.1422 0.1444 0.1434 0.1439 0.1428 0.1421 0.1411 
         429  1 0.1410 0.1443 0.1431 0.1402 0.1410 0.1412 0.1493 
         430  1 0.1422 0.1461 0.1413 0.1430 0.1447 0.1409 0.1417 
         431  1 0.1415 0.1440 0.1431 0.1413 0.1429 0.1421 0.1451 
         432  1 0.1416 0.1414 0.1424 0.1425 0.1437 0.1415 0.1469 
         433  1 0.1411 0.1428 0.1430 0.1432 0.1428 0.1422 0.1449 
         434  1 0.1437 0.1421 0.1424 0.1419 0.1415 0.1431 0.1453 
         435  1 0.1413 0.1443 0.1423 0.1419 0.1445 0.1432 0.1424 
         436  1 0.1424 0.1449 0.1426 0.1406 0.1438 0.1423 0.1434 
         437  1 0.1443 0.1433 0.1417 0.1428 0.1433 0.1430 0.1416 
         438  1 0.1426 0.1431 0.1436 0.1440 0.1424 0.1421 0.1423 
         439  1 0.1426 0.1439 0.1433 0.1428 0.1431 0.1430 0.1412 
         440  1 0.1429 0.1436 0.1437 0.1437 0.1428 0.1413 0.1420 
         441  1 0.1421 0.1414 0.1430 0.1436 0.1428 0.1429 0.1443 
         442  1 0.1428 0.1408 0.1425 0.1429 0.1411 0.1442 0.1457 
         443  1 0.1417 0.1453 0.1428 0.1406 0.1444 0.1423 0.1429 
         444  1 0.1437 0.1429 0.1432 0.1435 0.1436 0.1441 0.1391 
         445  1 0.1424 0.1448 0.1422 0.1428 0.1426 0.1416 0.1436 
         446  1 0.1423 0.1450 0.1420 0.1440 0.1435 0.1420 0.1412 
         447  1 0.1412 0.1431 0.1429 0.1436 0.1417 0.1425 0.1449 
         448  1 0.1418 0.1438 0.1435 0.1413 0.1431 0.1426 0.1439 
         449  1 0.1436 0.1435 0.1434 0.1429 0.1430 0.1435 0.1401 
         450  1 0.1415 0.1433 0.1432 0.1435 0.1422 0.1428 0.1435 
         451  1 0.1421 0.1418 0.1423 0.1429 0.1417 0.1422 0.1469 
         452  1 0.1431 0.1423 0.1440 0.1422 0.1440 0.1416 0.1428 
         453  1 0.1431 0.1429 0.1409 0.1425 0.1448 0.1438 0.1419 
         454  1 0.1424 0.1445 0.1417 0.1419 0.1435 0.1420 0.1439 
         455  1 0.1415 0.1425 0.1413 0.1438 0.1414 0.1408 0.1487 
         456  1 0.1410 0.1432 0.1437 0.1418 0.1420 0.1417 0.1466 
         457  1 0.1437 0.1421 0.1427 0.1430 0.1432 0.1442 0.1413 
         458  1 0.1412 0.1450 0.1419 0.1421 0.1424 0.1413 0.1460 
         459  1 0.1420 0.1456 0.1418 0.1429 0.1442 0.1412 0.1423 
         460  1 0.1424 0.1430 0.1433 0.1426 0.1431 0.1433 0.1423 
         461  1 0.1408 0.1445 0.1423 0.1435 0.1452 0.1404 0.1432 
         462  1 0.1419 0.1404 0.1438 0.1429 0.1422 0.1423 0.1465 
         463  1 0.1426 0.1424 0.1427 0.1433 0.1424 0.1425 0.1441 
         464  1 0.1420 0.1412 0.1448 0.1425 0.1415 0.1433 0.1447 
         465  1 0.1440 0.1419 0.1424 0.1423 0.1416 0.1452 0.1427 
         466  1 0.1433 0.1424 0.1423 0.1424 0.1431 0.1431 0.1434 
         467  1 0.1428 0.1453 0.1425 0.1426 0.1437 0.1414 0.1417 
         468  1 0.1422 0.1434 0.1423 0.1422 0.1431 0.1409 0.1460 
         469  1 0.1438 0.1424 0.1433 0.1421 0.1423 0.1440 0.1421 
         470  1 0.1419 0.1437 0.1422 0.1442 0.1424 0.1423 0.1434 
         471  1 0.1423 0.1431 0.1433 0.1418 0.1424 0.1419 0.1453 
         472  1 0.1418 0.1428 0.1420 0.1438 0.1428 0.1426 0.1441 
         473  1 0.1440 0.1429 0.1436 0.1415 0.1414 0.1442 0.1425 
         474  1 0.1423 0.1424 0.1432 0.1417 0.1421 0.1429 0.1454 
         475  1 0.1428 0.1418 0.1436 0.1414 0.1420 0.1434 0.1450 
         476  1 0.1443 0.1427 0.1436 0.1428 0.1431 0.1430 0.1405 
         477  1 0.1423 0.1431 0.1433 0.1408 0.1441 0.1422 0.1441 
         478  1 0.1418 0.1439 0.1428 0.1428 0.1440 0.1407 0.1441 
         479  1 0.1416 0.1430 0.1429 0.1435 0.1439 0.1429 0.1422 
         480  1 0.1439 0.1413 0.1437 0.1424 0.1431 0.1446 0.1410 
         481  1 0.1438 0.1418 0.1439 0.1424 0.1432 0.1435 0.1414 
         482  1 0.1403 0.1433 0.1438 0.1425 0.1432 0.1405 0.1464 
         483  1 0.1436 0.1422 0.1424 0.1427 0.1442 0.1440 0.1409 
         484  1 0.1431 0.1424 0.1437 0.1423 0.1429 0.1443 0.1411 
         485  1 0.1425 0.1417 0.1419 0.1438 0.1426 0.1430 0.1445 
         486  1 0.1434 0.1429 0.1428 0.1427 0.1432 0.1429 0.1421 
         487  1 0.1446 0.1409 0.1433 0.1422 0.1429 0.1466 0.1396 
         488  1 0.1427 0.1433 0.1418 0.1425 0.1422 0.1439 0.1437 
         489  1 0.1448 0.1431 0.1437 0.1442 0.1419 0.1449 0.1375 
         490  1 0.1441 0.1433 0.1441 0.1428 0.1414 0.1418 0.1426 
         491  1 0.1420 0.1408 0.1423 0.1447 0.1421 0.1420 0.1461 
         492  1 0.1421 0.1430 0.1416 0.1429 0.1443 0.1428 0.1433 
         493  1 0.1419 0.1434 0.1426 0.1411 0.1414 0.1428 0.1468 
         494  1 0.1418 0.1441 0.1415 0.1438 0.1433 0.1425 0.1430 
         495  1 0.1448 0.1411 0.1430 0.1427 0.1434 0.1450 0.1400 
         496  1 0.1438 0.1414 0.1437 0.1421 0.1423 0.1433 0.1433 
         497  1 0.1431 0.1411 0.1423 0.1446 0.1427 0.1434 0.1427 
         498  1 0.1418 0.1433 0.1429 0.1425 0.1404 0.1422 0.1468 
         499  1 0.1433 0.1438 0.1434 0.1425 0.1421 0.1437 0.1413 
         500  1 0.1437 0.1425 0.1429 0.1429 0.1420 0.1427 0.1435 
         501  1 0.1461 0.1439 0.1417 0.1421 0.1431 0.1466 0.1364 
         502  1 0.1426 0.1433 0.1424 0.1439 0.1430 0.1437 0.1409 
         503  1 0.1448 0.1411 0.1430 0.1437 0.1421 0.1464 0.1389 
         504  1 0.1420 0.1428 0.1436 0.1426 0.1430 0.1408 0.1453 
         505  1 0.1434 0.1407 0.1443 0.1430 0.1418 0.1438 0.1429 
         506  1 0.1449 0.1412 0.1425 0.1450 0.1426 0.1423 0.1415 
         507  1 0.1423 0.1411 0.1421 0.1423 0.1422 0.1433 0.1465 
         508  1 0.1431 0.1429 0.1430 0.1425 0.1436 0.1428 0.1422 
         509  1 0.1440 0.1408 0.1438 0.1433 0.1435 0.1445 0.1402 
         510  1 0.1416 0.1428 0.1446 0.1418 0.1433 0.1423 0.1435 
         511  1 0.1427 0.1418 0.1432 0.1434 0.1425 0.1418 0.1446 
         512  1 0.1437 0.1408 0.1432 0.1431 0.1421 0.1436 0.1435 
         513  1 0.1421 0.1424 0.1437 0.1429 0.1423 0.1428 0.1438 
         514  1 0.1400 0.1420 0.1421 0.1428 0.1434 0.1415 0.1483 
         515  1 0.1433 0.1426 0.1429 0.1426 0.1431 0.1436 0.1420 
         516  1 0.1416 0.1420 0.1428 0.1428 0.1422 0.1428 0.1459 
         517  1 0.1406 0.1436 0.1443 0.1419 0.1427 0.1418 0.1452 
         518  1 0.1434 0.1428 0.1438 0.1433 0.1438 0.1431 0.1398 
         519  1 0.1431 0.1413 0.1420 0.1440 0.1432 0.1437 0.1428 
         520  1 0.1443 0.1427 0.1429 0.1424 0.1431 0.1435 0.1412 
         521  1 0.1456 0.1429 0.1434 0.1430 0.1413 0.1444 0.1395 
         522  1 0.1417 0.1460 0.1423 0.1428 0.1432 0.1427 0.1414 
         523  1 0.1428 0.1423 0.1418 0.1432 0.1422 0.1420 0.1458 
         524  1 0.1430 0.1415 0.1432 0.1418 0.1427 0.1441 0.1437 
         525  1 0.1448 0.1409 0.1422 0.1446 0.1427 0.1439 0.1408 
         526  1 0.1439 0.1432 0.1432 0.1416 0.1419 0.1429 0.1431 
         527  1 0.1443 0.1409 0.1434 0.1436 0.1427 0.1438 0.1412 
         528  1 0.1416 0.1442 0.1418 0.1420 0.1436 0.1429 0.1439 
         529  1 0.1433 0.1430 0.1433 0.1419 0.1439 0.1427 0.1420 
         530  1 0.1422 0.1436 0.1429 0.1436 0.1434 0.1424 0.1420 
         531  1 0.1415 0.1427 0.1424 0.1437 0.1415 0.1408 0.1474 
         532  1 0.1434 0.1434 0.1424 0.1432 0.1447 0.1427 0.1402 
         533  1 0.1438 0.1422 0.1431 0.1417 0.1431 0.1443 0.1418 
         534  1 0.1431 0.1455 0.1413 0.1425 0.1432 0.1413 0.1432 
         535  1 0.1434 0.1441 0.1425 0.1434 0.1428 0.1435 0.1404 
         536  1 0.1430 0.1435 0.1424 0.1439 0.1440 0.1414 0.1418 
         537  1 0.1419 0.1430 0.1434 0.1409 0.1421 0.1433 0.1454 
         538  1 0.1422 0.1448 0.1416 0.1421 0.1438 0.1420 0.1437 
         539  1 0.1433 0.1426 0.1420 0.1440 0.1424 0.1427 0.1430 
         540  1 0.1429 0.1412 0.1409 0.1446 0.1418 0.1424 0.1463 
         541  1 0.1422 0.1427 0.1437 0.1437 0.1415 0.1429 0.1432 
         542  1 0.1442 0.1425 0.1426 0.1445 0.1439 0.1432 0.1391 
         543  1 0.1446 0.1420 0.1421 0.1469 0.1424 0.1457 0.1363 
         544  1 0.1430 0.1424 0.1419 0.1436 0.1421 0.1436 0.1434 
         545  1 0.1429 0.1427 0.1417 0.1422 0.1426 0.1432 0.1446 
         546  1 0.1430 0.1430 0.1421 0.1409 0.1429 0.1428 0.1453 
         547  1 0.1435 0.1436 0.1427 0.1424 0.1432 0.1434 0.1412 
         548  1 0.1422 0.1441 0.1425 0.1421 0.1433 0.1415 0.1444 
         549  1 0.1428 0.1419 0.1429 0.1426 0.1423 0.1434 0.1440 
         550  1 0.1411 0.1434 0.1436 0.1413 0.1423 0.1424 0.1459 
         551  1 0.1461 0.1415 0.1436 0.1446 0.1434 0.1462 0.1346 
         552  1 0.1448 0.1426 0.1429 0.1426 0.1428 0.1425 0.1418 
         553  1 0.1452 0.1411 0.1421 0.1425 0.1417 0.1458 0.1416 
         554  1 0.1416 0.1454 0.1421 0.1427 0.1447 0.1417 0.1417 
         555  1 0.1427 0.1428 0.1430 0.1438 0.1420 0.1431 0.1426 
         556  1 0.1420 0.1421 0.1432 0.1441 0.1414 0.1430 0.1442 
         557  1 0.1421 0.1433 0.1418 0.1408 0.1413 0.1426 0.1480 
         558  1 0.1436 0.1414 0.1442 0.1414 0.1434 0.1431 0.1430 
         559  1 0.1448 0.1422 0.1427 0.1433 0.1435 0.1435 0.1400 
         560  1 0.1437 0.1416 0.1446 0.1415 0.1426 0.1443 0.1417 
         561  1 0.1423 0.1424 0.1428 0.1449 0.1429 0.1404 0.1443 
         562  1 0.1402 0.1440 0.1429 0.1412 0.1420 0.1416 0.1481 
         563  1 0.1414 0.1426 0.1431 0.1415 0.1420 0.1422 0.1471 
         564  1 0.1421 0.1442 0.1413 0.1417 0.1444 0.1425 0.1438 
         565  1 0.1424 0.1429 0.1428 0.1422 0.1434 0.1426 0.1437 
         566  1 0.1403 0.1437 0.1415 0.1444 0.1428 0.1410 0.1464 
         567  1 0.1423 0.1435 0.1425 0.1431 0.1437 0.1417 0.1432 
         568  1 0.1457 0.1426 0.1435 0.1444 0.1430 0.1438 0.1369 
         569  1 0.1419 0.1429 0.1435 0.1413 0.1428 0.1433 0.1443 
         570  1 0.1468 0.1421 0.1431 0.1432 0.1421 0.1447 0.1380 
         571  1 0.1415 0.1445 0.1416 0.1435 0.1443 0.1403 0.1443 
         572  1 0.1430 0.1445 0.1427 0.1421 0.1439 0.1417 0.1422 
         573  1 0.1436 0.1423 0.1429 0.1417 0.1422 0.1436 0.1436 
         574  1 0.1428 0.1426 0.1428 0.1433 0.1433 0.1422 0.1429 
         575  1 0.1433 0.1436 0.1431 0.1418 0.1426 0.1425 0.1430 
         576  1 0.1437 0.1423 0.1425 0.1439 0.1424 0.1426 0.1426 
         577  1 0.1425 0.1433 0.1428 0.1414 0.1410 0.1424 0.1466 
         578  1 0.1436 0.1440 0.1422 0.1427 0.1435 0.1438 0.1403 
         579  1 0.1443 0.1437 0.1434 0.1427 0.1411 0.1430 0.1418 
         580  1 0.1414 0.1433 0.1418 0.1438 0.1425 0.1415 0.1457 
         581  1 0.1417 0.1457 0.1429 0.1424 0.1420 0.1423 0.1429 
         582  1 0.1412 0.1438 0.1421 0.1428 0.1417 0.1432 0.1452 
         583  1 0.1418 0.1423 0.1434 0.1433 0.1434 0.1411 0.1447 
         584  1 0.1446 0.1415 0.1424 0.1438 0.1436 0.1439 0.1403 
         585  1 0.1418 0.1435 0.1429 0.1428 0.1442 0.1405 0.1442 
         586  1 0.1429 0.1425 0.1426 0.1424 0.1420 0.1419 0.1457 
         587  1 0.1403 0.1436 0.1418 0.1422 0.1436 0.1409 0.1476 
         588  1 0.1419 0.1439 0.1415 0.1426 0.1432 0.1444 0.1426 
         589  1 0.1425 0.1426 0.1410 0.1460 0.1426 0.1421 0.1432 
         590  1 0.1426 0.1420 0.1441 0.1439 0.1428 0.1420 0.1425 
         591  1 0.1416 0.1463 0.1428 0.1432 0.1430 0.1417 0.1414 
         592  1 0.1398 0.1442 0.1431 0.1431 0.1413 0.1403 0.1483 
         593  1 0.1412 0.1431 0.1434 0.1434 0.1418 0.1411 0.1459 
         594  1 0.1419 0.1421 0.1432 0.1434 0.1429 0.1427 0.1438 
         595  1 0.1417 0.1424 0.1438 0.1424 0.1416 0.1435 0.1446 
         596  1 0.1436 0.1417 0.1437 0.1416 0.1416 0.1440 0.1439 
         597  1 0.1436 0.1429 0.1425 0.1427 0.1427 0.1436 0.1421 
         598  1 0.1391 0.1447 0.1393 0.1451 0.1420 0.1404 0.1494 
         599  1 0.1439 0.1406 0.1427 0.1446 0.1439 0.1457 0.1385 
         600  1 0.1414 0.1431 0.1411 0.1428 0.1420 0.1418 0.1477 
         601  1 0.1432 0.1429 0.1433 0.1412 0.1441 0.1428 0.1424 
         602  1 0.1432 0.1423 0.1427 0.1451 0.1414 0.1426 0.1428 
         603  1 0.1413 0.1433 0.1439 0.1429 0.1429 0.1413 0.1444 
         604  1 0.1435 0.1419 0.1420 0.1443 0.1446 0.1429 0.1407 
         605  1 0.1441 0.1418 0.1434 0.1428 0.1440 0.1448 0.1390 
         606  1 0.1425 0.1430 0.1426 0.1421 0.1426 0.1421 0.1451 
         607  1 0.1444 0.1436 0.1433 0.1425 0.1432 0.1432 0.1397 
         608  1 0.1447 0.1430 0.1429 0.1421 0.1440 0.1430 0.1403 
         609  1 0.1430 0.1446 0.1431 0.1430 0.1444 0.1425 0.1393 
         610  1 0.1433 0.1427 0.1440 0.1427 0.1426 0.1439 0.1408 
         611  1 0.1439 0.1427 0.1444 0.1425 0.1431 0.1438 0.1396 
         612  1 0.1420 0.1431 0.1433 0.1422 0.1430 0.1430 0.1433 
         613  1 0.1414 0.1443 0.1422 0.1420 0.1443 0.1429 0.1429 
         614  1 0.1431 0.1428 0.1428 0.1436 0.1431 0.1430 0.1417 
         615  1 0.1413 0.1436 0.1427 0.1417 0.1423 0.1411 0.1472 
         616  1 0.1405 0.1446 0.1436 0.1422 0.1425 0.1401 0.1464 
         617  1 0.1424 0.1421 0.1437 0.1428 0.1432 0.1421 0.1437 
         618  1 0.1428 0.1414 0.1433 0.1440 0.1427 0.1438 0.1420 
         619  1 0.1444 0.1431 0.1429 0.1454 0.1433 0.1439 0.1369 
         620  1 0.1444 0.1430 0.1431 0.1433 0.1433 0.1445 0.1384 
         621  1 0.1430 0.1422 0.1432 0.1425 0.1421 0.1449 0.1421 
         622  1 0.1440 0.1425 0.1431 0.1430 0.1423 0.1443 0.1408 
         623  1 0.1417 0.1433 0.1417 0.1442 0.1431 0.1416 0.1444 
         624  1 0.1437 0.1411 0.1428 0.1430 0.1422 0.1441 0.1431 
         625  1 0.1420 0.1439 0.1408 0.1444 0.1457 0.1420 0.1413 
         626  1 0.1429 0.1420 0.1430 0.1436 0.1445 0.1417 0.1421 
         627  1 0.1438 0.1429 0.1437 0.1419 0.1423 0.1450 0.1404 
         628  1 0.1429 0.1426 0.1435 0.1418 0.1439 0.1430 0.1424 
         629  1 0.1430 0.1422 0.1426 0.1433 0.1416 0.1432 0.1441 
         630  1 0.1428 0.1431 0.1440 0.1417 0.1423 0.1423 0.1439 
         631  1 0.1440 0.1426 0.1437 0.1430 0.1411 0.1442 0.1413 
         632  1 0.1410 0.1449 0.1419 0.1417 0.1423 0.1412 0.1469 
         633  1 0.1414 0.1412 0.1443 0.1405 0.1440 0.1419 0.1467 
         634  1 0.1421 0.1419 0.1435 0.1420 0.1431 0.1420 0.1455 
         635  1 0.1459 0.1430 0.1426 0.1425 0.1424 0.1430 0.1406 
         636  1 0.1434 0.1414 0.1422 0.1417 0.1424 0.1431 0.1459 
         637  1 0.1418 0.1434 0.1435 0.1431 0.1438 0.1412 0.1433 
         638  1 0.1422 0.1422 0.1429 0.1425 0.1421 0.1416 0.1465 
         639  1 0.1415 0.1409 0.1441 0.1427 0.1427 0.1428 0.1453 
         640  1 0.1424 0.1437 0.1432 0.1426 0.1432 0.1426 0.1423 
         641  1 0.1435 0.1427 0.1427 0.1444 0.1418 0.1445 0.1404 
         642  1 0.1429 0.1430 0.1439 0.1445 0.1417 0.1437 0.1403 
         643  1 0.1410 0.1446 0.1419 0.1428 0.1432 0.1413 0.1452 
         644  1 0.1419 0.1438 0.1421 0.1432 0.1427 0.1429 0.1434 
         645  1 0.1442 0.1434 0.1430 0.1437 0.1430 0.1439 0.1390 
         646  1 0.1443 0.1421 0.1427 0.1432 0.1414 0.1432 0.1430 
         647  1 0.1439 0.1424 0.1419 0.1441 0.1436 0.1440 0.1401 
         648  1 0.1420 0.1452 0.1415 0.1421 0.1430 0.1418 0.1443 
         649  1 0.1443 0.1411 0.1433 0.1424 0.1431 0.1433 0.1425 
         650  1 0.1434 0.1438 0.1435 0.1411 0.1428 0.1435 0.1419 
         651  1 0.1423 0.1428 0.1423 0.1429 0.1430 0.1408 0.1459 
         652  1 0.1430 0.1435 0.1426 0.1413 0.1439 0.1431 0.1427 
         653  1 0.1447 0.1427 0.1431 0.1426 0.1423 0.1444 0.1403 
         654  1 0.1425 0.1443 0.1425 0.1442 0.1433 0.1417 0.1415 
         655  1 0.1421 0.1428 0.1413 0.1455 0.1434 0.1412 0.1437 
         656  1 0.1445 0.1416 0.1428 0.1410 0.1424 0.1430 0.1447 
         657  1 0.1426 0.1436 0.1415 0.1447 0.1446 0.1426 0.1404 
         658  1 0.1431 0.1429 0.1422 0.1430 0.1429 0.1430 0.1429 
         659  1 0.1424 0.1431 0.1443 0.1428 0.1430 0.1423 0.1420 
         660  1 0.1420 0.1437 0.1430 0.1430 0.1427 0.1417 0.1439 
         661  1 0.1420 0.1433 0.1427 0.1416 0.1430 0.1423 0.1451 
         662  1 0.1437 0.1417 0.1429 0.1437 0.1436 0.1432 0.1412 
         663  1 0.1424 0.1419 0.1430 0.1424 0.1420 0.1421 0.1462 
         664  1 0.1419 0.1438 0.1428 0.1416 0.1441 0.1417 0.1441 
         665  1 0.1420 0.1449 0.1420 0.1432 0.1456 0.1415 0.1408 
         666  1 0.1427 0.1441 0.1417 0.1423 0.1454 0.1423 0.1415 
         667  1 0.1424 0.1426 0.1434 0.1418 0.1429 0.1429 0.1439 
         668  1 0.1428 0.1446 0.1429 0.1428 0.1437 0.1443 0.1389 
         669  1 0.1407 0.1420 0.1429 0.1419 0.1443 0.1427 0.1455 
         670  1 0.1430 0.1420 0.1432 0.1414 0.1441 0.1435 0.1427 
         671  1 0.1438 0.1421 0.1434 0.1445 0.1433 0.1447 0.1382 
         672  1 0.1424 0.1435 0.1419 0.1422 0.1430 0.1430 0.1439 
         673  1 0.1425 0.1438 0.1423 0.1425 0.1412 0.1433 0.1445 
         674  1 0.1435 0.1431 0.1432 0.1435 0.1435 0.1417 0.1416 
         675  1 0.1447 0.1425 0.1425 0.1429 0.1430 0.1448 0.1395 
         676  1 0.1429 0.1429 0.1423 0.1432 0.1427 0.1437 0.1422 
         677  1 0.1424 0.1436 0.1434 0.1430 0.1435 0.1426 0.1415 
         678  1 0.1418 0.1424 0.1426 0.1445 0.1434 0.1436 0.1416 
         679  1 0.1437 0.1430 0.1421 0.1428 0.1429 0.1439 0.1416 
         680  1 0.1433 0.1427 0.1430 0.1428 0.1446 0.1433 0.1403 
         681  1 0.1425 0.1437 0.1429 0.1436 0.1435 0.1423 0.1416 
         682  1 0.1413 0.1435 0.1416 0.1405 0.1420 0.1420 0.1492 
         683  1 0.1418 0.1433 0.1422 0.1426 0.1431 0.1415 0.1456 
         684  1 0.1414 0.1428 0.1414 0.1427 0.1426 0.1430 0.1461 
         685  1 0.1425 0.1423 0.1424 0.1441 0.1441 0.1433 0.1413 
         686  1 0.1421 0.1442 0.1431 0.1426 0.1426 0.1424 0.1430 
         687  1 0.1430 0.1423 0.1416 0.1438 0.1434 0.1429 0.1429 
         688  1 0.1419 0.1429 0.1426 0.1446 0.1438 0.1407 0.1435 
         689  1 0.1410 0.1425 0.1428 0.1409 0.1428 0.1441 0.1460 
         690  1 0.1417 0.1426 0.1423 0.1419 0.1418 0.1435 0.1462 
         691  1 0.1420 0.1423 0.1432 0.1438 0.1425 0.1419 0.1443 
         692  1 0.1427 0.1431 0.1427 0.1422 0.1434 0.1424 0.1434 
         693  1 0.1413 0.1434 0.1427 0.1413 0.1436 0.1414 0.1462 
         694  1 0.1427 0.1423 0.1443 0.1425 0.1427 0.1433 0.1422 
         695  1 0.1456 0.1414 0.1428 0.1430 0.1421 0.1449 0.1403 
         696  1 0.1422 0.1426 0.1426 0.1425 0.1425 0.1417 0.1458 
         697  1 0.1447 0.1439 0.1416 0.1411 0.1419 0.1445 0.1424 
         698  1 0.1430 0.1439 0.1415 0.1413 0.1424 0.1416 0.1464 
         699  1 0.1460 0.1414 0.1443 0.1422 0.1420 0.1448 0.1392 
         700  1 0.1429 0.1440 0.1430 0.1416 0.1430 0.1421 0.1435 
         701  1 0.1436 0.1415 0.1436 0.1434 0.1417 0.1428 0.1435 
         702  1 0.1447 0.1425 0.1429 0.1426 0.1419 0.1435 0.1420 
         703  1 0.1434 0.1414 0.1424 0.1422 0.1418 0.1435 0.1452 
         704  1 0.1429 0.1433 0.1420 0.1456 0.1436 0.1426 0.1400 
         705  1 0.1418 0.1435 0.1423 0.1437 0.1421 0.1426 0.1440 
         706  1 0.1423 0.1419 0.1425 0.1427 0.1432 0.1422 0.1451 
         707  1 0.1413 0.1454 0.1421 0.1417 0.1430 0.1405 0.1459 
         708  1 0.1426 0.1435 0.1437 0.1420 0.1433 0.1433 0.1415 
         709  1 0.1447 0.1427 0.1438 0.1424 0.1431 0.1451 0.1383 
         710  1 0.1424 0.1448 0.1425 0.1416 0.1436 0.1431 0.1420 
         711  1 0.1427 0.1412 0.1442 0.1415 0.1443 0.1437 0.1425 
         712  1 0.1430 0.1426 0.1437 0.1426 0.1431 0.1429 0.1421 
         713  1 0.1418 0.1433 0.1424 0.1423 0.1417 0.1426 0.1459 
         714  1 0.1421 0.1430 0.1426 0.1409 0.1402 0.1432 0.1480 
         715  1 0.1425 0.1421 0.1417 0.1442 0.1431 0.1418 0.1445 
         716  1 0.1426 0.1437 0.1441 0.1416 0.1422 0.1413 0.1444 
         717  1 0.1444 0.1432 0.1406 0.1442 0.1433 0.1439 0.1405 
         718  1 0.1451 0.1422 0.1428 0.1424 0.1433 0.1451 0.1392 
         719  1 0.1403 0.1434 0.1433 0.1427 0.1433 0.1416 0.1456 
         720  1 0.1415 0.1442 0.1427 0.1440 0.1429 0.1409 0.1438 
         721  1 0.1443 0.1399 0.1437 0.1431 0.1417 0.1458 0.1415 
         722  1 0.1433 0.1435 0.1427 0.1424 0.1418 0.1430 0.1433 
         723  1 0.1439 0.1425 0.1439 0.1428 0.1431 0.1444 0.1393 
         724  1 0.1452 0.1433 0.1442 0.1425 0.1425 0.1440 0.1383 
         725  1 0.1441 0.1414 0.1441 0.1424 0.1429 0.1451 0.1401 
         726  1 0.1416 0.1433 0.1433 0.1428 0.1432 0.1421 0.1438 
         727  1 0.1423 0.1423 0.1443 0.1429 0.1429 0.1435 0.1419 
         728  1 0.1415 0.1444 0.1444 0.1407 0.1432 0.1424 0.1434 
         729  1 0.1419 0.1430 0.1426 0.1430 0.1435 0.1423 0.1438 
         730  1 0.1427 0.1421 0.1429 0.1432 0.1430 0.1427 0.1434 
         731  1 0.1438 0.1421 0.1433 0.1430 0.1419 0.1437 0.1421 
         732  1 0.1416 0.1428 0.1438 0.1422 0.1431 0.1429 0.1436 
         733  1 0.1406 0.1437 0.1425 0.1429 0.1424 0.1415 0.1464 
         734  1 0.1407 0.1429 0.1425 0.1434 0.1413 0.1415 0.1477 
         735  1 0.1418 0.1439 0.1408 0.1410 0.1407 0.1410 0.1509 
         736  1 0.1423 0.1442 0.1426 0.1433 0.1436 0.1421 0.1419 
         737  1 0.1417 0.1410 0.1430 0.1414 0.1430 0.1427 0.1473 
         738  1 0.1455 0.1426 0.1430 0.1435 0.1423 0.1446 0.1385 
         739  1 0.1421 0.1436 0.1435 0.1414 0.1422 0.1432 0.1441 
         740  1 0.1442 0.1451 0.1427 0.1401 0.1450 0.1439 0.1391 
         741  1 0.1433 0.1430 0.1434 0.1421 0.1421 0.1446 0.1416 
         742  1 0.1443 0.1420 0.1432 0.1424 0.1421 0.1417 0.1443 
         743  1 0.1430 0.1428 0.1427 0.1433 0.1436 0.1426 0.1420 
         744  1 0.1403 0.1424 0.1434 0.1433 0.1416 0.1415 0.1476 
         745  1 0.1434 0.1423 0.1433 0.1421 0.1419 0.1442 0.1428 
         746  1 0.1416 0.1424 0.1417 0.1448 0.1417 0.1424 0.1456 
         747  1 0.1410 0.1423 0.1426 0.1440 0.1417 0.1404 0.1479 
         748  1 0.1435 0.1421 0.1450 0.1428 0.1410 0.1432 0.1424 
         749  1 0.1440 0.1423 0.1426 0.1457 0.1424 0.1434 0.1396 
         750  1 0.1437 0.1435 0.1443 0.1425 0.1423 0.1432 0.1405 
         751  1 0.1438 0.1425 0.1450 0.1416 0.1432 0.1429 0.1411 
         752  1 0.1432 0.1419 0.1442 0.1414 0.1438 0.1438 0.1418 
         753  1 0.1418 0.1450 0.1407 0.1448 0.1434 0.1443 0.1400 
         754  1 0.1442 0.1423 0.1408 0.1424 0.1417 0.1431 0.1455 
         755  1 0.1431 0.1434 0.1432 0.1427 0.1451 0.1428 0.1397 
         756  1 0.1428 0.1410 0.1436 0.1436 0.1424 0.1418 0.1447 
         757  1 0.1420 0.1430 0.1428 0.1412 0.1413 0.1428 0.1468 
         758  1 0.1424 0.1449 0.1415 0.1434 0.1439 0.1420 0.1419 
         759  1 0.1422 0.1443 0.1427 0.1430 0.1430 0.1423 0.1425 
         760  1 0.1421 0.1429 0.1422 0.1432 0.1428 0.1427 0.1441 
         761  1 0.1418 0.1438 0.1422 0.1437 0.1433 0.1418 0.1434 
         762  1 0.1445 0.1421 0.1425 0.1442 0.1444 0.1443 0.1380 
         763  1 0.1431 0.1436 0.1415 0.1448 0.1445 0.1430 0.1394 
         764  1 0.1420 0.1425 0.1413 0.1437 0.1418 0.1428 0.1458 
         765  1 0.1432 0.1426 0.1428 0.1426 0.1412 0.1435 0.1442 
         766  1 0.1429 0.1421 0.1427 0.1423 0.1441 0.1432 0.1427 
         767  1 0.1436 0.1417 0.1424 0.1417 0.1431 0.1441 0.1435 
         768  1 0.1421 0.1417 0.1423 0.1442 0.1429 0.1437 0.1432 
         769  1 0.1433 0.1429 0.1438 0.1415 0.1414 0.1432 0.1440 
         770  1 0.1419 0.1456 0.1433 0.1410 0.1429 0.1409 0.1444 
         771  1 0.1417 0.1422 0.1439 0.1415 0.1444 0.1409 0.1454 
         772  1 0.1415 0.1450 0.1415 0.1436 0.1431 0.1414 0.1438 
         773  1 0.1442 0.1420 0.1416 0.1434 0.1431 0.1430 0.1426 
         774  1 0.1444 0.1417 0.1421 0.1452 0.1431 0.1435 0.1401 
         775  1 0.1419 0.1430 0.1438 0.1434 0.1413 0.1412 0.1454 
         776  1 0.1445 0.1409 0.1442 0.1433 0.1424 0.1448 0.1400 
         777  1 0.1426 0.1431 0.1414 0.1440 0.1447 0.1420 0.1422 
         778  1 0.1432 0.1426 0.1421 0.1429 0.1429 0.1426 0.1436 
         779  1 0.1431 0.1417 0.1444 0.1434 0.1432 0.1415 0.1427 
         780  1 0.1450 0.1412 0.1424 0.1442 0.1440 0.1443 0.1389 
         781  1 0.1414 0.1454 0.1416 0.1435 0.1447 0.1410 0.1425 
         782  1 0.1422 0.1436 0.1434 0.1431 0.1435 0.1413 0.1430 
         783  1 0.1426 0.1424 0.1414 0.1436 0.1435 0.1442 0.1423 
         784  1 0.1435 0.1399 0.1430 0.1430 0.1429 0.1453 0.1424 
         785  1 0.1420 0.1433 0.1427 0.1439 0.1430 0.1421 0.1430 
         786  1 0.1425 0.1427 0.1435 0.1432 0.1421 0.1426 0.1434 
         787  1 0.1423 0.1429 0.1438 0.1428 0.1437 0.1415 0.1429 
         788  1 0.1464 0.1415 0.1422 0.1426 0.1422 0.1464 0.1387 
         789  1 0.1429 0.1418 0.1427 0.1443 0.1419 0.1429 0.1436 
         790  1 0.1433 0.1422 0.1436 0.1409 0.1435 0.1437 0.1428 
         791  1 0.1428 0.1428 0.1431 0.1415 0.1421 0.1430 0.1446 
         792  1 0.1419 0.1422 0.1447 0.1413 0.1419 0.1408 0.1472 
         793  1 0.1415 0.1436 0.1430 0.1410 0.1427 0.1426 0.1455 
         794  1 0.1420 0.1437 0.1414 0.1430 0.1441 0.1425 0.1434 
         795  1 0.1424 0.1440 0.1429 0.1423 0.1439 0.1440 0.1404 
         796  1 0.1443 0.1432 0.1430 0.1426 0.1439 0.1418 0.1413 
         797  1 0.1436 0.1440 0.1432 0.1429 0.1441 0.1425 0.1397 
         798  1 0.1445 0.1399 0.1442 0.1434 0.1437 0.1444 0.1399 
         799  1 0.1453 0.1435 0.1438 0.1417 0.1419 0.1435 0.1403 
         800  1 0.1421 0.1433 0.1436 0.1419 0.1440 0.1414 0.1438 
         801  1 0.1408 0.1443 0.1431 0.1436 0.1418 0.1416 0.1449 
         802  1 0.1430 0.1422 0.1456 0.1434 0.1432 0.1424 0.1402 
         803  1 0.1417 0.1423 0.1435 0.1435 0.1424 0.1426 0.1441 
         804  1 0.1412 0.1440 0.1422 0.1429 0.1426 0.1413 0.1458 
         805  1 0.1465 0.1396 0.1437 0.1429 0.1428 0.1455 0.1390 
         806  1 0.1448 0.1435 0.1448 0.1415 0.1428 0.1421 0.1405 
         807  1 0.1424 0.1453 0.1416 0.1424 0.1459 0.1427 0.1397 
         808  1 0.1427 0.1429 0.1432 0.1415 0.1427 0.1430 0.1439 
         809  1 0.1435 0.1422 0.1415 0.1438 0.1429 0.1430 0.1431 
         810  1 0.1404 0.1472 0.1418 0.1426 0.1449 0.1413 0.1418 
         811  1 0.1405 0.1444 0.1417 0.1418 0.1398 0.1410 0.1508 
         812  1 0.1427 0.1430 0.1421 0.1444 0.1423 0.1420 0.1435 
         813  1 0.1412 0.1438 0.1421 0.1441 0.1426 0.1403 0.1460 
         814  1 0.1421 0.1442 0.1425 0.1435 0.1417 0.1409 0.1450 
         815  1 0.1442 0.1412 0.1425 0.1437 0.1439 0.1441 0.1403 
         816  1 0.1431 0.1449 0.1433 0.1424 0.1428 0.1427 0.1408 
         817  1 0.1434 0.1420 0.1438 0.1441 0.1425 0.1434 0.1408 
         818  1 0.1442 0.1421 0.1440 0.1418 0.1433 0.1436 0.1409 
         819  1 0.1456 0.1410 0.1433 0.1434 0.1433 0.1441 0.1393 
         820  1 0.1409 0.1448 0.1408 0.1446 0.1428 0.1414 0.1447 
         821  1 0.1419 0.1437 0.1424 0.1416 0.1424 0.1418 0.1462 
         822  1 0.1420 0.1422 0.1423 0.1428 0.1428 0.1422 0.1457 
         823  1 0.1409 0.1444 0.1416 0.1419 0.1430 0.1414 0.1468 
         824  1 0.1426 0.1435 0.1424 0.1418 0.1417 0.1437 0.1443 
         825  1 0.1424 0.1422 0.1432 0.1431 0.1441 0.1430 0.1420 
         826  1 0.1433 0.1422 0.1425 0.1450 0.1412 0.1439 0.1419 
         827  1 0.1420 0.1436 0.1433 0.1422 0.1434 0.1409 0.1447 
         828  1 0.1450 0.1424 0.1427 0.1425 0.1436 0.1442 0.1396 
         829  1 0.1409 0.1429 0.1428 0.1434 0.1437 0.1417 0.1447 
         830  1 0.1438 0.1451 0.1421 0.1433 0.1437 0.1441 0.1378 
         831  1 0.1417 0.1431 0.1437 0.1441 0.1414 0.1402 0.1457 
         832  1 0.1419 0.1418 0.1430 0.1423 0.1428 0.1428 0.1454 
         833  1 0.1428 0.1417 0.1442 0.1417 0.1425 0.1427 0.1443 
         834  1 0.1421 0.1447 0.1430 0.1423 0.1427 0.1407 0.1444 
         835  1 0.1415 0.1423 0.1421 0.1422 0.1410 0.1426 0.1484 
         836  1 0.1407 0.1436 0.1424 0.1413 0.1416 0.1411 0.1492 
         837  1 0.1416 0.1426 0.1439 0.1425 0.1414 0.1422 0.1458 
         838  1 0.1424 0.1427 0.1430 0.1437 0.1427 0.1424 0.1431 
         839  1 0.1415 0.1406 0.1422 0.1441 0.1424 0.1426 0.1465 
         840  1 0.1413 0.1421 0.1436 0.1420 0.1420 0.1428 0.1462 
         841  1 0.1413 0.1450 0.1414 0.1423 0.1418 0.1419 0.1462 
         842  1 0.1433 0.1424 0.1427 0.1425 0.1415 0.1446 0.1430 
         843  1 0.1421 0.1431 0.1425 0.1422 0.1434 0.1437 0.1430 
         844  1 0.1441 0.1414 0.1424 0.1442 0.1420 0.1438 0.1421 
         845  1 0.1421 0.1454 0.1428 0.1422 0.1427 0.1408 0.1440 
         846  1 0.1421 0.1445 0.1433 0.1420 0.1428 0.1414 0.1438 
         847  1 0.1425 0.1412 0.1420 0.1416 0.1409 0.1425 0.1492 
         848  1 0.1438 0.1415 0.1433 0.1428 0.1426 0.1445 0.1415 
         849  1 0.1437 0.1427 0.1428 0.1426 0.1437 0.1442 0.1403 
         850  1 0.1437 0.1423 0.1438 0.1424 0.1442 0.1426 0.1411 
         851  1 0.1436 0.1411 0.1443 0.1437 0.1430 0.1417 0.1426 
         852  1 0.1445 0.1421 0.1440 0.1425 0.1424 0.1441 0.1404 
         853  1 0.1439 0.1429 0.1440 0.1429 0.1434 0.1428 0.1402 
         854  1 0.1414 0.1429 0.1439 0.1422 0.1417 0.1429 0.1450 
         855  1 0.1440 0.1412 0.1423 0.1448 0.1426 0.1436 0.1415 
         856  1 0.1423 0.1429 0.1428 0.1423 0.1416 0.1429 0.1452 
         857  1 0.1426 0.1434 0.1433 0.1421 0.1428 0.1420 0.1438 
         858  1 0.1433 0.1419 0.1442 0.1439 0.1420 0.1437 0.1411 
         859  1 0.1414 0.1441 0.1435 0.1418 0.1419 0.1418 0.1455 
         860  1 0.1435 0.1435 0.1442 0.1420 0.1428 0.1431 0.1409 
         861  1 0.1425 0.1427 0.1421 0.1400 0.1409 0.1430 0.1489 
         862  1 0.1473 0.1414 0.1423 0.1449 0.1439 0.1469 0.1333 
         863  1 0.1431 0.1437 0.1435 0.1424 0.1426 0.1432 0.1415 
         864  1 0.1430 0.1432 0.1443 0.1410 0.1416 0.1433 0.1435 
         865  1 0.1408 0.1431 0.1425 0.1438 0.1429 0.1420 0.1448 
         866  1 0.1440 0.1405 0.1434 0.1428 0.1423 0.1439 0.1431 
         867  1 0.1430 0.1422 0.1417 0.1433 0.1435 0.1434 0.1429 
         868  1 0.1421 0.1418 0.1421 0.1436 0.1432 0.1426 0.1445 
         869  1 0.1424 0.1432 0.1443 0.1416 0.1418 0.1426 0.1441 
         870  1 0.1430 0.1433 0.1420 0.1441 0.1429 0.1426 0.1420 
         871  1 0.1414 0.1424 0.1427 0.1419 0.1422 0.1429 0.1466 
         872  1 0.1425 0.1428 0.1438 0.1408 0.1423 0.1436 0.1442 
         873  1 0.1413 0.1442 0.1435 0.1425 0.1429 0.1421 0.1435 
         874  1 0.1450 0.1419 0.1425 0.1441 0.1447 0.1450 0.1369 
         875  1 0.1448 0.1425 0.1435 0.1425 0.1425 0.1437 0.1404 
         876  1 0.1427 0.1424 0.1430 0.1417 0.1439 0.1421 0.1442 
         877  1 0.1434 0.1424 0.1435 0.1433 0.1425 0.1424 0.1426 
         878  1 0.1426 0.1418 0.1432 0.1424 0.1452 0.1435 0.1412 
         879  1 0.1441 0.1414 0.1431 0.1453 0.1435 0.1445 0.1381 
         880  1 0.1413 0.1466 0.1419 0.1419 0.1439 0.1406 0.1438 
         881  1 0.1418 0.1434 0.1435 0.1422 0.1424 0.1427 0.1439 
         882  1 0.1431 0.1430 0.1431 0.1417 0.1431 0.1439 0.1421 
         883  1 0.1443 0.1418 0.1415 0.1461 0.1421 0.1446 0.1395 
         884  1 0.1428 0.1439 0.1436 0.1414 0.1436 0.1443 0.1404 
         885  1 0.1420 0.1437 0.1420 0.1417 0.1440 0.1418 0.1447 
         886  1 0.1442 0.1442 0.1428 0.1425 0.1441 0.1446 0.1376 
         887  1 0.1432 0.1419 0.1432 0.1434 0.1420 0.1439 0.1423 
         888  1 0.1430 0.1418 0.1428 0.1419 0.1431 0.1424 0.1450 
         889  1 0.1439 0.1436 0.1428 0.1421 0.1428 0.1431 0.1417 
         890  1 0.1417 0.1441 0.1418 0.1444 0.1425 0.1412 0.1442 
         891  1 0.1409 0.1449 0.1418 0.1435 0.1435 0.1408 0.1447 
         892  1 0.1428 0.1452 0.1427 0.1419 0.1441 0.1417 0.1416 
         893  1 0.1424 0.1432 0.1435 0.1435 0.1437 0.1419 0.1419 
         894  1 0.1439 0.1417 0.1442 0.1442 0.1433 0.1449 0.1378 
         895  1 0.1437 0.1423 0.1441 0.1434 0.1428 0.1426 0.1412 
         896  1 0.1408 0.1423 0.1422 0.1419 0.1413 0.1416 0.1499 
         897  1 0.1425 0.1418 0.1429 0.1415 0.1425 0.1432 0.1457 
         898  1 0.1425 0.1429 0.1441 0.1408 0.1444 0.1418 0.1435 
         899  1 0.1429 0.1420 0.1425 0.1444 0.1437 0.1426 0.1419 
         900  1 0.1411 0.1443 0.1427 0.1420 0.1425 0.1417 0.1458 
         901  1 0.1408 0.1423 0.1421 0.1442 0.1417 0.1420 0.1469 
         902  1 0.1438 0.1426 0.1433 0.1435 0.1440 0.1437 0.1392 
         903  1 0.1444 0.1421 0.1433 0.1424 0.1418 0.1440 0.1420 
         904  1 0.1408 0.1417 0.1440 0.1425 0.1424 0.1416 0.1469 
         905  1 0.1439 0.1449 0.1413 0.1424 0.1442 0.1425 0.1408 
         906  1 0.1440 0.1425 0.1423 0.1418 0.1421 0.1442 0.1430 
         907  1 0.1429 0.1432 0.1435 0.1419 0.1438 0.1442 0.1405 
         908  1 0.1429 0.1427 0.1417 0.1433 0.1423 0.1424 0.1447 
         909  1 0.1419 0.1414 0.1424 0.1449 0.1441 0.1421 0.1433 
         910  1 0.1427 0.1429 0.1427 0.1421 0.1444 0.1429 0.1422 
         911  1 0.1426 0.1430 0.1433 0.1434 0.1433 0.1436 0.1408 
         912  1 0.1437 0.1434 0.1428 0.1423 0.1435 0.1427 0.1415 
         913  1 0.1443 0.1432 0.1430 0.1422 0.1409 0.1462 0.1402 
         914  1 0.1431 0.1441 0.1427 0.1421 0.1443 0.1439 0.1399 
         915  1 0.1411 0.1413 0.1422 0.1435 0.1418 0.1426 0.1475 
         916  1 0.1411 0.1461 0.1418 0.1436 0.1441 0.1406 0.1425 
         917  1 0.1431 0.1427 0.1444 0.1422 0.1428 0.1420 0.1429 
         918  1 0.1437 0.1423 0.1436 0.1427 0.1424 0.1435 0.1417 
         919  1 0.1442 0.1409 0.1433 0.1434 0.1435 0.1449 0.1397 
         920  1 0.1418 0.1419 0.1429 0.1436 0.1427 0.1427 0.1444 
         921  1 0.1433 0.1403 0.1423 0.1430 0.1425 0.1424 0.1461 
         922  1 0.1414 0.1423 0.1433 0.1422 0.1412 0.1433 0.1462 
         923  1 0.1422 0.1452 0.1430 0.1428 0.1419 0.1417 0.1433 
         924  1 0.1426 0.1423 0.1428 0.1424 0.1436 0.1425 0.1438 
         925  1 0.1429 0.1417 0.1439 0.1419 0.1408 0.1443 0.1445 
         926  1 0.1430 0.1426 0.1419 0.1413 0.1441 0.1429 0.1441 
         927  1 0.1414 0.1431 0.1423 0.1430 0.1428 0.1423 0.1452 
         928  1 0.1409 0.1450 0.1439 0.1417 0.1441 0.1403 0.1441 
         929  1 0.1446 0.1435 0.1431 0.1431 0.1419 0.1427 0.1412 
         930  1 0.1417 0.1458 0.1426 0.1415 0.1439 0.1407 0.1438 
         931  1 0.1432 0.1428 0.1428 0.1430 0.1424 0.1424 0.1434 
         932  1 0.1417 0.1432 0.1432 0.1433 0.1421 0.1414 0.1451 
         933  1 0.1431 0.1423 0.1440 0.1427 0.1432 0.1433 0.1414 
         934  1 0.1409 0.1466 0.1419 0.1412 0.1422 0.1413 0.1460 
         935  1 0.1421 0.1431 0.1425 0.1442 0.1444 0.1433 0.1404 
         936  1 0.1426 0.1424 0.1440 0.1433 0.1421 0.1431 0.1424 
         937  1 0.1446 0.1425 0.1442 0.1435 0.1437 0.1442 0.1373 
         938  1 0.1422 0.1418 0.1421 0.1448 0.1431 0.1431 0.1429 
         939  1 0.1417 0.1437 0.1422 0.1439 0.1443 0.1426 0.1416 
         940  1 0.1425 0.1438 0.1423 0.1425 0.1426 0.1432 0.1430 
         941  1 0.1404 0.1438 0.1433 0.1410 0.1436 0.1420 0.1458 
         942  1 0.1416 0.1429 0.1452 0.1420 0.1431 0.1410 0.1443 
         943  1 0.1420 0.1434 0.1436 0.1413 0.1421 0.1432 0.1444 
         944  1 0.1443 0.1447 0.1416 0.1424 0.1421 0.1441 0.1408 
         945  1 0.1419 0.1439 0.1431 0.1421 0.1422 0.1422 0.1447 
         946  1 0.1459 0.1426 0.1435 0.1429 0.1427 0.1449 0.1375 
         947  1 0.1434 0.1403 0.1432 0.1446 0.1419 0.1440 0.1425 
         948  1 0.1423 0.1433 0.1439 0.1408 0.1418 0.1412 0.1468 
         949  1 0.1426 0.1449 0.1414 0.1425 0.1433 0.1432 0.1421 
         950  1 0.1418 0.1427 0.1414 0.1410 0.1408 0.1431 0.1493 
         951  1 0.1433 0.1419 0.1420 0.1426 0.1426 0.1423 0.1452 
         952  1 0.1425 0.1429 0.1429 0.1431 0.1421 0.1420 0.1444 
         953  1 0.1434 0.1408 0.1426 0.1417 0.1432 0.1435 0.1447 
         954  1 0.1410 0.1428 0.1426 0.1441 0.1428 0.1421 0.1447 
         955  1 0.1435 0.1416 0.1435 0.1439 0.1422 0.1429 0.1424 
         956  1 0.1425 0.1437 0.1424 0.1425 0.1446 0.1419 0.1423 
         957  1 0.1400 0.1453 0.1435 0.1425 0.1419 0.1403 0.1466 
         958  1 0.1401 0.1451 0.1424 0.1392 0.1407 0.1419 0.1506 
         959  1 0.1438 0.1444 0.1431 0.1413 0.1450 0.1435 0.1390 
         960  1 0.1433 0.1429 0.1431 0.1449 0.1430 0.1428 0.1400 
         961  1 0.1450 0.1430 0.1427 0.1423 0.1411 0.1451 0.1408 
         962  1 0.1440 0.1420 0.1437 0.1429 0.1423 0.1429 0.1422 
         963  1 0.1421 0.1456 0.1432 0.1415 0.1440 0.1414 0.1421 
         964  1 0.1441 0.1431 0.1445 0.1421 0.1433 0.1438 0.1391 
         965  1 0.1431 0.1423 0.1428 0.1427 0.1423 0.1442 0.1427 
         966  1 0.1419 0.1425 0.1411 0.1425 0.1427 0.1419 0.1473 
         967  1 0.1432 0.1420 0.1426 0.1434 0.1427 0.1435 0.1425 
         968  1 0.1435 0.1413 0.1427 0.1447 0.1438 0.1424 0.1416 
         969  1 0.1443 0.1424 0.1433 0.1427 0.1429 0.1453 0.1391 
         970  1 0.1406 0.1440 0.1416 0.1424 0.1423 0.1423 0.1467 
         971  1 0.1415 0.1426 0.1439 0.1408 0.1428 0.1423 0.1463 
         972  1 0.1420 0.1436 0.1432 0.1438 0.1432 0.1416 0.1426 
         973  1 0.1420 0.1442 0.1424 0.1420 0.1445 0.1416 0.1432 
         974  1 0.1419 0.1428 0.1447 0.1425 0.1425 0.1421 0.1436 
         975  1 0.1434 0.1431 0.1438 0.1421 0.1445 0.1443 0.1390 
         976  1 0.1416 0.1445 0.1414 0.1440 0.1430 0.1423 0.1433 
         977  1 0.1432 0.1421 0.1423 0.1428 0.1434 0.1433 0.1429 
         978  1 0.1439 0.1462 0.1425 0.1417 0.1434 0.1425 0.1398 
         979  1 0.1425 0.1427 0.1419 0.1435 0.1428 0.1431 0.1435 
         980  1 0.1443 0.1438 0.1423 0.1441 0.1436 0.1440 0.1379 
         981  1 0.1430 0.1430 0.1430 0.1432 0.1430 0.1425 0.1423 
         982  1 0.1424 0.1438 0.1405 0.1461 0.1441 0.1417 0.1416 
         983  1 0.1431 0.1426 0.1434 0.1415 0.1427 0.1441 0.1427 
         984  1 0.1417 0.1435 0.1424 0.1430 0.1446 0.1421 0.1428 
         985  1 0.1432 0.1429 0.1430 0.1419 0.1433 0.1430 0.1427 
         986  1 0.1416 0.1444 0.1420 0.1430 0.1423 0.1417 0.1450 
         987  1 0.1424 0.1432 0.1423 0.1424 0.1430 0.1426 0.1441 
         988  1 0.1455 0.1432 0.1435 0.1436 0.1438 0.1438 0.1366 
         989  1 0.1422 0.1447 0.1424 0.1427 0.1438 0.1424 0.1418 
         990  1 0.1430 0.1435 0.1429 0.1410 0.1428 0.1418 0.1451 
         991  1 0.1434 0.1414 0.1427 0.1449 0.1435 0.1437 0.1404 
         992  1 0.1439 0.1439 0.1426 0.1420 0.1432 0.1428 0.1416 
         993  1 0.1430 0.1435 0.1431 0.1426 0.1435 0.1439 0.1404 
         994  1 0.1416 0.1440 0.1423 0.1426 0.1441 0.1413 0.1441 
         995  1 0.1434 0.1431 0.1436 0.1400 0.1429 0.1423 0.1447 
         996  1 0.1428 0.1425 0.1428 0.1429 0.1438 0.1427 0.1425 
         997  1 0.1410 0.1436 0.1429 0.1415 0.1430 0.1423 0.1458 
         998  1 0.1425 0.1434 0.1437 0.1417 0.1422 0.1425 0.1440 
         999  1 0.1431 0.1427 0.1439 0.1416 0.1423 0.1443 0.1421 
        1000  1 0.1441 0.1425 0.1429 0.1434 0.1432 0.1424 0.1414 
        1001  1 0.1382 0.1431 0.1429 0.1412 0.1423 0.1411 0.1511 
        1002  1 0.1425 0.1434 0.1436 0.1421 0.1428 0.1438 0.1418 
        1003  1 0.1425 0.1427 0.1416 0.1420 0.1420 0.1402 0.1491 
        1004  1 0.1417 0.1440 0.1438 0.1415 0.1437 0.1431 0.1423 
        1005  1 0.1421 0.1439 0.1430 0.1412 0.1438 0.1431 0.1429 
        1006  1 0.1444 0.1409 0.1428 0.1437 0.1407 0.1454 0.1421 
        1007  1 0.1418 0.1435 0.1435 0.1419 0.1423 0.1405 0.1465 
        1008  1 0.1433 0.1417 0.1415 0.1445 0.1452 0.1417 0.1422 
        1009  1 0.1436 0.1437 0.1436 0.1433 0.1415 0.1436 0.1406 
        1010  1 0.1413 0.1437 0.1422 0.1439 0.1428 0.1413 0.1449 
        1011  1 0.1451 0.1434 0.1433 0.1437 0.1441 0.1436 0.1368 
        1012  1 0.1427 0.1415 0.1432 0.1431 0.1430 0.1423 0.1442 
        1013  1 0.1447 0.1417 0.1435 0.1426 0.1418 0.1439 0.1418 
        1014  1 0.1423 0.1418 0.1440 0.1420 0.1429 0.1430 0.1440 
        1015  1 0.1455 0.1446 0.1439 0.1416 0.1433 0.1435 0.1377 
        1016  1 0.1442 0.1424 0.1404 0.1449 0.1442 0.1429 0.1410 
        1017  1 0.1433 0.1423 0.1440 0.1424 0.1430 0.1441 0.1408 
        1018  1 0.1412 0.1441 0.1427 0.1428 0.1412 0.1409 0.1470 
        1019  1 0.1418 0.1423 0.1426 0.1436 0.1409 0.1421 0.1468 
        1020  1 0.1435 0.1420 0.1418 0.1442 0.1436 0.1437 0.1412 
        1021  1 0.1432 0.1435 0.1436 0.1426 0.1434 0.1410 0.1428 
        1022  1 0.1422 0.1436 0.1425 0.1446 0.1422 0.1417 0.1433 
        1023  1 0.1439 0.1435 0.1425 0.1426 0.1429 0.1430 0.1416 
        1024  1 0.1425 0.1428 0.1443 0.1415 0.1434 0.1425 0.1430 
        1025  1 0.1429 0.1436 0.1430 0.1431 0.1440 0.1418 0.1416 
        1026  1 0.1410 0.1423 0.1432 0.1423 0.1419 0.1432 0.1460 
        1027  1 0.1441 0.1415 0.1447 0.1437 0.1414 0.1429 0.1418 
        1028  1 0.1431 0.1421 0.1419 0.1439 0.1436 0.1438 0.1416 
        1029  1 0.1413 0.1434 0.1420 0.1429 0.1442 0.1416 0.1446 
        1030  1 0.1426 0.1435 0.1430 0.1440 0.1421 0.1424 0.1425 
        1031  1 0.1425 0.1423 0.1432 0.1425 0.1422 0.1423 0.1449 
        1032  1 0.1439 0.1436 0.1429 0.1435 0.1439 0.1435 0.1388 
        1033  1 0.1428 0.1432 0.1448 0.1415 0.1430 0.1440 0.1408 
        1034  1 0.1458 0.1420 0.1447 0.1438 0.1417 0.1469 0.1351 
        1035  1 0.1433 0.1404 0.1409 0.1462 0.1438 0.1433 0.1421 
        1036  1 0.1405 0.1449 0.1419 0.1426 0.1438 0.1416 0.1447 
        1037  1 0.1428 0.1434 0.1436 0.1410 0.1429 0.1436 0.1426 
        1038  1 0.1435 0.1438 0.1427 0.1421 0.1419 0.1427 0.1433 
        1039  1 0.1415 0.1442 0.1411 0.1417 0.1428 0.1423 0.1465 
        1040  1 0.1441 0.1422 0.1426 0.1431 0.1441 0.1435 0.1405 
        1041  1 0.1442 0.1425 0.1441 0.1406 0.1429 0.1435 0.1421 
        1042  1 0.1427 0.1423 0.1427 0.1420 0.1438 0.1423 0.1443 
        1043  1 0.1442 0.1437 0.1434 0.1430 0.1417 0.1439 0.1401 
        1044  1 0.1426 0.1439 0.1430 0.1420 0.1433 0.1419 0.1434 
        1045  1 0.1422 0.1448 0.1423 0.1412 0.1436 0.1425 0.1433 
        1046  1 0.1448 0.1429 0.1436 0.1443 0.1437 0.1445 0.1363 
        1047  1 0.1440 0.1428 0.1437 0.1431 0.1429 0.1437 0.1398 
        1048  1 0.1452 0.1425 0.1420 0.1467 0.1421 0.1450 0.1367 
        1049  1 0.1424 0.1432 0.1417 0.1446 0.1428 0.1414 0.1440 
        1050  1 0.1415 0.1422 0.1416 0.1425 0.1417 0.1417 0.1488 
        1051  1 0.1426 0.1430 0.1422 0.1433 0.1425 0.1421 0.1443 
        1052  1 0.1425 0.1417 0.1440 0.1420 0.1426 0.1439 0.1433 
        1053  1 0.1424 0.1447 0.1425 0.1436 0.1430 0.1414 0.1424 
        1054  1 0.1422 0.1426 0.1422 0.1433 0.1427 0.1428 0.1443 
        1055  1 0.1421 0.1425 0.1428 0.1438 0.1435 0.1421 0.1432 
        1056  1 0.1423 0.1419 0.1438 0.1427 0.1418 0.1438 0.1437 
        1057  1 0.1408 0.1427 0.1429 0.1429 0.1431 0.1426 0.1451 
        1058  1 0.1429 0.1421 0.1425 0.1439 0.1425 0.1416 0.1445 
        1059  1 0.1417 0.1436 0.1430 0.1435 0.1418 0.1432 0.1432 
        1060  1 0.1430 0.1424 0.1425 0.1434 0.1426 0.1424 0.1436 
        1061  1 0.1426 0.1439 0.1425 0.1432 0.1418 0.1431 0.1429 
        1062  1 0.1444 0.1421 0.1431 0.1448 0.1436 0.1417 0.1404 
        1063  1 0.1428 0.1424 0.1437 0.1430 0.1412 0.1429 0.1440 
        1064  1 0.1432 0.1435 0.1432 0.1415 0.1421 0.1429 0.1437 
        1065  1 0.1431 0.1424 0.1430 0.1429 0.1428 0.1416 0.1441 
        1066  1 0.1443 0.1429 0.1441 0.1419 0.1422 0.1442 0.1404 
        1067  1 0.1440 0.1417 0.1429 0.1439 0.1419 0.1451 0.1406 
        1068  1 0.1423 0.1422 0.1413 0.1438 0.1423 0.1434 0.1446 
        1069  1 0.1416 0.1436 0.1427 0.1434 0.1435 0.1416 0.1437 
        1070  1 0.1425 0.1429 0.1439 0.1417 0.1420 0.1430 0.1441 
        1071  1 0.1411 0.1441 0.1416 0.1443 0.1435 0.1425 0.1430 
        1072  1 0.1413 0.1443 0.1424 0.1422 0.1429 0.1425 0.1444 
        1073  1 0.1430 0.1419 0.1425 0.1444 0.1417 0.1443 0.1421 
        1074  1 0.1423 0.1429 0.1427 0.1437 0.1442 0.1447 0.1396 
        1075  1 0.1425 0.1432 0.1448 0.1419 0.1426 0.1412 0.1438 
        1076  1 0.1420 0.1417 0.1413 0.1420 0.1414 0.1434 0.1482 
        1077  1 0.1419 0.1434 0.1426 0.1418 0.1421 0.1422 0.1461 
        1078  1 0.1434 0.1435 0.1431 0.1446 0.1425 0.1427 0.1402 
        1079  1 0.1416 0.1444 0.1421 0.1412 0.1411 0.1414 0.1482 
        1080  1 0.1415 0.1423 0.1430 0.1441 0.1425 0.1405 0.1461 
        1081  1 0.1417 0.1415 0.1419 0.1449 0.1441 0.1427 0.1432 
        1082  1 0.1411 0.1432 0.1432 0.1435 0.1421 0.1432 0.1437 
        1083  1 0.1424 0.1433 0.1419 0.1446 0.1431 0.1424 0.1422 
        1084  1 0.1424 0.1434 0.1431 0.1422 0.1428 0.1423 0.1438 
        1085  1 0.1423 0.1438 0.1416 0.1414 0.1427 0.1422 0.1459 
        1086  1 0.1416 0.1431 0.1433 0.1425 0.1419 0.1421 0.1455 
        1087  1 0.1427 0.1448 0.1420 0.1421 0.1446 0.1425 0.1413 
        1088  1 0.1441 0.1428 0.1433 0.1428 0.1437 0.1422 0.1409 
        1089  1 0.1433 0.1438 0.1429 0.1429 0.1432 0.1440 0.1400 
        1090  1 0.1444 0.1429 0.1418 0.1429 0.1420 0.1449 0.1411 
        1091  1 0.1439 0.1429 0.1423 0.1439 0.1441 0.1434 0.1394 
        1092  1 0.1425 0.1430 0.1418 0.1434 0.1422 0.1426 0.1444 
        1093  1 0.1421 0.1428 0.1441 0.1417 0.1425 0.1417 0.1451 
        1094  1 0.1415 0.1453 0.1405 0.1439 0.1454 0.1421 0.1413 
        1095  1 0.1424 0.1419 0.1431 0.1424 0.1427 0.1422 0.1453 
        1096  1 0.1434 0.1418 0.1431 0.1442 0.1425 0.1433 0.1416 
        1097  1 0.1426 0.1425 0.1424 0.1446 0.1429 0.1414 0.1436 
        1098  1 0.1410 0.1437 0.1437 0.1425 0.1413 0.1413 0.1465 
        1099  1 0.1433 0.1432 0.1429 0.1428 0.1416 0.1443 0.1418 
        1100  1 0.1418 0.1438 0.1419 0.1439 0.1434 0.1419 0.1433 
        1101  1 0.1418 0.1449 0.1421 0.1422 0.1434 0.1423 0.1433 
        1102  1 0.1440 0.1429 0.1417 0.1426 0.1433 0.1435 0.1420 
        1103  1 0.1411 0.1436 0.1435 0.1426 0.1419 0.1412 0.1461 
        1104  1 0.1432 0.1440 0.1432 0.1422 0.1425 0.1408 0.1441 
        1105  1 0.1456 0.1416 0.1427 0.1417 0.1418 0.1454 0.1413 
        1106  1 0.1433 0.1415 0.1436 0.1435 0.1443 0.1441 0.1396 
        1107  1 0.1427 0.1428 0.1442 0.1415 0.1411 0.1421 0.1456 
        1108  1 0.1415 0.1444 0.1415 0.1436 0.1412 0.1410 0.1468 
        1109  1 0.1430 0.1427 0.1432 0.1424 0.1418 0.1432 0.1438 
        1110  1 0.1416 0.1428 0.1404 0.1429 0.1445 0.1427 0.1451 
        1111  1 0.1446 0.1411 0.1433 0.1449 0.1441 0.1429 0.1391 
        1112  1 0.1425 0.1442 0.1427 0.1425 0.1428 0.1435 0.1419 
        1113  1 0.1455 0.1419 0.1426 0.1442 0.1429 0.1445 0.1384 
        1114  1 0.1431 0.1449 0.1429 0.1426 0.1433 0.1420 0.1411 
        1115  1 0.1441 0.1426 0.1431 0.1432 0.1445 0.1428 0.1397 
        1116  1 0.1402 0.1421 0.1421 0.1434 0.1426 0.1423 0.1473 
        1117  1 0.1423 0.1433 0.1437 0.1428 0.1417 0.1419 0.1442 
        1118  1 0.1425 0.1420 0.1425 0.1425 0.1412 0.1425 0.1467 
        1119  1 0.1421 0.1428 0.1429 0.1414 0.1425 0.1425 0.1458 
        1120  1 0.1469 0.1418 0.1432 0.1427 0.1437 0.1454 0.1363 
        1121  1 0.1450 0.1410 0.1442 0.1416 0.1426 0.1450 0.1406 
        1122  1 0.1423 0.1433 0.1421 0.1439 0.1417 0.1424 0.1443 
        1123  1 0.1414 0.1446 0.1430 0.1419 0.1424 0.1424 0.1444 
        1124  1 0.1422 0.1418 0.1429 0.1432 0.1437 0.1430 0.1433 
        1125  1 0.1418 0.1441 0.1413 0.1417 0.1431 0.1403 0.1478 
        1126  1 0.1419 0.1435 0.1429 0.1421 0.1432 0.1415 0.1449 
        1127  1 0.1428 0.1416 0.1430 0.1430 0.1427 0.1426 0.1443 
        1128  1 0.1448 0.1426 0.1439 0.1426 0.1428 0.1440 0.1393 
        1129  1 0.1442 0.1424 0.1424 0.1427 0.1423 0.1437 0.1422 
        1130  1 0.1447 0.1430 0.1435 0.1420 0.1417 0.1433 0.1419 
        1131  1 0.1413 0.1424 0.1423 0.1429 0.1429 0.1421 0.1460 
        1132  1 0.1426 0.1448 0.1418 0.1440 0.1441 0.1422 0.1406 
        1133  1 0.1435 0.1436 0.1421 0.1414 0.1451 0.1425 0.1418 
        1134  1 0.1420 0.1438 0.1425 0.1419 0.1442 0.1414 0.1442 
        1135  1 0.1410 0.1460 0.1425 0.1412 0.1429 0.1420 0.1443 
        1136  1 0.1448 0.1430 0.1438 0.1437 0.1430 0.1438 0.1380 
        1137  1 0.1432 0.1447 0.1435 0.1416 0.1430 0.1438 0.1402 
        1138  1 0.1437 0.1420 0.1444 0.1423 0.1427 0.1426 0.1423 
        1139  1 0.1518 0.1406 0.1426 0.1438 0.1402 0.1512 0.1299 
        1140  1 0.1424 0.1449 0.1428 0.1416 0.1439 0.1415 0.1429 
        1141  1 0.1403 0.1451 0.1408 0.1448 0.1432 0.1413 0.1446 
        1142  1 0.1439 0.1434 0.1423 0.1435 0.1420 0.1438 0.1410 
        1143  1 0.1438 0.1416 0.1434 0.1436 0.1441 0.1431 0.1405 
        1144  1 0.1422 0.1424 0.1425 0.1409 0.1423 0.1441 0.1457 
        1145  1 0.1435 0.1425 0.1424 0.1444 0.1439 0.1430 0.1403 
        1146  1 0.1423 0.1427 0.1437 0.1438 0.1430 0.1426 0.1418 
        1147  1 0.1417 0.1413 0.1428 0.1431 0.1415 0.1417 0.1479 
        1148  1 0.1441 0.1425 0.1423 0.1450 0.1408 0.1446 0.1408 
        1149  1 0.1418 0.1431 0.1427 0.1411 0.1411 0.1425 0.1478 
        1150  1 0.1417 0.1418 0.1414 0.1410 0.1410 0.1426 0.1504 
        1151  1 0.1420 0.1429 0.1428 0.1433 0.1421 0.1419 0.1449 
        1152  1 0.1425 0.1433 0.1435 0.1419 0.1428 0.1426 0.1433 
        1153  1 0.1446 0.1414 0.1427 0.1434 0.1430 0.1438 0.1411 
        1154  1 0.1417 0.1438 0.1425 0.1427 0.1431 0.1417 0.1445 
        1155  1 0.1429 0.1425 0.1433 0.1422 0.1420 0.1440 0.1431 
        1156  1 0.1419 0.1450 0.1423 0.1426 0.1449 0.1424 0.1408 
        1157  1 0.1432 0.1410 0.1421 0.1458 0.1434 0.1418 0.1427 
        1158  1 0.1433 0.1445 0.1414 0.1440 0.1447 0.1428 0.1392 
        1159  1 0.1448 0.1409 0.1445 0.1430 0.1444 0.1449 0.1375 
        1160  1 0.1418 0.1433 0.1409 0.1418 0.1419 0.1428 0.1474 
        1161  1 0.1414 0.1430 0.1418 0.1412 0.1408 0.1428 0.1489 
        1162  1 0.1414 0.1433 0.1420 0.1444 0.1440 0.1408 0.1442 
        1163  1 0.1424 0.1447 0.1419 0.1426 0.1429 0.1429 0.1426 
        1164  1 0.1431 0.1412 0.1423 0.1439 0.1422 0.1436 0.1437 
        1165  1 0.1437 0.1429 0.1446 0.1426 0.1418 0.1447 0.1397 
        1166  1 0.1437 0.1425 0.1452 0.1411 0.1410 0.1463 0.1401 
        1167  1 0.1419 0.1434 0.1437 0.1418 0.1431 0.1422 0.1439 
        1168  1 0.1428 0.1428 0.1416 0.1421 0.1437 0.1428 0.1442 
        1169  1 0.1408 0.1429 0.1437 0.1427 0.1425 0.1412 0.1463 
        1170  1 0.1422 0.1426 0.1420 0.1432 0.1426 0.1433 0.1440 
        1171  1 0.1433 0.1432 0.1432 0.1430 0.1442 0.1425 0.1407 
        1172  1 0.1419 0.1452 0.1423 0.1418 0.1431 0.1407 0.1449 
        1173  1 0.1446 0.1427 0.1424 0.1445 0.1438 0.1423 0.1397 
        1174  1 0.1424 0.1415 0.1428 0.1446 0.1421 0.1423 0.1442 
        1175  1 0.1430 0.1433 0.1440 0.1423 0.1425 0.1428 0.1421 
        1176  1 0.1417 0.1431 0.1420 0.1434 0.1435 0.1419 0.1445 
        1177  1 0.1425 0.1420 0.1409 0.1466 0.1445 0.1422 0.1412 
        1178  1 0.1436 0.1434 0.1425 0.1426 0.1425 0.1440 0.1414 
        1179  1 0.1409 0.1431 0.1430 0.1423 0.1417 0.1418 0.1472 
        1180  1 0.1437 0.1426 0.1428 0.1435 0.1427 0.1429 0.1416 
        1181  1 0.1430 0.1431 0.1439 0.1435 0.1440 0.1426 0.1400 
        1182  1 0.1447 0.1415 0.1425 0.1445 0.1430 0.1436 0.1401 
        1183  1 0.1434 0.1420 0.1434 0.1424 0.1421 0.1434 0.1433 
        1184  1 0.1432 0.1424 0.1431 0.1423 0.1411 0.1444 0.1434 
        1185  1 0.1451 0.1404 0.1437 0.1440 0.1446 0.1446 0.1376 
        1186  1 0.1430 0.1422 0.1422 0.1454 0.1439 0.1429 0.1404 
        1187  1 0.1423 0.1428 0.1433 0.1415 0.1424 0.1427 0.1450 
        1188  1 0.1423 0.1432 0.1431 0.1419 0.1435 0.1420 0.1441 
        1189  1 0.1478 0.1417 0.1421 0.1447 0.1430 0.1452 0.1355 
        1190  1 0.1432 0.1428 0.1414 0.1449 0.1449 0.1428 0.1400 
        1191  1 0.1431 0.1422 0.1437 0.1433 0.1436 0.1435 0.1406 
        1192  1 0.1450 0.1401 0.1427 0.1451 0.1432 0.1462 0.1378 
        1193  1 0.1421 0.1429 0.1421 0.1437 0.1454 0.1417 0.1419 
        1194  1 0.1411 0.1428 0.1419 0.1447 0.1432 0.1404 0.1460 
        1195  1 0.1436 0.1412 0.1432 0.1430 0.1430 0.1439 0.1420 
        1196  1 0.1438 0.1429 0.1418 0.1437 0.1430 0.1438 0.1411 
        1197  1 0.1438 0.1421 0.1421 0.1454 0.1436 0.1426 0.1403 
        1198  1 0.1453 0.1437 0.1421 0.1427 0.1418 0.1447 0.1397 
        1199  1 0.1414 0.1426 0.1422 0.1449 0.1409 0.1415 0.1465 
        1200  1 0.1431 0.1418 0.1443 0.1435 0.1414 0.1429 0.1430 
        1201  1 0.1423 0.1427 0.1430 0.1432 0.1438 0.1421 0.1428 
        1202  1 0.1414 0.1441 0.1422 0.1457 0.1429 0.1409 0.1428 
        1203  1 0.1410 0.1431 0.1427 0.1420 0.1425 0.1420 0.1468 
        1204  1 0.1414 0.1440 0.1415 0.1408 0.1405 0.1404 0.1513 
        1205  1 0.1422 0.1426 0.1427 0.1434 0.1431 0.1437 0.1423 
        1206  1 0.1442 0.1420 0.1433 0.1446 0.1430 0.1438 0.1392 
        1207  1 0.1424 0.1428 0.1438 0.1436 0.1439 0.1429 0.1407 
        1208  1 0.1453 0.1412 0.1440 0.1452 0.1417 0.1473 0.1354 
        1209  1 0.1431 0.1412 0.1417 0.1445 0.1449 0.1444 0.1402 
        1210  1 0.1440 0.1414 0.1435 0.1437 0.1419 0.1434 0.1420 
        1211  1 0.1438 0.1441 0.1434 0.1421 0.1440 0.1430 0.1397 
        1212  1 0.1426 0.1417 0.1429 0.1432 0.1428 0.1433 0.1436 
        1213  1 0.1414 0.1427 0.1434 0.1405 0.1420 0.1418 0.1483 
        1214  1 0.1435 0.1420 0.1433 0.1427 0.1416 0.1437 0.1431 
        1215  1 0.1465 0.1420 0.1449 0.1428 0.1425 0.1453 0.1361 
        1216  1 0.1438 0.1428 0.1431 0.1444 0.1436 0.1450 0.1374 
        1217  1 0.1461 0.1411 0.1444 0.1427 0.1420 0.1449 0.1387 
        1218  1 0.1412 0.1419 0.1423 0.1439 0.1416 0.1426 0.1465 
        1219  1 0.1425 0.1429 0.1416 0.1420 0.1440 0.1431 0.1439 
        1220  1 0.1430 0.1428 0.1424 0.1447 0.1439 0.1420 0.1411 
        1221  1 0.1422 0.1422 0.1448 0.1403 0.1407 0.1436 0.1462 
        1222  1 0.1418 0.1426 0.1439 0.1432 0.1433 0.1423 0.1429 
        1223  1 0.1457 0.1422 0.1426 0.1434 0.1427 0.1450 0.1384 
        1224  1 0.1426 0.1416 0.1430 0.1414 0.1437 0.1418 0.1459 
        1225  1 0.1428 0.1410 0.1419 0.1447 0.1418 0.1427 0.1452 
        1226  1 0.1443 0.1412 0.1431 0.1426 0.1442 0.1448 0.1397 
        1227  1 0.1437 0.1415 0.1433 0.1417 0.1424 0.1433 0.1440 
        1228  1 0.1435 0.1425 0.1429 0.1436 0.1435 0.1440 0.1400 
        1229  1 0.1446 0.1425 0.1414 0.1434 0.1422 0.1429 0.1430 
        1230  1 0.1455 0.1429 0.1439 0.1424 0.1426 0.1441 0.1387 
        1231  1 0.1421 0.1421 0.1439 0.1418 0.1429 0.1429 0.1443 
        1232  1 0.1446 0.1423 0.1437 0.1407 0.1437 0.1420 0.1430 
        1233  1 0.1448 0.1404 0.1445 0.1435 0.1442 0.1436 0.1390 
        1234  1 0.1453 0.1407 0.1438 0.1439 0.1430 0.1438 0.1395 
        1235  1 0.1435 0.1429 0.1432 0.1440 0.1430 0.1433 0.1401 
        1236  1 0.1446 0.1425 0.1438 0.1426 0.1429 0.1441 0.1396 
        1237  1 0.1448 0.1412 0.1442 0.1430 0.1434 0.1438 0.1395 
        1238  1 0.1422 0.1421 0.1443 0.1418 0.1428 0.1419 0.1449 
        1239  1 0.1464 0.1412 0.1426 0.1448 0.1434 0.1459 0.1356 
        1240  1 0.1445 0.1410 0.1446 0.1440 0.1430 0.1440 0.1390 
        1241  1 0.1420 0.1415 0.1443 0.1416 0.1433 0.1425 0.1447 
        1242  1 0.1435 0.1436 0.1436 0.1422 0.1428 0.1424 0.1418 
        1243  1 0.1429 0.1433 0.1415 0.1427 0.1437 0.1421 0.1438 
        1244  1 0.1434 0.1423 0.1438 0.1459 0.1420 0.1438 0.1389 
        1245  1 0.1442 0.1428 0.1428 0.1436 0.1438 0.1432 0.1396 
        1246  1 0.1461 0.1425 0.1420 0.1434 0.1413 0.1458 0.1390 
        1247  1 0.1444 0.1422 0.1427 0.1429 0.1432 0.1453 0.1393 
        1248  1 0.1417 0.1410 0.1418 0.1446 0.1424 0.1416 0.1468 
        1249  1 0.1453 0.1408 0.1427 0.1458 0.1416 0.1460 0.1378 
        1250  1 0.1431 0.1433 0.1411 0.1418 0.1448 0.1437 0.1422 
        1251  1 0.1449 0.1407 0.1448 0.1428 0.1426 0.1440 0.1403 
        1252  1 0.1409 0.1432 0.1437 0.1423 0.1424 0.1419 0.1457 
        1253  1 0.1417 0.1423 0.1432 0.1419 0.1434 0.1438 0.1435 
        1254  1 0.1426 0.1412 0.1425 0.1451 0.1428 0.1420 0.1439 
