           1  1 0.1258 0.1294 0.1221 0.1259 0.1205 0.1288 0.1225 0.1249 
           2  1 0.1267 0.1264 0.1261 0.1272 0.1199 0.1225 0.1276 0.1236 
           3  1 0.1240 0.1252 0.1254 0.1283 0.1235 0.1244 0.1271 0.1221 
           4  1 0.1307 0.1224 0.1245 0.1233 0.1247 0.1245 0.1240 0.1258 
           5  1 0.1264 0.1257 0.1247 0.1305 0.1204 0.1250 0.1244 0.1229 
           6  1 0.1213 0.1292 0.1182 0.1296 0.1243 0.1265 0.1311 0.1198 
           7  1 0.1252 0.1262 0.1265 0.1253 0.1251 0.1291 0.1192 0.1235 
           8  1 0.1265 0.1237 0.1215 0.1229 0.1282 0.1295 0.1259 0.1218 
           9  1 0.1273 0.1291 0.1248 0.1191 0.1213 0.1197 0.1288 0.1299 
          10  1 0.1237 0.1198 0.1206 0.1229 0.1285 0.1323 0.1269 0.1253 
          11  1 0.1229 0.1258 0.1290 0.1259 0.1215 0.1202 0.1290 0.1257 
          12  1 0.1260 0.1279 0.1255 0.1215 0.1207 0.1259 0.1255 0.1270 
          13  1 0.1174 0.1279 0.1200 0.1312 0.1258 0.1259 0.1286 0.1233 
          14  1 0.1207 0.1331 0.1178 0.1304 0.1247 0.1235 0.1314 0.1185 
          15  1 0.1249 0.1209 0.1259 0.1233 0.1257 0.1277 0.1236 0.1280 
          16  1 0.1290 0.1235 0.1237 0.1284 0.1246 0.1238 0.1260 0.1210 
          17  1 0.1278 0.1234 0.1285 0.1202 0.1232 0.1249 0.1226 0.1294 
          18  1 0.1305 0.1291 0.1242 0.1234 0.1210 0.1204 0.1249 0.1266 
          19  1 0.1236 0.1265 0.1209 0.1243 0.1300 0.1225 0.1246 0.1275 
          20  1 0.1242 0.1320 0.1230 0.1289 0.1229 0.1222 0.1233 0.1234 
          21  1 0.1205 0.1286 0.1220 0.1294 0.1275 0.1248 0.1243 0.1229 
          22  1 0.1236 0.1324 0.1255 0.1276 0.1193 0.1207 0.1281 0.1229 
          23  1 0.1228 0.1287 0.1241 0.1306 0.1226 0.1253 0.1243 0.1218 
          24  1 0.1336 0.1194 0.1230 0.1228 0.1290 0.1324 0.1167 0.1231 
          25  1 0.1268 0.1193 0.1275 0.1238 0.1229 0.1316 0.1222 0.1258 
          26  1 0.1273 0.1244 0.1298 0.1242 0.1212 0.1236 0.1240 0.1255 
          27  1 0.1201 0.1215 0.1237 0.1259 0.1314 0.1252 0.1251 0.1271 
          28  1 0.1266 0.1214 0.1272 0.1250 0.1217 0.1301 0.1223 0.1256 
          29  1 0.1250 0.1228 0.1289 0.1265 0.1257 0.1236 0.1233 0.1243 
          30  1 0.1273 0.1276 0.1236 0.1242 0.1256 0.1249 0.1233 0.1236 
          31  1 0.1236 0.1300 0.1210 0.1277 0.1215 0.1260 0.1268 0.1236 
          32  1 0.1278 0.1240 0.1319 0.1209 0.1245 0.1247 0.1204 0.1258 
          33  1 0.1235 0.1291 0.1254 0.1220 0.1271 0.1212 0.1272 0.1246 
          34  1 0.1232 0.1286 0.1234 0.1292 0.1241 0.1266 0.1206 0.1244 
          35  1 0.1250 0.1223 0.1278 0.1252 0.1236 0.1268 0.1234 0.1260 
          36  1 0.1244 0.1250 0.1290 0.1238 0.1250 0.1247 0.1220 0.1260 
          37  1 0.1204 0.1224 0.1296 0.1215 0.1256 0.1212 0.1277 0.1315 
          38  1 0.1208 0.1210 0.1306 0.1246 0.1245 0.1212 0.1329 0.1244 
          39  1 0.1244 0.1258 0.1255 0.1264 0.1221 0.1314 0.1203 0.1240 
          40  1 0.1197 0.1245 0.1227 0.1263 0.1278 0.1264 0.1267 0.1259 
          41  1 0.1265 0.1224 0.1253 0.1246 0.1300 0.1223 0.1258 0.1230 
          42  1 0.1233 0.1261 0.1291 0.1219 0.1234 0.1180 0.1279 0.1305 
          43  1 0.1227 0.1209 0.1263 0.1236 0.1304 0.1270 0.1214 0.1277 
          44  1 0.1217 0.1290 0.1211 0.1303 0.1245 0.1284 0.1226 0.1223 
          45  1 0.1257 0.1328 0.1223 0.1307 0.1195 0.1216 0.1260 0.1215 
          46  1 0.1263 0.1237 0.1256 0.1248 0.1265 0.1231 0.1255 0.1245 
          47  1 0.1220 0.1248 0.1246 0.1223 0.1296 0.1279 0.1250 0.1238 
          48  1 0.1225 0.1220 0.1248 0.1234 0.1272 0.1241 0.1279 0.1280 
          49  1 0.1231 0.1265 0.1294 0.1224 0.1205 0.1240 0.1270 0.1271 
          50  1 0.1239 0.1293 0.1208 0.1281 0.1219 0.1178 0.1358 0.1223 
          51  1 0.1242 0.1246 0.1262 0.1188 0.1263 0.1222 0.1277 0.1300 
          52  1 0.1208 0.1175 0.1232 0.1200 0.1282 0.1285 0.1347 0.1270 
          53  1 0.1198 0.1177 0.1263 0.1203 0.1311 0.1285 0.1322 0.1240 
          54  1 0.1203 0.1236 0.1263 0.1175 0.1249 0.1266 0.1310 0.1297 
          55  1 0.1305 0.1285 0.1293 0.1230 0.1199 0.1236 0.1165 0.1287 
          56  1 0.1228 0.1275 0.1203 0.1304 0.1261 0.1258 0.1272 0.1199 
          57  1 0.1278 0.1329 0.1267 0.1219 0.1176 0.1219 0.1232 0.1279 
          58  1 0.1219 0.1279 0.1231 0.1170 0.1279 0.1266 0.1283 0.1272 
          59  1 0.1221 0.1195 0.1333 0.1275 0.1232 0.1189 0.1309 0.1246 
          60  1 0.1295 0.1263 0.1217 0.1220 0.1237 0.1260 0.1221 0.1288 
          61  1 0.1236 0.1236 0.1234 0.1304 0.1239 0.1233 0.1264 0.1253 
          62  1 0.1231 0.1261 0.1227 0.1238 0.1297 0.1230 0.1241 0.1276 
          63  1 0.1195 0.1253 0.1249 0.1309 0.1256 0.1262 0.1255 0.1222 
          64  1 0.1254 0.1240 0.1285 0.1189 0.1226 0.1231 0.1275 0.1298 
          65  1 0.1273 0.1249 0.1250 0.1253 0.1201 0.1232 0.1284 0.1258 
          66  1 0.1267 0.1241 0.1240 0.1241 0.1275 0.1221 0.1234 0.1281 
          67  1 0.1249 0.1235 0.1237 0.1163 0.1279 0.1299 0.1265 0.1272 
          68  1 0.1245 0.1271 0.1250 0.1253 0.1239 0.1246 0.1256 0.1239 
          69  1 0.1274 0.1264 0.1270 0.1250 0.1185 0.1242 0.1230 0.1286 
          70  1 0.1241 0.1247 0.1200 0.1186 0.1286 0.1261 0.1309 0.1270 
          71  1 0.1286 0.1315 0.1247 0.1248 0.1206 0.1209 0.1278 0.1211 
          72  1 0.1245 0.1245 0.1217 0.1192 0.1277 0.1272 0.1308 0.1243 
          73  1 0.1293 0.1230 0.1293 0.1238 0.1242 0.1260 0.1235 0.1209 
          74  1 0.1210 0.1249 0.1208 0.1220 0.1320 0.1253 0.1296 0.1243 
          75  1 0.1265 0.1299 0.1243 0.1218 0.1205 0.1241 0.1255 0.1274 
          76  1 0.1257 0.1226 0.1255 0.1303 0.1246 0.1260 0.1230 0.1223 
          77  1 0.1227 0.1290 0.1270 0.1268 0.1200 0.1221 0.1282 0.1242 
          78  1 0.1218 0.1233 0.1255 0.1234 0.1263 0.1231 0.1314 0.1252 
          79  1 0.1234 0.1259 0.1218 0.1295 0.1253 0.1268 0.1257 0.1216 
          80  1 0.1233 0.1271 0.1219 0.1251 0.1302 0.1223 0.1251 0.1249 
          81  1 0.1294 0.1320 0.1264 0.1219 0.1185 0.1197 0.1245 0.1278 
          82  1 0.1246 0.1246 0.1263 0.1283 0.1251 0.1237 0.1246 0.1227 
          83  1 0.1227 0.1255 0.1273 0.1239 0.1227 0.1221 0.1272 0.1286 
          84  1 0.1214 0.1250 0.1245 0.1260 0.1270 0.1259 0.1254 0.1247 
          85  1 0.1284 0.1212 0.1253 0.1233 0.1292 0.1309 0.1200 0.1218 
          86  1 0.1229 0.1166 0.1254 0.1225 0.1292 0.1256 0.1285 0.1293 
          87  1 0.1215 0.1271 0.1260 0.1181 0.1312 0.1207 0.1290 0.1265 
          88  1 0.1284 0.1247 0.1263 0.1265 0.1247 0.1274 0.1198 0.1222 
          89  1 0.1223 0.1234 0.1233 0.1246 0.1322 0.1257 0.1237 0.1248 
          90  1 0.1269 0.1240 0.1229 0.1178 0.1257 0.1269 0.1264 0.1293 
          91  1 0.1273 0.1273 0.1307 0.1200 0.1201 0.1201 0.1272 0.1274 
          92  1 0.1237 0.1257 0.1225 0.1257 0.1271 0.1269 0.1212 0.1272 
          93  1 0.1240 0.1226 0.1258 0.1232 0.1245 0.1249 0.1261 0.1289 
          94  1 0.1320 0.1211 0.1261 0.1250 0.1254 0.1288 0.1222 0.1193 
          95  1 0.1279 0.1149 0.1281 0.1247 0.1314 0.1275 0.1207 0.1246 
          96  1 0.1214 0.1241 0.1271 0.1293 0.1252 0.1269 0.1221 0.1239 
          97  1 0.1249 0.1249 0.1274 0.1210 0.1228 0.1250 0.1275 0.1264 
          98  1 0.1244 0.1280 0.1294 0.1213 0.1190 0.1244 0.1229 0.1305 
          99  1 0.1265 0.1288 0.1274 0.1223 0.1196 0.1207 0.1279 0.1268 
         100  1 0.1268 0.1267 0.1276 0.1233 0.1255 0.1214 0.1228 0.1259 
         101  1 0.1188 0.1268 0.1252 0.1219 0.1236 0.1276 0.1299 0.1262 
         102  1 0.1198 0.1277 0.1249 0.1263 0.1259 0.1239 0.1247 0.1268 
         103  1 0.1272 0.1262 0.1287 0.1172 0.1244 0.1243 0.1263 0.1257 
         104  1 0.1231 0.1283 0.1268 0.1239 0.1204 0.1208 0.1305 0.1262 
         105  1 0.1233 0.1215 0.1267 0.1263 0.1277 0.1276 0.1229 0.1240 
         106  1 0.1275 0.1211 0.1263 0.1227 0.1301 0.1269 0.1191 0.1262 
         107  1 0.1257 0.1248 0.1264 0.1254 0.1213 0.1294 0.1228 0.1242 
         108  1 0.1229 0.1241 0.1279 0.1216 0.1309 0.1226 0.1245 0.1255 
         109  1 0.1338 0.1174 0.1229 0.1238 0.1270 0.1313 0.1207 0.1230 
         110  1 0.1226 0.1262 0.1234 0.1271 0.1277 0.1242 0.1266 0.1222 
         111  1 0.1321 0.1260 0.1227 0.1286 0.1220 0.1259 0.1220 0.1207 
         112  1 0.1264 0.1245 0.1259 0.1246 0.1246 0.1266 0.1211 0.1263 
         113  1 0.1242 0.1260 0.1256 0.1275 0.1238 0.1266 0.1236 0.1228 
         114  1 0.1228 0.1254 0.1240 0.1253 0.1281 0.1243 0.1258 0.1243 
         115  1 0.1250 0.1245 0.1259 0.1273 0.1260 0.1233 0.1247 0.1233 
         116  1 0.1222 0.1222 0.1262 0.1248 0.1258 0.1266 0.1276 0.1246 
         117  1 0.1228 0.1273 0.1277 0.1200 0.1217 0.1231 0.1259 0.1316 
         118  1 0.1228 0.1256 0.1270 0.1275 0.1237 0.1228 0.1215 0.1291 
         119  1 0.1252 0.1284 0.1242 0.1274 0.1208 0.1229 0.1288 0.1223 
         120  1 0.1285 0.1230 0.1217 0.1255 0.1273 0.1260 0.1217 0.1262 
         121  1 0.1225 0.1262 0.1216 0.1295 0.1271 0.1251 0.1261 0.1220 
         122  1 0.1260 0.1231 0.1259 0.1230 0.1288 0.1259 0.1227 0.1245 
         123  1 0.1256 0.1195 0.1269 0.1226 0.1255 0.1281 0.1238 0.1281 
         124  1 0.1239 0.1260 0.1200 0.1299 0.1250 0.1255 0.1282 0.1215 
         125  1 0.1254 0.1258 0.1186 0.1303 0.1263 0.1261 0.1234 0.1241 
         126  1 0.1227 0.1251 0.1199 0.1310 0.1248 0.1259 0.1264 0.1242 
         127  1 0.1212 0.1228 0.1220 0.1347 0.1252 0.1277 0.1262 0.1201 
         128  1 0.1228 0.1264 0.1223 0.1223 0.1272 0.1243 0.1289 0.1258 
         129  1 0.1258 0.1212 0.1271 0.1265 0.1267 0.1230 0.1239 0.1259 
         130  1 0.1216 0.1206 0.1267 0.1202 0.1291 0.1281 0.1279 0.1257 
         131  1 0.1304 0.1224 0.1265 0.1203 0.1217 0.1308 0.1175 0.1303 
         132  1 0.1237 0.1301 0.1238 0.1313 0.1182 0.1224 0.1305 0.1201 
         133  1 0.1247 0.1240 0.1245 0.1274 0.1265 0.1223 0.1250 0.1255 
         134  1 0.1236 0.1242 0.1207 0.1298 0.1279 0.1268 0.1247 0.1222 
         135  1 0.1266 0.1265 0.1253 0.1227 0.1248 0.1258 0.1261 0.1223 
         136  1 0.1255 0.1289 0.1227 0.1262 0.1242 0.1271 0.1222 0.1233 
         137  1 0.1297 0.1211 0.1275 0.1238 0.1274 0.1252 0.1231 0.1222 
         138  1 0.1209 0.1231 0.1254 0.1232 0.1271 0.1243 0.1289 0.1270 
         139  1 0.1233 0.1248 0.1241 0.1285 0.1234 0.1244 0.1264 0.1252 
         140  1 0.1208 0.1266 0.1241 0.1253 0.1246 0.1224 0.1316 0.1247 
         141  1 0.1171 0.1269 0.1185 0.1241 0.1320 0.1244 0.1333 0.1237 
         142  1 0.1292 0.1248 0.1294 0.1248 0.1202 0.1241 0.1209 0.1267 
         143  1 0.1240 0.1305 0.1195 0.1305 0.1246 0.1218 0.1277 0.1214 
         144  1 0.1252 0.1239 0.1355 0.1262 0.1216 0.1263 0.1183 0.1230 
         145  1 0.1297 0.1268 0.1290 0.1209 0.1204 0.1214 0.1232 0.1286 
         146  1 0.1239 0.1263 0.1266 0.1261 0.1215 0.1232 0.1236 0.1289 
         147  1 0.1232 0.1277 0.1263 0.1263 0.1270 0.1259 0.1204 0.1232 
         148  1 0.1227 0.1232 0.1220 0.1269 0.1239 0.1283 0.1260 0.1271 
         149  1 0.1265 0.1254 0.1223 0.1266 0.1236 0.1264 0.1265 0.1227 
         150  1 0.1217 0.1236 0.1246 0.1272 0.1243 0.1258 0.1263 0.1264 
         151  1 0.1186 0.1248 0.1306 0.1234 0.1225 0.1219 0.1273 0.1310 
         152  1 0.1241 0.1210 0.1252 0.1270 0.1290 0.1248 0.1267 0.1223 
         153  1 0.1250 0.1287 0.1252 0.1269 0.1217 0.1186 0.1251 0.1287 
         154  1 0.1231 0.1222 0.1274 0.1274 0.1255 0.1293 0.1204 0.1247 
         155  1 0.1251 0.1225 0.1292 0.1225 0.1254 0.1254 0.1271 0.1228 
         156  1 0.1256 0.1297 0.1273 0.1244 0.1205 0.1205 0.1235 0.1285 
         157  1 0.1314 0.1204 0.1219 0.1267 0.1263 0.1317 0.1177 0.1239 
         158  1 0.1262 0.1235 0.1236 0.1245 0.1271 0.1233 0.1273 0.1246 
         159  1 0.1269 0.1257 0.1178 0.1267 0.1260 0.1282 0.1266 0.1220 
         160  1 0.1208 0.1276 0.1249 0.1283 0.1242 0.1234 0.1274 0.1234 
         161  1 0.1237 0.1261 0.1257 0.1261 0.1259 0.1234 0.1200 0.1291 
         162  1 0.1238 0.1223 0.1284 0.1268 0.1249 0.1249 0.1217 0.1272 
         163  1 0.1242 0.1198 0.1209 0.1249 0.1338 0.1274 0.1268 0.1221 
         164  1 0.1230 0.1216 0.1262 0.1259 0.1314 0.1234 0.1286 0.1200 
         165  1 0.1220 0.1287 0.1224 0.1302 0.1218 0.1215 0.1298 0.1236 
         166  1 0.1296 0.1275 0.1272 0.1229 0.1200 0.1252 0.1236 0.1240 
         167  1 0.1226 0.1270 0.1235 0.1276 0.1243 0.1234 0.1233 0.1283 
         168  1 0.1328 0.1271 0.1246 0.1201 0.1240 0.1251 0.1217 0.1247 
         169  1 0.1221 0.1253 0.1225 0.1275 0.1266 0.1272 0.1252 0.1236 
         170  1 0.1219 0.1306 0.1227 0.1299 0.1227 0.1236 0.1242 0.1244 
         171  1 0.1198 0.1274 0.1191 0.1286 0.1245 0.1259 0.1282 0.1265 
         172  1 0.1244 0.1228 0.1238 0.1241 0.1343 0.1207 0.1286 0.1214 
         173  1 0.1258 0.1269 0.1222 0.1268 0.1283 0.1269 0.1218 0.1213 
         174  1 0.1230 0.1294 0.1237 0.1278 0.1241 0.1261 0.1239 0.1220 
         175  1 0.1285 0.1236 0.1275 0.1213 0.1259 0.1253 0.1250 0.1229 
         176  1 0.1271 0.1228 0.1250 0.1235 0.1262 0.1295 0.1206 0.1253 
         177  1 0.1294 0.1251 0.1273 0.1245 0.1266 0.1206 0.1231 0.1234 
         178  1 0.1259 0.1267 0.1274 0.1237 0.1204 0.1244 0.1240 0.1274 
         179  1 0.1253 0.1257 0.1227 0.1276 0.1257 0.1281 0.1228 0.1221 
         180  1 0.1236 0.1345 0.1207 0.1309 0.1188 0.1210 0.1299 0.1207 
         181  1 0.1229 0.1291 0.1265 0.1267 0.1157 0.1213 0.1294 0.1284 
         182  1 0.1267 0.1254 0.1294 0.1233 0.1210 0.1220 0.1265 0.1256 
         183  1 0.1257 0.1208 0.1264 0.1237 0.1232 0.1253 0.1312 0.1237 
         184  1 0.1252 0.1287 0.1241 0.1288 0.1234 0.1249 0.1228 0.1221 
         185  1 0.1265 0.1222 0.1302 0.1219 0.1249 0.1223 0.1276 0.1244 
         186  1 0.1264 0.1263 0.1239 0.1254 0.1245 0.1253 0.1232 0.1250 
         187  1 0.1224 0.1248 0.1182 0.1256 0.1287 0.1290 0.1240 0.1273 
         188  1 0.1240 0.1244 0.1263 0.1225 0.1226 0.1261 0.1276 0.1265 
         189  1 0.1215 0.1234 0.1279 0.1242 0.1313 0.1255 0.1252 0.1208 
         190  1 0.1238 0.1255 0.1284 0.1241 0.1223 0.1232 0.1313 0.1213 
         191  1 0.1212 0.1337 0.1173 0.1278 0.1221 0.1220 0.1350 0.1208 
         192  1 0.1249 0.1251 0.1274 0.1277 0.1256 0.1249 0.1206 0.1238 
         193  1 0.1288 0.1265 0.1267 0.1220 0.1237 0.1240 0.1233 0.1250 
         194  1 0.1237 0.1276 0.1257 0.1247 0.1258 0.1278 0.1222 0.1225 
         195  1 0.1271 0.1229 0.1253 0.1257 0.1250 0.1271 0.1225 0.1244 
         196  1 0.1254 0.1280 0.1259 0.1262 0.1208 0.1245 0.1244 0.1248 
         197  1 0.1216 0.1260 0.1251 0.1266 0.1223 0.1255 0.1247 0.1280 
         198  1 0.1267 0.1280 0.1232 0.1216 0.1232 0.1255 0.1258 0.1260 
         199  1 0.1233 0.1230 0.1238 0.1270 0.1281 0.1246 0.1247 0.1255 
         200  1 0.1238 0.1188 0.1251 0.1261 0.1243 0.1274 0.1289 0.1257 
         201  1 0.1287 0.1254 0.1309 0.1202 0.1245 0.1209 0.1214 0.1279 
         202  1 0.1277 0.1237 0.1269 0.1202 0.1278 0.1253 0.1240 0.1244 
         203  1 0.1195 0.1276 0.1263 0.1281 0.1227 0.1251 0.1285 0.1220 
         204  1 0.1254 0.1240 0.1225 0.1262 0.1259 0.1240 0.1271 0.1249 
         205  1 0.1245 0.1285 0.1267 0.1260 0.1216 0.1243 0.1246 0.1238 
         206  1 0.1290 0.1264 0.1242 0.1270 0.1219 0.1243 0.1223 0.1250 
         207  1 0.1224 0.1261 0.1201 0.1286 0.1293 0.1269 0.1235 0.1233 
         208  1 0.1242 0.1188 0.1283 0.1235 0.1284 0.1306 0.1209 0.1254 
         209  1 0.1215 0.1231 0.1266 0.1206 0.1254 0.1259 0.1285 0.1284 
         210  1 0.1230 0.1248 0.1187 0.1307 0.1248 0.1293 0.1228 0.1260 
         211  1 0.1241 0.1244 0.1191 0.1296 0.1266 0.1258 0.1245 0.1259 
         212  1 0.1251 0.1313 0.1253 0.1206 0.1216 0.1255 0.1233 0.1274 
         213  1 0.1266 0.1229 0.1214 0.1240 0.1233 0.1237 0.1310 0.1270 
         214  1 0.1278 0.1181 0.1236 0.1252 0.1278 0.1318 0.1237 0.1219 
         215  1 0.1267 0.1222 0.1219 0.1257 0.1279 0.1283 0.1236 0.1236 
         216  1 0.1208 0.1315 0.1244 0.1260 0.1188 0.1248 0.1255 0.1282 
         217  1 0.1237 0.1212 0.1272 0.1261 0.1254 0.1249 0.1272 0.1243 
         218  1 0.1234 0.1332 0.1234 0.1297 0.1259 0.1186 0.1276 0.1182 
         219  1 0.1277 0.1205 0.1267 0.1227 0.1278 0.1233 0.1270 0.1243 
         220  1 0.1285 0.1244 0.1236 0.1276 0.1226 0.1288 0.1224 0.1222 
         221  1 0.1229 0.1265 0.1214 0.1189 0.1284 0.1255 0.1294 0.1269 
         222  1 0.1220 0.1238 0.1217 0.1277 0.1304 0.1226 0.1249 0.1268 
         223  1 0.1199 0.1244 0.1244 0.1218 0.1227 0.1282 0.1291 0.1293 
         224  1 0.1276 0.1190 0.1288 0.1239 0.1274 0.1281 0.1200 0.1252 
         225  1 0.1214 0.1283 0.1206 0.1262 0.1268 0.1226 0.1275 0.1265 
         226  1 0.1229 0.1264 0.1206 0.1282 0.1245 0.1270 0.1250 0.1256 
         227  1 0.1193 0.1212 0.1227 0.1202 0.1292 0.1250 0.1322 0.1302 
         228  1 0.1271 0.1228 0.1283 0.1250 0.1262 0.1243 0.1202 0.1261 
         229  1 0.1253 0.1254 0.1269 0.1249 0.1227 0.1277 0.1236 0.1235 
         230  1 0.1224 0.1286 0.1233 0.1241 0.1231 0.1268 0.1222 0.1296 
         231  1 0.1232 0.1256 0.1302 0.1222 0.1180 0.1223 0.1303 0.1281 
         232  1 0.1234 0.1255 0.1227 0.1243 0.1231 0.1259 0.1258 0.1292 
         233  1 0.1294 0.1294 0.1244 0.1262 0.1211 0.1246 0.1195 0.1255 
         234  1 0.1236 0.1262 0.1230 0.1257 0.1247 0.1226 0.1278 0.1265 
         235  1 0.1267 0.1285 0.1351 0.1246 0.1189 0.1186 0.1227 0.1250 
         236  1 0.1243 0.1236 0.1207 0.1248 0.1296 0.1257 0.1270 0.1241 
         237  1 0.1284 0.1299 0.1297 0.1202 0.1170 0.1183 0.1286 0.1279 
         238  1 0.1251 0.1221 0.1243 0.1244 0.1272 0.1287 0.1233 0.1248 
         239  1 0.1243 0.1188 0.1254 0.1224 0.1338 0.1246 0.1289 0.1218 
         240  1 0.1194 0.1275 0.1289 0.1269 0.1200 0.1216 0.1324 0.1234 
         241  1 0.1220 0.1209 0.1276 0.1211 0.1247 0.1270 0.1267 0.1300 
         242  1 0.1252 0.1204 0.1263 0.1235 0.1274 0.1301 0.1227 0.1244 
         243  1 0.1297 0.1287 0.1190 0.1246 0.1234 0.1251 0.1272 0.1224 
         244  1 0.1281 0.1232 0.1243 0.1210 0.1285 0.1241 0.1264 0.1244 
         245  1 0.1241 0.1240 0.1237 0.1243 0.1236 0.1262 0.1289 0.1252 
         246  1 0.1213 0.1222 0.1221 0.1246 0.1314 0.1252 0.1267 0.1266 
         247  1 0.1226 0.1256 0.1268 0.1217 0.1265 0.1235 0.1259 0.1274 
         248  1 0.1225 0.1263 0.1265 0.1247 0.1274 0.1236 0.1234 0.1255 
         249  1 0.1290 0.1231 0.1239 0.1203 0.1246 0.1324 0.1231 0.1236 
         250  1 0.1206 0.1301 0.1231 0.1295 0.1200 0.1213 0.1309 0.1245 
         251  1 0.1265 0.1262 0.1292 0.1247 0.1255 0.1173 0.1261 0.1246 
         252  1 0.1253 0.1241 0.1215 0.1295 0.1267 0.1270 0.1238 0.1221 
         253  1 0.1249 0.1229 0.1245 0.1251 0.1250 0.1258 0.1250 0.1268 
         254  1 0.1277 0.1290 0.1249 0.1262 0.1210 0.1217 0.1256 0.1239 
         255  1 0.1299 0.1253 0.1198 0.1250 0.1259 0.1243 0.1240 0.1258 
         256  1 0.1233 0.1238 0.1260 0.1243 0.1251 0.1313 0.1226 0.1236 
         257  1 0.1230 0.1209 0.1293 0.1297 0.1269 0.1248 0.1217 0.1235 
         258  1 0.1281 0.1253 0.1229 0.1267 0.1257 0.1274 0.1196 0.1244 
         259  1 0.1227 0.1202 0.1227 0.1299 0.1227 0.1280 0.1272 0.1267 
         260  1 0.1255 0.1262 0.1238 0.1259 0.1278 0.1232 0.1231 0.1246 
         261  1 0.1268 0.1210 0.1289 0.1208 0.1245 0.1267 0.1252 0.1261 
         262  1 0.1221 0.1256 0.1205 0.1315 0.1246 0.1260 0.1247 0.1249 
         263  1 0.1241 0.1257 0.1314 0.1223 0.1244 0.1206 0.1226 0.1287 
         264  1 0.1202 0.1235 0.1267 0.1314 0.1237 0.1238 0.1268 0.1239 
         265  1 0.1266 0.1186 0.1260 0.1240 0.1281 0.1273 0.1271 0.1223 
         266  1 0.1206 0.1304 0.1279 0.1257 0.1233 0.1204 0.1297 0.1220 
         267  1 0.1275 0.1199 0.1266 0.1244 0.1274 0.1286 0.1210 0.1246 
         268  1 0.1289 0.1215 0.1247 0.1208 0.1278 0.1278 0.1228 0.1257 
         269  1 0.1244 0.1217 0.1248 0.1259 0.1260 0.1281 0.1205 0.1286 
         270  1 0.1209 0.1208 0.1260 0.1305 0.1253 0.1226 0.1321 0.1218 
         271  1 0.1221 0.1273 0.1220 0.1280 0.1229 0.1267 0.1269 0.1241 
         272  1 0.1215 0.1225 0.1237 0.1280 0.1260 0.1252 0.1235 0.1296 
         273  1 0.1293 0.1287 0.1284 0.1202 0.1216 0.1206 0.1245 0.1267 
         274  1 0.1213 0.1270 0.1242 0.1257 0.1262 0.1261 0.1261 0.1233 
         275  1 0.1230 0.1250 0.1226 0.1260 0.1290 0.1258 0.1220 0.1265 
         276  1 0.1195 0.1289 0.1291 0.1309 0.1227 0.1221 0.1276 0.1192 
         277  1 0.1253 0.1291 0.1255 0.1273 0.1227 0.1254 0.1229 0.1217 
         278  1 0.1288 0.1216 0.1259 0.1213 0.1323 0.1293 0.1196 0.1211 
         279  1 0.1232 0.1288 0.1216 0.1293 0.1236 0.1212 0.1278 0.1245 
         280  1 0.1293 0.1222 0.1273 0.1211 0.1248 0.1328 0.1179 0.1246 
         281  1 0.1246 0.1276 0.1289 0.1221 0.1182 0.1249 0.1245 0.1292 
         282  1 0.1249 0.1249 0.1268 0.1247 0.1269 0.1261 0.1196 0.1262 
         283  1 0.1273 0.1301 0.1220 0.1284 0.1195 0.1240 0.1257 0.1230 
         284  1 0.1258 0.1246 0.1219 0.1199 0.1216 0.1222 0.1344 0.1296 
         285  1 0.1261 0.1272 0.1262 0.1190 0.1238 0.1277 0.1223 0.1276 
         286  1 0.1294 0.1274 0.1210 0.1269 0.1243 0.1259 0.1206 0.1245 
         287  1 0.1237 0.1253 0.1238 0.1258 0.1263 0.1253 0.1262 0.1236 
         288  1 0.1222 0.1272 0.1262 0.1231 0.1256 0.1256 0.1263 0.1237 
         289  1 0.1270 0.1245 0.1308 0.1210 0.1232 0.1230 0.1251 0.1253 
         290  1 0.1306 0.1253 0.1259 0.1196 0.1187 0.1270 0.1234 0.1295 
         291  1 0.1260 0.1273 0.1263 0.1279 0.1235 0.1270 0.1201 0.1219 
         292  1 0.1201 0.1263 0.1246 0.1229 0.1247 0.1258 0.1305 0.1251 
         293  1 0.1276 0.1231 0.1295 0.1246 0.1214 0.1245 0.1257 0.1236 
         294  1 0.1245 0.1245 0.1246 0.1213 0.1291 0.1249 0.1246 0.1264 
         295  1 0.1250 0.1216 0.1246 0.1231 0.1248 0.1279 0.1232 0.1298 
         296  1 0.1232 0.1196 0.1269 0.1194 0.1252 0.1281 0.1266 0.1310 
         297  1 0.1190 0.1235 0.1204 0.1205 0.1292 0.1264 0.1341 0.1269 
         298  1 0.1248 0.1214 0.1283 0.1254 0.1207 0.1280 0.1200 0.1314 
         299  1 0.1215 0.1220 0.1210 0.1165 0.1290 0.1274 0.1325 0.1301 
         300  1 0.1248 0.1240 0.1236 0.1327 0.1240 0.1235 0.1230 0.1244 
         301  1 0.1234 0.1265 0.1279 0.1257 0.1260 0.1209 0.1274 0.1222 
         302  1 0.1215 0.1263 0.1205 0.1254 0.1272 0.1256 0.1278 0.1257 
         303  1 0.1214 0.1273 0.1204 0.1288 0.1262 0.1235 0.1278 0.1245 
         304  1 0.1236 0.1318 0.1196 0.1318 0.1206 0.1209 0.1306 0.1212 
         305  1 0.1293 0.1320 0.1184 0.1268 0.1196 0.1201 0.1280 0.1257 
         306  1 0.1227 0.1317 0.1220 0.1290 0.1226 0.1234 0.1262 0.1225 
         307  1 0.1293 0.1260 0.1262 0.1200 0.1241 0.1269 0.1188 0.1288 
         308  1 0.1272 0.1274 0.1213 0.1238 0.1239 0.1239 0.1234 0.1291 
         309  1 0.1298 0.1256 0.1290 0.1218 0.1232 0.1195 0.1238 0.1273 
         310  1 0.1273 0.1237 0.1233 0.1273 0.1287 0.1254 0.1236 0.1207 
         311  1 0.1251 0.1285 0.1219 0.1267 0.1262 0.1224 0.1246 0.1245 
         312  1 0.1296 0.1337 0.1202 0.1280 0.1181 0.1207 0.1290 0.1206 
         313  1 0.1277 0.1293 0.1209 0.1246 0.1244 0.1225 0.1221 0.1285 
         314  1 0.1293 0.1148 0.1288 0.1201 0.1288 0.1283 0.1259 0.1240 
         315  1 0.1252 0.1243 0.1231 0.1265 0.1246 0.1269 0.1277 0.1216 
         316  1 0.1242 0.1218 0.1226 0.1240 0.1250 0.1280 0.1257 0.1287 
         317  1 0.1262 0.1189 0.1288 0.1221 0.1227 0.1296 0.1258 0.1259 
         318  1 0.1287 0.1223 0.1336 0.1227 0.1181 0.1197 0.1261 0.1288 
         319  1 0.1346 0.1205 0.1245 0.1244 0.1266 0.1305 0.1218 0.1171 
         320  1 0.1249 0.1210 0.1265 0.1225 0.1246 0.1287 0.1285 0.1233 
         321  1 0.1263 0.1217 0.1205 0.1270 0.1268 0.1274 0.1274 0.1230 
         322  1 0.1213 0.1278 0.1274 0.1231 0.1208 0.1232 0.1281 0.1283 
         323  1 0.1290 0.1216 0.1257 0.1260 0.1275 0.1316 0.1179 0.1207 
         324  1 0.1307 0.1199 0.1222 0.1219 0.1236 0.1311 0.1244 0.1263 
         325  1 0.1262 0.1197 0.1278 0.1208 0.1227 0.1274 0.1318 0.1235 
         326  1 0.1235 0.1252 0.1261 0.1296 0.1222 0.1268 0.1234 0.1233 
         327  1 0.1230 0.1246 0.1255 0.1258 0.1276 0.1252 0.1271 0.1213 
         328  1 0.1266 0.1202 0.1316 0.1229 0.1254 0.1266 0.1202 0.1265 
         329  1 0.1202 0.1277 0.1266 0.1301 0.1185 0.1208 0.1304 0.1257 
         330  1 0.1231 0.1267 0.1241 0.1304 0.1270 0.1244 0.1226 0.1218 
         331  1 0.1280 0.1238 0.1270 0.1204 0.1236 0.1317 0.1169 0.1287 
         332  1 0.1263 0.1287 0.1228 0.1231 0.1224 0.1235 0.1232 0.1299 
         333  1 0.1236 0.1255 0.1215 0.1285 0.1254 0.1268 0.1263 0.1225 
         334  1 0.1315 0.1234 0.1273 0.1247 0.1284 0.1230 0.1228 0.1190 
         335  1 0.1261 0.1290 0.1316 0.1188 0.1188 0.1214 0.1261 0.1281 
         336  1 0.1220 0.1213 0.1258 0.1262 0.1329 0.1212 0.1279 0.1228 
         337  1 0.1254 0.1252 0.1250 0.1253 0.1262 0.1255 0.1216 0.1259 
         338  1 0.1267 0.1227 0.1265 0.1253 0.1240 0.1302 0.1188 0.1258 
         339  1 0.1175 0.1280 0.1245 0.1295 0.1224 0.1248 0.1320 0.1214 
         340  1 0.1275 0.1327 0.1218 0.1267 0.1202 0.1204 0.1265 0.1241 
         341  1 0.1272 0.1229 0.1256 0.1268 0.1263 0.1272 0.1199 0.1241 
         342  1 0.1210 0.1268 0.1223 0.1263 0.1242 0.1245 0.1317 0.1232 
         343  1 0.1242 0.1285 0.1274 0.1253 0.1224 0.1215 0.1274 0.1231 
         344  1 0.1250 0.1262 0.1316 0.1260 0.1211 0.1272 0.1179 0.1250 
         345  1 0.1295 0.1242 0.1253 0.1234 0.1264 0.1253 0.1204 0.1255 
         346  1 0.1228 0.1244 0.1258 0.1293 0.1239 0.1253 0.1266 0.1219 
         347  1 0.1263 0.1264 0.1208 0.1220 0.1276 0.1240 0.1259 0.1270 
         348  1 0.1261 0.1317 0.1203 0.1280 0.1206 0.1237 0.1267 0.1231 
         349  1 0.1212 0.1263 0.1261 0.1274 0.1282 0.1192 0.1273 0.1243 
         350  1 0.1252 0.1240 0.1226 0.1243 0.1260 0.1306 0.1205 0.1268 
         351  1 0.1289 0.1251 0.1202 0.1253 0.1268 0.1294 0.1208 0.1234 
         352  1 0.1329 0.1265 0.1275 0.1228 0.1201 0.1236 0.1230 0.1234 
         353  1 0.1297 0.1339 0.1205 0.1245 0.1188 0.1235 0.1264 0.1227 
         354  1 0.1227 0.1234 0.1272 0.1261 0.1216 0.1255 0.1275 0.1260 
         355  1 0.1200 0.1271 0.1283 0.1255 0.1225 0.1179 0.1309 0.1279 
         356  1 0.1260 0.1261 0.1237 0.1241 0.1273 0.1230 0.1245 0.1253 
         357  1 0.1271 0.1287 0.1192 0.1276 0.1226 0.1298 0.1247 0.1203 
         358  1 0.1238 0.1312 0.1248 0.1255 0.1214 0.1180 0.1299 0.1256 
         359  1 0.1302 0.1221 0.1179 0.1281 0.1295 0.1283 0.1213 0.1226 
         360  1 0.1225 0.1258 0.1296 0.1253 0.1205 0.1240 0.1276 0.1247 
         361  1 0.1293 0.1206 0.1250 0.1199 0.1206 0.1255 0.1252 0.1339 
         362  1 0.1220 0.1199 0.1234 0.1282 0.1297 0.1282 0.1254 0.1231 
         363  1 0.1228 0.1284 0.1229 0.1274 0.1224 0.1236 0.1313 0.1212 
         364  1 0.1222 0.1251 0.1237 0.1260 0.1292 0.1235 0.1255 0.1248 
         365  1 0.1238 0.1217 0.1326 0.1252 0.1241 0.1254 0.1255 0.1217 
         366  1 0.1253 0.1236 0.1252 0.1251 0.1270 0.1254 0.1224 0.1260 
         367  1 0.1238 0.1233 0.1255 0.1241 0.1237 0.1264 0.1243 0.1288 
         368  1 0.1265 0.1269 0.1304 0.1218 0.1220 0.1281 0.1181 0.1262 
         369  1 0.1238 0.1217 0.1243 0.1174 0.1312 0.1284 0.1284 0.1248 
         370  1 0.1199 0.1239 0.1219 0.1272 0.1330 0.1246 0.1259 0.1236 
         371  1 0.1243 0.1257 0.1224 0.1256 0.1271 0.1260 0.1263 0.1228 
         372  1 0.1226 0.1249 0.1233 0.1285 0.1263 0.1280 0.1253 0.1211 
         373  1 0.1245 0.1268 0.1246 0.1258 0.1256 0.1262 0.1245 0.1221 
         374  1 0.1249 0.1205 0.1252 0.1244 0.1296 0.1276 0.1232 0.1247 
         375  1 0.1271 0.1194 0.1283 0.1218 0.1227 0.1309 0.1242 0.1256 
         376  1 0.1210 0.1218 0.1262 0.1238 0.1290 0.1246 0.1271 0.1265 
         377  1 0.1282 0.1247 0.1214 0.1276 0.1250 0.1273 0.1235 0.1222 
         378  1 0.1190 0.1346 0.1189 0.1329 0.1214 0.1200 0.1327 0.1205 
         379  1 0.1193 0.1239 0.1283 0.1220 0.1275 0.1228 0.1318 0.1244 
         380  1 0.1194 0.1234 0.1311 0.1216 0.1230 0.1236 0.1282 0.1297 
         381  1 0.1254 0.1245 0.1288 0.1298 0.1232 0.1253 0.1197 0.1234 
         382  1 0.1229 0.1240 0.1284 0.1228 0.1324 0.1218 0.1243 0.1235 
         383  1 0.1206 0.1304 0.1201 0.1279 0.1263 0.1243 0.1263 0.1241 
         384  1 0.1288 0.1257 0.1246 0.1263 0.1243 0.1270 0.1199 0.1233 
         385  1 0.1297 0.1210 0.1249 0.1221 0.1305 0.1275 0.1224 0.1218 
         386  1 0.1173 0.1224 0.1192 0.1223 0.1372 0.1243 0.1345 0.1227 
         387  1 0.1199 0.1251 0.1206 0.1288 0.1278 0.1243 0.1293 0.1242 
         388  1 0.1228 0.1232 0.1302 0.1240 0.1262 0.1221 0.1280 0.1234 
         389  1 0.1217 0.1265 0.1281 0.1272 0.1238 0.1204 0.1273 0.1249 
         390  1 0.1250 0.1189 0.1245 0.1223 0.1336 0.1258 0.1254 0.1246 
         391  1 0.1240 0.1230 0.1231 0.1229 0.1307 0.1213 0.1298 0.1250 
         392  1 0.1227 0.1249 0.1241 0.1225 0.1270 0.1272 0.1243 0.1275 
         393  1 0.1269 0.1209 0.1274 0.1238 0.1265 0.1256 0.1261 0.1229 
         394  1 0.1295 0.1316 0.1225 0.1254 0.1226 0.1255 0.1243 0.1185 
         395  1 0.1270 0.1317 0.1233 0.1245 0.1184 0.1224 0.1263 0.1264 
         396  1 0.1254 0.1232 0.1275 0.1205 0.1254 0.1234 0.1249 0.1296 
         397  1 0.1257 0.1249 0.1238 0.1268 0.1261 0.1238 0.1269 0.1220 
         398  1 0.1244 0.1236 0.1303 0.1289 0.1206 0.1244 0.1219 0.1260 
         399  1 0.1258 0.1231 0.1261 0.1213 0.1241 0.1270 0.1257 0.1269 
         400  1 0.1270 0.1337 0.1229 0.1274 0.1214 0.1209 0.1250 0.1218 
         401  1 0.1314 0.1228 0.1257 0.1234 0.1230 0.1320 0.1132 0.1285 
         402  1 0.1247 0.1290 0.1284 0.1254 0.1157 0.1257 0.1213 0.1297 
         403  1 0.1256 0.1319 0.1233 0.1268 0.1185 0.1205 0.1276 0.1258 
         404  1 0.1273 0.1256 0.1216 0.1277 0.1259 0.1218 0.1261 0.1239 
         405  1 0.1220 0.1224 0.1279 0.1250 0.1253 0.1266 0.1247 0.1261 
         406  1 0.1272 0.1232 0.1262 0.1272 0.1201 0.1283 0.1241 0.1236 
         407  1 0.1304 0.1264 0.1216 0.1266 0.1224 0.1268 0.1221 0.1237 
         408  1 0.1224 0.1217 0.1262 0.1210 0.1315 0.1232 0.1282 0.1259 
         409  1 0.1227 0.1260 0.1253 0.1267 0.1303 0.1225 0.1251 0.1215 
         410  1 0.1287 0.1250 0.1267 0.1258 0.1232 0.1230 0.1262 0.1214 
         411  1 0.1279 0.1131 0.1237 0.1198 0.1311 0.1325 0.1231 0.1288 
         412  1 0.1271 0.1221 0.1256 0.1273 0.1289 0.1264 0.1201 0.1226 
         413  1 0.1189 0.1308 0.1248 0.1249 0.1248 0.1219 0.1287 0.1253 
         414  1 0.1312 0.1273 0.1292 0.1119 0.1224 0.1189 0.1302 0.1290 
         415  1 0.1275 0.1321 0.1243 0.1245 0.1209 0.1196 0.1265 0.1248 
         416  1 0.1237 0.1263 0.1213 0.1303 0.1247 0.1238 0.1259 0.1240 
         417  1 0.1330 0.1278 0.1181 0.1248 0.1252 0.1237 0.1241 0.1232 
         418  1 0.1286 0.1300 0.1235 0.1233 0.1200 0.1225 0.1263 0.1259 
         419  1 0.1232 0.1274 0.1243 0.1258 0.1254 0.1236 0.1254 0.1249 
         420  1 0.1283 0.1284 0.1230 0.1228 0.1189 0.1259 0.1267 0.1260 
         421  1 0.1245 0.1257 0.1198 0.1278 0.1290 0.1247 0.1248 0.1237 
         422  1 0.1223 0.1262 0.1232 0.1289 0.1179 0.1267 0.1254 0.1295 
         423  1 0.1249 0.1206 0.1253 0.1264 0.1268 0.1263 0.1227 0.1270 
         424  1 0.1188 0.1231 0.1254 0.1195 0.1352 0.1205 0.1332 0.1243 
         425  1 0.1243 0.1283 0.1282 0.1258 0.1240 0.1226 0.1209 0.1259 
         426  1 0.1312 0.1252 0.1247 0.1250 0.1228 0.1252 0.1204 0.1256 
         427  1 0.1244 0.1296 0.1213 0.1282 0.1231 0.1237 0.1264 0.1232 
         428  1 0.1281 0.1232 0.1253 0.1231 0.1246 0.1256 0.1226 0.1275 
         429  1 0.1257 0.1248 0.1270 0.1248 0.1260 0.1234 0.1265 0.1219 
         430  1 0.1260 0.1295 0.1263 0.1241 0.1170 0.1260 0.1249 0.1263 
         431  1 0.1305 0.1272 0.1256 0.1221 0.1228 0.1230 0.1250 0.1240 
         432  1 0.1220 0.1251 0.1266 0.1272 0.1245 0.1258 0.1227 0.1262 
         433  1 0.1221 0.1266 0.1330 0.1236 0.1221 0.1203 0.1272 0.1251 
         434  1 0.1194 0.1280 0.1213 0.1231 0.1324 0.1219 0.1291 0.1249 
         435  1 0.1260 0.1241 0.1309 0.1246 0.1217 0.1218 0.1255 0.1255 
         436  1 0.1224 0.1302 0.1199 0.1314 0.1223 0.1223 0.1297 0.1219 
         437  1 0.1213 0.1255 0.1234 0.1300 0.1226 0.1252 0.1282 0.1238 
         438  1 0.1203 0.1259 0.1266 0.1185 0.1248 0.1246 0.1299 0.1296 
         439  1 0.1264 0.1245 0.1248 0.1277 0.1228 0.1252 0.1234 0.1251 
         440  1 0.1206 0.1305 0.1218 0.1281 0.1201 0.1227 0.1315 0.1247 
         441  1 0.1249 0.1207 0.1258 0.1231 0.1286 0.1268 0.1228 0.1272 
         442  1 0.1270 0.1235 0.1239 0.1260 0.1295 0.1262 0.1228 0.1213 
         443  1 0.1225 0.1289 0.1228 0.1305 0.1199 0.1245 0.1261 0.1248 
         444  1 0.1235 0.1256 0.1249 0.1227 0.1274 0.1275 0.1223 0.1261 
         445  1 0.1235 0.1251 0.1287 0.1286 0.1251 0.1252 0.1216 0.1222 
         446  1 0.1271 0.1248 0.1261 0.1204 0.1220 0.1267 0.1225 0.1304 
         447  1 0.1273 0.1258 0.1296 0.1231 0.1217 0.1241 0.1239 0.1245 
         448  1 0.1236 0.1267 0.1267 0.1263 0.1245 0.1228 0.1249 0.1246 
         449  1 0.1291 0.1226 0.1232 0.1257 0.1222 0.1259 0.1255 0.1258 
         450  1 0.1260 0.1266 0.1260 0.1244 0.1219 0.1264 0.1223 0.1265 
         451  1 0.1207 0.1263 0.1239 0.1221 0.1306 0.1203 0.1287 0.1273 
         452  1 0.1253 0.1228 0.1247 0.1259 0.1270 0.1260 0.1258 0.1225 
         453  1 0.1240 0.1221 0.1296 0.1243 0.1220 0.1305 0.1257 0.1218 
         454  1 0.1208 0.1257 0.1221 0.1248 0.1244 0.1274 0.1308 0.1240 
         455  1 0.1217 0.1221 0.1227 0.1234 0.1288 0.1273 0.1285 0.1256 
         456  1 0.1214 0.1306 0.1256 0.1281 0.1246 0.1231 0.1230 0.1237 
         457  1 0.1302 0.1184 0.1229 0.1256 0.1307 0.1310 0.1167 0.1244 
         458  1 0.1238 0.1238 0.1253 0.1213 0.1238 0.1260 0.1286 0.1275 
         459  1 0.1279 0.1289 0.1291 0.1202 0.1146 0.1215 0.1270 0.1308 
         460  1 0.1260 0.1252 0.1286 0.1279 0.1212 0.1230 0.1218 0.1263 
         461  1 0.1243 0.1233 0.1277 0.1160 0.1227 0.1252 0.1287 0.1321 
         462  1 0.1231 0.1174 0.1218 0.1285 0.1323 0.1289 0.1256 0.1225 
         463  1 0.1224 0.1213 0.1239 0.1251 0.1306 0.1258 0.1264 0.1246 
         464  1 0.1253 0.1217 0.1200 0.1234 0.1364 0.1261 0.1247 0.1224 
         465  1 0.1243 0.1172 0.1256 0.1196 0.1307 0.1282 0.1268 0.1275 
         466  1 0.1241 0.1235 0.1248 0.1266 0.1265 0.1275 0.1218 0.1252 
         467  1 0.1287 0.1223 0.1292 0.1232 0.1214 0.1260 0.1236 0.1256 
         468  1 0.1232 0.1251 0.1244 0.1262 0.1271 0.1242 0.1252 0.1245 
         469  1 0.1283 0.1218 0.1290 0.1192 0.1291 0.1227 0.1268 0.1231 
         470  1 0.1239 0.1269 0.1282 0.1284 0.1239 0.1232 0.1226 0.1228 
         471  1 0.1194 0.1356 0.1223 0.1316 0.1188 0.1215 0.1304 0.1205 
         472  1 0.1246 0.1218 0.1277 0.1245 0.1226 0.1257 0.1257 0.1274 
         473  1 0.1304 0.1235 0.1259 0.1228 0.1262 0.1250 0.1213 0.1249 
         474  1 0.1215 0.1255 0.1251 0.1249 0.1275 0.1250 0.1260 0.1245 
         475  1 0.1254 0.1239 0.1220 0.1264 0.1273 0.1255 0.1268 0.1227 
         476  1 0.1260 0.1186 0.1271 0.1217 0.1288 0.1289 0.1212 0.1278 
         477  1 0.1259 0.1200 0.1213 0.1294 0.1271 0.1309 0.1247 0.1209 
         478  1 0.1258 0.1255 0.1269 0.1218 0.1237 0.1229 0.1276 0.1257 
         479  1 0.1265 0.1278 0.1292 0.1224 0.1209 0.1228 0.1226 0.1277 
         480  1 0.1223 0.1306 0.1186 0.1287 0.1242 0.1241 0.1287 0.1229 
         481  1 0.1245 0.1198 0.1285 0.1205 0.1274 0.1269 0.1250 0.1274 
         482  1 0.1271 0.1213 0.1261 0.1265 0.1269 0.1238 0.1260 0.1224 
         483  1 0.1255 0.1207 0.1233 0.1215 0.1275 0.1325 0.1222 0.1269 
         484  1 0.1252 0.1236 0.1203 0.1278 0.1269 0.1239 0.1282 0.1240 
         485  1 0.1203 0.1259 0.1274 0.1239 0.1266 0.1248 0.1255 0.1256 
         486  1 0.1275 0.1242 0.1211 0.1267 0.1251 0.1289 0.1216 0.1249 
         487  1 0.1242 0.1265 0.1216 0.1277 0.1234 0.1248 0.1244 0.1273 
         488  1 0.1230 0.1307 0.1236 0.1285 0.1205 0.1215 0.1285 0.1238 
         489  1 0.1305 0.1201 0.1266 0.1210 0.1248 0.1339 0.1220 0.1211 
         490  1 0.1305 0.1233 0.1221 0.1234 0.1249 0.1265 0.1231 0.1261 
         491  1 0.1180 0.1255 0.1231 0.1268 0.1290 0.1278 0.1268 0.1230 
         492  1 0.1225 0.1281 0.1309 0.1246 0.1194 0.1194 0.1283 0.1268 
         493  1 0.1194 0.1249 0.1265 0.1328 0.1276 0.1203 0.1280 0.1205 
         494  1 0.1240 0.1238 0.1288 0.1189 0.1212 0.1240 0.1268 0.1324 
         495  1 0.1259 0.1235 0.1235 0.1279 0.1267 0.1273 0.1233 0.1219 
         496  1 0.1274 0.1192 0.1238 0.1204 0.1299 0.1286 0.1272 0.1235 
         497  1 0.1238 0.1228 0.1300 0.1256 0.1225 0.1262 0.1233 0.1257 
         498  1 0.1243 0.1259 0.1247 0.1275 0.1249 0.1222 0.1250 0.1255 
         499  1 0.1229 0.1267 0.1208 0.1230 0.1293 0.1272 0.1292 0.1210 
         500  1 0.1166 0.1316 0.1224 0.1241 0.1204 0.1247 0.1329 0.1275 
         501  1 0.1261 0.1223 0.1258 0.1287 0.1208 0.1242 0.1250 0.1270 
         502  1 0.1271 0.1266 0.1225 0.1194 0.1241 0.1266 0.1263 0.1274 
         503  1 0.1264 0.1193 0.1210 0.1223 0.1330 0.1314 0.1194 0.1273 
         504  1 0.1225 0.1242 0.1242 0.1271 0.1280 0.1251 0.1243 0.1248 
         505  1 0.1243 0.1246 0.1178 0.1286 0.1285 0.1309 0.1258 0.1194 
         506  1 0.1186 0.1253 0.1197 0.1234 0.1266 0.1255 0.1327 0.1281 
         507  1 0.1189 0.1248 0.1225 0.1204 0.1293 0.1248 0.1314 0.1279 
         508  1 0.1221 0.1251 0.1255 0.1294 0.1236 0.1246 0.1258 0.1239 
         509  1 0.1278 0.1216 0.1233 0.1268 0.1268 0.1283 0.1191 0.1264 
         510  1 0.1306 0.1262 0.1266 0.1242 0.1234 0.1213 0.1251 0.1226 
         511  1 0.1281 0.1213 0.1238 0.1227 0.1311 0.1274 0.1235 0.1222 
         512  1 0.1202 0.1242 0.1200 0.1299 0.1308 0.1239 0.1243 0.1267 
         513  1 0.1229 0.1235 0.1235 0.1272 0.1287 0.1245 0.1261 0.1238 
         514  1 0.1265 0.1217 0.1295 0.1254 0.1273 0.1215 0.1260 0.1221 
         515  1 0.1242 0.1306 0.1239 0.1278 0.1227 0.1221 0.1240 0.1247 
         516  1 0.1221 0.1268 0.1214 0.1231 0.1299 0.1226 0.1292 0.1249 
         517  1 0.1263 0.1266 0.1269 0.1249 0.1241 0.1204 0.1266 0.1243 
         518  1 0.1229 0.1260 0.1224 0.1316 0.1185 0.1242 0.1282 0.1263 
         519  1 0.1258 0.1200 0.1219 0.1249 0.1317 0.1236 0.1264 0.1258 
         520  1 0.1231 0.1246 0.1226 0.1277 0.1219 0.1279 0.1270 0.1251 
         521  1 0.1309 0.1225 0.1225 0.1244 0.1267 0.1302 0.1207 0.1221 
         522  1 0.1267 0.1240 0.1256 0.1209 0.1226 0.1329 0.1208 0.1265 
         523  1 0.1244 0.1222 0.1221 0.1180 0.1287 0.1260 0.1289 0.1298 
         524  1 0.1252 0.1263 0.1235 0.1269 0.1247 0.1237 0.1248 0.1250 
         525  1 0.1230 0.1238 0.1248 0.1182 0.1303 0.1252 0.1286 0.1261 
         526  1 0.1251 0.1223 0.1230 0.1279 0.1272 0.1280 0.1224 0.1240 
         527  1 0.1279 0.1210 0.1239 0.1209 0.1272 0.1320 0.1236 0.1234 
         528  1 0.1277 0.1238 0.1269 0.1215 0.1251 0.1246 0.1240 0.1264 
         529  1 0.1264 0.1257 0.1238 0.1274 0.1193 0.1223 0.1276 0.1275 
         530  1 0.1260 0.1244 0.1270 0.1237 0.1247 0.1266 0.1222 0.1254 
         531  1 0.1203 0.1251 0.1250 0.1254 0.1252 0.1246 0.1263 0.1281 
         532  1 0.1227 0.1257 0.1245 0.1253 0.1248 0.1232 0.1284 0.1253 
         533  1 0.1250 0.1189 0.1291 0.1230 0.1260 0.1236 0.1285 0.1259 
         534  1 0.1249 0.1262 0.1253 0.1246 0.1216 0.1252 0.1219 0.1304 
         535  1 0.1304 0.1258 0.1240 0.1260 0.1250 0.1262 0.1172 0.1254 
         536  1 0.1257 0.1267 0.1285 0.1269 0.1167 0.1232 0.1244 0.1279 
         537  1 0.1264 0.1208 0.1279 0.1265 0.1303 0.1194 0.1283 0.1203 
         538  1 0.1272 0.1328 0.1252 0.1270 0.1209 0.1214 0.1227 0.1227 
         539  1 0.1217 0.1281 0.1244 0.1283 0.1203 0.1223 0.1276 0.1274 
         540  1 0.1199 0.1213 0.1215 0.1250 0.1328 0.1252 0.1259 0.1285 
         541  1 0.1274 0.1224 0.1314 0.1288 0.1228 0.1253 0.1200 0.1219 
         542  1 0.1251 0.1208 0.1224 0.1254 0.1260 0.1286 0.1272 0.1245 
         543  1 0.1293 0.1217 0.1242 0.1229 0.1234 0.1295 0.1199 0.1290 
         544  1 0.1210 0.1259 0.1196 0.1272 0.1257 0.1290 0.1254 0.1263 
         545  1 0.1216 0.1281 0.1239 0.1232 0.1243 0.1266 0.1283 0.1239 
         546  1 0.1212 0.1234 0.1256 0.1280 0.1284 0.1264 0.1240 0.1229 
         547  1 0.1290 0.1250 0.1262 0.1229 0.1233 0.1283 0.1214 0.1240 
         548  1 0.1230 0.1244 0.1228 0.1266 0.1274 0.1287 0.1212 0.1259 
         549  1 0.1231 0.1246 0.1267 0.1246 0.1267 0.1235 0.1279 0.1228 
         550  1 0.1239 0.1221 0.1290 0.1268 0.1263 0.1233 0.1256 0.1230 
         551  1 0.1306 0.1184 0.1271 0.1257 0.1250 0.1291 0.1222 0.1219 
         552  1 0.1302 0.1265 0.1237 0.1253 0.1211 0.1256 0.1248 0.1228 
         553  1 0.1210 0.1284 0.1239 0.1316 0.1202 0.1205 0.1271 0.1274 
         554  1 0.1288 0.1275 0.1255 0.1204 0.1193 0.1201 0.1268 0.1316 
         555  1 0.1285 0.1235 0.1256 0.1221 0.1248 0.1296 0.1185 0.1274 
         556  1 0.1256 0.1248 0.1296 0.1232 0.1262 0.1238 0.1227 0.1240 
         557  1 0.1256 0.1230 0.1226 0.1308 0.1252 0.1244 0.1293 0.1190 
         558  1 0.1243 0.1223 0.1258 0.1255 0.1259 0.1248 0.1270 0.1244 
         559  1 0.1242 0.1240 0.1311 0.1243 0.1211 0.1224 0.1265 0.1264 
         560  1 0.1230 0.1311 0.1186 0.1293 0.1246 0.1281 0.1219 0.1233 
         561  1 0.1274 0.1264 0.1239 0.1234 0.1219 0.1251 0.1252 0.1266 
         562  1 0.1159 0.1309 0.1245 0.1310 0.1243 0.1219 0.1321 0.1193 
         563  1 0.1251 0.1245 0.1224 0.1260 0.1314 0.1249 0.1252 0.1206 
         564  1 0.1279 0.1249 0.1222 0.1239 0.1229 0.1236 0.1278 0.1267 
         565  1 0.1292 0.1274 0.1263 0.1246 0.1199 0.1229 0.1260 0.1236 
         566  1 0.1261 0.1280 0.1268 0.1154 0.1249 0.1221 0.1283 0.1283 
         567  1 0.1224 0.1265 0.1270 0.1253 0.1216 0.1243 0.1256 0.1273 
         568  1 0.1295 0.1237 0.1187 0.1234 0.1275 0.1299 0.1186 0.1286 
         569  1 0.1259 0.1307 0.1251 0.1266 0.1215 0.1177 0.1253 0.1272 
         570  1 0.1219 0.1247 0.1186 0.1290 0.1244 0.1307 0.1258 0.1248 
         571  1 0.1281 0.1250 0.1276 0.1214 0.1210 0.1252 0.1240 0.1278 
         572  1 0.1283 0.1269 0.1263 0.1237 0.1207 0.1248 0.1251 0.1242 
         573  1 0.1233 0.1185 0.1268 0.1246 0.1304 0.1282 0.1241 0.1240 
         574  1 0.1253 0.1248 0.1232 0.1228 0.1269 0.1287 0.1222 0.1261 
         575  1 0.1250 0.1223 0.1262 0.1217 0.1261 0.1266 0.1281 0.1241 
         576  1 0.1219 0.1223 0.1219 0.1252 0.1285 0.1255 0.1281 0.1265 
         577  1 0.1206 0.1239 0.1248 0.1242 0.1307 0.1231 0.1298 0.1229 
         578  1 0.1287 0.1251 0.1261 0.1262 0.1220 0.1249 0.1225 0.1244 
         579  1 0.1292 0.1264 0.1237 0.1267 0.1225 0.1217 0.1231 0.1267 
         580  1 0.1266 0.1292 0.1265 0.1208 0.1220 0.1225 0.1266 0.1258 
         581  1 0.1303 0.1271 0.1274 0.1243 0.1222 0.1232 0.1234 0.1220 
         582  1 0.1219 0.1279 0.1261 0.1274 0.1243 0.1236 0.1249 0.1239 
         583  1 0.1267 0.1257 0.1253 0.1241 0.1246 0.1235 0.1254 0.1248 
         584  1 0.1274 0.1194 0.1267 0.1255 0.1270 0.1307 0.1208 0.1224 
         585  1 0.1286 0.1303 0.1299 0.1236 0.1167 0.1193 0.1215 0.1300 
         586  1 0.1213 0.1280 0.1237 0.1271 0.1257 0.1258 0.1253 0.1232 
         587  1 0.1222 0.1207 0.1344 0.1204 0.1208 0.1214 0.1314 0.1286 
         588  1 0.1236 0.1240 0.1268 0.1250 0.1235 0.1271 0.1221 0.1279 
         589  1 0.1209 0.1276 0.1241 0.1269 0.1222 0.1251 0.1258 0.1274 
         590  1 0.1265 0.1354 0.1198 0.1275 0.1214 0.1199 0.1309 0.1186 
         591  1 0.1302 0.1311 0.1255 0.1224 0.1179 0.1227 0.1235 0.1268 
         592  1 0.1267 0.1252 0.1333 0.1225 0.1209 0.1211 0.1262 0.1240 
         593  1 0.1251 0.1225 0.1230 0.1242 0.1310 0.1282 0.1238 0.1223 
         594  1 0.1191 0.1283 0.1217 0.1305 0.1300 0.1244 0.1233 0.1228 
         595  1 0.1230 0.1251 0.1244 0.1233 0.1286 0.1251 0.1280 0.1226 
         596  1 0.1306 0.1201 0.1248 0.1250 0.1280 0.1277 0.1245 0.1193 
         597  1 0.1217 0.1240 0.1218 0.1271 0.1281 0.1265 0.1267 0.1240 
         598  1 0.1268 0.1319 0.1346 0.1198 0.1192 0.1147 0.1260 0.1271 
         599  1 0.1277 0.1221 0.1237 0.1223 0.1276 0.1294 0.1221 0.1250 
         600  1 0.1199 0.1233 0.1268 0.1220 0.1282 0.1244 0.1271 0.1283 
         601  1 0.1274 0.1193 0.1276 0.1271 0.1259 0.1265 0.1223 0.1239 
         602  1 0.1257 0.1251 0.1247 0.1224 0.1270 0.1241 0.1278 0.1233 
         603  1 0.1237 0.1227 0.1273 0.1242 0.1268 0.1232 0.1261 0.1260 
         604  1 0.1249 0.1237 0.1279 0.1267 0.1228 0.1294 0.1206 0.1240 
         605  1 0.1251 0.1215 0.1230 0.1232 0.1282 0.1273 0.1241 0.1274 
         606  1 0.1261 0.1217 0.1290 0.1268 0.1256 0.1232 0.1228 0.1248 
         607  1 0.1209 0.1298 0.1217 0.1305 0.1232 0.1238 0.1300 0.1202 
         608  1 0.1267 0.1194 0.1253 0.1261 0.1289 0.1293 0.1192 0.1251 
         609  1 0.1244 0.1264 0.1263 0.1233 0.1220 0.1221 0.1285 0.1272 
         610  1 0.1270 0.1262 0.1217 0.1261 0.1224 0.1261 0.1242 0.1263 
         611  1 0.1253 0.1245 0.1251 0.1305 0.1221 0.1269 0.1232 0.1223 
         612  1 0.1231 0.1235 0.1250 0.1269 0.1252 0.1262 0.1245 0.1255 
         613  1 0.1253 0.1265 0.1244 0.1239 0.1248 0.1247 0.1262 0.1242 
         614  1 0.1227 0.1235 0.1230 0.1267 0.1282 0.1273 0.1254 0.1230 
         615  1 0.1227 0.1243 0.1281 0.1262 0.1241 0.1216 0.1277 0.1252 
         616  1 0.1247 0.1260 0.1241 0.1258 0.1224 0.1221 0.1308 0.1242 
         617  1 0.1288 0.1257 0.1232 0.1241 0.1255 0.1275 0.1231 0.1221 
         618  1 0.1279 0.1195 0.1243 0.1222 0.1293 0.1332 0.1192 0.1243 
         619  1 0.1318 0.1225 0.1234 0.1251 0.1231 0.1249 0.1214 0.1278 
         620  1 0.1246 0.1267 0.1230 0.1275 0.1231 0.1291 0.1218 0.1243 
         621  1 0.1195 0.1285 0.1245 0.1286 0.1229 0.1230 0.1258 0.1273 
         622  1 0.1253 0.1232 0.1269 0.1251 0.1276 0.1220 0.1217 0.1283 
         623  1 0.1264 0.1234 0.1257 0.1203 0.1285 0.1286 0.1210 0.1261 
         624  1 0.1221 0.1276 0.1200 0.1290 0.1299 0.1228 0.1227 0.1259 
         625  1 0.1264 0.1259 0.1299 0.1189 0.1210 0.1246 0.1221 0.1313 
         626  1 0.1253 0.1360 0.1319 0.1218 0.1149 0.1136 0.1246 0.1319 
         627  1 0.1367 0.1255 0.1214 0.1243 0.1231 0.1279 0.1186 0.1225 
         628  1 0.1229 0.1218 0.1236 0.1291 0.1258 0.1303 0.1225 0.1241 
         629  1 0.1228 0.1235 0.1252 0.1238 0.1295 0.1240 0.1280 0.1233 
         630  1 0.1259 0.1288 0.1233 0.1287 0.1231 0.1241 0.1276 0.1185 
         631  1 0.1248 0.1230 0.1274 0.1259 0.1265 0.1257 0.1190 0.1276 
         632  1 0.1218 0.1272 0.1345 0.1223 0.1182 0.1218 0.1259 0.1284 
         633  1 0.1188 0.1330 0.1178 0.1361 0.1256 0.1233 0.1274 0.1179 
         634  1 0.1263 0.1204 0.1260 0.1230 0.1304 0.1240 0.1262 0.1236 
         635  1 0.1220 0.1240 0.1246 0.1255 0.1272 0.1259 0.1216 0.1292 
         636  1 0.1215 0.1232 0.1271 0.1271 0.1300 0.1178 0.1287 0.1245 
         637  1 0.1253 0.1257 0.1259 0.1238 0.1217 0.1223 0.1279 0.1274 
         638  1 0.1216 0.1258 0.1239 0.1261 0.1267 0.1231 0.1286 0.1240 
         639  1 0.1258 0.1225 0.1235 0.1231 0.1284 0.1285 0.1231 0.1251 
         640  1 0.1262 0.1278 0.1305 0.1252 0.1192 0.1217 0.1220 0.1274 
         641  1 0.1233 0.1239 0.1275 0.1255 0.1266 0.1265 0.1214 0.1252 
         642  1 0.1246 0.1239 0.1256 0.1223 0.1256 0.1264 0.1256 0.1260 
         643  1 0.1237 0.1298 0.1257 0.1235 0.1187 0.1255 0.1269 0.1262 
         644  1 0.1294 0.1252 0.1252 0.1204 0.1251 0.1274 0.1225 0.1249 
         645  1 0.1262 0.1261 0.1238 0.1250 0.1285 0.1238 0.1211 0.1256 
         646  1 0.1267 0.1237 0.1220 0.1275 0.1270 0.1301 0.1215 0.1215 
         647  1 0.1254 0.1237 0.1250 0.1184 0.1244 0.1302 0.1277 0.1252 
         648  1 0.1232 0.1256 0.1235 0.1219 0.1261 0.1274 0.1247 0.1277 
         649  1 0.1239 0.1234 0.1260 0.1220 0.1273 0.1276 0.1254 0.1244 
         650  1 0.1251 0.1272 0.1234 0.1273 0.1245 0.1255 0.1257 0.1212 
         651  1 0.1279 0.1305 0.1283 0.1248 0.1247 0.1155 0.1252 0.1231 
         652  1 0.1281 0.1217 0.1270 0.1271 0.1220 0.1274 0.1227 0.1240 
         653  1 0.1277 0.1299 0.1234 0.1273 0.1234 0.1235 0.1205 0.1244 
         654  1 0.1233 0.1273 0.1236 0.1271 0.1215 0.1238 0.1242 0.1291 
         655  1 0.1260 0.1242 0.1304 0.1206 0.1257 0.1250 0.1218 0.1263 
         656  1 0.1212 0.1213 0.1228 0.1273 0.1285 0.1278 0.1247 0.1263 
         657  1 0.1258 0.1213 0.1259 0.1246 0.1261 0.1300 0.1218 0.1246 
         658  1 0.1236 0.1242 0.1294 0.1272 0.1208 0.1228 0.1280 0.1240 
         659  1 0.1292 0.1247 0.1255 0.1227 0.1241 0.1252 0.1230 0.1257 
         660  1 0.1239 0.1242 0.1256 0.1278 0.1274 0.1278 0.1205 0.1228 
         661  1 0.1260 0.1217 0.1276 0.1238 0.1251 0.1288 0.1244 0.1227 
         662  1 0.1264 0.1200 0.1272 0.1245 0.1280 0.1278 0.1191 0.1270 
         663  1 0.1285 0.1277 0.1319 0.1222 0.1237 0.1177 0.1258 0.1226 
         664  1 0.1242 0.1314 0.1274 0.1258 0.1180 0.1181 0.1306 0.1245 
         665  1 0.1272 0.1290 0.1255 0.1244 0.1202 0.1200 0.1250 0.1287 
         666  1 0.1252 0.1218 0.1243 0.1256 0.1222 0.1285 0.1246 0.1278 
         667  1 0.1251 0.1225 0.1264 0.1267 0.1264 0.1246 0.1249 0.1236 
         668  1 0.1312 0.1222 0.1240 0.1228 0.1257 0.1267 0.1227 0.1248 
         669  1 0.1238 0.1282 0.1227 0.1288 0.1236 0.1233 0.1280 0.1216 
         670  1 0.1271 0.1228 0.1242 0.1244 0.1237 0.1255 0.1240 0.1283 
         671  1 0.1305 0.1208 0.1221 0.1198 0.1271 0.1305 0.1250 0.1242 
         672  1 0.1269 0.1257 0.1230 0.1225 0.1257 0.1267 0.1249 0.1246 
         673  1 0.1296 0.1239 0.1341 0.1222 0.1247 0.1249 0.1194 0.1212 
         674  1 0.1212 0.1298 0.1258 0.1271 0.1183 0.1204 0.1280 0.1295 
         675  1 0.1245 0.1237 0.1229 0.1256 0.1257 0.1274 0.1235 0.1268 
         676  1 0.1218 0.1275 0.1208 0.1254 0.1245 0.1224 0.1337 0.1239 
         677  1 0.1309 0.1256 0.1264 0.1221 0.1196 0.1233 0.1268 0.1252 
         678  1 0.1213 0.1310 0.1231 0.1295 0.1192 0.1232 0.1277 0.1249 
         679  1 0.1251 0.1208 0.1263 0.1269 0.1274 0.1246 0.1243 0.1246 
         680  1 0.1241 0.1241 0.1223 0.1300 0.1270 0.1258 0.1229 0.1239 
         681  1 0.1262 0.1228 0.1258 0.1247 0.1262 0.1293 0.1181 0.1269 
         682  1 0.1153 0.1267 0.1235 0.1255 0.1300 0.1234 0.1325 0.1231 
         683  1 0.1256 0.1260 0.1242 0.1251 0.1226 0.1267 0.1268 0.1230 
         684  1 0.1197 0.1260 0.1213 0.1251 0.1279 0.1234 0.1318 0.1248 
         685  1 0.1241 0.1282 0.1240 0.1276 0.1229 0.1233 0.1220 0.1277 
         686  1 0.1262 0.1250 0.1273 0.1250 0.1234 0.1256 0.1237 0.1239 
         687  1 0.1206 0.1245 0.1241 0.1281 0.1232 0.1244 0.1249 0.1302 
         688  1 0.1293 0.1309 0.1289 0.1192 0.1212 0.1214 0.1256 0.1235 
         689  1 0.1209 0.1241 0.1274 0.1274 0.1249 0.1184 0.1338 0.1232 
         690  1 0.1220 0.1246 0.1277 0.1239 0.1298 0.1210 0.1262 0.1247 
         691  1 0.1258 0.1286 0.1250 0.1290 0.1219 0.1241 0.1231 0.1226 
         692  1 0.1237 0.1268 0.1243 0.1238 0.1273 0.1256 0.1263 0.1222 
         693  1 0.1222 0.1213 0.1241 0.1290 0.1261 0.1276 0.1260 0.1237 
         694  1 0.1252 0.1254 0.1234 0.1294 0.1234 0.1257 0.1241 0.1233 
         695  1 0.1239 0.1208 0.1246 0.1211 0.1310 0.1287 0.1253 0.1246 
         696  1 0.1221 0.1232 0.1214 0.1179 0.1336 0.1252 0.1305 0.1261 
         697  1 0.1231 0.1200 0.1257 0.1221 0.1323 0.1239 0.1244 0.1285 
         698  1 0.1193 0.1233 0.1229 0.1266 0.1258 0.1256 0.1323 0.1242 
         699  1 0.1278 0.1259 0.1225 0.1271 0.1225 0.1258 0.1225 0.1259 
         700  1 0.1223 0.1223 0.1243 0.1243 0.1250 0.1277 0.1269 0.1273 
         701  1 0.1287 0.1269 0.1246 0.1208 0.1286 0.1199 0.1263 0.1242 
         702  1 0.1224 0.1268 0.1207 0.1292 0.1292 0.1243 0.1244 0.1230 
         703  1 0.1236 0.1207 0.1262 0.1270 0.1281 0.1273 0.1248 0.1224 
         704  1 0.1279 0.1246 0.1323 0.1227 0.1220 0.1279 0.1147 0.1280 
         705  1 0.1264 0.1218 0.1300 0.1231 0.1233 0.1268 0.1218 0.1268 
         706  1 0.1258 0.1183 0.1262 0.1268 0.1283 0.1279 0.1194 0.1273 
         707  1 0.1210 0.1277 0.1272 0.1286 0.1234 0.1220 0.1285 0.1216 
         708  1 0.1278 0.1224 0.1274 0.1221 0.1272 0.1279 0.1245 0.1209 
         709  1 0.1319 0.1245 0.1221 0.1236 0.1254 0.1262 0.1228 0.1236 
         710  1 0.1250 0.1254 0.1255 0.1256 0.1240 0.1230 0.1250 0.1264 
         711  1 0.1227 0.1250 0.1261 0.1282 0.1229 0.1233 0.1275 0.1242 
         712  1 0.1191 0.1331 0.1235 0.1274 0.1193 0.1219 0.1324 0.1234 
         713  1 0.1222 0.1269 0.1241 0.1214 0.1282 0.1249 0.1243 0.1278 
         714  1 0.1195 0.1282 0.1227 0.1262 0.1326 0.1172 0.1299 0.1236 
         715  1 0.1273 0.1231 0.1248 0.1206 0.1288 0.1244 0.1262 0.1247 
         716  1 0.1240 0.1287 0.1220 0.1303 0.1217 0.1243 0.1272 0.1218 
         717  1 0.1204 0.1250 0.1239 0.1238 0.1242 0.1272 0.1290 0.1266 
         718  1 0.1254 0.1214 0.1289 0.1295 0.1247 0.1231 0.1241 0.1230 
         719  1 0.1287 0.1235 0.1236 0.1218 0.1256 0.1286 0.1227 0.1254 
         720  1 0.1260 0.1267 0.1272 0.1211 0.1276 0.1249 0.1229 0.1236 
         721  1 0.1258 0.1228 0.1189 0.1285 0.1288 0.1261 0.1260 0.1231 
         722  1 0.1241 0.1262 0.1209 0.1294 0.1228 0.1229 0.1314 0.1222 
         723  1 0.1277 0.1194 0.1271 0.1188 0.1265 0.1341 0.1202 0.1262 
         724  1 0.1324 0.1289 0.1236 0.1246 0.1193 0.1245 0.1211 0.1255 
         725  1 0.1216 0.1255 0.1219 0.1271 0.1272 0.1275 0.1257 0.1234 
         726  1 0.1250 0.1234 0.1258 0.1228 0.1232 0.1289 0.1230 0.1278 
         727  1 0.1276 0.1249 0.1240 0.1278 0.1228 0.1268 0.1219 0.1242 
         728  1 0.1265 0.1257 0.1234 0.1301 0.1244 0.1227 0.1270 0.1202 
         729  1 0.1249 0.1261 0.1265 0.1213 0.1286 0.1222 0.1241 0.1264 
         730  1 0.1251 0.1280 0.1275 0.1201 0.1198 0.1193 0.1309 0.1294 
         731  1 0.1276 0.1202 0.1245 0.1288 0.1256 0.1331 0.1174 0.1229 
         732  1 0.1212 0.1261 0.1253 0.1282 0.1227 0.1219 0.1295 0.1252 
         733  1 0.1229 0.1269 0.1233 0.1233 0.1246 0.1226 0.1282 0.1284 
         734  1 0.1242 0.1239 0.1254 0.1237 0.1295 0.1231 0.1242 0.1260 
         735  1 0.1195 0.1250 0.1297 0.1245 0.1294 0.1182 0.1302 0.1235 
         736  1 0.1275 0.1234 0.1262 0.1197 0.1246 0.1301 0.1234 0.1252 
         737  1 0.1291 0.1190 0.1283 0.1249 0.1314 0.1211 0.1286 0.1176 
         738  1 0.1367 0.1221 0.1264 0.1207 0.1225 0.1339 0.1180 0.1197 
         739  1 0.1268 0.1244 0.1254 0.1262 0.1247 0.1233 0.1239 0.1253 
         740  1 0.1271 0.1247 0.1273 0.1298 0.1177 0.1268 0.1243 0.1223 
         741  1 0.1216 0.1259 0.1238 0.1252 0.1241 0.1265 0.1258 0.1271 
         742  1 0.1205 0.1259 0.1220 0.1248 0.1307 0.1267 0.1229 0.1264 
         743  1 0.1211 0.1274 0.1247 0.1272 0.1244 0.1256 0.1257 0.1238 
         744  1 0.1235 0.1251 0.1229 0.1217 0.1303 0.1243 0.1261 0.1261 
         745  1 0.1187 0.1289 0.1207 0.1278 0.1266 0.1228 0.1311 0.1234 
         746  1 0.1199 0.1255 0.1228 0.1251 0.1334 0.1248 0.1270 0.1215 
         747  1 0.1256 0.1259 0.1257 0.1236 0.1287 0.1213 0.1239 0.1255 
         748  1 0.1276 0.1247 0.1220 0.1260 0.1258 0.1268 0.1228 0.1243 
         749  1 0.1273 0.1241 0.1249 0.1210 0.1275 0.1305 0.1177 0.1270 
         750  1 0.1280 0.1308 0.1228 0.1253 0.1203 0.1232 0.1231 0.1264 
         751  1 0.1279 0.1187 0.1296 0.1243 0.1262 0.1234 0.1281 0.1219 
         752  1 0.1267 0.1269 0.1216 0.1302 0.1267 0.1258 0.1229 0.1192 
         753  1 0.1274 0.1293 0.1209 0.1240 0.1227 0.1224 0.1248 0.1284 
         754  1 0.1195 0.1229 0.1261 0.1202 0.1322 0.1228 0.1302 0.1261 
         755  1 0.1277 0.1220 0.1261 0.1245 0.1248 0.1279 0.1219 0.1251 
         756  1 0.1245 0.1221 0.1261 0.1254 0.1286 0.1250 0.1239 0.1244 
         757  1 0.1225 0.1248 0.1256 0.1233 0.1299 0.1259 0.1219 0.1260 
         758  1 0.1253 0.1277 0.1264 0.1250 0.1203 0.1261 0.1231 0.1261 
         759  1 0.1275 0.1277 0.1257 0.1242 0.1228 0.1269 0.1253 0.1200 
         760  1 0.1235 0.1236 0.1272 0.1242 0.1241 0.1261 0.1256 0.1257 
         761  1 0.1244 0.1267 0.1297 0.1243 0.1235 0.1225 0.1233 0.1256 
         762  1 0.1246 0.1253 0.1258 0.1261 0.1204 0.1272 0.1199 0.1307 
         763  1 0.1261 0.1291 0.1243 0.1249 0.1195 0.1253 0.1229 0.1280 
         764  1 0.1224 0.1252 0.1229 0.1249 0.1271 0.1270 0.1276 0.1230 
         765  1 0.1244 0.1208 0.1239 0.1238 0.1302 0.1248 0.1271 0.1251 
         766  1 0.1287 0.1220 0.1250 0.1198 0.1232 0.1247 0.1268 0.1298 
         767  1 0.1186 0.1309 0.1252 0.1350 0.1185 0.1206 0.1269 0.1242 
         768  1 0.1294 0.1256 0.1267 0.1204 0.1254 0.1256 0.1208 0.1261 
         769  1 0.1250 0.1260 0.1226 0.1321 0.1266 0.1206 0.1282 0.1190 
         770  1 0.1231 0.1287 0.1252 0.1266 0.1230 0.1238 0.1248 0.1248 
         771  1 0.1224 0.1257 0.1203 0.1336 0.1282 0.1278 0.1225 0.1196 
         772  1 0.1283 0.1246 0.1318 0.1196 0.1215 0.1230 0.1243 0.1269 
         773  1 0.1240 0.1206 0.1288 0.1191 0.1288 0.1226 0.1292 0.1269 
         774  1 0.1224 0.1209 0.1315 0.1270 0.1195 0.1263 0.1213 0.1310 
         775  1 0.1253 0.1244 0.1226 0.1279 0.1276 0.1259 0.1207 0.1256 
         776  1 0.1285 0.1173 0.1258 0.1238 0.1287 0.1321 0.1193 0.1245 
         777  1 0.1261 0.1242 0.1293 0.1243 0.1251 0.1227 0.1250 0.1233 
         778  1 0.1199 0.1267 0.1291 0.1202 0.1211 0.1237 0.1298 0.1295 
         779  1 0.1235 0.1295 0.1222 0.1280 0.1234 0.1248 0.1241 0.1245 
         780  1 0.1293 0.1247 0.1255 0.1209 0.1253 0.1262 0.1226 0.1255 
         781  1 0.1248 0.1301 0.1301 0.1204 0.1163 0.1198 0.1278 0.1308 
         782  1 0.1280 0.1270 0.1232 0.1251 0.1223 0.1267 0.1233 0.1244 
         783  1 0.1213 0.1225 0.1246 0.1203 0.1259 0.1292 0.1277 0.1286 
         784  1 0.1250 0.1234 0.1253 0.1276 0.1249 0.1273 0.1218 0.1246 
         785  1 0.1287 0.1270 0.1246 0.1247 0.1213 0.1259 0.1196 0.1281 
         786  1 0.1203 0.1269 0.1226 0.1260 0.1225 0.1236 0.1298 0.1282 
         787  1 0.1228 0.1312 0.1238 0.1287 0.1244 0.1215 0.1249 0.1227 
         788  1 0.1264 0.1208 0.1254 0.1238 0.1290 0.1308 0.1200 0.1238 
         789  1 0.1260 0.1224 0.1229 0.1199 0.1262 0.1316 0.1249 0.1260 
         790  1 0.1212 0.1279 0.1196 0.1286 0.1237 0.1239 0.1289 0.1262 
         791  1 0.1191 0.1291 0.1226 0.1321 0.1257 0.1210 0.1284 0.1220 
         792  1 0.1270 0.1195 0.1268 0.1242 0.1279 0.1277 0.1257 0.1213 
         793  1 0.1273 0.1215 0.1233 0.1250 0.1268 0.1237 0.1253 0.1270 
         794  1 0.1281 0.1260 0.1295 0.1218 0.1211 0.1226 0.1201 0.1308 
         795  1 0.1261 0.1261 0.1223 0.1256 0.1216 0.1275 0.1270 0.1238 
         796  1 0.1260 0.1325 0.1247 0.1279 0.1155 0.1224 0.1266 0.1246 
         797  1 0.1296 0.1236 0.1284 0.1252 0.1219 0.1299 0.1223 0.1191 
         798  1 0.1250 0.1225 0.1269 0.1278 0.1278 0.1255 0.1216 0.1228 
         799  1 0.1227 0.1225 0.1263 0.1280 0.1246 0.1263 0.1255 0.1241 
         800  1 0.1243 0.1225 0.1298 0.1266 0.1231 0.1244 0.1268 0.1224 
         801  1 0.1237 0.1252 0.1260 0.1235 0.1250 0.1244 0.1248 0.1274 
         802  1 0.1244 0.1264 0.1232 0.1253 0.1234 0.1281 0.1212 0.1280 
         803  1 0.1261 0.1271 0.1243 0.1227 0.1261 0.1222 0.1252 0.1264 
         804  1 0.1250 0.1270 0.1272 0.1152 0.1237 0.1238 0.1269 0.1311 
         805  1 0.1262 0.1245 0.1215 0.1264 0.1286 0.1257 0.1237 0.1233 
         806  1 0.1355 0.1230 0.1247 0.1227 0.1243 0.1270 0.1219 0.1209 
         807  1 0.1251 0.1271 0.1281 0.1224 0.1180 0.1246 0.1243 0.1304 
         808  1 0.1259 0.1224 0.1233 0.1269 0.1293 0.1277 0.1232 0.1215 
         809  1 0.1194 0.1254 0.1262 0.1249 0.1273 0.1270 0.1239 0.1258 
         810  1 0.1265 0.1317 0.1221 0.1247 0.1203 0.1184 0.1301 0.1262 
         811  1 0.1217 0.1272 0.1297 0.1245 0.1273 0.1217 0.1241 0.1239 
         812  1 0.1210 0.1259 0.1218 0.1218 0.1271 0.1271 0.1298 0.1256 
         813  1 0.1249 0.1285 0.1273 0.1283 0.1252 0.1218 0.1227 0.1214 
         814  1 0.1228 0.1261 0.1266 0.1206 0.1252 0.1228 0.1256 0.1302 
         815  1 0.1322 0.1261 0.1291 0.1214 0.1214 0.1246 0.1168 0.1284 
         816  1 0.1334 0.1260 0.1254 0.1222 0.1202 0.1293 0.1221 0.1213 
         817  1 0.1269 0.1243 0.1225 0.1265 0.1249 0.1261 0.1244 0.1245 
         818  1 0.1333 0.1223 0.1248 0.1263 0.1203 0.1289 0.1213 0.1228 
         819  1 0.1282 0.1212 0.1232 0.1265 0.1294 0.1261 0.1202 0.1254 
         820  1 0.1262 0.1281 0.1294 0.1182 0.1245 0.1218 0.1217 0.1300 
         821  1 0.1246 0.1277 0.1191 0.1279 0.1263 0.1234 0.1246 0.1265 
         822  1 0.1222 0.1236 0.1232 0.1255 0.1309 0.1243 0.1242 0.1260 
         823  1 0.1221 0.1228 0.1261 0.1254 0.1271 0.1269 0.1250 0.1246 
         824  1 0.1261 0.1240 0.1277 0.1293 0.1211 0.1263 0.1196 0.1259 
         825  1 0.1300 0.1241 0.1245 0.1245 0.1251 0.1253 0.1198 0.1268 
         826  1 0.1219 0.1192 0.1211 0.1253 0.1309 0.1296 0.1263 0.1256 
         827  1 0.1274 0.1233 0.1229 0.1258 0.1298 0.1268 0.1203 0.1236 
         828  1 0.1271 0.1185 0.1291 0.1230 0.1245 0.1274 0.1225 0.1280 
         829  1 0.1267 0.1217 0.1264 0.1199 0.1247 0.1252 0.1276 0.1278 
         830  1 0.1277 0.1252 0.1269 0.1269 0.1213 0.1296 0.1201 0.1223 
         831  1 0.1252 0.1230 0.1247 0.1223 0.1281 0.1239 0.1279 0.1249 
         832  1 0.1253 0.1264 0.1224 0.1266 0.1258 0.1256 0.1246 0.1234 
         833  1 0.1271 0.1180 0.1303 0.1192 0.1278 0.1257 0.1305 0.1214 
         834  1 0.1255 0.1277 0.1303 0.1242 0.1192 0.1197 0.1257 0.1277 
         835  1 0.1190 0.1253 0.1237 0.1230 0.1317 0.1241 0.1276 0.1256 
         836  1 0.1221 0.1225 0.1306 0.1209 0.1258 0.1211 0.1307 0.1263 
         837  1 0.1229 0.1250 0.1254 0.1205 0.1279 0.1247 0.1281 0.1254 
         838  1 0.1228 0.1273 0.1255 0.1251 0.1193 0.1229 0.1273 0.1297 
         839  1 0.1201 0.1201 0.1203 0.1251 0.1342 0.1249 0.1282 0.1271 
         840  1 0.1268 0.1253 0.1234 0.1244 0.1260 0.1247 0.1253 0.1241 
         841  1 0.1232 0.1236 0.1251 0.1244 0.1265 0.1239 0.1243 0.1292 
         842  1 0.1218 0.1217 0.1250 0.1259 0.1285 0.1252 0.1227 0.1292 
         843  1 0.1228 0.1251 0.1277 0.1231 0.1194 0.1213 0.1310 0.1297 
         844  1 0.1242 0.1264 0.1237 0.1238 0.1241 0.1262 0.1265 0.1251 
         845  1 0.1265 0.1257 0.1284 0.1197 0.1236 0.1230 0.1267 0.1264 
         846  1 0.1221 0.1273 0.1223 0.1222 0.1264 0.1253 0.1257 0.1287 
         847  1 0.1162 0.1259 0.1191 0.1290 0.1280 0.1267 0.1320 0.1231 
         848  1 0.1266 0.1220 0.1248 0.1255 0.1247 0.1235 0.1235 0.1293 
         849  1 0.1247 0.1274 0.1204 0.1283 0.1240 0.1220 0.1297 0.1235 
         850  1 0.1238 0.1255 0.1277 0.1265 0.1202 0.1232 0.1251 0.1280 
         851  1 0.1212 0.1241 0.1253 0.1276 0.1232 0.1274 0.1219 0.1294 
         852  1 0.1272 0.1222 0.1209 0.1238 0.1305 0.1303 0.1223 0.1228 
         853  1 0.1273 0.1223 0.1234 0.1322 0.1268 0.1289 0.1192 0.1198 
         854  1 0.1248 0.1242 0.1278 0.1259 0.1278 0.1223 0.1226 0.1246 
         855  1 0.1183 0.1301 0.1166 0.1309 0.1286 0.1240 0.1268 0.1248 
         856  1 0.1258 0.1257 0.1265 0.1237 0.1244 0.1238 0.1260 0.1241 
         857  1 0.1220 0.1240 0.1306 0.1230 0.1262 0.1248 0.1278 0.1217 
         858  1 0.1312 0.1213 0.1237 0.1243 0.1255 0.1324 0.1186 0.1230 
         859  1 0.1234 0.1262 0.1225 0.1262 0.1265 0.1234 0.1255 0.1262 
         860  1 0.1278 0.1227 0.1271 0.1241 0.1257 0.1267 0.1242 0.1217 
         861  1 0.1229 0.1210 0.1247 0.1277 0.1297 0.1238 0.1307 0.1195 
         862  1 0.1282 0.1240 0.1205 0.1241 0.1264 0.1282 0.1208 0.1278 
         863  1 0.1269 0.1290 0.1242 0.1259 0.1240 0.1218 0.1262 0.1219 
         864  1 0.1273 0.1285 0.1246 0.1272 0.1261 0.1229 0.1255 0.1180 
         865  1 0.1253 0.1296 0.1263 0.1236 0.1186 0.1198 0.1270 0.1297 
         866  1 0.1225 0.1182 0.1244 0.1244 0.1327 0.1290 0.1223 0.1266 
         867  1 0.1238 0.1267 0.1231 0.1223 0.1265 0.1276 0.1280 0.1220 
         868  1 0.1294 0.1239 0.1251 0.1248 0.1264 0.1202 0.1241 0.1260 
         869  1 0.1242 0.1278 0.1195 0.1295 0.1259 0.1247 0.1230 0.1254 
         870  1 0.1241 0.1256 0.1247 0.1222 0.1266 0.1251 0.1248 0.1269 
         871  1 0.1221 0.1239 0.1259 0.1257 0.1269 0.1226 0.1274 0.1255 
         872  1 0.1251 0.1238 0.1268 0.1253 0.1269 0.1253 0.1221 0.1246 
         873  1 0.1282 0.1296 0.1243 0.1256 0.1226 0.1231 0.1244 0.1220 
         874  1 0.1208 0.1229 0.1245 0.1256 0.1223 0.1234 0.1314 0.1291 
         875  1 0.1288 0.1229 0.1253 0.1227 0.1259 0.1276 0.1207 0.1261 
         876  1 0.1236 0.1230 0.1243 0.1227 0.1264 0.1294 0.1263 0.1243 
         877  1 0.1240 0.1242 0.1248 0.1255 0.1239 0.1198 0.1297 0.1280 
         878  1 0.1252 0.1261 0.1243 0.1205 0.1220 0.1219 0.1280 0.1320 
         879  1 0.1270 0.1262 0.1217 0.1282 0.1224 0.1282 0.1195 0.1268 
         880  1 0.1206 0.1258 0.1262 0.1247 0.1219 0.1236 0.1308 0.1263 
         881  1 0.1279 0.1286 0.1264 0.1254 0.1209 0.1239 0.1215 0.1254 
         882  1 0.1229 0.1222 0.1248 0.1260 0.1291 0.1268 0.1261 0.1220 
         883  1 0.1246 0.1272 0.1302 0.1252 0.1188 0.1260 0.1217 0.1263 
         884  1 0.1220 0.1265 0.1240 0.1298 0.1229 0.1239 0.1267 0.1242 
         885  1 0.1197 0.1276 0.1235 0.1289 0.1244 0.1224 0.1328 0.1208 
         886  1 0.1321 0.1201 0.1249 0.1225 0.1239 0.1324 0.1169 0.1273 
         887  1 0.1259 0.1262 0.1173 0.1304 0.1277 0.1280 0.1219 0.1225 
         888  1 0.1187 0.1322 0.1226 0.1327 0.1227 0.1211 0.1270 0.1230 
         889  1 0.1249 0.1267 0.1211 0.1271 0.1251 0.1269 0.1227 0.1254 
         890  1 0.1247 0.1302 0.1262 0.1199 0.1301 0.1202 0.1230 0.1257 
         891  1 0.1246 0.1274 0.1284 0.1205 0.1243 0.1225 0.1250 0.1274 
         892  1 0.1271 0.1303 0.1242 0.1259 0.1202 0.1224 0.1259 0.1240 
         893  1 0.1257 0.1277 0.1266 0.1249 0.1200 0.1244 0.1248 0.1260 
         894  1 0.1236 0.1257 0.1213 0.1287 0.1269 0.1276 0.1212 0.1250 
         895  1 0.1266 0.1272 0.1218 0.1283 0.1227 0.1233 0.1232 0.1269 
         896  1 0.1224 0.1252 0.1260 0.1228 0.1287 0.1212 0.1282 0.1255 
         897  1 0.1192 0.1268 0.1222 0.1314 0.1236 0.1235 0.1267 0.1265 
         898  1 0.1287 0.1244 0.1245 0.1287 0.1251 0.1259 0.1248 0.1179 
         899  1 0.1237 0.1298 0.1224 0.1262 0.1236 0.1233 0.1265 0.1245 
         900  1 0.1233 0.1234 0.1257 0.1221 0.1279 0.1231 0.1276 0.1270 
         901  1 0.1243 0.1271 0.1261 0.1212 0.1284 0.1215 0.1261 0.1252 
         902  1 0.1220 0.1329 0.1194 0.1322 0.1193 0.1188 0.1341 0.1213 
         903  1 0.1221 0.1267 0.1206 0.1286 0.1246 0.1239 0.1291 0.1243 
         904  1 0.1250 0.1273 0.1276 0.1221 0.1293 0.1208 0.1265 0.1214 
         905  1 0.1276 0.1256 0.1203 0.1254 0.1248 0.1278 0.1256 0.1229 
         906  1 0.1272 0.1237 0.1243 0.1261 0.1277 0.1282 0.1228 0.1200 
         907  1 0.1250 0.1242 0.1273 0.1250 0.1216 0.1251 0.1253 0.1265 
         908  1 0.1187 0.1248 0.1240 0.1223 0.1269 0.1220 0.1319 0.1293 
         909  1 0.1288 0.1166 0.1321 0.1199 0.1240 0.1272 0.1257 0.1256 
         910  1 0.1255 0.1277 0.1255 0.1282 0.1229 0.1232 0.1236 0.1235 
         911  1 0.1240 0.1219 0.1285 0.1270 0.1244 0.1229 0.1218 0.1294 
         912  1 0.1233 0.1326 0.1234 0.1277 0.1249 0.1201 0.1240 0.1240 
         913  1 0.1273 0.1225 0.1229 0.1273 0.1267 0.1260 0.1212 0.1261 
         914  1 0.1266 0.1315 0.1191 0.1266 0.1235 0.1276 0.1247 0.1204 
         915  1 0.1242 0.1225 0.1238 0.1229 0.1288 0.1245 0.1296 0.1236 
         916  1 0.1313 0.1300 0.1288 0.1219 0.1186 0.1223 0.1229 0.1242 
         917  1 0.1195 0.1299 0.1251 0.1257 0.1222 0.1225 0.1296 0.1255 
         918  1 0.1239 0.1235 0.1244 0.1291 0.1259 0.1264 0.1220 0.1247 
         919  1 0.1286 0.1206 0.1214 0.1253 0.1282 0.1244 0.1248 0.1267 
         920  1 0.1273 0.1251 0.1262 0.1226 0.1268 0.1237 0.1232 0.1252 
         921  1 0.1193 0.1190 0.1248 0.1230 0.1302 0.1279 0.1333 0.1225 
         922  1 0.1208 0.1264 0.1235 0.1268 0.1299 0.1242 0.1268 0.1217 
         923  1 0.1285 0.1271 0.1246 0.1277 0.1211 0.1228 0.1204 0.1279 
         924  1 0.1209 0.1252 0.1270 0.1233 0.1247 0.1245 0.1308 0.1236 
         925  1 0.1224 0.1280 0.1221 0.1281 0.1227 0.1269 0.1274 0.1224 
         926  1 0.1192 0.1250 0.1276 0.1286 0.1231 0.1226 0.1290 0.1249 
         927  1 0.1226 0.1245 0.1253 0.1226 0.1291 0.1241 0.1278 0.1239 
         928  1 0.1262 0.1259 0.1252 0.1197 0.1233 0.1261 0.1267 0.1269 
         929  1 0.1234 0.1284 0.1180 0.1284 0.1254 0.1257 0.1230 0.1277 
         930  1 0.1268 0.1282 0.1280 0.1257 0.1222 0.1192 0.1267 0.1233 
         931  1 0.1225 0.1278 0.1278 0.1246 0.1231 0.1231 0.1271 0.1240 
         932  1 0.1245 0.1278 0.1229 0.1295 0.1264 0.1227 0.1233 0.1228 
         933  1 0.1251 0.1252 0.1233 0.1286 0.1236 0.1287 0.1197 0.1257 
         934  1 0.1265 0.1234 0.1263 0.1249 0.1178 0.1283 0.1247 0.1281 
         935  1 0.1278 0.1266 0.1286 0.1217 0.1264 0.1282 0.1183 0.1226 
         936  1 0.1234 0.1250 0.1192 0.1291 0.1290 0.1263 0.1231 0.1248 
         937  1 0.1267 0.1241 0.1238 0.1249 0.1250 0.1277 0.1242 0.1237 
         938  1 0.1248 0.1204 0.1260 0.1239 0.1303 0.1269 0.1207 0.1270 
         939  1 0.1296 0.1338 0.1235 0.1246 0.1191 0.1199 0.1244 0.1250 
         940  1 0.1266 0.1226 0.1249 0.1293 0.1235 0.1255 0.1254 0.1222 
         941  1 0.1245 0.1282 0.1214 0.1303 0.1223 0.1216 0.1315 0.1202 
         942  1 0.1289 0.1247 0.1245 0.1289 0.1253 0.1229 0.1271 0.1178 
         943  1 0.1265 0.1285 0.1225 0.1305 0.1221 0.1257 0.1259 0.1183 
         944  1 0.1266 0.1232 0.1293 0.1247 0.1232 0.1230 0.1227 0.1273 
         945  1 0.1251 0.1307 0.1235 0.1272 0.1210 0.1195 0.1290 0.1241 
         946  1 0.1369 0.1202 0.1250 0.1222 0.1239 0.1283 0.1226 0.1208 
         947  1 0.1227 0.1221 0.1235 0.1283 0.1292 0.1271 0.1232 0.1240 
         948  1 0.1241 0.1274 0.1234 0.1254 0.1269 0.1236 0.1268 0.1223 
         949  1 0.1252 0.1303 0.1261 0.1236 0.1220 0.1251 0.1220 0.1257 
         950  1 0.1167 0.1219 0.1298 0.1276 0.1307 0.1204 0.1296 0.1233 
         951  1 0.1224 0.1219 0.1266 0.1248 0.1322 0.1226 0.1264 0.1230 
         952  1 0.1241 0.1243 0.1248 0.1251 0.1238 0.1264 0.1234 0.1281 
         953  1 0.1251 0.1213 0.1259 0.1250 0.1288 0.1229 0.1274 0.1237 
         954  1 0.1258 0.1280 0.1235 0.1249 0.1239 0.1251 0.1231 0.1256 
         955  1 0.1242 0.1276 0.1220 0.1272 0.1214 0.1265 0.1252 0.1259 
         956  1 0.1252 0.1256 0.1254 0.1275 0.1229 0.1234 0.1252 0.1249 
         957  1 0.1255 0.1229 0.1297 0.1221 0.1250 0.1222 0.1277 0.1248 
         958  1 0.1186 0.1313 0.1264 0.1272 0.1229 0.1217 0.1340 0.1178 
         959  1 0.1279 0.1269 0.1260 0.1317 0.1154 0.1241 0.1296 0.1184 
         960  1 0.1201 0.1263 0.1291 0.1306 0.1201 0.1218 0.1242 0.1278 
         961  1 0.1217 0.1249 0.1221 0.1222 0.1309 0.1298 0.1252 0.1232 
         962  1 0.1268 0.1241 0.1242 0.1285 0.1271 0.1286 0.1189 0.1218 
         963  1 0.1272 0.1280 0.1222 0.1275 0.1228 0.1239 0.1258 0.1226 
         964  1 0.1204 0.1382 0.1182 0.1354 0.1202 0.1197 0.1311 0.1168 
         965  1 0.1208 0.1282 0.1172 0.1302 0.1278 0.1253 0.1265 0.1240 
         966  1 0.1167 0.1199 0.1279 0.1192 0.1301 0.1231 0.1343 0.1288 
         967  1 0.1197 0.1233 0.1198 0.1252 0.1321 0.1270 0.1278 0.1251 
         968  1 0.1199 0.1300 0.1218 0.1272 0.1233 0.1273 0.1232 0.1274 
         969  1 0.1301 0.1180 0.1236 0.1250 0.1307 0.1302 0.1194 0.1231 
         970  1 0.1237 0.1289 0.1275 0.1234 0.1279 0.1214 0.1221 0.1251 
         971  1 0.1236 0.1256 0.1215 0.1305 0.1247 0.1250 0.1294 0.1198 
         972  1 0.1271 0.1244 0.1248 0.1246 0.1251 0.1252 0.1244 0.1244 
         973  1 0.1194 0.1279 0.1248 0.1244 0.1233 0.1223 0.1346 0.1233 
         974  1 0.1258 0.1222 0.1207 0.1294 0.1297 0.1243 0.1266 0.1213 
         975  1 0.1278 0.1177 0.1287 0.1226 0.1250 0.1277 0.1276 0.1228 
         976  1 0.1268 0.1280 0.1266 0.1226 0.1232 0.1286 0.1181 0.1261 
         977  1 0.1243 0.1235 0.1292 0.1193 0.1234 0.1274 0.1259 0.1269 
         978  1 0.1306 0.1330 0.1222 0.1227 0.1170 0.1219 0.1286 0.1240 
         979  1 0.1216 0.1233 0.1262 0.1234 0.1226 0.1267 0.1248 0.1314 
         980  1 0.1259 0.1283 0.1245 0.1219 0.1206 0.1261 0.1233 0.1296 
         981  1 0.1242 0.1278 0.1200 0.1267 0.1260 0.1271 0.1244 0.1237 
         982  1 0.1256 0.1267 0.1271 0.1190 0.1212 0.1261 0.1270 0.1273 
         983  1 0.1228 0.1273 0.1265 0.1265 0.1258 0.1243 0.1257 0.1212 
         984  1 0.1256 0.1270 0.1287 0.1179 0.1213 0.1197 0.1302 0.1295 
         985  1 0.1274 0.1243 0.1238 0.1287 0.1249 0.1256 0.1208 0.1245 
         986  1 0.1279 0.1255 0.1242 0.1291 0.1214 0.1235 0.1213 0.1272 
         987  1 0.1231 0.1278 0.1221 0.1223 0.1257 0.1217 0.1304 0.1269 
         988  1 0.1282 0.1251 0.1208 0.1270 0.1249 0.1289 0.1221 0.1230 
         989  1 0.1218 0.1331 0.1239 0.1300 0.1185 0.1214 0.1286 0.1228 
         990  1 0.1257 0.1304 0.1192 0.1253 0.1217 0.1254 0.1282 0.1240 
         991  1 0.1256 0.1281 0.1214 0.1259 0.1260 0.1251 0.1227 0.1251 
         992  1 0.1267 0.1244 0.1274 0.1239 0.1213 0.1245 0.1246 0.1273 
         993  1 0.1247 0.1236 0.1288 0.1247 0.1221 0.1273 0.1234 0.1253 
         994  1 0.1218 0.1258 0.1278 0.1243 0.1249 0.1245 0.1261 0.1247 
         995  1 0.1226 0.1260 0.1245 0.1294 0.1264 0.1218 0.1259 0.1233 
         996  1 0.1240 0.1235 0.1241 0.1221 0.1297 0.1265 0.1242 0.1259 
         997  1 0.1286 0.1216 0.1263 0.1228 0.1218 0.1254 0.1255 0.1279 
         998  1 0.1258 0.1236 0.1222 0.1290 0.1218 0.1274 0.1270 0.1232 
         999  1 0.1256 0.1214 0.1301 0.1226 0.1257 0.1272 0.1227 0.1247 
        1000  1 0.1264 0.1239 0.1243 0.1270 0.1233 0.1279 0.1201 0.1272 
        1001  1 0.1271 0.1221 0.1277 0.1218 0.1280 0.1227 0.1292 0.1214 
        1002  1 0.1272 0.1232 0.1220 0.1277 0.1277 0.1272 0.1190 0.1258 
        1003  1 0.1196 0.1229 0.1252 0.1220 0.1302 0.1242 0.1311 0.1248 
        1004  1 0.1255 0.1319 0.1272 0.1254 0.1197 0.1213 0.1264 0.1226 
        1005  1 0.1258 0.1267 0.1249 0.1261 0.1233 0.1286 0.1203 0.1242 
        1006  1 0.1219 0.1215 0.1220 0.1206 0.1326 0.1273 0.1242 0.1301 
        1007  1 0.1248 0.1222 0.1257 0.1220 0.1283 0.1242 0.1248 0.1282 
        1008  1 0.1234 0.1275 0.1280 0.1232 0.1157 0.1190 0.1317 0.1316 
        1009  1 0.1261 0.1212 0.1301 0.1261 0.1280 0.1234 0.1225 0.1225 
        1010  1 0.1312 0.1242 0.1281 0.1185 0.1216 0.1281 0.1187 0.1297 
        1011  1 0.1295 0.1226 0.1230 0.1232 0.1217 0.1286 0.1258 0.1256 
        1012  1 0.1239 0.1222 0.1268 0.1259 0.1301 0.1244 0.1203 0.1264 
        1013  1 0.1245 0.1205 0.1219 0.1265 0.1293 0.1297 0.1226 0.1249 
        1014  1 0.1267 0.1232 0.1241 0.1225 0.1272 0.1230 0.1259 0.1274 
        1015  1 0.1306 0.1221 0.1268 0.1242 0.1208 0.1297 0.1231 0.1228 
        1016  1 0.1260 0.1283 0.1310 0.1185 0.1220 0.1193 0.1248 0.1302 
        1017  1 0.1294 0.1278 0.1201 0.1261 0.1224 0.1249 0.1249 0.1244 
        1018  1 0.1215 0.1292 0.1302 0.1274 0.1265 0.1204 0.1218 0.1229 
        1019  1 0.1240 0.1226 0.1275 0.1223 0.1301 0.1258 0.1249 0.1228 
        1020  1 0.1251 0.1234 0.1303 0.1213 0.1261 0.1268 0.1207 0.1263 
        1021  1 0.1214 0.1264 0.1280 0.1233 0.1249 0.1248 0.1257 0.1255 
        1022  1 0.1282 0.1250 0.1249 0.1202 0.1246 0.1265 0.1259 0.1248 
        1023  1 0.1274 0.1252 0.1199 0.1241 0.1283 0.1241 0.1280 0.1229 
        1024  1 0.1269 0.1215 0.1212 0.1270 0.1285 0.1276 0.1235 0.1239 
        1025  1 0.1297 0.1260 0.1254 0.1279 0.1214 0.1258 0.1213 0.1226 
        1026  1 0.1232 0.1245 0.1294 0.1277 0.1261 0.1251 0.1231 0.1209 
        1027  1 0.1291 0.1223 0.1205 0.1270 0.1295 0.1264 0.1224 0.1228 
        1028  1 0.1246 0.1268 0.1235 0.1252 0.1226 0.1225 0.1271 0.1278 
        1029  1 0.1257 0.1229 0.1269 0.1178 0.1300 0.1217 0.1307 0.1242 
        1030  1 0.1235 0.1268 0.1251 0.1254 0.1221 0.1256 0.1254 0.1261 
        1031  1 0.1188 0.1209 0.1225 0.1248 0.1308 0.1266 0.1275 0.1281 
        1032  1 0.1238 0.1273 0.1218 0.1272 0.1221 0.1239 0.1257 0.1282 
        1033  1 0.1256 0.1288 0.1247 0.1294 0.1205 0.1204 0.1273 0.1232 
        1034  1 0.1302 0.1196 0.1259 0.1253 0.1262 0.1326 0.1172 0.1231 
        1035  1 0.1254 0.1196 0.1227 0.1290 0.1292 0.1269 0.1264 0.1208 
        1036  1 0.1303 0.1297 0.1273 0.1222 0.1190 0.1202 0.1233 0.1281 
        1037  1 0.1280 0.1228 0.1260 0.1257 0.1241 0.1254 0.1250 0.1231 
        1038  1 0.1246 0.1263 0.1212 0.1265 0.1272 0.1247 0.1245 0.1248 
        1039  1 0.1197 0.1246 0.1257 0.1260 0.1275 0.1264 0.1256 0.1245 
        1040  1 0.1277 0.1169 0.1319 0.1223 0.1264 0.1309 0.1236 0.1203 
        1041  1 0.1201 0.1283 0.1214 0.1295 0.1256 0.1253 0.1279 0.1220 
        1042  1 0.1254 0.1225 0.1217 0.1267 0.1293 0.1294 0.1214 0.1235 
        1043  1 0.1281 0.1248 0.1264 0.1279 0.1226 0.1243 0.1189 0.1270 
        1044  1 0.1213 0.1280 0.1275 0.1314 0.1252 0.1200 0.1233 0.1232 
        1045  1 0.1245 0.1276 0.1206 0.1272 0.1244 0.1276 0.1238 0.1243 
        1046  1 0.1276 0.1347 0.1192 0.1313 0.1183 0.1207 0.1272 0.1209 
        1047  1 0.1248 0.1266 0.1242 0.1247 0.1264 0.1274 0.1237 0.1223 
        1048  1 0.1263 0.1233 0.1272 0.1251 0.1223 0.1301 0.1177 0.1279 
        1049  1 0.1247 0.1258 0.1306 0.1221 0.1212 0.1280 0.1214 0.1261 
        1050  1 0.1166 0.1244 0.1221 0.1253 0.1305 0.1265 0.1304 0.1243 
        1051  1 0.1252 0.1252 0.1247 0.1223 0.1249 0.1234 0.1264 0.1279 
        1052  1 0.1254 0.1231 0.1280 0.1234 0.1269 0.1250 0.1240 0.1243 
        1053  1 0.1282 0.1255 0.1278 0.1225 0.1239 0.1236 0.1239 0.1245 
        1054  1 0.1208 0.1271 0.1285 0.1207 0.1224 0.1201 0.1295 0.1309 
        1055  1 0.1288 0.1241 0.1284 0.1241 0.1225 0.1229 0.1230 0.1262 
        1056  1 0.1270 0.1250 0.1220 0.1257 0.1268 0.1246 0.1235 0.1255 
        1057  1 0.1233 0.1275 0.1278 0.1277 0.1231 0.1218 0.1259 0.1229 
        1058  1 0.1184 0.1236 0.1234 0.1229 0.1306 0.1275 0.1265 0.1272 
        1059  1 0.1280 0.1281 0.1230 0.1254 0.1218 0.1243 0.1264 0.1229 
        1060  1 0.1254 0.1242 0.1239 0.1245 0.1256 0.1273 0.1239 0.1253 
        1061  1 0.1254 0.1281 0.1257 0.1263 0.1252 0.1221 0.1243 0.1229 
        1062  1 0.1258 0.1254 0.1242 0.1262 0.1272 0.1259 0.1206 0.1246 
        1063  1 0.1299 0.1287 0.1234 0.1225 0.1265 0.1203 0.1248 0.1240 
        1064  1 0.1258 0.1243 0.1283 0.1258 0.1211 0.1246 0.1243 0.1258 
        1065  1 0.1247 0.1302 0.1304 0.1216 0.1217 0.1194 0.1248 0.1272 
        1066  1 0.1257 0.1247 0.1258 0.1271 0.1246 0.1249 0.1229 0.1245 
        1067  1 0.1237 0.1221 0.1226 0.1295 0.1257 0.1311 0.1202 0.1250 
        1068  1 0.1214 0.1260 0.1243 0.1179 0.1335 0.1225 0.1301 0.1244 
        1069  1 0.1197 0.1270 0.1270 0.1226 0.1226 0.1232 0.1257 0.1323 
        1070  1 0.1222 0.1219 0.1274 0.1240 0.1262 0.1242 0.1256 0.1285 
        1071  1 0.1257 0.1228 0.1277 0.1227 0.1238 0.1285 0.1213 0.1275 
        1072  1 0.1266 0.1223 0.1256 0.1207 0.1266 0.1265 0.1240 0.1278 
        1073  1 0.1234 0.1282 0.1288 0.1245 0.1199 0.1193 0.1280 0.1277 
        1074  1 0.1279 0.1221 0.1249 0.1222 0.1250 0.1291 0.1224 0.1264 
        1075  1 0.1255 0.1285 0.1258 0.1262 0.1235 0.1219 0.1260 0.1226 
        1076  1 0.1199 0.1228 0.1269 0.1213 0.1327 0.1205 0.1305 0.1253 
        1077  1 0.1209 0.1278 0.1289 0.1263 0.1204 0.1201 0.1291 0.1264 
        1078  1 0.1230 0.1276 0.1307 0.1258 0.1177 0.1193 0.1274 0.1284 
        1079  1 0.1186 0.1260 0.1230 0.1259 0.1300 0.1223 0.1318 0.1224 
        1080  1 0.1253 0.1227 0.1215 0.1254 0.1278 0.1250 0.1279 0.1244 
        1081  1 0.1246 0.1249 0.1267 0.1226 0.1258 0.1239 0.1248 0.1266 
        1082  1 0.1274 0.1237 0.1265 0.1219 0.1265 0.1240 0.1250 0.1250 
        1083  1 0.1286 0.1254 0.1260 0.1226 0.1227 0.1218 0.1289 0.1240 
        1084  1 0.1304 0.1226 0.1295 0.1183 0.1241 0.1291 0.1235 0.1225 
        1085  1 0.1213 0.1276 0.1268 0.1247 0.1239 0.1249 0.1273 0.1235 
        1086  1 0.1246 0.1256 0.1226 0.1261 0.1250 0.1264 0.1254 0.1243 
        1087  1 0.1280 0.1250 0.1256 0.1259 0.1190 0.1258 0.1262 0.1244 
        1088  1 0.1274 0.1241 0.1236 0.1196 0.1236 0.1262 0.1262 0.1294 
        1089  1 0.1308 0.1248 0.1260 0.1238 0.1196 0.1268 0.1230 0.1252 
        1090  1 0.1258 0.1266 0.1270 0.1239 0.1249 0.1254 0.1212 0.1252 
        1091  1 0.1250 0.1265 0.1228 0.1251 0.1206 0.1226 0.1258 0.1316 
        1092  1 0.1221 0.1258 0.1258 0.1256 0.1261 0.1239 0.1242 0.1266 
        1093  1 0.1233 0.1234 0.1248 0.1259 0.1272 0.1254 0.1240 0.1259 
        1094  1 0.1228 0.1289 0.1225 0.1264 0.1178 0.1230 0.1309 0.1276 
        1095  1 0.1210 0.1252 0.1222 0.1287 0.1266 0.1240 0.1273 0.1249 
        1096  1 0.1212 0.1257 0.1254 0.1279 0.1223 0.1258 0.1259 0.1257 
        1097  1 0.1195 0.1251 0.1270 0.1194 0.1216 0.1257 0.1336 0.1280 
        1098  1 0.1241 0.1238 0.1221 0.1285 0.1273 0.1259 0.1239 0.1244 
        1099  1 0.1247 0.1242 0.1252 0.1250 0.1251 0.1275 0.1232 0.1251 
        1100  1 0.1219 0.1313 0.1229 0.1269 0.1212 0.1246 0.1258 0.1253 
        1101  1 0.1250 0.1289 0.1259 0.1225 0.1183 0.1199 0.1339 0.1257 
        1102  1 0.1214 0.1220 0.1241 0.1249 0.1282 0.1276 0.1283 0.1235 
        1103  1 0.1221 0.1253 0.1261 0.1253 0.1271 0.1250 0.1241 0.1251 
        1104  1 0.1248 0.1241 0.1253 0.1237 0.1265 0.1247 0.1270 0.1239 
        1105  1 0.1213 0.1247 0.1190 0.1314 0.1241 0.1279 0.1232 0.1283 
        1106  1 0.1231 0.1213 0.1289 0.1214 0.1238 0.1262 0.1287 0.1267 
        1107  1 0.1206 0.1248 0.1262 0.1236 0.1284 0.1256 0.1280 0.1228 
        1108  1 0.1213 0.1256 0.1265 0.1191 0.1255 0.1252 0.1280 0.1289 
        1109  1 0.1269 0.1230 0.1254 0.1198 0.1283 0.1273 0.1230 0.1263 
        1110  1 0.1222 0.1233 0.1299 0.1228 0.1223 0.1220 0.1283 0.1292 
        1111  1 0.1238 0.1261 0.1264 0.1279 0.1185 0.1256 0.1254 0.1263 
        1112  1 0.1271 0.1258 0.1303 0.1253 0.1200 0.1245 0.1226 0.1243 
        1113  1 0.1244 0.1233 0.1209 0.1228 0.1293 0.1291 0.1259 0.1243 
        1114  1 0.1302 0.1319 0.1233 0.1285 0.1188 0.1172 0.1241 0.1260 
        1115  1 0.1271 0.1265 0.1243 0.1260 0.1207 0.1245 0.1235 0.1274 
        1116  1 0.1240 0.1244 0.1298 0.1223 0.1274 0.1237 0.1238 0.1245 
        1117  1 0.1253 0.1257 0.1259 0.1216 0.1274 0.1261 0.1239 0.1242 
        1118  1 0.1162 0.1270 0.1195 0.1244 0.1353 0.1178 0.1322 0.1276 
        1119  1 0.1246 0.1232 0.1290 0.1254 0.1243 0.1223 0.1284 0.1228 
        1120  1 0.1277 0.1178 0.1290 0.1300 0.1240 0.1251 0.1232 0.1232 
        1121  1 0.1274 0.1207 0.1238 0.1295 0.1250 0.1263 0.1267 0.1206 
        1122  1 0.1227 0.1318 0.1253 0.1269 0.1221 0.1245 0.1224 0.1244 
        1123  1 0.1289 0.1270 0.1258 0.1251 0.1237 0.1210 0.1232 0.1253 
        1124  1 0.1209 0.1261 0.1235 0.1253 0.1247 0.1261 0.1281 0.1254 
        1125  1 0.1226 0.1238 0.1294 0.1232 0.1259 0.1233 0.1268 0.1249 
        1126  1 0.1263 0.1246 0.1278 0.1230 0.1248 0.1222 0.1274 0.1239 
        1127  1 0.1263 0.1164 0.1243 0.1199 0.1287 0.1292 0.1297 0.1254 
        1128  1 0.1295 0.1244 0.1238 0.1235 0.1268 0.1291 0.1194 0.1235 
        1129  1 0.1216 0.1220 0.1219 0.1211 0.1303 0.1303 0.1296 0.1231 
        1130  1 0.1273 0.1262 0.1194 0.1269 0.1229 0.1275 0.1276 0.1222 
        1131  1 0.1214 0.1274 0.1252 0.1252 0.1256 0.1254 0.1252 0.1246 
        1132  1 0.1236 0.1259 0.1257 0.1216 0.1231 0.1279 0.1247 0.1275 
        1133  1 0.1250 0.1239 0.1249 0.1200 0.1206 0.1287 0.1286 0.1282 
        1134  1 0.1253 0.1269 0.1285 0.1192 0.1192 0.1249 0.1315 0.1245 
        1135  1 0.1267 0.1333 0.1207 0.1277 0.1197 0.1196 0.1282 0.1241 
        1136  1 0.1318 0.1232 0.1195 0.1214 0.1295 0.1301 0.1206 0.1240 
        1137  1 0.1266 0.1263 0.1220 0.1242 0.1232 0.1280 0.1264 0.1233 
        1138  1 0.1258 0.1214 0.1276 0.1271 0.1288 0.1241 0.1244 0.1207 
        1139  1 0.1343 0.1195 0.1198 0.1302 0.1253 0.1249 0.1156 0.1304 
        1140  1 0.1242 0.1282 0.1260 0.1263 0.1202 0.1199 0.1293 0.1259 
        1141  1 0.1285 0.1267 0.1317 0.1181 0.1234 0.1208 0.1233 0.1274 
        1142  1 0.1243 0.1208 0.1258 0.1239 0.1297 0.1265 0.1227 0.1264 
        1143  1 0.1257 0.1258 0.1193 0.1260 0.1254 0.1283 0.1243 0.1253 
        1144  1 0.1231 0.1248 0.1242 0.1305 0.1260 0.1254 0.1231 0.1229 
        1145  1 0.1235 0.1293 0.1227 0.1282 0.1216 0.1255 0.1240 0.1252 
        1146  1 0.1265 0.1232 0.1220 0.1194 0.1271 0.1293 0.1243 0.1282 
        1147  1 0.1237 0.1222 0.1252 0.1244 0.1261 0.1267 0.1262 0.1254 
        1148  1 0.1240 0.1258 0.1245 0.1224 0.1233 0.1271 0.1259 0.1269 
        1149  1 0.1220 0.1301 0.1252 0.1241 0.1282 0.1185 0.1281 0.1238 
        1150  1 0.1192 0.1263 0.1231 0.1247 0.1303 0.1217 0.1286 0.1260 
        1151  1 0.1280 0.1208 0.1247 0.1245 0.1289 0.1286 0.1214 0.1231 
        1152  1 0.1249 0.1260 0.1215 0.1273 0.1247 0.1262 0.1252 0.1242 
        1153  1 0.1186 0.1260 0.1202 0.1297 0.1266 0.1269 0.1239 0.1281 
        1154  1 0.1212 0.1269 0.1240 0.1257 0.1233 0.1237 0.1307 0.1246 
        1155  1 0.1312 0.1197 0.1274 0.1215 0.1284 0.1293 0.1199 0.1227 
        1156  1 0.1275 0.1285 0.1257 0.1209 0.1207 0.1220 0.1260 0.1286 
        1157  1 0.1226 0.1210 0.1249 0.1198 0.1257 0.1305 0.1288 0.1268 
        1158  1 0.1282 0.1236 0.1282 0.1212 0.1225 0.1275 0.1169 0.1320 
        1159  1 0.1249 0.1226 0.1219 0.1276 0.1258 0.1303 0.1235 0.1235 
        1160  1 0.1240 0.1264 0.1298 0.1238 0.1237 0.1185 0.1285 0.1253 
        1161  1 0.1214 0.1214 0.1263 0.1238 0.1311 0.1217 0.1285 0.1256 
        1162  1 0.1258 0.1240 0.1299 0.1209 0.1221 0.1268 0.1239 0.1267 
        1163  1 0.1307 0.1250 0.1244 0.1256 0.1224 0.1263 0.1209 0.1248 
        1164  1 0.1278 0.1255 0.1264 0.1250 0.1242 0.1229 0.1250 0.1231 
        1165  1 0.1345 0.1226 0.1242 0.1220 0.1225 0.1285 0.1223 0.1234 
        1166  1 0.1326 0.1227 0.1205 0.1279 0.1237 0.1286 0.1232 0.1208 
        1167  1 0.1286 0.1237 0.1280 0.1216 0.1268 0.1242 0.1247 0.1224 
        1168  1 0.1250 0.1197 0.1273 0.1256 0.1303 0.1260 0.1227 0.1235 
        1169  1 0.1256 0.1244 0.1270 0.1236 0.1277 0.1253 0.1255 0.1209 
        1170  1 0.1272 0.1272 0.1242 0.1262 0.1210 0.1255 0.1203 0.1284 
        1171  1 0.1261 0.1237 0.1217 0.1254 0.1307 0.1254 0.1237 0.1233 
        1172  1 0.1242 0.1242 0.1294 0.1228 0.1231 0.1225 0.1278 0.1260 
        1173  1 0.1269 0.1239 0.1240 0.1233 0.1281 0.1262 0.1231 0.1246 
        1174  1 0.1277 0.1249 0.1228 0.1207 0.1261 0.1277 0.1274 0.1226 
        1175  1 0.1279 0.1232 0.1253 0.1256 0.1239 0.1272 0.1223 0.1247 
        1176  1 0.1283 0.1214 0.1285 0.1241 0.1276 0.1247 0.1230 0.1223 
        1177  1 0.1236 0.1255 0.1301 0.1224 0.1228 0.1275 0.1194 0.1287 
        1178  1 0.1221 0.1266 0.1223 0.1272 0.1228 0.1251 0.1246 0.1293 
        1179  1 0.1208 0.1264 0.1246 0.1275 0.1285 0.1210 0.1314 0.1198 
        1180  1 0.1264 0.1211 0.1271 0.1265 0.1243 0.1271 0.1244 0.1230 
        1181  1 0.1259 0.1288 0.1231 0.1276 0.1230 0.1239 0.1228 0.1249 
        1182  1 0.1254 0.1222 0.1221 0.1244 0.1275 0.1288 0.1240 0.1256 
        1183  1 0.1279 0.1205 0.1271 0.1253 0.1308 0.1267 0.1222 0.1195 
        1184  1 0.1250 0.1228 0.1245 0.1249 0.1269 0.1263 0.1209 0.1286 
        1185  1 0.1264 0.1201 0.1279 0.1272 0.1230 0.1280 0.1205 0.1268 
        1186  1 0.1254 0.1207 0.1312 0.1229 0.1224 0.1289 0.1201 0.1283 
        1187  1 0.1234 0.1267 0.1202 0.1269 0.1294 0.1231 0.1261 0.1242 
        1188  1 0.1251 0.1199 0.1255 0.1242 0.1297 0.1290 0.1221 0.1245 
        1189  1 0.1236 0.1240 0.1230 0.1278 0.1230 0.1259 0.1208 0.1318 
        1190  1 0.1292 0.1301 0.1269 0.1231 0.1191 0.1248 0.1214 0.1254 
        1191  1 0.1301 0.1251 0.1286 0.1243 0.1191 0.1275 0.1206 0.1248 
        1192  1 0.1190 0.1223 0.1200 0.1251 0.1284 0.1272 0.1279 0.1300 
        1193  1 0.1244 0.1240 0.1260 0.1244 0.1264 0.1249 0.1232 0.1266 
        1194  1 0.1285 0.1261 0.1312 0.1209 0.1228 0.1231 0.1227 0.1246 
        1195  1 0.1281 0.1196 0.1229 0.1239 0.1309 0.1299 0.1205 0.1242 
        1196  1 0.1254 0.1208 0.1259 0.1215 0.1319 0.1263 0.1264 0.1218 
        1197  1 0.1242 0.1251 0.1294 0.1291 0.1226 0.1257 0.1177 0.1261 
        1198  1 0.1264 0.1238 0.1269 0.1248 0.1256 0.1261 0.1213 0.1253 
        1199  1 0.1250 0.1206 0.1255 0.1194 0.1317 0.1265 0.1275 0.1238 
        1200  1 0.1249 0.1238 0.1247 0.1277 0.1259 0.1271 0.1226 0.1233 
        1201  1 0.1261 0.1256 0.1255 0.1251 0.1256 0.1260 0.1226 0.1236 
        1202  1 0.1279 0.1262 0.1330 0.1236 0.1224 0.1238 0.1174 0.1256 
        1203  1 0.1241 0.1218 0.1265 0.1204 0.1277 0.1266 0.1279 0.1251 
        1204  1 0.1182 0.1248 0.1265 0.1247 0.1303 0.1224 0.1323 0.1209 
        1205  1 0.1278 0.1219 0.1265 0.1220 0.1293 0.1273 0.1231 0.1221 
        1206  1 0.1268 0.1243 0.1179 0.1251 0.1264 0.1278 0.1263 0.1253 
        1207  1 0.1246 0.1234 0.1273 0.1234 0.1232 0.1261 0.1229 0.1290 
        1208  1 0.1267 0.1238 0.1237 0.1266 0.1254 0.1331 0.1123 0.1285 
        1209  1 0.1269 0.1237 0.1263 0.1296 0.1232 0.1258 0.1218 0.1227 
        1210  1 0.1263 0.1248 0.1251 0.1254 0.1237 0.1268 0.1222 0.1258 
        1211  1 0.1297 0.1268 0.1221 0.1273 0.1210 0.1238 0.1268 0.1225 
        1212  1 0.1219 0.1235 0.1213 0.1200 0.1316 0.1290 0.1273 0.1252 
        1213  1 0.1234 0.1208 0.1275 0.1247 0.1296 0.1226 0.1269 0.1244 
        1214  1 0.1239 0.1279 0.1230 0.1283 0.1254 0.1230 0.1236 0.1249 
        1215  1 0.1227 0.1290 0.1171 0.1301 0.1248 0.1293 0.1228 0.1240 
        1216  1 0.1276 0.1215 0.1261 0.1249 0.1253 0.1275 0.1186 0.1286 
        1217  1 0.1246 0.1243 0.1260 0.1273 0.1265 0.1254 0.1204 0.1255 
        1218  1 0.1259 0.1205 0.1266 0.1251 0.1286 0.1257 0.1246 0.1230 
        1219  1 0.1263 0.1219 0.1289 0.1309 0.1264 0.1230 0.1229 0.1196 
        1220  1 0.1285 0.1219 0.1315 0.1218 0.1242 0.1263 0.1207 0.1250 
        1221  1 0.1296 0.1254 0.1227 0.1274 0.1273 0.1229 0.1252 0.1195 
        1222  1 0.1248 0.1237 0.1309 0.1242 0.1231 0.1287 0.1217 0.1228 
        1223  1 0.1240 0.1214 0.1201 0.1244 0.1268 0.1295 0.1233 0.1305 
        1224  1 0.1295 0.1196 0.1249 0.1295 0.1274 0.1270 0.1237 0.1183 
        1225  1 0.1213 0.1288 0.1218 0.1253 0.1270 0.1227 0.1260 0.1270 
        1226  1 0.1261 0.1234 0.1244 0.1277 0.1241 0.1248 0.1248 0.1247 
        1227  1 0.1229 0.1255 0.1218 0.1263 0.1297 0.1256 0.1241 0.1242 
        1228  1 0.1243 0.1261 0.1190 0.1277 0.1253 0.1269 0.1285 0.1222 
        1229  1 0.1255 0.1260 0.1267 0.1264 0.1240 0.1265 0.1222 0.1227 
        1230  1 0.1291 0.1232 0.1257 0.1250 0.1230 0.1278 0.1229 0.1233 
        1231  1 0.1241 0.1225 0.1311 0.1227 0.1261 0.1189 0.1306 0.1240 
        1232  1 0.1279 0.1200 0.1273 0.1236 0.1314 0.1273 0.1192 0.1232 
        1233  1 0.1248 0.1209 0.1292 0.1272 0.1225 0.1290 0.1209 0.1255 
        1234  1 0.1240 0.1181 0.1283 0.1246 0.1318 0.1295 0.1194 0.1243 
        1235  1 0.1245 0.1203 0.1246 0.1271 0.1245 0.1288 0.1241 0.1262 
        1236  1 0.1255 0.1221 0.1284 0.1276 0.1251 0.1302 0.1203 0.1209 
        1237  1 0.1268 0.1181 0.1302 0.1281 0.1254 0.1294 0.1204 0.1216 
        1238  1 0.1274 0.1242 0.1317 0.1228 0.1261 0.1237 0.1248 0.1194 
        1239  1 0.1244 0.1230 0.1269 0.1259 0.1243 0.1275 0.1202 0.1279 
        1240  1 0.1280 0.1192 0.1283 0.1266 0.1264 0.1268 0.1226 0.1221 
        1241  1 0.1274 0.1231 0.1268 0.1304 0.1246 0.1239 0.1217 0.1221 
        1242  1 0.1253 0.1244 0.1268 0.1255 0.1219 0.1275 0.1267 0.1219 
        1243  1 0.1229 0.1200 0.1270 0.1191 0.1291 0.1287 0.1264 0.1268 
        1244  1 0.1307 0.1240 0.1268 0.1245 0.1223 0.1264 0.1163 0.1289 
        1245  1 0.1281 0.1204 0.1254 0.1250 0.1251 0.1342 0.1141 0.1277 
        1246  1 0.1263 0.1256 0.1231 0.1256 0.1248 0.1254 0.1229 0.1263 
        1247  1 0.1279 0.1251 0.1208 0.1270 0.1227 0.1277 0.1263 0.1225 
        1248  1 0.1226 0.1184 0.1226 0.1224 0.1331 0.1284 0.1324 0.1202 
        1249  1 0.1251 0.1250 0.1224 0.1302 0.1232 0.1271 0.1200 0.1270 
        1250  1 0.1235 0.1214 0.1338 0.1239 0.1232 0.1279 0.1235 0.1229 
        1251  1 0.1239 0.1223 0.1180 0.1302 0.1284 0.1274 0.1192 0.1306 
        1252  1 0.1257 0.1246 0.1260 0.1243 0.1290 0.1237 0.1221 0.1246 
        1253  1 0.1258 0.1236 0.1241 0.1234 0.1258 0.1277 0.1256 0.1241 
        1254  1 0.1237 0.1251 0.1228 0.1225 0.1298 0.1270 0.1261 0.1231 
