

----------------------------------------------------
STRUCTURE by Pritchard, Stephens and Donnelly (2000)
     and Falush, Stephens and Pritchard (2003)
       Code by Pritchard, Falush and Hubisz
             Version 2.3.4 (Jul 2012)
----------------------------------------------------



Command line arguments:   /usr/local/bin/structure -m parameter_job_T5_1 
Input File:    /home/martin/bottleneck/structure_analysis/structure_4/data_job_T5_1

Run parameters:
   1254 individuals
   9 loci
   5 populations assumed
   10000 Burn-in period
   100000 Reps


--------------------------------------------
Proportion of membership of each pre-defined
 population in each of the 5 clusters

Given    Inferred Clusters                     Number of
 Pop       1      2      3      4      5      Individuals

  1:     0.200  0.200  0.200  0.200  0.200      1254
--------------------------------------------

Allele-freq. divergence among pops (Net nucleotide distance),
computed using point estimates of P.

      1       2       3       4       5      
 1      -    0.0002  0.0001  0.0001  0.0002  
 2   0.0002     -    0.0005  0.0002  0.0001  
 3   0.0001  0.0005     -    0.0001  0.0003  
 4   0.0001  0.0002  0.0001     -    0.0001  
 5   0.0002  0.0001  0.0003  0.0001     -    

Average distances (expected heterozygosity) between individuals in same cluster:
cluster  1  : 0.7418 
cluster  2  : 0.7337 
cluster  3  : 0.7460 
cluster  4  : 0.7395 
cluster  5  : 0.7324 

--------------------------------------------
Estimated Ln Prob of Data   = -39310.0
Mean value of ln likelihood = -33750.1
Variance of ln likelihood   = 11119.9
Mean value of alpha         = 1.4560

Mean value of Fst_1         = 0.0423
Mean value of Fst_2         = 0.0685
Mean value of Fst_3         = 0.0268
Mean value of Fst_4         = 0.0499
Mean value of Fst_5         = 0.0721


Inferred ancestry of individuals:
        Label (%Miss) Pop:  Inferred clusters
  1        1    (0)    1 :  0.199 0.193 0.202 0.202 0.204 
  2        2    (0)    1 :  0.195 0.198 0.211 0.199 0.197 
  3        3   (22)    1 :  0.203 0.202 0.201 0.200 0.195 
  4        4    (0)    1 :  0.198 0.196 0.212 0.198 0.195 
  5        5    (0)    1 :  0.198 0.201 0.199 0.202 0.200 
  6        6    (0)    1 :  0.195 0.193 0.201 0.207 0.205 
  7        7    (0)    1 :  0.199 0.195 0.206 0.197 0.202 
  8        8    (0)    1 :  0.204 0.193 0.205 0.199 0.199 
  9        9    (0)    1 :  0.205 0.205 0.193 0.197 0.200 
 10       10    (0)    1 :  0.199 0.194 0.205 0.203 0.199 
 11       11    (0)    1 :  0.196 0.208 0.192 0.203 0.201 
 12       12    (0)    1 :  0.201 0.207 0.194 0.197 0.201 
 13       13    (0)    1 :  0.199 0.199 0.194 0.203 0.205 
 14       14    (0)    1 :  0.198 0.197 0.204 0.203 0.198 
 15       15    (0)    1 :  0.197 0.196 0.204 0.204 0.199 
 16       16    (0)    1 :  0.198 0.200 0.192 0.207 0.203 
 17       17    (0)    1 :  0.195 0.205 0.197 0.201 0.201 
 18       18    (0)    1 :  0.202 0.207 0.190 0.197 0.205 
 19       19    (0)    1 :  0.200 0.198 0.204 0.202 0.197 
 20       20    (0)    1 :  0.203 0.198 0.194 0.202 0.203 
 21       21   (22)    1 :  0.205 0.199 0.198 0.200 0.198 
 22       22   (33)    1 :  0.202 0.203 0.192 0.201 0.202 
 23       23    (0)    1 :  0.202 0.198 0.198 0.198 0.204 
 24       24    (0)    1 :  0.208 0.192 0.213 0.195 0.192 
 25       25   (11)    1 :  0.201 0.203 0.205 0.201 0.190 
 26       26   (11)    1 :  0.197 0.205 0.197 0.201 0.201 
 27       27    (0)    1 :  0.205 0.194 0.203 0.202 0.197 
 28       28    (0)    1 :  0.199 0.205 0.197 0.200 0.198 
 29       29    (0)    1 :  0.198 0.200 0.200 0.203 0.199 
 30       30    (0)    1 :  0.199 0.203 0.203 0.200 0.197 
 31       31    (0)    1 :  0.200 0.199 0.192 0.203 0.205 
 32       32    (0)    1 :  0.199 0.207 0.199 0.195 0.201 
 33       33    (0)    1 :  0.211 0.202 0.191 0.196 0.200 
 34       34    (0)    1 :  0.201 0.203 0.197 0.198 0.202 
 35       35    (0)    1 :  0.201 0.199 0.201 0.197 0.201 
 36       36    (0)    1 :  0.198 0.204 0.201 0.199 0.199 
 37       37    (0)    1 :  0.200 0.206 0.198 0.195 0.200 
 38       38   (11)    1 :  0.204 0.202 0.197 0.196 0.201 
 39       39    (0)    1 :  0.196 0.207 0.198 0.200 0.199 
 40       40   (22)    1 :  0.202 0.196 0.197 0.204 0.202 
 41       41    (0)    1 :  0.198 0.204 0.197 0.200 0.201 
 42       42   (55)    1 :  0.206 0.204 0.195 0.195 0.201 
 43       43    (0)    1 :  0.204 0.196 0.207 0.194 0.199 
 44       44    (0)    1 :  0.200 0.196 0.196 0.202 0.206 
 45       45    (0)    1 :  0.203 0.196 0.191 0.201 0.209 
 46       46    (0)    1 :  0.205 0.196 0.205 0.195 0.200 
 47       47    (0)    1 :  0.198 0.201 0.202 0.200 0.200 
 48       48    (0)    1 :  0.202 0.196 0.204 0.200 0.199 
 49       49    (0)    1 :  0.197 0.205 0.195 0.202 0.201 
 50       50    (0)    1 :  0.197 0.196 0.200 0.209 0.198 
 51       51   (11)    1 :  0.209 0.200 0.196 0.194 0.201 
 52       52   (11)    1 :  0.201 0.203 0.197 0.202 0.197 
 53       53    (0)    1 :  0.202 0.198 0.200 0.201 0.198 
 54       54    (0)    1 :  0.196 0.200 0.200 0.199 0.204 
 55       55   (22)    1 :  0.199 0.212 0.190 0.199 0.201 
 56       56    (0)    1 :  0.198 0.201 0.199 0.207 0.195 
 57       57    (0)    1 :  0.201 0.213 0.189 0.195 0.201 
 58       58    (0)    1 :  0.208 0.197 0.201 0.197 0.197 
 59       59    (0)    1 :  0.195 0.196 0.202 0.203 0.205 
 60       60    (0)    1 :  0.201 0.198 0.202 0.200 0.199 
 61       61    (0)    1 :  0.199 0.196 0.207 0.202 0.196 
 62       62    (0)    1 :  0.204 0.200 0.197 0.199 0.201 
 63       63    (0)    1 :  0.197 0.200 0.201 0.201 0.201 
 64       64   (11)    1 :  0.201 0.209 0.192 0.203 0.194 
 65       65   (11)    1 :  0.202 0.200 0.198 0.200 0.201 
 66       66    (0)    1 :  0.200 0.191 0.218 0.194 0.197 
 67       67    (0)    1 :  0.199 0.204 0.205 0.196 0.196 
 68       68    (0)    1 :  0.204 0.203 0.195 0.196 0.202 
 69       69    (0)    1 :  0.200 0.203 0.197 0.200 0.199 
 70       70    (0)    1 :  0.200 0.203 0.200 0.197 0.200 
 71       71    (0)    1 :  0.195 0.206 0.193 0.200 0.206 
 72       72    (0)    1 :  0.196 0.207 0.201 0.200 0.197 
 73       73    (0)    1 :  0.197 0.209 0.203 0.198 0.193 
 74       74    (0)    1 :  0.198 0.192 0.204 0.201 0.205 
 75       75    (0)    1 :  0.207 0.194 0.208 0.195 0.196 
 76       76    (0)    1 :  0.198 0.200 0.201 0.201 0.200 
 77       77   (11)    1 :  0.200 0.203 0.194 0.201 0.202 
 78       78   (22)    1 :  0.203 0.197 0.204 0.199 0.197 
 79       79   (11)    1 :  0.198 0.195 0.201 0.204 0.202 
 80       80    (0)    1 :  0.211 0.195 0.206 0.193 0.194 
 81       81    (0)    1 :  0.202 0.208 0.191 0.197 0.202 
 82       82    (0)    1 :  0.194 0.201 0.197 0.201 0.206 
 83       83   (11)    1 :  0.198 0.206 0.196 0.199 0.201 
 84       84   (11)    1 :  0.204 0.194 0.203 0.202 0.195 
 85       85    (0)    1 :  0.206 0.190 0.211 0.199 0.194 
 86       86    (0)    1 :  0.198 0.197 0.204 0.203 0.198 
 87       87    (0)    1 :  0.205 0.200 0.197 0.195 0.203 
 88       88   (11)    1 :  0.199 0.200 0.195 0.204 0.201 
 89       89   (11)    1 :  0.209 0.197 0.195 0.199 0.201 
 90       90    (0)    1 :  0.198 0.199 0.209 0.198 0.196 
 91       91   (11)    1 :  0.203 0.211 0.193 0.194 0.199 
 92       92   (11)    1 :  0.203 0.199 0.202 0.202 0.194 
 93       93   (33)    1 :  0.200 0.203 0.195 0.201 0.201 
 94       94    (0)    1 :  0.199 0.200 0.194 0.205 0.202 
 95       95    (0)    1 :  0.200 0.195 0.205 0.200 0.200 
 96       96    (0)    1 :  0.200 0.199 0.202 0.199 0.200 
 97       97    (0)    1 :  0.205 0.211 0.194 0.193 0.197 
 98       98   (11)    1 :  0.201 0.209 0.190 0.199 0.201 
 99       99    (0)    1 :  0.206 0.200 0.203 0.198 0.192 
100      100   (11)    1 :  0.210 0.205 0.196 0.191 0.198 
101      101    (0)    1 :  0.202 0.206 0.193 0.201 0.197 
102      102    (0)    1 :  0.200 0.202 0.198 0.202 0.197 
103      103    (0)    1 :  0.198 0.208 0.195 0.197 0.201 
104      104   (11)    1 :  0.205 0.203 0.200 0.196 0.196 
105      105    (0)    1 :  0.204 0.200 0.196 0.199 0.202 
106      106    (0)    1 :  0.200 0.197 0.200 0.198 0.205 
107      107    (0)    1 :  0.201 0.196 0.203 0.196 0.204 
108      108   (11)    1 :  0.200 0.202 0.200 0.196 0.203 
109      109    (0)    1 :  0.203 0.190 0.226 0.194 0.187 
110      110   (11)    1 :  0.193 0.195 0.212 0.202 0.198 
111      111   (11)    1 :  0.202 0.198 0.200 0.204 0.196 
112      112    (0)    1 :  0.205 0.201 0.196 0.199 0.199 
113      113    (0)    1 :  0.197 0.195 0.201 0.203 0.203 
114      114   (22)    1 :  0.199 0.204 0.197 0.201 0.200 
115      115    (0)    1 :  0.199 0.198 0.197 0.205 0.201 
116      116    (0)    1 :  0.201 0.203 0.195 0.198 0.203 
117      117    (0)    1 :  0.201 0.201 0.195 0.198 0.205 
118      118   (11)    1 :  0.199 0.206 0.196 0.199 0.200 
119      119   (11)    1 :  0.201 0.207 0.192 0.201 0.200 
120      120   (11)    1 :  0.196 0.196 0.206 0.203 0.199 
121      121   (55)    1 :  0.203 0.197 0.199 0.199 0.202 
122      122   (44)    1 :  0.199 0.200 0.200 0.198 0.203 
123      123   (22)    1 :  0.198 0.203 0.205 0.198 0.195 
124      124   (33)    1 :  0.199 0.194 0.195 0.204 0.208 
125      125   (11)    1 :  0.202 0.196 0.206 0.198 0.198 
126      126    (0)    1 :  0.197 0.196 0.205 0.201 0.201 
127      127    (0)    1 :  0.193 0.197 0.201 0.204 0.205 
128      128    (0)    1 :  0.202 0.202 0.198 0.199 0.199 
129      129    (0)    1 :  0.198 0.197 0.199 0.204 0.202 
130      130    (0)    1 :  0.202 0.195 0.205 0.196 0.202 
131      131    (0)    1 :  0.202 0.198 0.203 0.198 0.199 
132      132    (0)    1 :  0.199 0.200 0.194 0.201 0.206 
133      133    (0)    1 :  0.207 0.195 0.204 0.197 0.198 
134      134    (0)    1 :  0.196 0.194 0.219 0.201 0.190 
135      135    (0)    1 :  0.202 0.199 0.207 0.197 0.195 
136      136    (0)    1 :  0.197 0.203 0.198 0.200 0.203 
137      137    (0)    1 :  0.201 0.201 0.200 0.199 0.199 
138      138   (33)    1 :  0.201 0.197 0.201 0.203 0.198 
139      139   (44)    1 :  0.194 0.199 0.200 0.205 0.203 
140      140    (0)    1 :  0.196 0.205 0.194 0.203 0.202 
141      141    (0)    1 :  0.199 0.195 0.208 0.202 0.197 
142      142    (0)    1 :  0.196 0.207 0.199 0.199 0.198 
143      143    (0)    1 :  0.196 0.206 0.198 0.201 0.199 
144      144    (0)    1 :  0.197 0.209 0.199 0.199 0.196 
145      145   (11)    1 :  0.198 0.210 0.194 0.195 0.202 
146      146   (33)    1 :  0.200 0.204 0.197 0.201 0.198 
147      147    (0)    1 :  0.200 0.199 0.197 0.205 0.199 
148      148    (0)    1 :  0.197 0.200 0.199 0.208 0.197 
149      149   (11)    1 :  0.199 0.198 0.205 0.203 0.196 
150      150    (0)    1 :  0.201 0.199 0.200 0.199 0.200 
151      151   (11)    1 :  0.203 0.209 0.191 0.197 0.200 
152      152    (0)    1 :  0.199 0.193 0.212 0.201 0.196 
153      153   (11)    1 :  0.205 0.202 0.196 0.196 0.200 
154      154    (0)    1 :  0.200 0.199 0.203 0.199 0.198 
155      155    (0)    1 :  0.197 0.209 0.193 0.201 0.199 
156      156    (0)    1 :  0.200 0.209 0.191 0.199 0.201 
157      157    (0)    1 :  0.209 0.190 0.212 0.197 0.193 
158      158   (11)    1 :  0.200 0.198 0.206 0.200 0.195 
159      159   (33)    1 :  0.199 0.193 0.211 0.200 0.197 
160      160   (66)    1 :  0.199 0.199 0.196 0.202 0.203 
161      161   (22)    1 :  0.202 0.202 0.198 0.199 0.199 
162      162    (0)    1 :  0.194 0.201 0.194 0.204 0.207 
163      163    (0)    1 :  0.194 0.199 0.204 0.206 0.197 
164      164   (11)    1 :  0.202 0.194 0.202 0.203 0.200 
165      165   (22)    1 :  0.199 0.199 0.196 0.206 0.200 
166      166    (0)    1 :  0.200 0.209 0.191 0.200 0.200 
167      167    (0)    1 :  0.197 0.198 0.202 0.201 0.201 
168      168    (0)    1 :  0.202 0.207 0.197 0.192 0.202 
169      169    (0)    1 :  0.198 0.204 0.193 0.204 0.201 
170      170    (0)    1 :  0.197 0.204 0.192 0.204 0.203 
171      171    (0)    1 :  0.197 0.195 0.203 0.207 0.199 
172      172    (0)    1 :  0.196 0.199 0.197 0.203 0.205 
173      173    (0)    1 :  0.198 0.198 0.207 0.202 0.196 
174      174   (22)    1 :  0.195 0.195 0.210 0.199 0.201 
175      175   (33)    1 :  0.199 0.206 0.194 0.198 0.203 
176      176   (66)    1 :  0.198 0.199 0.199 0.203 0.201 
177      177   (44)    1 :  0.204 0.199 0.201 0.195 0.201 
178      178   (66)    1 :  0.199 0.206 0.195 0.200 0.200 
179      179   (11)    1 :  0.206 0.195 0.204 0.199 0.196 
180      180   (22)    1 :  0.199 0.200 0.192 0.205 0.205 
181      181   (22)    1 :  0.204 0.210 0.192 0.199 0.196 
182      182   (22)    1 :  0.195 0.209 0.193 0.198 0.205 
183      183   (11)    1 :  0.199 0.199 0.201 0.200 0.201 
184      184   (22)    1 :  0.199 0.204 0.193 0.201 0.203 
185      185   (22)    1 :  0.207 0.203 0.195 0.196 0.199 
186      186   (11)    1 :  0.204 0.198 0.196 0.202 0.199 
187      187   (11)    1 :  0.199 0.201 0.192 0.203 0.205 
188      188   (22)    1 :  0.199 0.208 0.191 0.201 0.200 
189      189   (22)    1 :  0.204 0.197 0.199 0.198 0.202 
190      190    (0)    1 :  0.197 0.201 0.194 0.205 0.203 
191      191    (0)    1 :  0.200 0.201 0.196 0.204 0.199 
192      192   (22)    1 :  0.201 0.198 0.201 0.202 0.199 
193      193   (11)    1 :  0.208 0.202 0.199 0.193 0.197 
194      194    (0)    1 :  0.200 0.202 0.198 0.200 0.200 
195      195   (22)    1 :  0.196 0.202 0.208 0.198 0.198 
196      196    (0)    1 :  0.199 0.206 0.194 0.200 0.200 
197      197    (0)    1 :  0.198 0.204 0.198 0.203 0.197 
198      198   (11)    1 :  0.200 0.196 0.195 0.201 0.207 
199      199    (0)    1 :  0.206 0.199 0.201 0.196 0.197 
200      200    (0)    1 :  0.196 0.200 0.207 0.201 0.196 
201      201   (11)    1 :  0.207 0.209 0.193 0.192 0.200 
202      202   (11)    1 :  0.199 0.203 0.196 0.197 0.205 
203      203    (0)    1 :  0.198 0.204 0.198 0.203 0.198 
204      204    (0)    1 :  0.201 0.197 0.204 0.202 0.197 
205      205    (0)    1 :  0.203 0.199 0.196 0.198 0.204 
206      206    (0)    1 :  0.203 0.197 0.198 0.201 0.201 
207      207    (0)    1 :  0.202 0.196 0.197 0.204 0.201 
208      208   (11)    1 :  0.198 0.202 0.209 0.194 0.197 
209      209    (0)    1 :  0.195 0.203 0.200 0.201 0.200 
210      210    (0)    1 :  0.201 0.193 0.205 0.202 0.199 
211      211   (11)    1 :  0.189 0.189 0.238 0.193 0.190 
212      212   (11)    1 :  0.205 0.209 0.192 0.196 0.197 
213      213    (0)    1 :  0.197 0.197 0.208 0.202 0.195 
214      214    (0)    1 :  0.198 0.203 0.208 0.201 0.190 
215      215    (0)    1 :  0.196 0.199 0.203 0.204 0.197 
216      216    (0)    1 :  0.204 0.206 0.191 0.200 0.200 
217      217   (11)    1 :  0.190 0.201 0.206 0.204 0.199 
218      218    (0)    1 :  0.196 0.197 0.199 0.205 0.203 
219      219    (0)    1 :  0.202 0.196 0.213 0.193 0.197 
220      220    (0)    1 :  0.205 0.193 0.209 0.197 0.196 
221      221    (0)    1 :  0.201 0.201 0.207 0.197 0.194 
222      222    (0)    1 :  0.200 0.197 0.198 0.200 0.204 
223      223    (0)    1 :  0.205 0.197 0.199 0.197 0.203 
224      224    (0)    1 :  0.198 0.198 0.198 0.203 0.203 
225      225    (0)    1 :  0.198 0.199 0.196 0.202 0.204 
226      226   (55)    1 :  0.202 0.197 0.202 0.199 0.200 
227      227   (11)    1 :  0.201 0.198 0.204 0.198 0.199 
228      228    (0)    1 :  0.204 0.201 0.200 0.196 0.199 
229      229   (22)    1 :  0.200 0.207 0.192 0.202 0.200 
230      230    (0)    1 :  0.206 0.204 0.193 0.196 0.201 
231      231    (0)    1 :  0.195 0.216 0.191 0.200 0.198 
232      232    (0)    1 :  0.196 0.207 0.193 0.201 0.203 
233      233    (0)    1 :  0.202 0.203 0.200 0.199 0.196 
234      234   (11)    1 :  0.200 0.205 0.193 0.201 0.202 
235      235    (0)    1 :  0.198 0.211 0.188 0.200 0.203 
236      236    (0)    1 :  0.198 0.199 0.203 0.205 0.194 
237      237    (0)    1 :  0.201 0.213 0.189 0.197 0.200 
238      238    (0)    1 :  0.198 0.204 0.202 0.199 0.196 
239      239    (0)    1 :  0.200 0.201 0.194 0.203 0.202 
240      240    (0)    1 :  0.195 0.199 0.200 0.202 0.204 
241      241    (0)    1 :  0.194 0.208 0.190 0.205 0.203 
242      242    (0)    1 :  0.195 0.204 0.195 0.205 0.201 
243      243    (0)    1 :  0.201 0.194 0.199 0.204 0.202 
244      244    (0)    1 :  0.200 0.200 0.201 0.199 0.200 
245      245    (0)    1 :  0.200 0.200 0.197 0.201 0.203 
246      246    (0)    1 :  0.206 0.197 0.196 0.203 0.198 
247      247    (0)    1 :  0.195 0.198 0.203 0.203 0.201 
248      248    (0)    1 :  0.204 0.208 0.193 0.196 0.199 
249      249    (0)    1 :  0.202 0.197 0.204 0.195 0.202 
250      250    (0)    1 :  0.197 0.203 0.193 0.204 0.204 
251      251   (11)    1 :  0.202 0.202 0.194 0.198 0.203 
252      252    (0)    1 :  0.197 0.196 0.204 0.203 0.200 
253      253    (0)    1 :  0.206 0.199 0.203 0.197 0.195 
254      254   (22)    1 :  0.198 0.204 0.194 0.202 0.202 
255      255    (0)    1 :  0.208 0.193 0.200 0.197 0.201 
256      256    (0)    1 :  0.202 0.199 0.199 0.197 0.203 
257      257    (0)    1 :  0.194 0.195 0.218 0.194 0.199 
258      258    (0)    1 :  0.207 0.193 0.203 0.197 0.200 
259      259    (0)    1 :  0.200 0.196 0.207 0.202 0.195 
260      260    (0)    1 :  0.203 0.193 0.205 0.196 0.202 
261      261    (0)    1 :  0.196 0.200 0.197 0.206 0.201 
262      262    (0)    1 :  0.197 0.198 0.206 0.201 0.197 
263      263    (0)    1 :  0.202 0.209 0.189 0.201 0.199 
264      264    (0)    1 :  0.194 0.203 0.202 0.201 0.201 
265      265    (0)    1 :  0.199 0.204 0.197 0.199 0.201 
266      266    (0)    1 :  0.203 0.201 0.195 0.199 0.203 
267      267   (11)    1 :  0.197 0.200 0.203 0.201 0.199 
268      268    (0)    1 :  0.204 0.194 0.207 0.199 0.196 
269      269    (0)    1 :  0.195 0.194 0.219 0.198 0.195 
270      270    (0)    1 :  0.195 0.201 0.200 0.200 0.204 
271      271    (0)    1 :  0.200 0.208 0.193 0.198 0.201 
272      272    (0)    1 :  0.197 0.200 0.201 0.203 0.199 
273      273    (0)    1 :  0.203 0.206 0.193 0.193 0.205 
274      274    (0)    1 :  0.204 0.201 0.197 0.199 0.199 
275      275   (11)    1 :  0.199 0.197 0.216 0.193 0.195 
276      276    (0)    1 :  0.194 0.196 0.199 0.202 0.208 
277      277    (0)    1 :  0.203 0.201 0.195 0.201 0.201 
278      278    (0)    1 :  0.201 0.194 0.207 0.198 0.199 
279      279    (0)    1 :  0.202 0.199 0.195 0.199 0.204 
280      280    (0)    1 :  0.202 0.196 0.203 0.196 0.204 
281      281    (0)    1 :  0.196 0.215 0.189 0.196 0.204 
282      282    (0)    1 :  0.204 0.201 0.190 0.200 0.205 
283      283    (0)    1 :  0.201 0.201 0.196 0.202 0.200 
284      284    (0)    1 :  0.202 0.205 0.190 0.204 0.199 
285      285    (0)    1 :  0.204 0.207 0.191 0.194 0.204 
286      286    (0)    1 :  0.201 0.197 0.205 0.201 0.196 
287      287    (0)    1 :  0.196 0.208 0.192 0.201 0.202 
288      288    (0)    1 :  0.201 0.206 0.191 0.202 0.200 
289      289    (0)    1 :  0.194 0.215 0.191 0.203 0.198 
290      290    (0)    1 :  0.200 0.201 0.194 0.204 0.202 
291      291    (0)    1 :  0.195 0.199 0.205 0.200 0.201 
292      292   (11)    1 :  0.198 0.207 0.193 0.199 0.202 
293      293    (0)    1 :  0.200 0.207 0.193 0.200 0.200 
294      294   (11)    1 :  0.196 0.204 0.196 0.200 0.204 
295      295   (11)    1 :  0.195 0.203 0.210 0.200 0.193 
296      296   (11)    1 :  0.199 0.195 0.209 0.200 0.197 
297      297   (11)    1 :  0.202 0.200 0.198 0.200 0.200 
298      298   (11)    1 :  0.201 0.207 0.199 0.199 0.193 
299      299   (11)    1 :  0.203 0.199 0.199 0.199 0.200 
300      300   (11)    1 :  0.196 0.194 0.214 0.196 0.200 
301      301   (11)    1 :  0.201 0.198 0.199 0.200 0.200 
302      302   (11)    1 :  0.199 0.198 0.204 0.202 0.197 
303      303    (0)    1 :  0.200 0.195 0.202 0.201 0.201 
304      304    (0)    1 :  0.198 0.199 0.198 0.203 0.202 
305      305    (0)    1 :  0.198 0.200 0.197 0.201 0.204 
306      306    (0)    1 :  0.203 0.196 0.201 0.197 0.202 
307      307    (0)    1 :  0.204 0.200 0.199 0.197 0.200 
308      308    (0)    1 :  0.202 0.205 0.196 0.200 0.198 
309      309    (0)    1 :  0.200 0.211 0.190 0.196 0.202 
310      310    (0)    1 :  0.203 0.201 0.196 0.202 0.198 
311      311    (0)    1 :  0.202 0.197 0.197 0.201 0.203 
312      312    (0)    1 :  0.204 0.202 0.189 0.200 0.204 
313      313    (0)    1 :  0.203 0.195 0.204 0.202 0.196 
314      314    (0)    1 :  0.200 0.204 0.196 0.204 0.196 
315      315    (0)    1 :  0.198 0.203 0.201 0.200 0.198 
316      316    (0)    1 :  0.197 0.195 0.206 0.205 0.196 
317      317    (0)    1 :  0.198 0.200 0.199 0.203 0.200 
318      318    (0)    1 :  0.201 0.212 0.192 0.198 0.197 
319      319    (0)    1 :  0.205 0.192 0.211 0.203 0.189 
320      320    (0)    1 :  0.197 0.203 0.199 0.204 0.197 
321      321    (0)    1 :  0.201 0.199 0.203 0.199 0.199 
322      322    (0)    1 :  0.200 0.210 0.190 0.200 0.201 
323      323    (0)    1 :  0.199 0.197 0.197 0.205 0.201 
324      324    (0)    1 :  0.200 0.193 0.215 0.204 0.188 
325      325    (0)    1 :  0.200 0.203 0.197 0.202 0.198 
326      326    (0)    1 :  0.202 0.198 0.209 0.201 0.190 
327      327    (0)    1 :  0.199 0.199 0.197 0.201 0.204 
328      328    (0)    1 :  0.197 0.208 0.201 0.199 0.194 
329      329    (0)    1 :  0.203 0.205 0.196 0.202 0.194 
330      330    (0)    1 :  0.198 0.199 0.197 0.204 0.203 
331      331    (0)    1 :  0.202 0.195 0.207 0.197 0.199 
332      332    (0)    1 :  0.201 0.198 0.202 0.199 0.200 
333      333    (0)    1 :  0.199 0.196 0.195 0.208 0.202 
334      334    (0)    1 :  0.197 0.207 0.197 0.202 0.197 
335      335    (0)    1 :  0.200 0.212 0.188 0.198 0.202 
336      336    (0)    1 :  0.200 0.197 0.196 0.200 0.208 
337      337    (0)    1 :  0.199 0.203 0.205 0.198 0.196 
338      338    (0)    1 :  0.209 0.198 0.201 0.195 0.196 
339      339    (0)    1 :  0.195 0.201 0.197 0.205 0.202 
340      340    (0)    1 :  0.204 0.199 0.201 0.197 0.199 
341      341    (0)    1 :  0.197 0.197 0.206 0.199 0.201 
342      342    (0)    1 :  0.196 0.202 0.200 0.199 0.203 
343      343    (0)    1 :  0.201 0.203 0.193 0.199 0.204 
344      344    (0)    1 :  0.201 0.205 0.203 0.195 0.197 
345      345    (0)    1 :  0.206 0.200 0.203 0.194 0.197 
346      346    (0)    1 :  0.199 0.197 0.201 0.202 0.201 
347      347    (0)    1 :  0.200 0.196 0.202 0.201 0.201 
348      348    (0)    1 :  0.205 0.199 0.196 0.199 0.200 
349      349    (0)    1 :  0.201 0.199 0.200 0.198 0.203 
350      350    (0)    1 :  0.197 0.196 0.200 0.204 0.202 
351      351    (0)    1 :  0.202 0.196 0.202 0.198 0.203 
352      352   (11)    1 :  0.202 0.207 0.192 0.199 0.200 
353      353    (0)    1 :  0.205 0.200 0.195 0.203 0.196 
354      354    (0)    1 :  0.200 0.199 0.197 0.203 0.200 
355      355    (0)    1 :  0.198 0.204 0.194 0.201 0.204 
356      356    (0)    1 :  0.199 0.200 0.199 0.199 0.203 
357      357   (11)    1 :  0.200 0.194 0.213 0.199 0.194 
358      358    (0)    1 :  0.201 0.199 0.199 0.200 0.200 
359      359    (0)    1 :  0.201 0.191 0.213 0.200 0.195 
360      360    (0)    1 :  0.203 0.208 0.189 0.198 0.202 
361      361    (0)    1 :  0.193 0.199 0.233 0.190 0.185 
362      362    (0)    1 :  0.194 0.197 0.207 0.205 0.196 
363      363    (0)    1 :  0.197 0.201 0.196 0.203 0.204 
364      364    (0)    1 :  0.200 0.202 0.194 0.201 0.203 
365      365    (0)    1 :  0.202 0.201 0.204 0.199 0.194 
366      366    (0)    1 :  0.197 0.198 0.198 0.204 0.203 
367      367    (0)    1 :  0.201 0.201 0.196 0.200 0.202 
368      368    (0)    1 :  0.201 0.214 0.188 0.197 0.200 
369      369    (0)    1 :  0.198 0.199 0.202 0.199 0.202 
370      370   (11)    1 :  0.204 0.197 0.198 0.200 0.202 
371      371    (0)    1 :  0.202 0.196 0.202 0.201 0.200 
372      372    (0)    1 :  0.196 0.200 0.198 0.204 0.202 
373      373    (0)    1 :  0.194 0.201 0.199 0.203 0.203 
374      374   (11)    1 :  0.205 0.199 0.200 0.197 0.199 
375      375    (0)    1 :  0.199 0.201 0.199 0.203 0.199 
376      376    (0)    1 :  0.197 0.207 0.193 0.202 0.202 
377      377   (11)    1 :  0.199 0.200 0.203 0.203 0.194 
378      378    (0)    1 :  0.194 0.199 0.194 0.207 0.206 
379      379    (0)    1 :  0.202 0.205 0.195 0.200 0.198 
380      380    (0)    1 :  0.202 0.213 0.188 0.195 0.203 
381      381    (0)    1 :  0.195 0.202 0.204 0.198 0.202 
382      382    (0)    1 :  0.202 0.193 0.198 0.198 0.209 
383      383    (0)    1 :  0.202 0.195 0.199 0.198 0.206 
384      384   (11)    1 :  0.198 0.198 0.199 0.200 0.205 
385      385    (0)    1 :  0.205 0.194 0.209 0.193 0.198 
386      386    (0)    1 :  0.197 0.198 0.201 0.201 0.202 
387      387    (0)    1 :  0.198 0.197 0.202 0.203 0.200 
388      388    (0)    1 :  0.199 0.208 0.191 0.197 0.204 
389      389    (0)    1 :  0.204 0.198 0.195 0.198 0.205 
390      390    (0)    1 :  0.198 0.191 0.213 0.200 0.198 
391      391    (0)    1 :  0.197 0.201 0.202 0.201 0.199 
392      392   (11)    1 :  0.206 0.202 0.198 0.194 0.200 
393      393    (0)    1 :  0.199 0.203 0.191 0.206 0.200 
394      394   (11)    1 :  0.203 0.199 0.200 0.197 0.201 
395      395    (0)    1 :  0.202 0.202 0.201 0.194 0.201 
396      396   (11)    1 :  0.201 0.199 0.200 0.197 0.203 
397      397   (22)    1 :  0.202 0.198 0.200 0.201 0.200 
398      398    (0)    1 :  0.199 0.199 0.204 0.200 0.197 
399      399    (0)    1 :  0.201 0.207 0.193 0.198 0.201 
400      400    (0)    1 :  0.200 0.206 0.194 0.196 0.204 
401      401    (0)    1 :  0.206 0.197 0.205 0.198 0.195 
402      402    (0)    1 :  0.201 0.205 0.198 0.199 0.197 
403      403    (0)    1 :  0.198 0.203 0.191 0.203 0.205 
404      404   (11)    1 :  0.199 0.197 0.195 0.203 0.207 
405      405    (0)    1 :  0.202 0.194 0.202 0.199 0.203 
406      406    (0)    1 :  0.193 0.196 0.199 0.208 0.205 
407      407    (0)    1 :  0.204 0.196 0.203 0.201 0.196 
408      408    (0)    1 :  0.201 0.201 0.197 0.200 0.201 
409      409    (0)    1 :  0.200 0.196 0.202 0.199 0.204 
410      410    (0)    1 :  0.197 0.201 0.202 0.201 0.199 
411      411    (0)    1 :  0.197 0.195 0.218 0.199 0.191 
412      412    (0)    1 :  0.201 0.198 0.199 0.199 0.203 
413      413    (0)    1 :  0.209 0.196 0.197 0.195 0.203 
414      414    (0)    1 :  0.207 0.214 0.186 0.190 0.202 
415      415    (0)    1 :  0.200 0.203 0.193 0.200 0.205 
416      416    (0)    1 :  0.196 0.205 0.193 0.201 0.205 
417      417    (0)    1 :  0.203 0.200 0.196 0.199 0.203 
418      418    (0)    1 :  0.206 0.203 0.191 0.201 0.199 
419      419    (0)    1 :  0.204 0.202 0.193 0.201 0.199 
420      420    (0)    1 :  0.201 0.199 0.195 0.202 0.203 
421      421    (0)    1 :  0.201 0.197 0.204 0.204 0.194 
422      422    (0)    1 :  0.197 0.197 0.203 0.206 0.197 
423      423    (0)    1 :  0.199 0.197 0.206 0.199 0.200 
424      424   (11)    1 :  0.199 0.202 0.193 0.197 0.208 
425      425    (0)    1 :  0.203 0.207 0.190 0.198 0.203 
426      426   (11)    1 :  0.208 0.196 0.201 0.198 0.197 
427      427    (0)    1 :  0.201 0.198 0.193 0.202 0.205 
428      428    (0)    1 :  0.205 0.198 0.199 0.195 0.203 
429      429    (0)    1 :  0.197 0.202 0.195 0.200 0.206 
430      430    (0)    1 :  0.203 0.207 0.192 0.198 0.200 
431      431    (0)    1 :  0.202 0.200 0.201 0.194 0.203 
432      432    (0)    1 :  0.197 0.205 0.193 0.198 0.207 
433      433    (0)    1 :  0.199 0.211 0.193 0.196 0.200 
434      434    (0)    1 :  0.205 0.194 0.205 0.197 0.199 
435      435   (22)    1 :  0.196 0.204 0.197 0.199 0.204 
436      436    (0)    1 :  0.195 0.197 0.202 0.206 0.201 
437      437   (11)    1 :  0.198 0.197 0.204 0.202 0.198 
438      438    (0)    1 :  0.199 0.199 0.206 0.196 0.201 
439      439    (0)    1 :  0.199 0.202 0.193 0.204 0.201 
440      440    (0)    1 :  0.203 0.202 0.194 0.202 0.199 
441      441   (11)    1 :  0.194 0.204 0.200 0.202 0.200 
442      442    (0)    1 :  0.199 0.198 0.204 0.201 0.199 
443      443    (0)    1 :  0.199 0.197 0.194 0.203 0.207 
444      444    (0)    1 :  0.201 0.201 0.203 0.198 0.196 
445      445    (0)    1 :  0.197 0.201 0.200 0.200 0.202 
446      446    (0)    1 :  0.201 0.202 0.197 0.196 0.205 
447      447   (11)    1 :  0.200 0.207 0.195 0.200 0.199 
448      448    (0)    1 :  0.198 0.202 0.195 0.200 0.205 
449      449    (0)    1 :  0.203 0.198 0.199 0.202 0.198 
450      450    (0)    1 :  0.201 0.204 0.194 0.198 0.203 
451      451   (11)    1 :  0.204 0.202 0.194 0.198 0.202 
452      452   (11)    1 :  0.194 0.201 0.200 0.205 0.201 
453      453    (0)    1 :  0.198 0.194 0.209 0.201 0.197 
454      454    (0)    1 :  0.199 0.201 0.197 0.202 0.201 
455      455    (0)    1 :  0.200 0.201 0.199 0.198 0.201 
456      456    (0)    1 :  0.198 0.202 0.193 0.202 0.205 
457      457    (0)    1 :  0.199 0.194 0.201 0.203 0.204 
458      458    (0)    1 :  0.199 0.198 0.198 0.204 0.202 
459      459   (11)    1 :  0.202 0.212 0.190 0.195 0.201 
460      460   (11)    1 :  0.201 0.202 0.195 0.201 0.202 
461      461    (0)    1 :  0.197 0.205 0.196 0.202 0.200 
462      462    (0)    1 :  0.196 0.196 0.201 0.206 0.201 
463      463   (22)    1 :  0.195 0.200 0.203 0.203 0.200 
464      464    (0)    1 :  0.202 0.196 0.201 0.203 0.198 
465      465   (11)    1 :  0.203 0.193 0.212 0.198 0.194 
466      466   (22)    1 :  0.203 0.196 0.202 0.201 0.198 
467      467    (0)    1 :  0.202 0.203 0.199 0.199 0.197 
468      468   (22)    1 :  0.199 0.203 0.193 0.199 0.207 
469      469   (11)    1 :  0.206 0.199 0.201 0.193 0.201 
470      470    (0)    1 :  0.196 0.207 0.194 0.204 0.199 
471      471    (0)    1 :  0.201 0.201 0.190 0.206 0.202 
472      472   (11)    1 :  0.200 0.202 0.199 0.198 0.201 
473      473    (0)    1 :  0.200 0.190 0.212 0.201 0.197 
474      474   (11)    1 :  0.198 0.196 0.201 0.202 0.203 
475      475    (0)    1 :  0.203 0.197 0.203 0.200 0.197 
476      476    (0)    1 :  0.199 0.197 0.207 0.199 0.198 
477      477    (0)    1 :  0.193 0.199 0.199 0.207 0.202 
478      478    (0)    1 :  0.201 0.204 0.194 0.200 0.201 
479      479    (0)    1 :  0.197 0.207 0.195 0.200 0.201 
480      480   (11)    1 :  0.201 0.196 0.200 0.204 0.200 
481      481    (0)    1 :  0.197 0.202 0.205 0.200 0.197 
482      482    (0)    1 :  0.197 0.204 0.192 0.201 0.206 
483      483   (11)    1 :  0.201 0.192 0.206 0.201 0.199 
484      484    (0)    1 :  0.197 0.198 0.203 0.202 0.200 
485      485    (0)    1 :  0.198 0.201 0.198 0.204 0.199 
486      486   (11)    1 :  0.203 0.197 0.195 0.199 0.205 
487      487   (11)    1 :  0.195 0.190 0.214 0.203 0.197 
488      488    (0)    1 :  0.197 0.195 0.205 0.204 0.199 
489      489    (0)    1 :  0.202 0.199 0.212 0.193 0.195 
490      490    (0)    1 :  0.202 0.202 0.199 0.201 0.197 
491      491    (0)    1 :  0.198 0.198 0.196 0.204 0.204 
492      492    (0)    1 :  0.198 0.203 0.198 0.202 0.200 
493      493    (0)    1 :  0.199 0.199 0.198 0.201 0.203 
494      494    (0)    1 :  0.197 0.202 0.200 0.197 0.204 
495      495    (0)    1 :  0.196 0.196 0.209 0.203 0.196 
496      496    (0)    1 :  0.194 0.204 0.202 0.204 0.196 
497      497    (0)    1 :  0.195 0.203 0.202 0.201 0.198 
498      498    (0)    1 :  0.204 0.201 0.198 0.198 0.200 
499      499    (0)    1 :  0.200 0.198 0.201 0.198 0.203 
500      500    (0)    1 :  0.201 0.202 0.196 0.200 0.201 
501      501    (0)    1 :  0.189 0.190 0.234 0.194 0.193 
502      502    (0)    1 :  0.208 0.194 0.204 0.195 0.200 
503      503    (0)    1 :  0.195 0.194 0.220 0.198 0.192 
504      504    (0)    1 :  0.197 0.199 0.195 0.205 0.204 
505      505   (11)    1 :  0.199 0.197 0.203 0.205 0.196 
506      506    (0)    1 :  0.203 0.199 0.202 0.205 0.192 
507      507    (0)    1 :  0.198 0.193 0.208 0.201 0.200 
508      508    (0)    1 :  0.192 0.199 0.202 0.206 0.202 
509      509    (0)    1 :  0.196 0.199 0.206 0.201 0.199 
510      510    (0)    1 :  0.202 0.209 0.193 0.199 0.197 
511      511   (22)    1 :  0.195 0.201 0.202 0.203 0.198 
512      512    (0)    1 :  0.199 0.193 0.204 0.202 0.202 
513      513    (0)    1 :  0.202 0.200 0.198 0.200 0.200 
514      514    (0)    1 :  0.194 0.208 0.192 0.201 0.205 
515      515   (11)    1 :  0.203 0.200 0.201 0.196 0.201 
516      516   (22)    1 :  0.206 0.197 0.197 0.197 0.203 
517      517   (11)    1 :  0.196 0.201 0.197 0.203 0.202 
518      518   (11)    1 :  0.197 0.201 0.201 0.202 0.199 
519      519    (0)    1 :  0.205 0.201 0.202 0.195 0.196 
520      520   (11)    1 :  0.196 0.201 0.202 0.203 0.198 
521      521   (11)    1 :  0.203 0.194 0.216 0.197 0.191 
522      522    (0)    1 :  0.204 0.197 0.199 0.196 0.204 
523      523    (0)    1 :  0.203 0.202 0.198 0.199 0.199 
524      524    (0)    1 :  0.196 0.195 0.207 0.204 0.198 
525      525    (0)    1 :  0.201 0.205 0.205 0.194 0.196 
526      526   (11)    1 :  0.197 0.197 0.205 0.202 0.199 
527      527   (11)    1 :  0.195 0.197 0.206 0.206 0.196 
528      528    (0)    1 :  0.195 0.195 0.197 0.208 0.205 
529      529    (0)    1 :  0.199 0.199 0.200 0.202 0.199 
530      530   (11)    1 :  0.197 0.208 0.195 0.201 0.199 
531      531    (0)    1 :  0.194 0.206 0.194 0.202 0.204 
532      532   (11)    1 :  0.200 0.199 0.203 0.199 0.200 
533      533    (0)    1 :  0.202 0.203 0.200 0.198 0.197 
534      534   (11)    1 :  0.201 0.201 0.196 0.198 0.205 
535      535    (0)    1 :  0.205 0.195 0.203 0.195 0.202 
536      536    (0)    1 :  0.201 0.211 0.191 0.200 0.197 
537      537    (0)    1 :  0.203 0.197 0.203 0.195 0.202 
538      538    (0)    1 :  0.200 0.203 0.193 0.201 0.202 
539      539   (11)    1 :  0.203 0.200 0.197 0.200 0.200 
540      540    (0)    1 :  0.211 0.192 0.205 0.197 0.195 
541      541   (11)    1 :  0.197 0.213 0.192 0.198 0.200 
542      542    (0)    1 :  0.201 0.203 0.199 0.199 0.198 
543      543   (11)    1 :  0.208 0.198 0.207 0.196 0.191 
544      544    (0)    1 :  0.199 0.195 0.202 0.203 0.202 
545      545    (0)    1 :  0.201 0.198 0.200 0.202 0.200 
546      546   (11)    1 :  0.199 0.193 0.202 0.202 0.203 
547      547    (0)    1 :  0.203 0.193 0.206 0.200 0.197 
548      548    (0)    1 :  0.198 0.197 0.198 0.202 0.205 
549      549    (0)    1 :  0.201 0.200 0.197 0.203 0.199 
550      550    (0)    1 :  0.199 0.201 0.200 0.199 0.201 
551      551    (0)    1 :  0.202 0.194 0.215 0.195 0.194 
552      552    (0)    1 :  0.200 0.202 0.201 0.203 0.194 
553      553    (0)    1 :  0.202 0.190 0.212 0.201 0.195 
554      554    (0)    1 :  0.197 0.203 0.195 0.201 0.204 
555      555   (11)    1 :  0.201 0.199 0.199 0.201 0.200 
556      556    (0)    1 :  0.199 0.199 0.198 0.198 0.205 
557      557    (0)    1 :  0.195 0.195 0.203 0.201 0.205 
558      558   (11)    1 :  0.199 0.195 0.203 0.203 0.200 
559      559    (0)    1 :  0.203 0.198 0.200 0.197 0.202 
560      560    (0)    1 :  0.202 0.200 0.201 0.203 0.195 
561      561    (0)    1 :  0.206 0.200 0.198 0.200 0.196 
562      562   (11)    1 :  0.201 0.195 0.194 0.204 0.205 
563      563    (0)    1 :  0.197 0.196 0.195 0.208 0.204 
564      564    (0)    1 :  0.198 0.199 0.195 0.203 0.204 
565      565    (0)    1 :  0.206 0.199 0.204 0.198 0.193 
566      566    (0)    1 :  0.204 0.209 0.188 0.193 0.206 
567      567    (0)    1 :  0.203 0.201 0.192 0.201 0.203 
568      568    (0)    1 :  0.206 0.196 0.212 0.194 0.192 
569      569    (0)    1 :  0.202 0.205 0.195 0.197 0.201 
570      570    (0)    1 :  0.192 0.192 0.225 0.196 0.195 
571      571    (0)    1 :  0.199 0.211 0.189 0.198 0.204 
572      572    (0)    1 :  0.201 0.196 0.194 0.206 0.203 
573      573   (22)    1 :  0.197 0.197 0.207 0.196 0.203 
574      574   (11)    1 :  0.204 0.201 0.201 0.197 0.197 
575      575    (0)    1 :  0.193 0.204 0.204 0.199 0.199 
576      576    (0)    1 :  0.202 0.197 0.204 0.199 0.198 
577      577    (0)    1 :  0.197 0.195 0.205 0.202 0.201 
578      578   (11)    1 :  0.199 0.198 0.206 0.200 0.196 
579      579    (0)    1 :  0.208 0.199 0.206 0.193 0.194 
580      580    (0)    1 :  0.209 0.211 0.187 0.195 0.198 
581      581   (11)    1 :  0.203 0.198 0.205 0.197 0.197 
582      582    (0)    1 :  0.202 0.200 0.196 0.201 0.202 
583      583    (0)    1 :  0.199 0.208 0.192 0.199 0.203 
584      584    (0)    1 :  0.197 0.198 0.207 0.197 0.201 
585      585    (0)    1 :  0.201 0.213 0.188 0.196 0.202 
586      586    (0)    1 :  0.199 0.199 0.196 0.204 0.203 
587      587    (0)    1 :  0.193 0.213 0.191 0.202 0.202 
588      588   (11)    1 :  0.199 0.200 0.200 0.200 0.200 
589      589    (0)    1 :  0.205 0.207 0.193 0.201 0.195 
590      590    (0)    1 :  0.207 0.199 0.189 0.205 0.200 
591      591    (0)    1 :  0.205 0.199 0.197 0.196 0.202 
592      592   (11)    1 :  0.196 0.211 0.192 0.196 0.204 
593      593    (0)    1 :  0.203 0.201 0.198 0.199 0.200 
594      594    (0)    1 :  0.203 0.197 0.200 0.198 0.201 
595      595   (11)    1 :  0.202 0.199 0.197 0.200 0.201 
596      596   (11)    1 :  0.199 0.200 0.208 0.198 0.195 
597      597   (66)    1 :  0.200 0.198 0.204 0.201 0.196 
598      598    (0)    1 :  0.203 0.217 0.184 0.191 0.205 
599      599   (11)    1 :  0.198 0.202 0.204 0.203 0.194 
600      600   (11)    1 :  0.202 0.198 0.200 0.196 0.204 
601      601    (0)    1 :  0.195 0.195 0.206 0.204 0.201 
602      602    (0)    1 :  0.208 0.200 0.202 0.192 0.197 
603      603   (22)    1 :  0.195 0.203 0.197 0.201 0.204 
604      604   (11)    1 :  0.194 0.197 0.206 0.201 0.202 
605      605    (0)    1 :  0.202 0.196 0.207 0.198 0.197 
606      606   (11)    1 :  0.198 0.200 0.200 0.198 0.204 
607      607   (11)    1 :  0.201 0.192 0.206 0.200 0.200 
608      608    (0)    1 :  0.197 0.197 0.207 0.199 0.200 
609      609   (11)    1 :  0.197 0.201 0.200 0.199 0.203 
610      610    (0)    1 :  0.201 0.204 0.196 0.198 0.201 
611      611    (0)    1 :  0.192 0.195 0.207 0.205 0.200 
612      612   (11)    1 :  0.201 0.202 0.197 0.198 0.202 
613      613   (11)    1 :  0.200 0.201 0.194 0.200 0.205 
614      614    (0)    1 :  0.194 0.201 0.201 0.201 0.203 
615      615   (11)    1 :  0.197 0.200 0.198 0.200 0.205 
616      616    (0)    1 :  0.196 0.203 0.192 0.202 0.206 
617      617   (55)    1 :  0.202 0.198 0.199 0.200 0.202 
618      618   (11)    1 :  0.200 0.197 0.204 0.198 0.201 
619      619   (11)    1 :  0.203 0.197 0.209 0.197 0.195 
620      620   (11)    1 :  0.200 0.199 0.203 0.200 0.199 
621      621   (11)    1 :  0.204 0.197 0.199 0.202 0.198 
622      622   (22)    1 :  0.202 0.195 0.214 0.193 0.197 
623      623    (0)    1 :  0.193 0.206 0.199 0.200 0.201 
624      624    (0)    1 :  0.206 0.197 0.202 0.195 0.200 
625      625   (11)    1 :  0.199 0.209 0.196 0.197 0.198 
626      626    (0)    1 :  0.208 0.210 0.191 0.193 0.198 
627      627    (0)    1 :  0.207 0.197 0.207 0.198 0.192 
628      628   (33)    1 :  0.195 0.198 0.203 0.200 0.204 
629      629   (33)    1 :  0.203 0.202 0.199 0.198 0.198 
630      630   (11)    1 :  0.199 0.199 0.200 0.203 0.199 
631      631   (11)    1 :  0.199 0.194 0.209 0.197 0.201 
632      632    (0)    1 :  0.202 0.207 0.192 0.195 0.205 
633      633    (0)    1 :  0.200 0.198 0.190 0.206 0.206 
634      634   (55)    1 :  0.199 0.205 0.197 0.201 0.198 
635      635   (22)    1 :  0.197 0.194 0.216 0.198 0.195 
636      636   (11)    1 :  0.207 0.195 0.198 0.197 0.203 
637      637   (11)    1 :  0.198 0.207 0.195 0.198 0.202 
638      638    (0)    1 :  0.199 0.202 0.198 0.199 0.202 
639      639   (55)    1 :  0.201 0.198 0.197 0.204 0.200 
640      640   (22)    1 :  0.205 0.205 0.196 0.196 0.197 
641      641   (11)    1 :  0.202 0.202 0.203 0.197 0.196 
642      642   (11)    1 :  0.202 0.201 0.201 0.198 0.199 
643      643    (0)    1 :  0.201 0.205 0.195 0.198 0.200 
644      644    (0)    1 :  0.206 0.197 0.200 0.200 0.197 
645      645   (11)    1 :  0.200 0.199 0.203 0.198 0.201 
646      646    (0)    1 :  0.198 0.201 0.203 0.202 0.196 
647      647    (0)    1 :  0.200 0.198 0.207 0.199 0.196 
648      648    (0)    1 :  0.203 0.195 0.199 0.198 0.206 
649      649    (0)    1 :  0.201 0.200 0.196 0.205 0.198 
650      650   (11)    1 :  0.200 0.195 0.200 0.204 0.202 
651      651    (0)    1 :  0.206 0.200 0.197 0.193 0.204 
652      652    (0)    1 :  0.199 0.198 0.199 0.202 0.202 
653      653    (0)    1 :  0.202 0.200 0.200 0.196 0.201 
654      654    (0)    1 :  0.203 0.205 0.195 0.197 0.200 
655      655    (0)    1 :  0.195 0.206 0.198 0.198 0.202 
656      656    (0)    1 :  0.199 0.197 0.205 0.197 0.202 
657      657    (0)    1 :  0.201 0.197 0.203 0.201 0.199 
658      658   (11)    1 :  0.196 0.201 0.202 0.203 0.197 
659      659   (22)    1 :  0.197 0.206 0.197 0.200 0.200 
660      660   (22)    1 :  0.197 0.199 0.201 0.201 0.203 
661      661    (0)    1 :  0.198 0.199 0.199 0.203 0.201 
662      662    (0)    1 :  0.197 0.194 0.208 0.202 0.198 
663      663   (11)    1 :  0.205 0.202 0.200 0.191 0.202 
664      664   (22)    1 :  0.199 0.206 0.191 0.202 0.201 
665      665    (0)    1 :  0.201 0.206 0.196 0.196 0.201 
666      666   (33)    1 :  0.195 0.198 0.201 0.204 0.202 
667      667   (88)    1 :  0.199 0.203 0.199 0.200 0.199 
668      668    (0)    1 :  0.199 0.199 0.208 0.196 0.197 
669      669    (0)    1 :  0.196 0.198 0.195 0.205 0.206 
670      670   (22)    1 :  0.197 0.197 0.202 0.204 0.200 
671      671   (22)    1 :  0.200 0.188 0.214 0.200 0.198 
672      672    (0)    1 :  0.209 0.198 0.194 0.196 0.204 
673      673    (0)    1 :  0.202 0.196 0.204 0.195 0.204 
674      674   (44)    1 :  0.202 0.206 0.192 0.202 0.198 
675      675    (0)    1 :  0.197 0.198 0.218 0.194 0.194 
676      676   (11)    1 :  0.203 0.197 0.202 0.199 0.200 
677      677   (11)    1 :  0.202 0.205 0.195 0.202 0.197 
678      678    (0)    1 :  0.205 0.202 0.187 0.206 0.200 
679      679   (11)    1 :  0.198 0.199 0.208 0.197 0.198 
680      680   (33)    1 :  0.195 0.192 0.202 0.205 0.205 
681      681   (11)    1 :  0.200 0.201 0.199 0.199 0.202 
682      682    (0)    1 :  0.197 0.193 0.197 0.208 0.205 
683      683   (11)    1 :  0.199 0.202 0.196 0.200 0.202 
684      684    (0)    1 :  0.199 0.199 0.198 0.201 0.202 
685      685    (0)    1 :  0.204 0.207 0.192 0.199 0.197 
686      686   (66)    1 :  0.200 0.203 0.196 0.199 0.201 
687      687   (11)    1 :  0.203 0.203 0.197 0.198 0.198 
688      688    (0)    1 :  0.208 0.208 0.192 0.193 0.199 
689      689   (11)    1 :  0.199 0.201 0.191 0.203 0.206 
690      690    (0)    1 :  0.207 0.194 0.200 0.198 0.201 
691      691    (0)    1 :  0.199 0.204 0.196 0.201 0.200 
692      692    (0)    1 :  0.202 0.201 0.196 0.203 0.198 
693      693    (0)    1 :  0.197 0.192 0.203 0.205 0.203 
694      694   (11)    1 :  0.198 0.199 0.201 0.200 0.202 
695      695    (0)    1 :  0.207 0.194 0.211 0.197 0.190 
696      696   (11)    1 :  0.205 0.198 0.202 0.196 0.200 
697      697    (0)    1 :  0.201 0.189 0.219 0.193 0.199 
698      698   (22)    1 :  0.198 0.197 0.199 0.202 0.204 
699      699   (33)    1 :  0.203 0.199 0.206 0.198 0.193 
700      700    (0)    1 :  0.200 0.199 0.201 0.196 0.204 
701      701    (0)    1 :  0.210 0.198 0.199 0.195 0.199 
702      702   (11)    1 :  0.197 0.199 0.207 0.200 0.197 
703      703    (0)    1 :  0.199 0.191 0.207 0.202 0.200 
704      704    (0)    1 :  0.203 0.207 0.196 0.195 0.199 
705      705    (0)    1 :  0.200 0.204 0.196 0.199 0.200 
706      706    (0)    1 :  0.201 0.203 0.196 0.201 0.198 
707      707   (11)    1 :  0.196 0.201 0.193 0.204 0.206 
708      708   (11)    1 :  0.197 0.202 0.205 0.200 0.196 
709      709    (0)    1 :  0.200 0.193 0.213 0.199 0.194 
710      710   (11)    1 :  0.201 0.201 0.199 0.199 0.201 
711      711    (0)    1 :  0.197 0.199 0.199 0.206 0.199 
712      712   (22)    1 :  0.204 0.198 0.199 0.198 0.202 
713      713   (22)    1 :  0.202 0.197 0.200 0.198 0.203 
714      714    (0)    1 :  0.204 0.191 0.207 0.198 0.200 
715      715    (0)    1 :  0.202 0.201 0.195 0.201 0.201 
716      716   (33)    1 :  0.200 0.203 0.195 0.199 0.203 
717      717    (0)    1 :  0.199 0.198 0.206 0.200 0.198 
718      718   (22)    1 :  0.200 0.195 0.213 0.196 0.196 
719      719    (0)    1 :  0.202 0.202 0.190 0.201 0.205 
720      720   (11)    1 :  0.203 0.203 0.194 0.198 0.203 
721      721   (11)    1 :  0.200 0.189 0.212 0.205 0.194 
722      722    (0)    1 :  0.201 0.197 0.198 0.202 0.201 
723      723    (0)    1 :  0.200 0.190 0.211 0.199 0.200 
724      724    (0)    1 :  0.206 0.195 0.203 0.200 0.195 
725      725    (0)    1 :  0.195 0.196 0.209 0.203 0.198 
726      726   (11)    1 :  0.201 0.205 0.196 0.198 0.199 
727      727   (11)    1 :  0.204 0.196 0.202 0.198 0.200 
728      728    (0)    1 :  0.195 0.199 0.197 0.205 0.203 
729      729   (11)    1 :  0.204 0.202 0.195 0.196 0.203 
730      730   (11)    1 :  0.201 0.207 0.195 0.198 0.199 
731      731    (0)    1 :  0.200 0.192 0.212 0.200 0.196 
732      732   (11)    1 :  0.196 0.203 0.196 0.202 0.203 
733      733    (0)    1 :  0.197 0.203 0.198 0.201 0.202 
734      734    (0)    1 :  0.201 0.201 0.194 0.199 0.204 
735      735    (0)    1 :  0.194 0.196 0.201 0.201 0.208 
736      736    (0)    1 :  0.198 0.205 0.198 0.201 0.198 
737      737    (0)    1 :  0.192 0.203 0.195 0.206 0.204 
738      738    (0)    1 :  0.210 0.191 0.215 0.196 0.189 
739      739   (44)    1 :  0.197 0.199 0.200 0.203 0.200 
740      740    (0)    1 :  0.194 0.195 0.203 0.202 0.206 
741      741    (0)    1 :  0.197 0.198 0.208 0.200 0.197 
742      742   (11)    1 :  0.203 0.197 0.202 0.200 0.197 
743      743    (0)    1 :  0.201 0.201 0.197 0.202 0.199 
744      744    (0)    1 :  0.208 0.198 0.196 0.193 0.206 
745      745    (0)    1 :  0.200 0.198 0.197 0.203 0.201 
746      746    (0)    1 :  0.197 0.204 0.194 0.205 0.201 
747      747    (0)    1 :  0.201 0.207 0.193 0.196 0.203 
748      748   (11)    1 :  0.202 0.197 0.204 0.202 0.196 
749      749   (22)    1 :  0.206 0.198 0.206 0.196 0.194 
750      750    (0)    1 :  0.207 0.207 0.197 0.196 0.194 
751      751    (0)    1 :  0.199 0.195 0.208 0.195 0.203 
752      752    (0)    1 :  0.192 0.194 0.200 0.207 0.207 
753      753    (0)    1 :  0.206 0.194 0.201 0.198 0.199 
754      754    (0)    1 :  0.206 0.193 0.213 0.190 0.199 
755      755   (44)    1 :  0.199 0.201 0.200 0.199 0.201 
756      756    (0)    1 :  0.194 0.205 0.198 0.201 0.201 
757      757   (11)    1 :  0.203 0.200 0.198 0.195 0.204 
758      758   (22)    1 :  0.202 0.199 0.196 0.201 0.202 
759      759   (33)    1 :  0.200 0.202 0.200 0.197 0.201 
760      760   (55)    1 :  0.200 0.203 0.197 0.200 0.200 
761      761   (66)    1 :  0.198 0.207 0.193 0.197 0.204 
762      762   (33)    1 :  0.202 0.200 0.204 0.197 0.198 
763      763   (11)    1 :  0.202 0.200 0.199 0.203 0.196 
764      764    (0)    1 :  0.200 0.201 0.193 0.202 0.204 
765      765    (0)    1 :  0.203 0.197 0.205 0.194 0.202 
766      766    (0)    1 :  0.198 0.204 0.201 0.200 0.197 
767      767    (0)    1 :  0.196 0.198 0.201 0.201 0.204 
768      768   (22)    1 :  0.198 0.203 0.201 0.201 0.197 
769      769    (0)    1 :  0.198 0.195 0.204 0.205 0.198 
770      770    (0)    1 :  0.199 0.200 0.193 0.202 0.205 
771      771    (0)    1 :  0.194 0.194 0.199 0.205 0.208 
772      772    (0)    1 :  0.201 0.213 0.189 0.196 0.200 
773      773    (0)    1 :  0.201 0.199 0.204 0.196 0.200 
774      774    (0)    1 :  0.200 0.208 0.202 0.196 0.194 
775      775    (0)    1 :  0.201 0.199 0.193 0.204 0.203 
776      776    (0)    1 :  0.200 0.190 0.212 0.199 0.199 
777      777   (11)    1 :  0.193 0.206 0.198 0.200 0.203 
778      778    (0)    1 :  0.201 0.207 0.193 0.196 0.202 
779      779   (22)    1 :  0.204 0.203 0.188 0.202 0.203 
780      780   (11)    1 :  0.199 0.201 0.206 0.200 0.194 
781      781   (44)    1 :  0.202 0.210 0.190 0.195 0.203 
782      782    (0)    1 :  0.206 0.199 0.195 0.199 0.200 
783      783    (0)    1 :  0.194 0.199 0.209 0.198 0.201 
784      784    (0)    1 :  0.197 0.202 0.202 0.200 0.200 
785      785   (11)    1 :  0.201 0.206 0.191 0.197 0.204 
786      786    (0)    1 :  0.200 0.200 0.200 0.202 0.199 
787      787    (0)    1 :  0.197 0.200 0.198 0.203 0.202 
788      788    (0)    1 :  0.198 0.194 0.221 0.193 0.194 
789      789    (0)    1 :  0.201 0.198 0.204 0.199 0.198 
790      790    (0)    1 :  0.200 0.196 0.203 0.204 0.197 
791      791   (11)    1 :  0.199 0.198 0.197 0.201 0.204 
792      792    (0)    1 :  0.197 0.199 0.206 0.200 0.199 
793      793    (0)    1 :  0.199 0.195 0.200 0.203 0.202 
794      794    (0)    1 :  0.204 0.208 0.189 0.198 0.201 
795      795    (0)    1 :  0.197 0.201 0.200 0.203 0.199 
796      796    (0)    1 :  0.205 0.205 0.190 0.200 0.200 
797      797    (0)    1 :  0.200 0.195 0.203 0.200 0.202 
798      798    (0)    1 :  0.200 0.202 0.205 0.199 0.194 
799      799    (0)    1 :  0.198 0.197 0.209 0.200 0.196 
800      800    (0)    1 :  0.197 0.205 0.194 0.201 0.203 
801      801    (0)    1 :  0.202 0.201 0.197 0.199 0.201 
802      802    (0)    1 :  0.202 0.198 0.205 0.198 0.197 
803      803    (0)    1 :  0.203 0.203 0.195 0.197 0.203 
804      804    (0)    1 :  0.205 0.207 0.196 0.194 0.198 
805      805    (0)    1 :  0.206 0.192 0.211 0.196 0.194 
806      806    (0)    1 :  0.204 0.198 0.205 0.198 0.195 
807      807    (0)    1 :  0.197 0.203 0.194 0.203 0.204 
808      808    (0)    1 :  0.197 0.195 0.198 0.204 0.206 
809      809    (0)    1 :  0.202 0.200 0.202 0.198 0.199 
810      810    (0)    1 :  0.200 0.203 0.192 0.201 0.204 
811      811    (0)    1 :  0.199 0.200 0.194 0.200 0.207 
812      812    (0)    1 :  0.200 0.199 0.199 0.198 0.204 
813      813    (0)    1 :  0.199 0.203 0.189 0.201 0.209 
814      814    (0)    1 :  0.203 0.205 0.193 0.198 0.200 
815      815    (0)    1 :  0.200 0.203 0.205 0.196 0.196 
816      816    (0)    1 :  0.204 0.201 0.200 0.197 0.198 
817      817   (11)    1 :  0.205 0.200 0.200 0.198 0.197 
818      818    (0)    1 :  0.204 0.194 0.204 0.202 0.197 
819      819    (0)    1 :  0.202 0.200 0.202 0.199 0.197 
820      820   (11)    1 :  0.207 0.206 0.194 0.193 0.200 
821      821    (0)    1 :  0.197 0.197 0.201 0.203 0.203 
822      822    (0)    1 :  0.200 0.198 0.197 0.201 0.204 
823      823    (0)    1 :  0.197 0.204 0.195 0.201 0.202 
824      824    (0)    1 :  0.203 0.196 0.199 0.200 0.202 
825      825    (0)    1 :  0.203 0.199 0.195 0.200 0.203 
826      826    (0)    1 :  0.201 0.199 0.209 0.201 0.191 
827      827    (0)    1 :  0.197 0.199 0.197 0.200 0.206 
828      828    (0)    1 :  0.203 0.198 0.211 0.196 0.193 
829      829   (22)    1 :  0.199 0.205 0.189 0.200 0.207 
830      830    (0)    1 :  0.200 0.198 0.203 0.194 0.204 
831      831    (0)    1 :  0.204 0.200 0.198 0.195 0.203 
832      832    (0)    1 :  0.201 0.196 0.200 0.204 0.198 
833      833    (0)    1 :  0.198 0.202 0.196 0.201 0.203 
834      834   (22)    1 :  0.197 0.211 0.189 0.202 0.202 
835      835   (11)    1 :  0.205 0.196 0.198 0.200 0.201 
836      836    (0)    1 :  0.195 0.207 0.196 0.202 0.200 
837      837    (0)    1 :  0.202 0.200 0.196 0.202 0.201 
838      838   (33)    1 :  0.202 0.209 0.193 0.200 0.196 
839      839    (0)    1 :  0.202 0.197 0.197 0.206 0.199 
840      840   (55)    1 :  0.199 0.201 0.199 0.200 0.201 
841      841    (0)    1 :  0.198 0.199 0.196 0.202 0.206 
842      842    (0)    1 :  0.200 0.195 0.210 0.196 0.199 
843      843   (11)    1 :  0.200 0.209 0.190 0.199 0.201 
844      844    (0)    1 :  0.201 0.202 0.203 0.199 0.195 
845      845    (0)    1 :  0.199 0.205 0.198 0.195 0.202 
846      846   (22)    1 :  0.205 0.199 0.200 0.196 0.200 
847      847    (0)    1 :  0.199 0.192 0.199 0.206 0.204 
848      848    (0)    1 :  0.205 0.197 0.206 0.199 0.193 
849      849    (0)    1 :  0.199 0.194 0.206 0.203 0.199 
850      850    (0)    1 :  0.201 0.207 0.193 0.198 0.199 
851      851    (0)    1 :  0.195 0.200 0.202 0.201 0.202 
852      852   (11)    1 :  0.204 0.192 0.207 0.201 0.195 
853      853    (0)    1 :  0.198 0.195 0.203 0.204 0.200 
854      854    (0)    1 :  0.201 0.192 0.205 0.200 0.202 
855      855    (0)    1 :  0.204 0.197 0.200 0.202 0.198 
856      856   (77)    1 :  0.200 0.200 0.198 0.199 0.203 
857      857    (0)    1 :  0.201 0.201 0.198 0.197 0.203 
858      858   (22)    1 :  0.206 0.195 0.204 0.199 0.195 
859      859    (0)    1 :  0.204 0.199 0.199 0.196 0.203 
860      860   (11)    1 :  0.199 0.193 0.202 0.202 0.203 
861      861    (0)    1 :  0.198 0.199 0.200 0.202 0.201 
862      862   (22)    1 :  0.203 0.195 0.217 0.198 0.188 
863      863   (22)    1 :  0.204 0.200 0.195 0.199 0.203 
864      864   (22)    1 :  0.200 0.201 0.197 0.204 0.197 
865      865   (22)    1 :  0.203 0.208 0.190 0.199 0.200 
866      866   (11)    1 :  0.201 0.192 0.212 0.195 0.199 
867      867    (0)    1 :  0.202 0.197 0.201 0.201 0.199 
868      868   (11)    1 :  0.207 0.201 0.194 0.195 0.203 
869      869   (22)    1 :  0.202 0.197 0.197 0.198 0.206 
870      870    (0)    1 :  0.202 0.198 0.201 0.194 0.204 
871      871   (22)    1 :  0.200 0.195 0.199 0.203 0.203 
872      872    (0)    1 :  0.198 0.196 0.208 0.199 0.199 
873      873   (44)    1 :  0.202 0.199 0.197 0.200 0.203 
874      874    (0)    1 :  0.203 0.203 0.200 0.200 0.194 
875      875   (22)    1 :  0.208 0.195 0.206 0.195 0.196 
876      876    (0)    1 :  0.199 0.198 0.199 0.205 0.199 
877      877    (0)    1 :  0.196 0.199 0.199 0.208 0.198 
878      878   (33)    1 :  0.193 0.202 0.203 0.203 0.198 
879      879   (22)    1 :  0.203 0.201 0.201 0.201 0.194 
880      880   (33)    1 :  0.196 0.201 0.196 0.202 0.205 
881      881   (11)    1 :  0.202 0.201 0.196 0.200 0.201 
882      882   (22)    1 :  0.199 0.197 0.203 0.200 0.202 
883      883   (11)    1 :  0.204 0.206 0.198 0.198 0.193 
884      884    (0)    1 :  0.193 0.197 0.203 0.204 0.203 
885      885    (0)    1 :  0.199 0.200 0.193 0.203 0.205 
886      886    (0)    1 :  0.205 0.188 0.213 0.197 0.197 
887      887    (0)    1 :  0.200 0.199 0.204 0.199 0.198 
888      888    (0)    1 :  0.202 0.197 0.194 0.205 0.203 
889      889   (66)    1 :  0.201 0.196 0.205 0.200 0.199 
890      890    (0)    1 :  0.204 0.202 0.195 0.196 0.204 
891      891    (0)    1 :  0.203 0.205 0.194 0.194 0.203 
892      892   (44)    1 :  0.197 0.204 0.198 0.199 0.202 
893      893    (0)    1 :  0.202 0.202 0.195 0.202 0.199 
894      894    (0)    1 :  0.200 0.195 0.211 0.201 0.193 
895      895   (11)    1 :  0.204 0.203 0.197 0.200 0.196 
896      896    (0)    1 :  0.201 0.202 0.197 0.199 0.201 
897      897    (0)    1 :  0.197 0.196 0.197 0.208 0.202 
898      898   (11)    1 :  0.195 0.198 0.199 0.204 0.204 
899      899   (22)    1 :  0.198 0.203 0.195 0.203 0.202 
900      900    (0)    1 :  0.199 0.203 0.194 0.200 0.205 
901      901    (0)    1 :  0.200 0.206 0.192 0.194 0.207 
902      902   (11)    1 :  0.195 0.199 0.201 0.205 0.199 
903      903   (11)    1 :  0.204 0.197 0.202 0.202 0.195 
904      904    (0)    1 :  0.198 0.207 0.193 0.198 0.202 
905      905    (0)    1 :  0.202 0.196 0.201 0.197 0.204 
906      906   (11)    1 :  0.204 0.196 0.203 0.198 0.199 
907      907   (11)    1 :  0.200 0.195 0.202 0.206 0.197 
908      908    (0)    1 :  0.200 0.201 0.197 0.201 0.202 
909      909    (0)    1 :  0.197 0.213 0.192 0.202 0.195 
910      910    (0)    1 :  0.193 0.200 0.200 0.204 0.203 
911      911   (22)    1 :  0.205 0.198 0.203 0.196 0.199 
912      912   (11)    1 :  0.197 0.200 0.202 0.199 0.202 
913      913    (0)    1 :  0.197 0.196 0.215 0.198 0.194 
914      914   (11)    1 :  0.203 0.202 0.197 0.200 0.198 
915      915   (22)    1 :  0.200 0.199 0.197 0.204 0.200 
916      916    (0)    1 :  0.201 0.208 0.193 0.195 0.203 
917      917   (22)    1 :  0.199 0.201 0.200 0.202 0.198 
918      918   (11)    1 :  0.201 0.199 0.202 0.201 0.198 
919      919    (0)    1 :  0.201 0.195 0.212 0.196 0.195 
920      920   (22)    1 :  0.202 0.207 0.193 0.202 0.196 
921      921    (0)    1 :  0.203 0.197 0.204 0.201 0.194 
922      922    (0)    1 :  0.202 0.198 0.199 0.200 0.201 
923      923   (22)    1 :  0.204 0.197 0.201 0.195 0.202 
924      924   (11)    1 :  0.196 0.206 0.195 0.201 0.201 
925      925    (0)    1 :  0.198 0.198 0.205 0.206 0.193 
926      926   (22)    1 :  0.193 0.195 0.207 0.203 0.203 
927      927    (0)    1 :  0.203 0.203 0.195 0.200 0.199 
928      928    (0)    1 :  0.198 0.201 0.197 0.201 0.202 
929      929    (0)    1 :  0.207 0.195 0.202 0.195 0.201 
930      930    (0)    1 :  0.199 0.208 0.192 0.199 0.203 
931      931    (0)    1 :  0.204 0.200 0.196 0.199 0.201 
932      932    (0)    1 :  0.198 0.205 0.195 0.199 0.203 
933      933   (11)    1 :  0.199 0.200 0.198 0.204 0.199 
934      934    (0)    1 :  0.196 0.200 0.197 0.201 0.206 
935      935    (0)    1 :  0.198 0.206 0.196 0.199 0.201 
936      936    (0)    1 :  0.200 0.200 0.199 0.201 0.199 
937      937    (0)    1 :  0.198 0.195 0.209 0.202 0.196 
938      938    (0)    1 :  0.202 0.199 0.201 0.198 0.200 
939      939    (0)    1 :  0.203 0.207 0.192 0.198 0.199 
940      940    (0)    1 :  0.196 0.199 0.205 0.197 0.204 
941      941   (22)    1 :  0.196 0.199 0.195 0.205 0.205 
942      942    (0)    1 :  0.194 0.201 0.195 0.204 0.207 
943      943   (11)    1 :  0.200 0.195 0.198 0.206 0.201 
944      944    (0)    1 :  0.192 0.195 0.217 0.193 0.202 
945      945    (0)    1 :  0.196 0.207 0.189 0.205 0.203 
946      946    (0)    1 :  0.210 0.191 0.214 0.193 0.191 
947      947    (0)    1 :  0.200 0.198 0.201 0.202 0.198 
948      948   (11)    1 :  0.199 0.196 0.197 0.200 0.207 
949      949   (11)    1 :  0.200 0.202 0.193 0.201 0.203 
950      950    (0)    1 :  0.199 0.193 0.203 0.201 0.204 
951      951    (0)    1 :  0.196 0.198 0.201 0.205 0.200 
952      952   (22)    1 :  0.202 0.201 0.197 0.198 0.202 
953      953    (0)    1 :  0.202 0.196 0.200 0.202 0.200 
954      954    (0)    1 :  0.203 0.206 0.192 0.196 0.203 
955      955   (33)    1 :  0.203 0.201 0.195 0.202 0.199 
956      956    (0)    1 :  0.193 0.206 0.197 0.200 0.203 
957      957   (11)    1 :  0.194 0.207 0.193 0.199 0.206 
958      958    (0)    1 :  0.193 0.199 0.192 0.206 0.209 
959      959   (11)    1 :  0.192 0.198 0.201 0.205 0.204 
960      960   (22)    1 :  0.207 0.203 0.196 0.200 0.194 
961      961    (0)    1 :  0.204 0.197 0.208 0.198 0.193 
962      962    (0)    1 :  0.200 0.194 0.202 0.202 0.202 
963      963    (0)    1 :  0.195 0.195 0.203 0.204 0.204 
964      964    (0)    1 :  0.198 0.204 0.194 0.203 0.201 
965      965    (0)    1 :  0.204 0.198 0.198 0.200 0.201 
966      966   (11)    1 :  0.198 0.196 0.201 0.202 0.203 
967      967   (22)    1 :  0.199 0.196 0.206 0.201 0.199 
968      968    (0)    1 :  0.201 0.199 0.193 0.205 0.201 
969      969    (0)    1 :  0.203 0.190 0.209 0.198 0.201 
970      970    (0)    1 :  0.204 0.204 0.191 0.198 0.203 
971      971    (0)    1 :  0.203 0.198 0.191 0.205 0.203 
972      972   (11)    1 :  0.196 0.203 0.201 0.198 0.201 
973      973   (11)    1 :  0.201 0.202 0.194 0.203 0.201 
974      974    (0)    1 :  0.201 0.195 0.203 0.199 0.202 
975      975    (0)    1 :  0.202 0.197 0.202 0.202 0.197 
976      976   (11)    1 :  0.201 0.204 0.195 0.197 0.203 
977      977    (0)    1 :  0.197 0.206 0.198 0.198 0.200 
978      978    (0)    1 :  0.203 0.202 0.195 0.201 0.200 
979      979    (0)    1 :  0.198 0.203 0.200 0.201 0.199 
980      980    (0)    1 :  0.203 0.200 0.208 0.195 0.194 
981      981    (0)    1 :  0.197 0.196 0.202 0.202 0.202 
982      982    (0)    1 :  0.202 0.211 0.194 0.196 0.197 
983      983    (0)    1 :  0.204 0.199 0.201 0.198 0.199 
984      984    (0)    1 :  0.203 0.211 0.190 0.198 0.198 
985      985    (0)    1 :  0.199 0.197 0.199 0.206 0.200 
986      986   (22)    1 :  0.201 0.204 0.194 0.199 0.202 
987      987    (0)    1 :  0.199 0.202 0.194 0.201 0.203 
988      988    (0)    1 :  0.201 0.200 0.206 0.198 0.195 
989      989    (0)    1 :  0.199 0.207 0.191 0.200 0.204 
990      990    (0)    1 :  0.202 0.195 0.197 0.202 0.204 
991      991    (0)    1 :  0.201 0.204 0.199 0.200 0.196 
992      992    (0)    1 :  0.197 0.202 0.200 0.200 0.200 
993      993    (0)    1 :  0.199 0.194 0.209 0.198 0.201 
994      994   (11)    1 :  0.195 0.200 0.197 0.203 0.205 
995      995    (0)    1 :  0.195 0.200 0.199 0.202 0.204 
996      996    (0)    1 :  0.200 0.200 0.200 0.197 0.203 
997      997    (0)    1 :  0.205 0.202 0.196 0.195 0.202 
998      998    (0)    1 :  0.196 0.200 0.202 0.199 0.202 
999      999    (0)    1 :  0.199 0.194 0.204 0.199 0.204 
1000     1000    (0)    1 :  0.198 0.197 0.204 0.201 0.200 
1001     1001    (0)    1 :  0.199 0.206 0.193 0.199 0.203 
1002     1002    (0)    1 :  0.204 0.195 0.200 0.200 0.201 
1003     1003    (0)    1 :  0.196 0.202 0.195 0.204 0.203 
1004     1004    (0)    1 :  0.197 0.197 0.196 0.202 0.208 
1005     1005    (0)    1 :  0.201 0.199 0.196 0.203 0.202 
1006     1006    (0)    1 :  0.206 0.191 0.213 0.192 0.198 
1007     1007    (0)    1 :  0.197 0.206 0.194 0.202 0.202 
1008     1008    (0)    1 :  0.202 0.213 0.191 0.198 0.196 
1009     1009    (0)    1 :  0.200 0.198 0.213 0.197 0.193 
1010     1010    (0)    1 :  0.202 0.208 0.191 0.196 0.203 
1011     1011    (0)    1 :  0.205 0.198 0.202 0.201 0.195 
1012     1012    (0)    1 :  0.201 0.195 0.200 0.200 0.204 
1013     1013    (0)    1 :  0.199 0.194 0.215 0.196 0.195 
1014     1014   (11)    1 :  0.196 0.200 0.203 0.200 0.201 
1015     1015    (0)    1 :  0.204 0.193 0.211 0.196 0.198 
1016     1016    (0)    1 :  0.206 0.212 0.191 0.192 0.198 
1017     1017    (0)    1 :  0.198 0.194 0.208 0.201 0.199 
1018     1018    (0)    1 :  0.202 0.201 0.195 0.199 0.204 
1019     1019    (0)    1 :  0.198 0.207 0.190 0.200 0.205 
1020     1020    (0)    1 :  0.198 0.203 0.201 0.196 0.201 
1021     1021    (0)    1 :  0.201 0.204 0.193 0.200 0.203 
1022     1022    (0)    1 :  0.203 0.207 0.195 0.195 0.200 
1023     1023    (0)    1 :  0.198 0.202 0.203 0.199 0.199 
1024     1024    (0)    1 :  0.201 0.198 0.195 0.201 0.204 
1025     1025    (0)    1 :  0.205 0.197 0.196 0.203 0.199 
1026     1026    (0)    1 :  0.199 0.202 0.197 0.200 0.203 
1027     1027    (0)    1 :  0.206 0.198 0.197 0.202 0.196 
1028     1028    (0)    1 :  0.208 0.206 0.191 0.199 0.196 
1029     1029    (0)    1 :  0.198 0.200 0.198 0.200 0.204 
1030     1030    (0)    1 :  0.201 0.204 0.202 0.199 0.194 
1031     1031    (0)    1 :  0.200 0.195 0.207 0.197 0.201 
1032     1032    (0)    1 :  0.204 0.207 0.192 0.197 0.201 
1033     1033    (0)    1 :  0.202 0.201 0.195 0.201 0.201 
1034     1034    (0)    1 :  0.201 0.194 0.224 0.192 0.189 
1035     1035    (0)    1 :  0.196 0.200 0.201 0.204 0.199 
1036     1036    (0)    1 :  0.199 0.209 0.193 0.197 0.202 
1037     1037    (0)    1 :  0.195 0.200 0.209 0.198 0.199 
1038     1038    (0)    1 :  0.202 0.203 0.197 0.199 0.199 
1039     1039    (0)    1 :  0.194 0.198 0.200 0.203 0.204 
1040     1040    (0)    1 :  0.202 0.188 0.207 0.203 0.199 
1041     1041    (0)    1 :  0.201 0.196 0.202 0.201 0.200 
1042     1042   (11)    1 :  0.201 0.195 0.202 0.199 0.204 
1043     1043    (0)    1 :  0.199 0.194 0.214 0.196 0.196 
1044     1044    (0)    1 :  0.197 0.208 0.188 0.203 0.205 
1045     1045    (0)    1 :  0.199 0.196 0.198 0.201 0.206 
1046     1046    (0)    1 :  0.201 0.195 0.209 0.199 0.196 
1047     1047    (0)    1 :  0.205 0.205 0.197 0.196 0.198 
1048     1048    (0)    1 :  0.202 0.198 0.214 0.193 0.193 
1049     1049   (11)    1 :  0.200 0.211 0.193 0.197 0.199 
1050     1050   (11)    1 :  0.202 0.198 0.198 0.200 0.203 
1051     1051    (0)    1 :  0.202 0.204 0.193 0.198 0.202 
1052     1052   (22)    1 :  0.198 0.204 0.198 0.201 0.199 
1053     1053   (11)    1 :  0.203 0.205 0.199 0.196 0.197 
1054     1054   (11)    1 :  0.204 0.208 0.194 0.195 0.199 
1055     1055   (44)    1 :  0.201 0.207 0.193 0.199 0.199 
1056     1056    (0)    1 :  0.205 0.199 0.197 0.197 0.202 
1057     1057    (0)    1 :  0.199 0.208 0.194 0.200 0.199 
1058     1058   (11)    1 :  0.201 0.201 0.201 0.198 0.200 
1059     1059    (0)    1 :  0.201 0.201 0.197 0.199 0.203 
1060     1060   (33)    1 :  0.197 0.205 0.199 0.201 0.198 
1061     1061    (0)    1 :  0.200 0.206 0.194 0.199 0.202 
1062     1062   (11)    1 :  0.202 0.199 0.199 0.200 0.201 
1063     1063    (0)    1 :  0.212 0.197 0.200 0.190 0.201 
1064     1064   (22)    1 :  0.199 0.202 0.199 0.198 0.202 
1065     1065   (11)    1 :  0.202 0.209 0.194 0.196 0.198 
1066     1066   (11)    1 :  0.198 0.199 0.207 0.197 0.199 
1067     1067    (0)    1 :  0.201 0.194 0.209 0.197 0.198 
1068     1068   (33)    1 :  0.201 0.197 0.201 0.197 0.203 
1069     1069   (11)    1 :  0.200 0.205 0.191 0.204 0.200 
1070     1070    (0)    1 :  0.199 0.202 0.200 0.200 0.200 
1071     1071   (33)    1 :  0.200 0.206 0.196 0.199 0.199 
1072     1072   (11)    1 :  0.199 0.198 0.202 0.200 0.201 
1073     1073   (11)    1 :  0.200 0.199 0.202 0.201 0.198 
1074     1074    (0)    1 :  0.198 0.198 0.203 0.202 0.199 
1075     1075   (11)    1 :  0.197 0.206 0.194 0.201 0.201 
1076     1076    (0)    1 :  0.204 0.197 0.199 0.196 0.203 
1077     1077    (0)    1 :  0.201 0.203 0.194 0.198 0.204 
1078     1078    (0)    1 :  0.198 0.207 0.198 0.202 0.195 
1079     1079    (0)    1 :  0.200 0.198 0.200 0.202 0.200 
1080     1080   (11)    1 :  0.200 0.198 0.195 0.205 0.202 
1081     1081    (0)    1 :  0.198 0.206 0.194 0.203 0.199 
1082     1082    (0)    1 :  0.197 0.201 0.200 0.204 0.198 
1083     1083    (0)    1 :  0.209 0.203 0.196 0.192 0.201 
1084     1084    (0)    1 :  0.203 0.203 0.203 0.196 0.195 
1085     1085   (11)    1 :  0.203 0.199 0.191 0.201 0.205 
1086     1086    (0)    1 :  0.205 0.201 0.191 0.202 0.201 
1087     1087   (11)    1 :  0.199 0.204 0.198 0.199 0.200 
1088     1088    (0)    1 :  0.203 0.205 0.199 0.198 0.195 
1089     1089    (0)    1 :  0.210 0.198 0.201 0.197 0.194 
1090     1090    (0)    1 :  0.202 0.199 0.202 0.198 0.198 
1091     1091    (0)    1 :  0.200 0.203 0.199 0.201 0.197 
1092     1092    (0)    1 :  0.198 0.196 0.203 0.199 0.204 
1093     1093    (0)    1 :  0.200 0.202 0.196 0.201 0.201 
1094     1094    (0)    1 :  0.197 0.206 0.194 0.200 0.204 
1095     1095    (0)    1 :  0.197 0.204 0.197 0.200 0.202 
1096     1096   (11)    1 :  0.205 0.199 0.199 0.201 0.196 
1097     1097    (0)    1 :  0.197 0.206 0.194 0.201 0.201 
1098     1098    (0)    1 :  0.197 0.200 0.196 0.203 0.204 
1099     1099   (22)    1 :  0.195 0.189 0.220 0.198 0.198 
1100     1100    (0)    1 :  0.208 0.200 0.192 0.200 0.200 
1101     1101   (11)    1 :  0.199 0.199 0.198 0.202 0.202 
1102     1102   (22)    1 :  0.194 0.197 0.207 0.205 0.197 
1103     1103    (0)    1 :  0.201 0.203 0.195 0.199 0.202 
1104     1104   (11)    1 :  0.197 0.204 0.198 0.198 0.203 
1105     1105    (0)    1 :  0.196 0.191 0.221 0.196 0.196 
1106     1106   (11)    1 :  0.199 0.207 0.198 0.200 0.196 
1107     1107    (0)    1 :  0.204 0.202 0.196 0.200 0.198 
1108     1108    (0)    1 :  0.202 0.201 0.196 0.196 0.204 
1109     1109   (22)    1 :  0.200 0.193 0.207 0.200 0.201 
1110     1110    (0)    1 :  0.194 0.209 0.191 0.203 0.204 
1111     1111    (0)    1 :  0.206 0.196 0.204 0.198 0.196 
1112     1112    (0)    1 :  0.201 0.201 0.198 0.199 0.201 
1113     1113   (11)    1 :  0.202 0.194 0.209 0.198 0.196 
1114     1114    (0)    1 :  0.212 0.201 0.193 0.194 0.201 
1115     1115    (0)    1 :  0.200 0.202 0.201 0.202 0.195 
1116     1116    (0)    1 :  0.202 0.199 0.197 0.198 0.204 
1117     1117    (0)    1 :  0.199 0.198 0.200 0.203 0.200 
1118     1118    (0)    1 :  0.210 0.191 0.202 0.196 0.201 
1119     1119    (0)    1 :  0.198 0.206 0.192 0.202 0.202 
1120     1120    (0)    1 :  0.194 0.189 0.228 0.195 0.195 
1121     1121    (0)    1 :  0.196 0.194 0.214 0.201 0.195 
1122     1122    (0)    1 :  0.202 0.201 0.195 0.200 0.202 
1123     1123    (0)    1 :  0.199 0.201 0.197 0.200 0.202 
1124     1124    (0)    1 :  0.199 0.199 0.198 0.202 0.202 
1125     1125    (0)    1 :  0.197 0.201 0.199 0.199 0.204 
1126     1126    (0)    1 :  0.198 0.206 0.194 0.201 0.202 
1127     1127    (0)    1 :  0.198 0.193 0.201 0.206 0.202 
1128     1128    (0)    1 :  0.202 0.198 0.205 0.199 0.196 
1129     1129    (0)    1 :  0.198 0.200 0.202 0.200 0.200 
1130     1130    (0)    1 :  0.202 0.192 0.209 0.199 0.198 
1131     1131    (0)    1 :  0.200 0.202 0.199 0.197 0.203 
1132     1132    (0)    1 :  0.202 0.206 0.193 0.202 0.198 
1133     1133    (0)    1 :  0.200 0.201 0.197 0.203 0.200 
1134     1134   (11)    1 :  0.196 0.200 0.197 0.204 0.203 
1135     1135   (11)    1 :  0.196 0.200 0.196 0.202 0.205 
1136     1136    (0)    1 :  0.205 0.193 0.206 0.201 0.196 
1137     1137   (11)    1 :  0.203 0.194 0.206 0.197 0.200 
1138     1138    (0)    1 :  0.196 0.200 0.201 0.202 0.202 
1139     1139    (0)    1 :  0.189 0.184 0.268 0.186 0.174 
1140     1140   (22)    1 :  0.197 0.202 0.199 0.201 0.201 
1141     1141    (0)    1 :  0.205 0.203 0.197 0.192 0.203 
1142     1142    (0)    1 :  0.200 0.199 0.212 0.195 0.194 
1143     1143    (0)    1 :  0.202 0.200 0.198 0.202 0.198 
1144     1144   (11)    1 :  0.193 0.192 0.205 0.206 0.204 
1145     1145    (0)    1 :  0.200 0.205 0.194 0.200 0.201 
1146     1146    (0)    1 :  0.201 0.201 0.199 0.201 0.198 
1147     1147   (11)    1 :  0.199 0.201 0.196 0.202 0.202 
1148     1148    (0)    1 :  0.203 0.198 0.205 0.199 0.196 
1149     1149    (0)    1 :  0.202 0.196 0.198 0.198 0.206 
1150     1150    (0)    1 :  0.205 0.191 0.203 0.199 0.202 
1151     1151    (0)    1 :  0.198 0.205 0.194 0.201 0.202 
1152     1152    (0)    1 :  0.198 0.199 0.199 0.203 0.201 
1153     1153    (0)    1 :  0.206 0.194 0.205 0.200 0.195 
1154     1154    (0)    1 :  0.196 0.202 0.195 0.203 0.203 
1155     1155    (0)    1 :  0.202 0.199 0.207 0.200 0.192 
1156     1156    (0)    1 :  0.206 0.203 0.196 0.197 0.199 
1157     1157    (0)    1 :  0.200 0.206 0.192 0.204 0.199 
1158     1158    (0)    1 :  0.197 0.197 0.206 0.197 0.202 
1159     1159    (0)    1 :  0.198 0.193 0.210 0.202 0.196 
1160     1160    (0)    1 :  0.205 0.201 0.199 0.196 0.199 
1161     1161    (0)    1 :  0.200 0.195 0.200 0.201 0.204 
1162     1162    (0)    1 :  0.201 0.212 0.193 0.198 0.196 
1163     1163   (11)    1 :  0.203 0.200 0.197 0.199 0.201 
1164     1164   (11)    1 :  0.194 0.195 0.212 0.204 0.196 
1165     1165    (0)    1 :  0.208 0.196 0.206 0.199 0.191 
1166     1166    (0)    1 :  0.203 0.195 0.202 0.201 0.199 
1167     1167    (0)    1 :  0.197 0.203 0.196 0.201 0.204 
1168     1168    (0)    1 :  0.195 0.201 0.203 0.201 0.201 
1169     1169    (0)    1 :  0.194 0.206 0.194 0.205 0.200 
1170     1170    (0)    1 :  0.204 0.201 0.194 0.200 0.201 
1171     1171    (0)    1 :  0.195 0.202 0.204 0.199 0.201 
1172     1172    (0)    1 :  0.195 0.204 0.197 0.200 0.203 
1173     1173    (0)    1 :  0.197 0.205 0.198 0.199 0.201 
1174     1174    (0)    1 :  0.199 0.205 0.199 0.199 0.197 
1175     1175   (22)    1 :  0.199 0.198 0.201 0.201 0.201 
1176     1176   (11)    1 :  0.197 0.205 0.195 0.200 0.203 
1177     1177    (0)    1 :  0.202 0.214 0.189 0.198 0.197 
1178     1178    (0)    1 :  0.199 0.201 0.207 0.199 0.194 
1179     1179    (0)    1 :  0.196 0.197 0.193 0.206 0.207 
1180     1180    (0)    1 :  0.195 0.199 0.202 0.202 0.201 
1181     1181    (0)    1 :  0.200 0.202 0.195 0.202 0.201 
1182     1182   (11)    1 :  0.202 0.198 0.204 0.201 0.194 
1183     1183    (0)    1 :  0.196 0.201 0.200 0.199 0.204 
1184     1184    (0)    1 :  0.192 0.198 0.211 0.204 0.195 
1185     1185    (0)    1 :  0.197 0.200 0.207 0.204 0.192 
1186     1186    (0)    1 :  0.201 0.216 0.192 0.196 0.195 
1187     1187   (22)    1 :  0.197 0.197 0.200 0.203 0.204 
1188     1188   (11)    1 :  0.200 0.199 0.198 0.199 0.203 
1189     1189    (0)    1 :  0.194 0.202 0.216 0.200 0.188 
1190     1190    (0)    1 :  0.201 0.211 0.196 0.198 0.195 
1191     1191    (0)    1 :  0.199 0.205 0.197 0.199 0.199 
1192     1192    (0)    1 :  0.193 0.198 0.213 0.200 0.197 
1193     1193   (11)    1 :  0.194 0.206 0.194 0.202 0.204 
1194     1194   (11)    1 :  0.204 0.212 0.187 0.193 0.203 
1195     1195    (0)    1 :  0.203 0.197 0.200 0.201 0.200 
1196     1196    (0)    1 :  0.196 0.192 0.206 0.203 0.203 
1197     1197    (0)    1 :  0.201 0.203 0.200 0.201 0.195 
1198     1198   (22)    1 :  0.190 0.200 0.216 0.194 0.199 
1199     1199    (0)    1 :  0.197 0.211 0.195 0.200 0.197 
1200     1200    (0)    1 :  0.199 0.201 0.203 0.196 0.201 
1201     1201   (44)    1 :  0.203 0.203 0.193 0.201 0.201 
1202     1202   (11)    1 :  0.202 0.214 0.192 0.196 0.196 
1203     1203    (0)    1 :  0.197 0.204 0.196 0.202 0.201 
1204     1204    (0)    1 :  0.194 0.204 0.196 0.201 0.205 
1205     1205    (0)    1 :  0.204 0.193 0.201 0.201 0.201 
1206     1206   (11)    1 :  0.203 0.198 0.204 0.201 0.194 
1207     1207    (0)    1 :  0.198 0.206 0.199 0.202 0.196 
1208     1208    (0)    1 :  0.202 0.194 0.226 0.192 0.185 
1209     1209   (11)    1 :  0.202 0.196 0.205 0.199 0.198 
1210     1210    (0)    1 :  0.199 0.203 0.203 0.197 0.198 
1211     1211   (11)    1 :  0.202 0.200 0.198 0.200 0.200 
1212     1212    (0)    1 :  0.202 0.198 0.203 0.196 0.201 
1213     1213    (0)    1 :  0.192 0.198 0.197 0.207 0.205 
1214     1214   (44)    1 :  0.200 0.199 0.199 0.201 0.200 
1215     1215    (0)    1 :  0.199 0.196 0.211 0.199 0.196 
1216     1216   (44)    1 :  0.197 0.199 0.214 0.198 0.194 
1217     1217   (44)    1 :  0.194 0.202 0.213 0.201 0.190 
1218     1218   (11)    1 :  0.195 0.205 0.196 0.204 0.200 
1219     1219    (0)    1 :  0.198 0.191 0.206 0.202 0.204 
1220     1220   (33)    1 :  0.196 0.210 0.194 0.201 0.200 
1221     1221    (0)    1 :  0.202 0.193 0.199 0.202 0.203 
1222     1222    (0)    1 :  0.193 0.201 0.200 0.204 0.202 
1223     1223    (0)    1 :  0.196 0.197 0.217 0.196 0.194 
1224     1224    (0)    1 :  0.190 0.200 0.197 0.207 0.206 
1225     1225    (0)    1 :  0.199 0.200 0.198 0.205 0.198 
1226     1226    (0)    1 :  0.199 0.198 0.203 0.201 0.199 
1227     1227    (0)    1 :  0.195 0.195 0.205 0.205 0.200 
1228     1228    (0)    1 :  0.198 0.204 0.200 0.199 0.199 
1229     1229   (11)    1 :  0.199 0.202 0.205 0.194 0.200 
1230     1230    (0)    1 :  0.199 0.196 0.211 0.198 0.195 
1231     1231    (0)    1 :  0.198 0.194 0.202 0.202 0.204 
1232     1232    (0)    1 :  0.200 0.200 0.198 0.199 0.203 
1233     1233    (0)    1 :  0.200 0.201 0.201 0.200 0.198 
1234     1234    (0)    1 :  0.199 0.196 0.208 0.198 0.199 
1235     1235    (0)    1 :  0.199 0.200 0.202 0.201 0.198 
1236     1236    (0)    1 :  0.198 0.195 0.209 0.198 0.200 
1237     1237    (0)    1 :  0.195 0.199 0.211 0.200 0.196 
1238     1238    (0)    1 :  0.196 0.204 0.197 0.202 0.200 
1239     1239    (0)    1 :  0.199 0.208 0.208 0.200 0.184 
1240     1240    (0)    1 :  0.196 0.205 0.204 0.203 0.192 
1241     1241    (0)    1 :  0.201 0.198 0.195 0.205 0.201 
1242     1242    (0)    1 :  0.198 0.195 0.202 0.201 0.204 
1243     1243    (0)    1 :  0.200 0.196 0.199 0.200 0.204 
1244     1244    (0)    1 :  0.201 0.200 0.203 0.198 0.197 
1245     1245    (0)    1 :  0.198 0.192 0.209 0.202 0.200 
1246     1246    (0)    1 :  0.201 0.198 0.214 0.200 0.188 
1247     1247    (0)    1 :  0.200 0.196 0.211 0.197 0.196 
1248     1248   (11)    1 :  0.199 0.201 0.196 0.204 0.200 
1249     1249    (0)    1 :  0.204 0.200 0.208 0.202 0.187 
1250     1250    (0)    1 :  0.195 0.199 0.200 0.200 0.206 
1251     1251    (0)    1 :  0.196 0.196 0.213 0.202 0.193 
1252     1252    (0)    1 :  0.200 0.204 0.195 0.197 0.205 
1253     1253    (0)    1 :  0.195 0.197 0.206 0.207 0.196 
1254     1254    (0)    1 :  0.201 0.203 0.196 0.202 0.198 


Estimated Allele Frequencies in each cluster
First column gives estimated ancestral frequencies


Locus 1 : 
8 alleles
1.7% missing data
  93   (0.109) 0.108 0.102 0.105 0.104 0.101 
  99   (0.310) 0.309 0.307 0.312 0.313 0.303 
  97   (0.220) 0.224 0.222 0.229 0.228 0.236 
  85   (0.191) 0.207 0.239 0.194 0.211 0.221 
  89   (0.041) 0.037 0.031 0.038 0.032 0.032 
  91   (0.026) 0.020 0.015 0.022 0.018 0.016 
  95   (0.063) 0.060 0.053 0.062 0.058 0.060 
 101   (0.041) 0.035 0.031 0.038 0.036 0.031 

Locus 2 : 
8 alleles
6.8% missing data
 151   (0.545) 0.569 0.581 0.563 0.576 0.585 
 153   (0.168) 0.172 0.174 0.165 0.166 0.163 
 159   (0.029) 0.023 0.020 0.026 0.024 0.019 
 139   (0.124) 0.124 0.115 0.126 0.118 0.121 
 157   (0.090) 0.086 0.087 0.086 0.089 0.088 
 161   (0.023) 0.017 0.015 0.020 0.018 0.016 
 155   (0.010) 0.005 0.004 0.007 0.004 0.003 
 165   (0.011) 0.005 0.004 0.008 0.005 0.003 

Locus 3 : 
6 alleles
5.4% missing data
 162   (0.472) 0.509 0.510 0.483 0.492 0.509 
 164   (0.339) 0.330 0.342 0.349 0.353 0.346 
 150   (0.046) 0.037 0.032 0.040 0.035 0.033 
 166   (0.029) 0.022 0.019 0.024 0.020 0.018 
 160   (0.078) 0.073 0.072 0.073 0.073 0.071 
 156   (0.036) 0.028 0.026 0.032 0.027 0.024 

Locus 4 : 
6 alleles
11.8% missing data
 225   (0.231) 0.234 0.231 0.228 0.231 0.234 
 227   (0.089) 0.083 0.080 0.083 0.083 0.083 
 221   (0.139) 0.134 0.124 0.144 0.139 0.132 
 223   (0.337) 0.349 0.354 0.347 0.347 0.350 
 229   (0.165) 0.169 0.183 0.163 0.168 0.172 
 219   (0.039) 0.031 0.028 0.035 0.032 0.028 

Locus 5 : 
11 alleles
4.7% missing data
 203   (0.025) 0.020 0.016 0.022 0.021 0.017 
 207   (0.102) 0.103 0.105 0.103 0.107 0.104 
 199   (0.071) 0.078 0.081 0.072 0.078 0.074 
 201   (0.040) 0.036 0.038 0.038 0.037 0.037 
 209   (0.266) 0.277 0.283 0.273 0.278 0.285 
 211   (0.184) 0.186 0.176 0.188 0.186 0.178 
 217   (0.126) 0.128 0.128 0.126 0.120 0.132 
 213   (0.109) 0.109 0.114 0.112 0.115 0.120 
 205   (0.033) 0.029 0.026 0.029 0.028 0.026 
 215   (0.033) 0.030 0.027 0.029 0.027 0.024 
 197   (0.010) 0.006 0.005 0.007 0.005 0.004 

Locus 6 : 
11 alleles
9.5% missing data
 189   (0.329) 0.348 0.352 0.341 0.347 0.360 
 197   (0.058) 0.055 0.052 0.055 0.053 0.056 
 191   (0.218) 0.229 0.237 0.221 0.225 0.230 
 199   (0.016) 0.010 0.009 0.013 0.010 0.008 
 185   (0.114) 0.113 0.119 0.114 0.119 0.114 
 201   (0.026) 0.020 0.018 0.023 0.020 0.017 
 193   (0.049) 0.048 0.043 0.048 0.045 0.040 
 195   (0.034) 0.029 0.025 0.030 0.028 0.025 
 183   (0.035) 0.027 0.026 0.031 0.028 0.025 
 187   (0.118) 0.120 0.118 0.123 0.124 0.124 
 188   (0.003) 0.001 0.001 0.002 0.001 0.000 

Locus 7 : 
8 alleles
3.7% missing data
 137   (0.301) 0.307 0.312 0.303 0.311 0.316 
 125   (0.395) 0.406 0.426 0.406 0.410 0.423 
 141   (0.016) 0.010 0.008 0.012 0.009 0.008 
 111   (0.107) 0.110 0.110 0.109 0.114 0.110 
 139   (0.044) 0.040 0.037 0.043 0.039 0.040 
 127   (0.026) 0.020 0.016 0.022 0.018 0.015 
 135   (0.073) 0.073 0.064 0.072 0.068 0.063 
 133   (0.038) 0.033 0.028 0.033 0.031 0.026 

Locus 8 : 
8 alleles
2.5% missing data
 162   (0.224) 0.235 0.259 0.231 0.239 0.246 
 164   (0.274) 0.276 0.276 0.282 0.285 0.287 
 160   (0.036) 0.030 0.027 0.032 0.028 0.027 
 168   (0.032) 0.024 0.022 0.026 0.024 0.020 
 166   (0.165) 0.169 0.162 0.166 0.165 0.169 
 172   (0.138) 0.132 0.124 0.130 0.126 0.125 
 170   (0.127) 0.132 0.129 0.131 0.131 0.126 
 154   (0.004) 0.001 0.001 0.002 0.001 0.001 

Locus 9 : 
9 alleles
3.0% missing data
 164   (0.043) 0.040 0.033 0.037 0.034 0.032 
 166   (0.308) 0.326 0.334 0.308 0.321 0.324 
 168   (0.394) 0.403 0.406 0.418 0.416 0.423 
 172   (0.051) 0.051 0.052 0.049 0.048 0.048 
 170   (0.120) 0.116 0.117 0.117 0.120 0.120 
 160   (0.053) 0.046 0.042 0.048 0.044 0.039 
 162   (0.020) 0.014 0.012 0.016 0.014 0.012 
 174   (0.008) 0.004 0.003 0.006 0.003 0.003 
 176   (0.003) 0.001 0.000 0.001 0.001 0.000 

Values of parameters used in structure:
DATAFILE=/home/martin/bottleneck/structure_analysis/structure_4/data_job_T5_1,	OUTFILE=/home/martin/bottleneck/structure_analysis/structure_4/structure_results/grey_seal_orkneys/results_job_T5_1,	NUMINDS=1254,	NUMLOCI=9,	MISSING=-9,	LABEL=1,	POPDATA=1,	POPFLAG=0,	PHENOTYPE=0,	EXTRACOLS=0,	MAXPOPS=5,	BURNIN=10000,	NUMREPS=100000,	USEPOPINFO=0,	INFERALPHA=1,	INFERLAMBDA=0,	POPSPECIFICLAMBDA=0,	POPALPHAS=0,	COMPUTEPROB=1,	NOADMIX=0,	ADMBURNIN=2500,	UPDATEFREQ=1,	PRINTLIKES=0,	INTERMEDSAVE=0,	PRINTKLD=0,	PRINTNET=0,	PRINTLAMBDA=0,	ANCESTDIST=0,	NUMBOXES=1000,	ANCESTPINT=0.90000,	GENSBACK=2,	MIGRPRIOR=0.05000,	PRINTQHAT=1,	PRINTQSUM=0,	ALPHA=1.0000,	FREQSCORR=1,	FPRIORMEAN=0.0100,	FPRIORSD=0.0500,	ONEFST=0,	LAMBDA=1.0000,	UNIFPRIORALPHA=1,	ALPHAMAX=10.0000,	ALPHAPRIORA=1.0000,	ALPHAPRIORB=2.0000,	ALPHAPROPSD=0.0250,	STARTATPOPINFO=0,	RANDOMIZE=1,	LINKAGE=0,	METROFREQ=10,	REPORTHITRATE=0,	MARKOVPHASE=-1,	PHASED=0,	PLOIDY=2,	PHASEINFO=0	LOCPRIOR=0, 	LOCPRIORINIT=1.000000, 	LOCDATA=0, 	LOCISPOP=0, 	LOCPRIORSTEP=0.100000, 	MAXLOCPRIOR=20.000000, 	SEED=1470438074,	
[STRAT parameters]:    NUMSIMSTATS=1000,	PHENOTYPECOL=-9,	POOLFREQ=10,	LOCUSxONLY=0,	EMERROR=0.00100,	MISSINGPHENO=-9,	