

----------------------------------------------------
STRUCTURE by Pritchard, Stephens and Donnelly (2000)
     and Falush, Stephens and Pritchard (2003)
       Code by Pritchard, Falush and Hubisz
             Version 2.3.4 (Jul 2012)
----------------------------------------------------



Command line arguments:   /usr/local/bin/structure -m parameter_job_T7_2 
Input File:    /home/martin/bottleneck/structure_analysis/structure_4/data_job_T7_2

Run parameters:
   623 individuals
   10 loci
   7 populations assumed
   10000 Burn-in period
   100000 Reps


--------------------------------------------
Proportion of membership of each pre-defined
 population in each of the 7 clusters

Given    Inferred Clusters                                   Number of
 Pop       1      2      3      4      5      6      7      Individuals

  1:     0.129  0.130  0.130  0.129  0.130  0.223  0.130      623
--------------------------------------------

Allele-freq. divergence among pops (Net nucleotide distance),
computed using point estimates of P.

      1       2       3       4       5       6       7      
 1      -    0.0030  0.0004  0.0002  0.0004  0.0633  0.0005  
 2   0.0030     -    0.0018  0.0035  0.0014  0.0701  0.0029  
 3   0.0004  0.0018     -    0.0007  0.0001  0.0668  0.0004  
 4   0.0002  0.0035  0.0007     -    0.0007  0.0609  0.0008  
 5   0.0004  0.0014  0.0001  0.0007     -    0.0651  0.0005  
 6   0.0633  0.0701  0.0668  0.0609  0.0651     -    0.0636  
 7   0.0005  0.0029  0.0004  0.0008  0.0005  0.0636     -    

Average distances (expected heterozygosity) between individuals in same cluster:
cluster  1  : 0.6150 
cluster  2  : 0.5845 
cluster  3  : 0.6048 
cluster  4  : 0.6237 
cluster  5  : 0.6040 
cluster  6  : 0.5472 
cluster  7  : 0.6062 

--------------------------------------------
Estimated Ln Prob of Data   = -16605.9
Mean value of ln likelihood = -14458.6
Variance of ln likelihood   = 4294.7
Mean value of alpha         = 0.0482

Mean value of Fst_1         = 0.0299
Mean value of Fst_2         = 0.0581
Mean value of Fst_3         = 0.0438
Mean value of Fst_4         = 0.0105
Mean value of Fst_5         = 0.0437
Mean value of Fst_6         = 0.1926
Mean value of Fst_7         = 0.0344


Inferred ancestry of individuals:
        Label (%Miss) Pop:  Inferred clusters
  1        1    (0)    1 :  0.041 0.032 0.039 0.043 0.038 0.766 0.040 
  2        2   (10)    1 :  0.026 0.073 0.027 0.028 0.041 0.783 0.022 
  3        3    (0)    1 :  0.019 0.018 0.020 0.019 0.020 0.883 0.020 
  4        4    (0)    1 :  0.026 0.048 0.023 0.030 0.033 0.817 0.023 
  5        5    (0)    1 :  0.016 0.015 0.015 0.015 0.015 0.907 0.016 
  6        6    (0)    1 :  0.017 0.015 0.017 0.017 0.017 0.902 0.014 
  7        7    (0)    1 :  0.034 0.071 0.036 0.042 0.053 0.733 0.030 
  8        8    (0)    1 :  0.017 0.018 0.017 0.018 0.018 0.896 0.017 
  9        9    (0)    1 :  0.023 0.018 0.022 0.023 0.021 0.875 0.020 
 10       10    (0)    1 :  0.013 0.015 0.014 0.013 0.014 0.918 0.014 
 11       11    (0)    1 :  0.027 0.020 0.024 0.028 0.027 0.846 0.028 
 12       12    (0)    1 :  0.162 0.084 0.119 0.164 0.145 0.176 0.150 
 13       13    (0)    1 :  0.058 0.054 0.050 0.063 0.055 0.667 0.054 
 14       14    (0)    1 :  0.139 0.105 0.108 0.157 0.119 0.271 0.102 
 15       15    (0)    1 :  0.074 0.083 0.096 0.080 0.087 0.510 0.069 
 16       16   (20)    1 :  0.162 0.102 0.190 0.148 0.158 0.010 0.231 
 17       17   (30)    1 :  0.178 0.141 0.162 0.078 0.168 0.008 0.266 
 18       18   (20)    1 :  0.180 0.139 0.163 0.079 0.164 0.009 0.265 
 19       19   (30)    1 :  0.118 0.319 0.160 0.099 0.171 0.020 0.112 
 20       20   (30)    1 :  0.214 0.094 0.154 0.272 0.115 0.009 0.142 
 21       21   (30)    1 :  0.057 0.452 0.146 0.072 0.205 0.013 0.054 
 22       22   (30)    1 :  0.118 0.238 0.129 0.121 0.155 0.121 0.119 
 23       23   (30)    1 :  0.177 0.170 0.168 0.146 0.172 0.033 0.134 
 24       24   (30)    1 :  0.135 0.279 0.141 0.151 0.171 0.021 0.101 
 25       25   (20)    1 :  0.140 0.109 0.185 0.131 0.177 0.019 0.238 
 26       26   (20)    1 :  0.161 0.136 0.126 0.247 0.125 0.047 0.157 
 27       27   (20)    1 :  0.206 0.130 0.170 0.182 0.149 0.013 0.151 
 28       28   (20)    1 :  0.136 0.221 0.177 0.107 0.184 0.008 0.167 
 29       29   (30)    1 :  0.125 0.127 0.215 0.102 0.166 0.011 0.255 
 30       30   (10)    1 :  0.118 0.305 0.174 0.081 0.168 0.017 0.137 
 31       31   (20)    1 :  0.128 0.069 0.103 0.137 0.113 0.333 0.117 
 32       32   (20)    1 :  0.098 0.402 0.149 0.069 0.203 0.009 0.071 
 33       33   (10)    1 :  0.185 0.212 0.163 0.127 0.163 0.012 0.139 
 34       34   (10)    1 :  0.104 0.084 0.091 0.103 0.084 0.439 0.096 
 35       35   (10)    1 :  0.174 0.087 0.161 0.178 0.184 0.034 0.183 
 36       36    (0)    1 :  0.116 0.140 0.203 0.125 0.169 0.029 0.219 
 37       37   (10)    1 :  0.224 0.081 0.161 0.190 0.140 0.054 0.151 
 38       38   (10)    1 :  0.153 0.168 0.178 0.127 0.178 0.013 0.183 
 39       39   (10)    1 :  0.154 0.129 0.182 0.155 0.172 0.010 0.198 
 40       40   (10)    1 :  0.185 0.149 0.160 0.184 0.142 0.010 0.171 
 41       41   (10)    1 :  0.204 0.108 0.146 0.182 0.139 0.016 0.206 
 42       42   (10)    1 :  0.145 0.156 0.151 0.207 0.126 0.020 0.195 
 43       43   (10)    1 :  0.215 0.082 0.161 0.196 0.153 0.024 0.169 
 44       44   (10)    1 :  0.151 0.127 0.199 0.108 0.181 0.008 0.226 
 45       45   (10)    1 :  0.187 0.093 0.151 0.214 0.161 0.014 0.179 
 46       46   (10)    1 :  0.192 0.110 0.148 0.134 0.166 0.022 0.227 
 47       47   (10)    1 :  0.190 0.128 0.167 0.183 0.170 0.021 0.142 
 48       48   (10)    1 :  0.116 0.244 0.167 0.124 0.160 0.030 0.158 
 49       49    (0)    1 :  0.150 0.233 0.154 0.122 0.175 0.040 0.126 
 50       50    (0)    1 :  0.201 0.073 0.153 0.209 0.132 0.055 0.178 
 51       51   (10)    1 :  0.201 0.082 0.136 0.216 0.137 0.037 0.190 
 52       52   (10)    1 :  0.141 0.216 0.162 0.128 0.181 0.039 0.134 
 53       53   (10)    1 :  0.048 0.483 0.139 0.060 0.197 0.022 0.050 
 54       54   (10)    1 :  0.195 0.099 0.152 0.224 0.122 0.009 0.199 
 55       55   (10)    1 :  0.154 0.225 0.171 0.074 0.177 0.007 0.193 
 56       56   (10)    1 :  0.165 0.137 0.171 0.202 0.163 0.019 0.144 
 57       57    (0)    1 :  0.183 0.069 0.120 0.244 0.161 0.043 0.180 
 58       58   (10)    1 :  0.171 0.168 0.156 0.135 0.161 0.018 0.191 
 59       59   (10)    1 :  0.180 0.156 0.195 0.137 0.164 0.010 0.157 
 60       60    (0)    1 :  0.116 0.271 0.144 0.132 0.174 0.028 0.134 
 61       61    (0)    1 :  0.221 0.083 0.158 0.226 0.151 0.006 0.154 
 62       62   (10)    1 :  0.144 0.191 0.170 0.132 0.175 0.017 0.169 
 63       63   (10)    1 :  0.194 0.088 0.150 0.175 0.139 0.027 0.226 
 64       64    (0)    1 :  0.150 0.119 0.175 0.194 0.137 0.019 0.206 
 65       65    (0)    1 :  0.154 0.138 0.222 0.165 0.200 0.009 0.113 
 66       66    (0)    1 :  0.168 0.116 0.197 0.181 0.180 0.010 0.149 
 67       67    (0)    1 :  0.186 0.141 0.178 0.076 0.146 0.013 0.261 
 68       68    (0)    1 :  0.200 0.089 0.132 0.249 0.138 0.027 0.165 
 69       69    (0)    1 :  0.172 0.105 0.162 0.202 0.153 0.008 0.197 
 70       70    (0)    1 :  0.104 0.319 0.173 0.085 0.191 0.014 0.114 
 71       71    (0)    1 :  0.194 0.113 0.164 0.208 0.168 0.011 0.142 
 72       72    (0)    1 :  0.185 0.129 0.157 0.097 0.152 0.005 0.275 
 73       73    (0)    1 :  0.162 0.144 0.169 0.179 0.157 0.033 0.156 
 74       74    (0)    1 :  0.195 0.124 0.170 0.111 0.164 0.007 0.230 
 75       75    (0)    1 :  0.156 0.100 0.145 0.204 0.171 0.016 0.208 
 76       76    (0)    1 :  0.185 0.085 0.131 0.238 0.134 0.074 0.153 
 77       77    (0)    1 :  0.101 0.137 0.182 0.114 0.194 0.064 0.207 
 78       78    (0)    1 :  0.212 0.141 0.180 0.162 0.185 0.015 0.105 
 79       79    (0)    1 :  0.167 0.237 0.165 0.121 0.196 0.008 0.107 
 80       80    (0)    1 :  0.215 0.074 0.149 0.259 0.104 0.015 0.184 
 81       81    (0)    1 :  0.153 0.214 0.148 0.158 0.160 0.015 0.153 
 82       82    (0)    1 :  0.228 0.047 0.142 0.342 0.073 0.007 0.160 
 83       83    (0)    1 :  0.179 0.086 0.145 0.258 0.150 0.013 0.169 
 84       84    (0)    1 :  0.178 0.086 0.123 0.283 0.122 0.014 0.193 
 85       85    (0)    1 :  0.170 0.105 0.175 0.183 0.168 0.013 0.185 
 86       86    (0)    1 :  0.183 0.141 0.158 0.103 0.159 0.021 0.235 
 87       87    (0)    1 :  0.174 0.110 0.215 0.167 0.170 0.008 0.156 
 88       88    (0)    1 :  0.199 0.086 0.151 0.194 0.135 0.020 0.216 
 89       89    (0)    1 :  0.232 0.052 0.156 0.306 0.084 0.010 0.160 
 90       90    (0)    1 :  0.184 0.111 0.160 0.231 0.142 0.009 0.164 
 91       91    (0)    1 :  0.199 0.140 0.161 0.123 0.167 0.010 0.200 
 92       92    (0)    1 :  0.156 0.138 0.191 0.160 0.165 0.008 0.181 
 93       93    (0)    1 :  0.186 0.153 0.158 0.088 0.157 0.018 0.239 
 94       94    (0)    1 :  0.096 0.383 0.160 0.083 0.214 0.005 0.059 
 95       95    (0)    1 :  0.148 0.244 0.159 0.128 0.188 0.014 0.120 
 96       96    (0)    1 :  0.145 0.178 0.136 0.142 0.161 0.117 0.120 
 97       97    (0)    1 :  0.162 0.225 0.183 0.112 0.180 0.010 0.128 
 98       98    (0)    1 :  0.116 0.221 0.188 0.122 0.179 0.016 0.157 
 99       99    (0)    1 :  0.167 0.153 0.176 0.183 0.138 0.019 0.165 
100      100    (0)    1 :  0.177 0.168 0.153 0.178 0.154 0.021 0.148 
101      101    (0)    1 :  0.172 0.100 0.173 0.172 0.164 0.021 0.199 
102      102    (0)    1 :  0.219 0.125 0.152 0.171 0.149 0.011 0.174 
103      103    (0)    1 :  0.134 0.220 0.161 0.130 0.195 0.044 0.115 
104      104    (0)    1 :  0.178 0.111 0.184 0.221 0.177 0.009 0.120 
105      105    (0)    1 :  0.211 0.132 0.197 0.160 0.201 0.015 0.083 
106      106    (0)    1 :  0.209 0.141 0.199 0.147 0.200 0.016 0.088 
107      107    (0)    1 :  0.189 0.113 0.136 0.184 0.156 0.077 0.144 
108      108    (0)    1 :  0.088 0.398 0.157 0.080 0.209 0.006 0.062 
109      109    (0)    1 :  0.159 0.238 0.161 0.120 0.161 0.028 0.133 
110      110    (0)    1 :  0.190 0.108 0.188 0.200 0.157 0.009 0.148 
111      111    (0)    1 :  0.143 0.136 0.176 0.123 0.157 0.017 0.248 
112      112    (0)    1 :  0.152 0.221 0.164 0.105 0.168 0.012 0.178 
113      113    (0)    1 :  0.179 0.180 0.178 0.139 0.175 0.005 0.143 
114      114    (0)    1 :  0.194 0.120 0.138 0.214 0.128 0.061 0.145 
115      115    (0)    1 :  0.167 0.139 0.183 0.167 0.206 0.010 0.128 
116      116    (0)    1 :  0.222 0.064 0.139 0.230 0.161 0.022 0.162 
117      117    (0)    1 :  0.181 0.150 0.166 0.173 0.172 0.012 0.145 
118      118    (0)    1 :  0.122 0.324 0.177 0.095 0.167 0.015 0.101 
119      119    (0)    1 :  0.172 0.180 0.163 0.095 0.168 0.015 0.207 
120      120    (0)    1 :  0.145 0.148 0.133 0.145 0.154 0.142 0.133 
121      121    (0)    1 :  0.136 0.218 0.150 0.155 0.141 0.063 0.136 
122      122    (0)    1 :  0.171 0.141 0.197 0.138 0.171 0.006 0.176 
123      123    (0)    1 :  0.186 0.112 0.154 0.201 0.142 0.011 0.194 
124      124    (0)    1 :  0.158 0.167 0.159 0.182 0.135 0.017 0.182 
125      125    (0)    1 :  0.181 0.129 0.200 0.141 0.187 0.007 0.156 
126      126    (0)    1 :  0.148 0.199 0.186 0.103 0.190 0.006 0.168 
127      127    (0)    1 :  0.150 0.107 0.164 0.174 0.158 0.026 0.222 
128      128    (0)    1 :  0.164 0.104 0.177 0.183 0.150 0.019 0.202 
129      129    (0)    1 :  0.181 0.133 0.176 0.169 0.175 0.015 0.151 
130      130    (0)    1 :  0.158 0.231 0.169 0.102 0.184 0.015 0.141 
131      131    (0)    1 :  0.178 0.128 0.167 0.090 0.149 0.011 0.277 
132      132    (0)    1 :  0.144 0.205 0.143 0.172 0.145 0.065 0.126 
133      133    (0)    1 :  0.168 0.182 0.183 0.114 0.189 0.007 0.158 
134      134    (0)    1 :  0.185 0.125 0.174 0.117 0.156 0.007 0.235 
135      135    (0)    1 :  0.060 0.458 0.149 0.057 0.207 0.005 0.064 
136      136    (0)    1 :  0.193 0.126 0.206 0.142 0.180 0.005 0.148 
137      137    (0)    1 :  0.187 0.146 0.157 0.099 0.159 0.027 0.224 
138      138    (0)    1 :  0.165 0.124 0.140 0.223 0.131 0.033 0.185 
139      139    (0)    1 :  0.149 0.171 0.211 0.142 0.175 0.014 0.138 
140      140    (0)    1 :  0.083 0.385 0.126 0.102 0.157 0.060 0.087 
141      141    (0)    1 :  0.144 0.102 0.204 0.131 0.174 0.007 0.239 
142      142    (0)    1 :  0.154 0.160 0.180 0.111 0.150 0.014 0.232 
143      143    (0)    1 :  0.104 0.074 0.079 0.089 0.092 0.492 0.069 
144      144    (0)    1 :  0.187 0.119 0.169 0.172 0.151 0.010 0.191 
145      145    (0)    1 :  0.179 0.151 0.152 0.174 0.164 0.042 0.138 
146      146    (0)    1 :  0.037 0.520 0.140 0.048 0.212 0.006 0.037 
147      147    (0)    1 :  0.161 0.089 0.124 0.185 0.128 0.172 0.141 
148      148    (0)    1 :  0.163 0.168 0.184 0.116 0.151 0.019 0.199 
149      149    (0)    1 :  0.149 0.082 0.186 0.150 0.204 0.020 0.208 
150      150    (0)    1 :  0.173 0.147 0.161 0.176 0.145 0.024 0.174 
151      151    (0)    1 :  0.069 0.413 0.151 0.088 0.175 0.017 0.087 
152      152    (0)    1 :  0.106 0.337 0.166 0.094 0.182 0.010 0.105 
153      153    (0)    1 :  0.123 0.098 0.176 0.244 0.118 0.015 0.227 
154      154    (0)    1 :  0.066 0.477 0.155 0.043 0.203 0.006 0.051 
155      155   (30)    1 :  0.166 0.095 0.182 0.151 0.168 0.023 0.215 
156      156   (30)    1 :  0.168 0.146 0.179 0.145 0.169 0.012 0.180 
157      157   (30)    1 :  0.180 0.116 0.157 0.167 0.159 0.029 0.191 
158      158   (30)    1 :  0.169 0.147 0.202 0.155 0.168 0.009 0.149 
159      159   (20)    1 :  0.168 0.063 0.130 0.338 0.114 0.010 0.177 
160      160   (10)    1 :  0.174 0.153 0.214 0.158 0.169 0.007 0.124 
161      161   (20)    1 :  0.127 0.162 0.169 0.142 0.170 0.037 0.193 
162      162   (20)    1 :  0.151 0.125 0.170 0.130 0.192 0.019 0.213 
163      163   (20)    1 :  0.169 0.202 0.171 0.088 0.152 0.012 0.205 
164      164   (20)    1 :  0.184 0.120 0.184 0.189 0.195 0.006 0.122 
165      165   (20)    1 :  0.176 0.114 0.160 0.175 0.173 0.040 0.162 
166      166   (20)    1 :  0.080 0.396 0.136 0.103 0.182 0.019 0.084 
167      167   (20)    1 :  0.188 0.127 0.177 0.170 0.164 0.008 0.167 
168      168   (20)    1 :  0.117 0.314 0.152 0.107 0.173 0.017 0.120 
169      169   (20)    1 :  0.193 0.085 0.163 0.196 0.178 0.048 0.138 
170      170   (20)    1 :  0.176 0.152 0.162 0.109 0.162 0.020 0.219 
171      171   (20)    1 :  0.193 0.129 0.166 0.065 0.153 0.008 0.286 
172      172   (20)    1 :  0.152 0.158 0.198 0.131 0.164 0.014 0.183 
173      173   (20)    1 :  0.160 0.101 0.166 0.179 0.170 0.051 0.175 
174      174   (20)    1 :  0.215 0.088 0.161 0.218 0.139 0.025 0.154 
175      175   (20)    1 :  0.235 0.118 0.166 0.184 0.166 0.016 0.113 
176      176   (20)    1 :  0.147 0.151 0.194 0.161 0.176 0.021 0.150 
177      177   (20)    1 :  0.191 0.140 0.166 0.112 0.166 0.019 0.205 
178      178   (20)    1 :  0.187 0.112 0.162 0.149 0.156 0.047 0.187 
179      179   (10)    1 :  0.066 0.431 0.167 0.059 0.191 0.008 0.078 
180      180   (10)    1 :  0.161 0.118 0.172 0.164 0.173 0.015 0.197 
181      181   (10)    1 :  0.147 0.109 0.161 0.152 0.163 0.120 0.148 
182      182   (10)    1 :  0.145 0.208 0.158 0.134 0.169 0.026 0.161 
183      183   (10)    1 :  0.206 0.103 0.175 0.186 0.174 0.015 0.142 
184      184   (10)    1 :  0.112 0.294 0.150 0.108 0.166 0.037 0.132 
185      185   (10)    1 :  0.173 0.128 0.191 0.148 0.154 0.029 0.177 
186      186   (10)    1 :  0.177 0.109 0.187 0.181 0.185 0.013 0.148 
187      187   (10)    1 :  0.200 0.115 0.155 0.213 0.145 0.017 0.155 
188      188   (10)    1 :  0.195 0.142 0.143 0.200 0.165 0.020 0.136 
189      189   (10)    1 :  0.080 0.375 0.183 0.070 0.161 0.017 0.113 
190      190   (10)    1 :  0.119 0.280 0.153 0.118 0.179 0.015 0.137 
191      191   (10)    1 :  0.147 0.130 0.169 0.130 0.170 0.028 0.226 
192      192   (10)    1 :  0.158 0.172 0.174 0.155 0.162 0.012 0.167 
193      193   (10)    1 :  0.162 0.104 0.140 0.231 0.128 0.063 0.173 
194      194   (10)    1 :  0.130 0.249 0.160 0.122 0.178 0.024 0.137 
195      195   (10)    1 :  0.130 0.247 0.155 0.135 0.170 0.033 0.131 
196      196   (10)    1 :  0.186 0.082 0.140 0.190 0.135 0.109 0.157 
197      197   (10)    1 :  0.144 0.267 0.177 0.089 0.188 0.006 0.128 
198      198   (10)    1 :  0.110 0.301 0.170 0.101 0.183 0.010 0.126 
199      199   (10)    1 :  0.153 0.169 0.170 0.120 0.173 0.011 0.203 
200      200   (10)    1 :  0.205 0.140 0.143 0.188 0.146 0.012 0.166 
201      201   (10)    1 :  0.188 0.122 0.166 0.156 0.157 0.013 0.198 
202      202   (10)    1 :  0.178 0.060 0.129 0.249 0.119 0.072 0.193 
203      203   (10)    1 :  0.156 0.080 0.177 0.142 0.185 0.016 0.245 
204      204   (10)    1 :  0.203 0.106 0.159 0.122 0.153 0.023 0.234 
205      205   (10)    1 :  0.166 0.177 0.208 0.145 0.195 0.007 0.103 
206      206   (10)    1 :  0.199 0.124 0.149 0.147 0.164 0.011 0.206 
207      207   (10)    1 :  0.169 0.198 0.167 0.139 0.166 0.016 0.145 
208      208   (10)    1 :  0.162 0.078 0.143 0.198 0.179 0.041 0.199 
209      209   (10)    1 :  0.242 0.057 0.156 0.248 0.123 0.010 0.163 
210      210    (0)    1 :  0.177 0.119 0.181 0.148 0.181 0.008 0.187 
211      211    (0)    1 :  0.087 0.378 0.148 0.104 0.193 0.007 0.082 
212      212   (10)    1 :  0.168 0.134 0.196 0.149 0.164 0.016 0.173 
213      213   (10)    1 :  0.203 0.092 0.150 0.187 0.148 0.051 0.169 
214      214   (10)    1 :  0.192 0.183 0.172 0.149 0.172 0.010 0.122 
215      215    (0)    1 :  0.196 0.099 0.150 0.212 0.142 0.016 0.183 
216      216    (0)    1 :  0.110 0.315 0.147 0.130 0.182 0.027 0.090 
217      217    (0)    1 :  0.189 0.079 0.138 0.225 0.159 0.026 0.183 
218      218    (0)    1 :  0.164 0.125 0.189 0.153 0.159 0.021 0.190 
219      219    (0)    1 :  0.164 0.103 0.188 0.135 0.186 0.008 0.215 
220      220    (0)    1 :  0.187 0.084 0.139 0.252 0.135 0.024 0.178 
221      221    (0)    1 :  0.151 0.208 0.167 0.129 0.173 0.006 0.166 
222      222    (0)    1 :  0.171 0.165 0.214 0.143 0.201 0.006 0.100 
223      223    (0)    1 :  0.167 0.175 0.160 0.140 0.176 0.022 0.159 
224      224    (0)    1 :  0.082 0.419 0.142 0.087 0.187 0.008 0.076 
225      225    (0)    1 :  0.140 0.178 0.197 0.112 0.165 0.006 0.202 
226      226    (0)    1 :  0.171 0.120 0.191 0.188 0.161 0.011 0.157 
227      227    (0)    1 :  0.165 0.131 0.163 0.239 0.181 0.010 0.113 
228      228    (0)    1 :  0.160 0.106 0.173 0.212 0.141 0.037 0.170 
229      229    (0)    1 :  0.088 0.408 0.156 0.073 0.196 0.008 0.072 
230      230    (0)    1 :  0.218 0.076 0.147 0.249 0.121 0.016 0.173 
231      231    (0)    1 :  0.220 0.090 0.147 0.230 0.139 0.019 0.155 
232      232    (0)    1 :  0.175 0.165 0.218 0.145 0.196 0.007 0.093 
233      233    (0)    1 :  0.138 0.176 0.159 0.196 0.134 0.018 0.179 
234      234    (0)    1 :  0.198 0.139 0.150 0.153 0.153 0.010 0.198 
235      235    (0)    1 :  0.159 0.107 0.196 0.175 0.162 0.016 0.184 
236      236    (0)    1 :  0.155 0.097 0.164 0.170 0.166 0.052 0.196 
237      237    (0)    1 :  0.159 0.163 0.168 0.202 0.167 0.007 0.135 
238      238    (0)    1 :  0.164 0.214 0.155 0.164 0.150 0.023 0.131 
239      239    (0)    1 :  0.178 0.072 0.148 0.200 0.130 0.094 0.177 
240      240    (0)    1 :  0.155 0.189 0.191 0.117 0.171 0.007 0.171 
241      241    (0)    1 :  0.162 0.194 0.185 0.115 0.162 0.007 0.175 
242      242    (0)    1 :  0.196 0.137 0.144 0.207 0.130 0.024 0.162 
243      243    (0)    1 :  0.123 0.287 0.179 0.110 0.161 0.013 0.127 
244      244    (0)    1 :  0.156 0.155 0.158 0.148 0.186 0.031 0.165 
245      245    (0)    1 :  0.166 0.124 0.184 0.116 0.149 0.007 0.254 
246      246    (0)    1 :  0.193 0.077 0.132 0.186 0.151 0.110 0.151 
247      247    (0)    1 :  0.184 0.102 0.162 0.199 0.163 0.013 0.176 
248      248    (0)    1 :  0.158 0.176 0.160 0.139 0.169 0.032 0.167 
249      249    (0)    1 :  0.184 0.049 0.128 0.304 0.125 0.024 0.186 
250      250    (0)    1 :  0.228 0.098 0.155 0.186 0.160 0.012 0.161 
251      251    (0)    1 :  0.155 0.234 0.188 0.109 0.160 0.010 0.144 
252      252    (0)    1 :  0.108 0.085 0.094 0.109 0.110 0.394 0.099 
253      253    (0)    1 :  0.074 0.386 0.143 0.102 0.169 0.041 0.085 
254      254    (0)    1 :  0.222 0.100 0.155 0.153 0.168 0.007 0.194 
255      255    (0)    1 :  0.187 0.148 0.172 0.099 0.144 0.017 0.233 
256      256    (0)    1 :  0.183 0.154 0.152 0.128 0.171 0.009 0.203 
257      257    (0)    1 :  0.172 0.158 0.187 0.132 0.201 0.007 0.142 
258      258    (0)    1 :  0.151 0.192 0.157 0.173 0.174 0.013 0.141 
259      259    (0)    1 :  0.092 0.307 0.169 0.107 0.175 0.026 0.123 
260      260    (0)    1 :  0.137 0.179 0.202 0.141 0.176 0.009 0.158 
261      261    (0)    1 :  0.210 0.126 0.190 0.162 0.168 0.022 0.121 
262      262    (0)    1 :  0.170 0.139 0.175 0.181 0.164 0.038 0.132 
263      263    (0)    1 :  0.163 0.127 0.170 0.193 0.161 0.027 0.158 
264      264    (0)    1 :  0.193 0.138 0.157 0.118 0.159 0.019 0.217 
265      265    (0)    1 :  0.142 0.242 0.163 0.129 0.186 0.012 0.126 
266      266    (0)    1 :  0.162 0.155 0.181 0.079 0.156 0.011 0.255 
267      267    (0)    1 :  0.151 0.107 0.150 0.167 0.169 0.058 0.198 
268      268    (0)    1 :  0.172 0.121 0.177 0.178 0.157 0.011 0.184 
269      269    (0)    1 :  0.144 0.278 0.144 0.136 0.175 0.010 0.113 
270      270    (0)    1 :  0.132 0.197 0.185 0.109 0.182 0.006 0.190 
271      271    (0)    1 :  0.156 0.154 0.187 0.078 0.169 0.012 0.244 
272      272    (0)    1 :  0.081 0.391 0.141 0.099 0.183 0.024 0.082 
273      273    (0)    1 :  0.143 0.271 0.138 0.166 0.169 0.019 0.094 
274      274    (0)    1 :  0.222 0.109 0.149 0.195 0.156 0.026 0.143 
275      275    (0)    1 :  0.186 0.097 0.166 0.215 0.150 0.010 0.175 
276      276    (0)    1 :  0.134 0.152 0.201 0.177 0.163 0.012 0.161 
277      277    (0)    1 :  0.107 0.353 0.166 0.056 0.193 0.007 0.118 
278      278    (0)    1 :  0.028 0.548 0.136 0.035 0.212 0.008 0.032 
279      279    (0)    1 :  0.159 0.176 0.159 0.096 0.164 0.019 0.228 
280      280    (0)    1 :  0.170 0.164 0.172 0.138 0.180 0.010 0.166 
281      281    (0)    1 :  0.163 0.169 0.163 0.094 0.163 0.019 0.228 
282      282    (0)    1 :  0.136 0.278 0.175 0.102 0.176 0.016 0.119 
283      283    (0)    1 :  0.154 0.237 0.167 0.087 0.172 0.013 0.170 
284      284    (0)    1 :  0.139 0.253 0.163 0.118 0.173 0.008 0.147 
285      285    (0)    1 :  0.173 0.083 0.138 0.244 0.178 0.013 0.171 
286      286    (0)    1 :  0.207 0.091 0.144 0.237 0.133 0.016 0.172 
287      287    (0)    1 :  0.159 0.217 0.166 0.128 0.188 0.010 0.132 
288      288    (0)    1 :  0.179 0.178 0.150 0.120 0.168 0.017 0.188 
289      289    (0)    1 :  0.138 0.232 0.173 0.128 0.174 0.017 0.137 
290      290    (0)    1 :  0.057 0.448 0.147 0.063 0.193 0.018 0.073 
291      291    (0)    1 :  0.129 0.115 0.191 0.126 0.191 0.028 0.220 
292      292    (0)    1 :  0.178 0.166 0.171 0.161 0.165 0.008 0.151 
293      293    (0)    1 :  0.211 0.091 0.166 0.204 0.145 0.008 0.175 
294      294    (0)    1 :  0.128 0.316 0.162 0.078 0.186 0.022 0.108 
295      295    (0)    1 :  0.140 0.183 0.183 0.130 0.162 0.016 0.187 
296      296    (0)    1 :  0.169 0.120 0.161 0.186 0.169 0.023 0.171 
297      297    (0)    1 :  0.157 0.073 0.175 0.165 0.166 0.080 0.183 
298      298    (0)    1 :  0.190 0.102 0.188 0.168 0.171 0.015 0.166 
299      299    (0)    1 :  0.186 0.140 0.217 0.161 0.195 0.005 0.096 
300      300    (0)    1 :  0.170 0.131 0.152 0.194 0.160 0.025 0.167 
301      301    (0)    1 :  0.186 0.141 0.152 0.195 0.168 0.019 0.139 
302      302    (0)    1 :  0.161 0.172 0.203 0.146 0.201 0.013 0.104 
303      303    (0)    1 :  0.200 0.089 0.159 0.191 0.148 0.040 0.174 
304      304    (0)    1 :  0.116 0.328 0.166 0.114 0.157 0.012 0.107 
305      305    (0)    1 :  0.063 0.417 0.148 0.096 0.191 0.009 0.077 
306      306    (0)    1 :  0.203 0.154 0.165 0.147 0.204 0.010 0.118 
307      307    (0)    1 :  0.230 0.091 0.159 0.195 0.158 0.019 0.148 
308      308    (0)    1 :  0.152 0.121 0.111 0.281 0.124 0.015 0.196 
309      309    (0)    1 :  0.058 0.466 0.136 0.068 0.196 0.010 0.067 
310      310    (0)    1 :  0.149 0.174 0.178 0.150 0.173 0.013 0.164 
311      311    (0)    1 :  0.165 0.081 0.156 0.259 0.146 0.024 0.169 
312      312    (0)    1 :  0.186 0.061 0.120 0.319 0.103 0.020 0.192 
313      313    (0)    1 :  0.152 0.209 0.157 0.117 0.166 0.016 0.183 
314      314    (0)    1 :  0.169 0.117 0.195 0.169 0.168 0.008 0.174 
315      315    (0)    1 :  0.189 0.125 0.154 0.201 0.145 0.052 0.133 
316      316    (0)    1 :  0.201 0.058 0.121 0.263 0.118 0.049 0.191 
317      317    (0)    1 :  0.197 0.092 0.148 0.169 0.152 0.054 0.187 
318      318    (0)    1 :  0.117 0.147 0.223 0.110 0.152 0.011 0.241 
319      319    (0)    1 :  0.148 0.244 0.173 0.087 0.179 0.009 0.159 
320      320    (0)    1 :  0.191 0.144 0.174 0.147 0.199 0.006 0.139 
321      321    (0)    1 :  0.191 0.133 0.180 0.146 0.166 0.013 0.170 
322      322    (0)    1 :  0.162 0.197 0.164 0.085 0.156 0.026 0.211 
323      323    (0)    1 :  0.116 0.322 0.159 0.099 0.197 0.014 0.093 
324      324    (0)    1 :  0.189 0.099 0.155 0.203 0.164 0.013 0.178 
325      325    (0)    1 :  0.158 0.187 0.212 0.126 0.206 0.006 0.105 
326      326    (0)    1 :  0.166 0.184 0.158 0.170 0.170 0.007 0.146 
327      327    (0)    1 :  0.208 0.087 0.143 0.215 0.158 0.024 0.164 
328      328    (0)    1 :  0.194 0.094 0.148 0.167 0.129 0.072 0.195 
329      329    (0)    1 :  0.125 0.292 0.131 0.139 0.166 0.008 0.138 
330      330    (0)    1 :  0.189 0.123 0.163 0.112 0.149 0.032 0.233 
331      331    (0)    1 :  0.138 0.213 0.194 0.139 0.162 0.015 0.140 
332      332    (0)    1 :  0.154 0.152 0.166 0.108 0.149 0.022 0.249 
333      333    (0)    1 :  0.181 0.109 0.172 0.172 0.174 0.019 0.172 
334      334    (0)    1 :  0.105 0.122 0.179 0.099 0.177 0.094 0.225 
335      335    (0)    1 :  0.162 0.132 0.184 0.098 0.173 0.007 0.243 
336      336    (0)    1 :  0.119 0.299 0.167 0.122 0.175 0.011 0.107 
337      337    (0)    1 :  0.164 0.170 0.156 0.120 0.171 0.034 0.185 
338      338    (0)    1 :  0.103 0.312 0.163 0.100 0.180 0.028 0.114 
339      339    (0)    1 :  0.143 0.198 0.157 0.138 0.145 0.084 0.135 
340      340    (0)    1 :  0.113 0.135 0.220 0.140 0.150 0.013 0.229 
341      341    (0)    1 :  0.173 0.134 0.170 0.114 0.157 0.015 0.236 
342      342    (0)    1 :  0.154 0.053 0.115 0.170 0.096 0.304 0.110 
343      343    (0)    1 :  0.165 0.127 0.171 0.158 0.178 0.025 0.176 
344      344    (0)    1 :  0.158 0.122 0.165 0.152 0.158 0.022 0.224 
345      345    (0)    1 :  0.141 0.217 0.182 0.134 0.184 0.028 0.113 
346      346    (0)    1 :  0.137 0.120 0.190 0.125 0.181 0.016 0.231 
347      347    (0)    1 :  0.170 0.155 0.132 0.229 0.130 0.039 0.145 
348      348    (0)    1 :  0.184 0.125 0.193 0.186 0.186 0.005 0.121 
349      349    (0)    1 :  0.133 0.132 0.128 0.213 0.128 0.137 0.128 
350      350    (0)    1 :  0.179 0.143 0.180 0.183 0.148 0.015 0.152 
351      351    (0)    1 :  0.155 0.130 0.184 0.138 0.171 0.010 0.211 
352      352    (0)    1 :  0.144 0.225 0.191 0.130 0.193 0.006 0.111 
353      353    (0)    1 :  0.181 0.142 0.168 0.085 0.153 0.007 0.264 
354      354    (0)    1 :  0.204 0.125 0.166 0.189 0.161 0.011 0.145 
355      355    (0)    1 :  0.239 0.072 0.148 0.245 0.117 0.016 0.163 
356      356    (0)    1 :  0.197 0.070 0.153 0.210 0.139 0.042 0.189 
357      357    (0)    1 :  0.211 0.113 0.152 0.182 0.169 0.010 0.163 
358      358    (0)    1 :  0.178 0.124 0.221 0.156 0.167 0.007 0.147 
359      359    (0)    1 :  0.161 0.088 0.136 0.148 0.148 0.170 0.149 
360      360    (0)    1 :  0.166 0.102 0.178 0.176 0.151 0.016 0.211 
361      361    (0)    1 :  0.144 0.091 0.131 0.225 0.133 0.091 0.184 
362      362    (0)    1 :  0.174 0.118 0.128 0.282 0.124 0.021 0.153 
363      363    (0)    1 :  0.167 0.100 0.184 0.202 0.188 0.007 0.151 
364      364    (0)    1 :  0.153 0.211 0.162 0.121 0.162 0.042 0.150 
365      365   (30)    1 :  0.149 0.120 0.158 0.139 0.145 0.109 0.180 
366      366   (30)    1 :  0.170 0.109 0.182 0.188 0.162 0.018 0.171 
367      367    (0)    1 :  0.115 0.283 0.164 0.120 0.189 0.017 0.112 
368      368    (0)    1 :  0.180 0.187 0.171 0.065 0.168 0.011 0.218 
369      369    (0)    1 :  0.174 0.150 0.142 0.241 0.120 0.007 0.167 
370      370    (0)    1 :  0.120 0.266 0.170 0.117 0.183 0.008 0.137 
371      371    (0)    1 :  0.183 0.115 0.151 0.119 0.140 0.010 0.282 
372      372    (0)    1 :  0.161 0.102 0.121 0.287 0.093 0.074 0.162 
373      373    (0)    1 :  0.182 0.080 0.120 0.282 0.108 0.060 0.168 
374      374    (0)    1 :  0.147 0.203 0.147 0.117 0.164 0.059 0.163 
375      375    (0)    1 :  0.180 0.160 0.154 0.184 0.154 0.016 0.152 
376      376    (0)    1 :  0.147 0.214 0.196 0.106 0.194 0.008 0.134 
377      377    (0)    1 :  0.175 0.157 0.216 0.134 0.203 0.018 0.097 
378      378    (0)    1 :  0.169 0.163 0.171 0.160 0.170 0.017 0.150 
379      379    (0)    1 :  0.210 0.124 0.163 0.199 0.154 0.019 0.131 
380      380    (0)    1 :  0.183 0.146 0.165 0.070 0.158 0.009 0.269 
381      381    (0)    1 :  0.160 0.139 0.179 0.133 0.168 0.015 0.206 
382      382    (0)    1 :  0.155 0.144 0.179 0.143 0.170 0.010 0.199 
383      383    (0)    1 :  0.159 0.110 0.149 0.233 0.166 0.011 0.171 
384      384    (0)    1 :  0.193 0.150 0.173 0.175 0.178 0.013 0.119 
385      385    (0)    1 :  0.180 0.173 0.156 0.193 0.138 0.015 0.145 
386      386    (0)    1 :  0.178 0.108 0.159 0.210 0.153 0.015 0.177 
387      387    (0)    1 :  0.138 0.228 0.181 0.123 0.191 0.019 0.119 
388      388    (0)    1 :  0.120 0.093 0.189 0.145 0.140 0.058 0.255 
389      389    (0)    1 :  0.202 0.113 0.157 0.207 0.150 0.007 0.165 
390      390    (0)    1 :  0.176 0.155 0.165 0.094 0.159 0.010 0.242 
391      391    (0)    1 :  0.109 0.221 0.192 0.094 0.161 0.014 0.208 
392      392   (30)    1 :  0.158 0.173 0.166 0.175 0.161 0.020 0.148 
393      393   (30)    1 :  0.154 0.182 0.191 0.151 0.174 0.011 0.137 
394      394   (30)    1 :  0.184 0.120 0.171 0.180 0.163 0.024 0.159 
395      395   (30)    1 :  0.141 0.170 0.135 0.136 0.132 0.153 0.133 
396      396   (30)    1 :  0.205 0.124 0.169 0.169 0.171 0.006 0.156 
397      397   (20)    1 :  0.156 0.103 0.163 0.164 0.177 0.019 0.219 
398      398   (20)    1 :  0.119 0.297 0.170 0.105 0.172 0.017 0.120 
399      399   (20)    1 :  0.158 0.195 0.189 0.152 0.190 0.012 0.103 
400      400   (10)    1 :  0.169 0.128 0.195 0.179 0.163 0.024 0.142 
401      401   (10)    1 :  0.161 0.161 0.174 0.186 0.154 0.012 0.152 
402      402   (10)    1 :  0.135 0.096 0.148 0.128 0.181 0.119 0.193 
403      403   (10)    1 :  0.144 0.097 0.184 0.131 0.203 0.022 0.219 
404      404   (10)    1 :  0.072 0.046 0.058 0.068 0.065 0.632 0.058 
405      405   (10)    1 :  0.114 0.156 0.237 0.122 0.146 0.037 0.189 
406      406   (10)    1 :  0.195 0.066 0.137 0.211 0.165 0.056 0.169 
407      407   (10)    1 :  0.088 0.050 0.076 0.110 0.075 0.513 0.089 
408      408   (10)    1 :  0.124 0.260 0.184 0.107 0.177 0.014 0.135 
409      409   (10)    1 :  0.074 0.367 0.113 0.103 0.167 0.099 0.075 
410      410   (10)    1 :  0.162 0.189 0.194 0.142 0.197 0.011 0.106 
411      411   (10)    1 :  0.187 0.109 0.150 0.187 0.153 0.012 0.202 
412      412   (10)    1 :  0.120 0.291 0.151 0.130 0.170 0.025 0.113 
413      413   (10)    1 :  0.184 0.090 0.142 0.216 0.140 0.081 0.147 
414      414    (0)    1 :  0.176 0.136 0.159 0.148 0.146 0.024 0.212 
415      415    (0)    1 :  0.076 0.370 0.163 0.074 0.185 0.008 0.124 
416      416    (0)    1 :  0.158 0.116 0.236 0.127 0.176 0.008 0.179 
417      417    (0)    1 :  0.218 0.082 0.159 0.256 0.114 0.013 0.159 
418      418    (0)    1 :  0.199 0.070 0.154 0.251 0.173 0.009 0.143 
419      419    (0)    1 :  0.111 0.310 0.130 0.138 0.156 0.042 0.113 
420      420    (0)    1 :  0.128 0.136 0.189 0.130 0.156 0.054 0.207 
421      421    (0)    1 :  0.224 0.059 0.132 0.296 0.121 0.008 0.159 
422      422    (0)    1 :  0.155 0.148 0.211 0.179 0.179 0.009 0.118 
423      423    (0)    1 :  0.137 0.137 0.182 0.141 0.170 0.018 0.213 
424      424    (0)    1 :  0.167 0.172 0.211 0.148 0.182 0.007 0.113 
425      425    (0)    1 :  0.118 0.150 0.230 0.150 0.160 0.011 0.180 
426      426    (0)    1 :  0.155 0.114 0.160 0.172 0.166 0.034 0.200 
427      427    (0)    1 :  0.165 0.119 0.177 0.204 0.143 0.022 0.170 
428      428    (0)    1 :  0.170 0.119 0.158 0.161 0.193 0.025 0.174 
429      429    (0)    1 :  0.123 0.138 0.220 0.169 0.153 0.013 0.185 
430      430    (0)    1 :  0.159 0.188 0.147 0.159 0.171 0.010 0.167 
431      431    (0)    1 :  0.188 0.037 0.101 0.374 0.078 0.011 0.211 
432      432    (0)    1 :  0.109 0.060 0.097 0.119 0.121 0.380 0.115 
433      433    (0)    1 :  0.158 0.140 0.179 0.139 0.169 0.042 0.173 
434      434    (0)    1 :  0.155 0.197 0.138 0.197 0.157 0.017 0.137 
435      435    (0)    1 :  0.160 0.093 0.191 0.175 0.175 0.014 0.191 
436      436    (0)    1 :  0.166 0.139 0.196 0.177 0.160 0.019 0.144 
437      437    (0)    1 :  0.198 0.115 0.164 0.200 0.154 0.008 0.161 
438      438    (0)    1 :  0.189 0.113 0.190 0.199 0.160 0.012 0.138 
439      439    (0)    1 :  0.105 0.075 0.099 0.126 0.106 0.378 0.112 
440      440    (0)    1 :  0.181 0.078 0.152 0.220 0.140 0.051 0.179 
441      441    (0)    1 :  0.154 0.184 0.141 0.186 0.151 0.020 0.164 
442      442    (0)    1 :  0.052 0.463 0.146 0.060 0.206 0.011 0.063 
443      443    (0)    1 :  0.138 0.242 0.129 0.173 0.166 0.035 0.116 
444      444    (0)    1 :  0.171 0.103 0.161 0.174 0.168 0.030 0.193 
445      445    (0)    1 :  0.144 0.077 0.113 0.275 0.124 0.103 0.164 
446      446    (0)    1 :  0.161 0.136 0.129 0.206 0.139 0.089 0.139 
447      447    (0)    1 :  0.194 0.099 0.141 0.220 0.146 0.021 0.178 
448      448    (0)    1 :  0.170 0.108 0.156 0.176 0.166 0.083 0.140 
449      449    (0)    1 :  0.137 0.169 0.109 0.203 0.139 0.093 0.149 
450      450    (0)    1 :  0.185 0.114 0.126 0.223 0.131 0.052 0.169 
451      451    (0)    1 :  0.053 0.462 0.132 0.070 0.200 0.016 0.067 
452      452    (0)    1 :  0.160 0.117 0.179 0.177 0.157 0.048 0.162 
453      453    (0)    1 :  0.160 0.111 0.167 0.178 0.153 0.088 0.143 
454      454    (0)    1 :  0.161 0.139 0.107 0.184 0.129 0.119 0.161 
455      455    (0)    1 :  0.169 0.132 0.134 0.187 0.151 0.092 0.135 
456      456    (0)    1 :  0.170 0.125 0.129 0.179 0.140 0.129 0.128 
457      457    (0)    1 :  0.157 0.079 0.138 0.264 0.141 0.065 0.156 
458      458    (0)    1 :  0.198 0.094 0.129 0.196 0.151 0.062 0.171 
459      459    (0)    1 :  0.137 0.250 0.154 0.144 0.168 0.010 0.137 
460      460    (0)    1 :  0.050 0.494 0.141 0.056 0.194 0.010 0.056 
461      461   (30)    1 :  0.181 0.068 0.133 0.263 0.113 0.095 0.148 
462      462   (30)    1 :  0.010 0.008 0.009 0.009 0.009 0.945 0.010 
463      463   (30)    1 :  0.012 0.009 0.011 0.012 0.010 0.934 0.011 
464      464   (30)    1 :  0.022 0.015 0.017 0.020 0.021 0.882 0.023 
465      465   (30)    1 :  0.152 0.049 0.098 0.276 0.092 0.184 0.149 
466      466   (20)    1 :  0.030 0.018 0.029 0.033 0.026 0.835 0.028 
467      467   (20)    1 :  0.138 0.095 0.113 0.141 0.144 0.242 0.127 
468      468   (20)    1 :  0.133 0.090 0.115 0.122 0.111 0.246 0.182 
469      469   (20)    1 :  0.200 0.063 0.118 0.205 0.140 0.119 0.156 
470      470   (20)    1 :  0.067 0.035 0.049 0.074 0.049 0.663 0.063 
471      471   (20)    1 :  0.163 0.074 0.112 0.157 0.129 0.240 0.125 
472      472   (20)    1 :  0.134 0.065 0.130 0.144 0.153 0.216 0.160 
473      473   (20)    1 :  0.163 0.098 0.135 0.177 0.148 0.163 0.117 
474      474   (20)    1 :  0.016 0.016 0.018 0.016 0.017 0.902 0.016 
475      475   (20)    1 :  0.071 0.025 0.047 0.158 0.046 0.567 0.086 
476      476   (20)    1 :  0.029 0.026 0.026 0.031 0.028 0.831 0.029 
477      477   (20)    1 :  0.023 0.024 0.021 0.021 0.021 0.870 0.020 
478      478   (20)    1 :  0.122 0.115 0.116 0.149 0.128 0.258 0.112 
479      479    (0)    1 :  0.018 0.018 0.018 0.019 0.019 0.890 0.019 
480      480   (10)    1 :  0.020 0.014 0.015 0.016 0.015 0.906 0.015 
481      481   (10)    1 :  0.029 0.018 0.022 0.027 0.033 0.847 0.025 
482      482   (10)    1 :  0.008 0.008 0.008 0.008 0.009 0.951 0.008 
483      483    (0)    1 :  0.031 0.019 0.022 0.027 0.033 0.844 0.025 
484      484   (10)    1 :  0.178 0.074 0.150 0.190 0.171 0.063 0.173 
485      485   (10)    1 :  0.091 0.040 0.059 0.104 0.095 0.529 0.082 
486      486   (10)    1 :  0.037 0.039 0.033 0.039 0.037 0.778 0.037 
487      487   (10)    1 :  0.010 0.009 0.009 0.009 0.010 0.943 0.010 
488      488   (10)    1 :  0.027 0.023 0.022 0.030 0.025 0.846 0.026 
489      489    (0)    1 :  0.114 0.047 0.085 0.178 0.081 0.375 0.119 
490      490   (10)    1 :  0.105 0.104 0.151 0.136 0.131 0.193 0.181 
491      491    (0)    1 :  0.020 0.017 0.019 0.020 0.019 0.883 0.021 
492      492   (10)    1 :  0.064 0.032 0.049 0.073 0.045 0.681 0.056 
493      493   (10)    1 :  0.013 0.012 0.012 0.012 0.012 0.925 0.013 
494      494    (0)    1 :  0.008 0.008 0.008 0.008 0.008 0.952 0.008 
495      495    (0)    1 :  0.007 0.008 0.007 0.008 0.007 0.955 0.007 
496      496   (10)    1 :  0.024 0.023 0.023 0.026 0.024 0.854 0.024 
497      497    (0)    1 :  0.116 0.207 0.126 0.202 0.133 0.055 0.161 
498      498   (10)    1 :  0.134 0.088 0.104 0.143 0.131 0.283 0.117 
499      499   (10)    1 :  0.017 0.017 0.016 0.019 0.014 0.901 0.016 
500      500   (10)    1 :  0.093 0.108 0.071 0.127 0.093 0.423 0.085 
501      501   (10)    1 :  0.011 0.009 0.010 0.013 0.012 0.931 0.013 
502      502    (0)    1 :  0.013 0.013 0.013 0.013 0.013 0.922 0.014 
503      503   (10)    1 :  0.011 0.008 0.009 0.011 0.014 0.936 0.010 
504      504   (10)    1 :  0.018 0.014 0.014 0.018 0.019 0.900 0.017 
505      505    (0)    1 :  0.051 0.046 0.056 0.052 0.051 0.693 0.051 
506      506    (0)    1 :  0.033 0.046 0.036 0.043 0.042 0.762 0.037 
507      507    (0)    1 :  0.022 0.020 0.018 0.024 0.019 0.878 0.019 
508      508    (0)    1 :  0.092 0.043 0.071 0.096 0.075 0.548 0.075 
509      509    (0)    1 :  0.007 0.007 0.007 0.007 0.007 0.958 0.007 
510      510    (0)    1 :  0.015 0.016 0.015 0.015 0.016 0.908 0.016 
511      511    (0)    1 :  0.011 0.010 0.010 0.011 0.011 0.936 0.011 
512      512    (0)    1 :  0.036 0.016 0.023 0.029 0.035 0.832 0.029 
513      513    (0)    1 :  0.168 0.114 0.150 0.148 0.158 0.049 0.213 
514      514    (0)    1 :  0.011 0.011 0.011 0.010 0.011 0.935 0.010 
515      515    (0)    1 :  0.059 0.025 0.045 0.068 0.040 0.711 0.052 
516      516    (0)    1 :  0.089 0.067 0.090 0.129 0.102 0.386 0.137 
517      517    (0)    1 :  0.015 0.015 0.013 0.015 0.014 0.913 0.015 
518      518    (0)    1 :  0.009 0.009 0.008 0.010 0.009 0.946 0.009 
519      519    (0)    1 :  0.016 0.020 0.017 0.016 0.017 0.899 0.015 
520      520    (0)    1 :  0.029 0.025 0.030 0.029 0.030 0.825 0.032 
521      521    (0)    1 :  0.011 0.010 0.010 0.011 0.011 0.937 0.010 
522      522    (0)    1 :  0.009 0.007 0.008 0.009 0.008 0.949 0.009 
523      523    (0)    1 :  0.058 0.108 0.138 0.083 0.101 0.388 0.124 
524      524    (0)    1 :  0.046 0.025 0.031 0.041 0.041 0.782 0.033 
525      525    (0)    1 :  0.024 0.024 0.024 0.024 0.022 0.858 0.023 
526      526    (0)    1 :  0.022 0.024 0.023 0.024 0.022 0.862 0.024 
527      527    (0)    1 :  0.039 0.027 0.032 0.037 0.035 0.802 0.028 
528      528    (0)    1 :  0.030 0.022 0.024 0.039 0.027 0.831 0.026 
529      529    (0)    1 :  0.078 0.034 0.072 0.099 0.089 0.540 0.090 
530      530    (0)    1 :  0.009 0.009 0.009 0.009 0.009 0.945 0.009 
531      531    (0)    1 :  0.026 0.028 0.024 0.025 0.025 0.848 0.022 
532      532    (0)    1 :  0.016 0.017 0.015 0.017 0.017 0.901 0.017 
533      533    (0)    1 :  0.014 0.013 0.013 0.014 0.013 0.921 0.013 
534      534    (0)    1 :  0.023 0.020 0.022 0.027 0.021 0.866 0.020 
535      535    (0)    1 :  0.014 0.015 0.014 0.015 0.014 0.913 0.014 
536      536    (0)    1 :  0.007 0.006 0.007 0.007 0.007 0.958 0.007 
537      537    (0)    1 :  0.009 0.009 0.009 0.008 0.010 0.946 0.009 
538      538    (0)    1 :  0.008 0.007 0.007 0.007 0.007 0.956 0.007 
539      539    (0)    1 :  0.006 0.006 0.006 0.006 0.006 0.963 0.006 
540      540    (0)    1 :  0.021 0.023 0.022 0.024 0.021 0.867 0.024 
541      541    (0)    1 :  0.165 0.052 0.130 0.205 0.167 0.101 0.180 
542      542    (0)    1 :  0.012 0.010 0.010 0.012 0.011 0.933 0.011 
543      543    (0)    1 :  0.031 0.031 0.031 0.035 0.033 0.808 0.031 
544      544    (0)    1 :  0.017 0.016 0.016 0.016 0.017 0.902 0.017 
545      545    (0)    1 :  0.007 0.006 0.007 0.008 0.007 0.959 0.007 
546      546    (0)    1 :  0.085 0.096 0.085 0.107 0.098 0.440 0.091 
547      547    (0)    1 :  0.040 0.040 0.039 0.046 0.040 0.755 0.039 
548      548    (0)    1 :  0.016 0.014 0.015 0.016 0.015 0.908 0.016 
549      549    (0)    1 :  0.014 0.017 0.015 0.014 0.015 0.910 0.016 
550      550    (0)    1 :  0.008 0.007 0.008 0.008 0.008 0.952 0.009 
551      551    (0)    1 :  0.131 0.112 0.168 0.139 0.162 0.074 0.213 
552      552    (0)    1 :  0.024 0.012 0.018 0.025 0.029 0.866 0.026 
553      553    (0)    1 :  0.110 0.087 0.073 0.125 0.087 0.417 0.100 
554      554    (0)    1 :  0.045 0.032 0.039 0.061 0.039 0.735 0.050 
555      555    (0)    1 :  0.009 0.008 0.009 0.009 0.009 0.947 0.009 
556      556    (0)    1 :  0.037 0.021 0.029 0.044 0.029 0.812 0.028 
557      557    (0)    1 :  0.008 0.007 0.008 0.008 0.007 0.955 0.008 
558      558    (0)    1 :  0.041 0.038 0.041 0.052 0.034 0.750 0.044 
559      559    (0)    1 :  0.093 0.060 0.080 0.098 0.086 0.483 0.100 
560      560    (0)    1 :  0.032 0.028 0.032 0.034 0.030 0.812 0.030 
561      561    (0)    1 :  0.044 0.036 0.043 0.047 0.042 0.748 0.040 
562      562    (0)    1 :  0.007 0.006 0.007 0.006 0.007 0.961 0.007 
563      563    (0)    1 :  0.014 0.011 0.013 0.015 0.012 0.922 0.014 
564      564    (0)    1 :  0.012 0.013 0.012 0.013 0.012 0.925 0.013 
565      565    (0)    1 :  0.061 0.024 0.038 0.067 0.068 0.688 0.055 
566      566    (0)    1 :  0.168 0.088 0.108 0.182 0.143 0.183 0.129 
567      567    (0)    1 :  0.014 0.015 0.015 0.015 0.014 0.910 0.016 
568      568    (0)    1 :  0.044 0.031 0.037 0.047 0.033 0.764 0.045 
569      569    (0)    1 :  0.015 0.016 0.015 0.016 0.015 0.908 0.016 
570      570    (0)    1 :  0.053 0.335 0.106 0.060 0.138 0.256 0.052 
571      571    (0)    1 :  0.166 0.073 0.123 0.181 0.110 0.233 0.115 
572      572    (0)    1 :  0.034 0.029 0.029 0.033 0.030 0.817 0.028 
573      573    (0)    1 :  0.176 0.118 0.166 0.186 0.156 0.010 0.187 
574      574    (0)    1 :  0.211 0.069 0.143 0.202 0.174 0.062 0.139 
575      575    (0)    1 :  0.171 0.079 0.158 0.173 0.186 0.049 0.184 
576      576    (0)    1 :  0.127 0.136 0.208 0.155 0.144 0.025 0.206 
577      577    (0)    1 :  0.154 0.137 0.202 0.185 0.183 0.014 0.125 
578      578    (0)    1 :  0.179 0.079 0.108 0.219 0.143 0.124 0.149 
579      579    (0)    1 :  0.032 0.030 0.034 0.031 0.036 0.808 0.029 
580      580    (0)    1 :  0.106 0.055 0.083 0.104 0.083 0.477 0.091 
581      581    (0)    1 :  0.010 0.011 0.011 0.010 0.011 0.935 0.012 
582      582    (0)    1 :  0.073 0.410 0.132 0.096 0.188 0.023 0.078 
583      583    (0)    1 :  0.015 0.013 0.014 0.017 0.016 0.910 0.016 
584      584    (0)    1 :  0.097 0.053 0.073 0.126 0.066 0.505 0.079 
585      585    (0)    1 :  0.110 0.074 0.095 0.116 0.101 0.387 0.118 
586      586    (0)    1 :  0.015 0.012 0.013 0.016 0.014 0.914 0.016 
587      587    (0)    1 :  0.016 0.026 0.017 0.016 0.018 0.891 0.016 
588      588    (0)    1 :  0.011 0.014 0.010 0.011 0.011 0.932 0.011 
589      589   (10)    1 :  0.059 0.058 0.051 0.069 0.058 0.648 0.057 
590      590   (20)    1 :  0.011 0.016 0.013 0.012 0.014 0.922 0.011 
591      591   (20)    1 :  0.015 0.012 0.013 0.015 0.012 0.920 0.014 
592      592   (10)    1 :  0.084 0.036 0.053 0.069 0.070 0.636 0.053 
593      593   (10)    1 :  0.011 0.011 0.011 0.012 0.011 0.932 0.012 
594      594   (10)    1 :  0.161 0.082 0.131 0.173 0.159 0.172 0.121 
595      595    (0)    1 :  0.058 0.043 0.045 0.055 0.057 0.692 0.050 
596      596    (0)    1 :  0.007 0.007 0.007 0.008 0.007 0.958 0.006 
597      597   (10)    1 :  0.014 0.011 0.013 0.015 0.014 0.917 0.015 
598      598    (0)    1 :  0.070 0.132 0.086 0.078 0.087 0.470 0.076 
599      599    (0)    1 :  0.009 0.008 0.008 0.009 0.008 0.948 0.009 
600      600    (0)    1 :  0.013 0.012 0.015 0.015 0.013 0.916 0.016 
601      601    (0)    1 :  0.008 0.008 0.008 0.009 0.009 0.949 0.009 
602      602    (0)    1 :  0.078 0.042 0.057 0.076 0.069 0.622 0.056 
603      603    (0)    1 :  0.039 0.027 0.033 0.044 0.038 0.781 0.039 
604      604    (0)    1 :  0.077 0.203 0.112 0.069 0.112 0.353 0.074 
605      605    (0)    1 :  0.027 0.026 0.024 0.030 0.025 0.843 0.026 
606      606    (0)    1 :  0.030 0.046 0.030 0.034 0.031 0.795 0.034 
607      607    (0)    1 :  0.007 0.006 0.007 0.007 0.007 0.959 0.007 
608      608    (0)    1 :  0.127 0.051 0.086 0.125 0.112 0.376 0.122 
609      609    (0)    1 :  0.026 0.022 0.021 0.026 0.023 0.856 0.025 
610      610    (0)    1 :  0.022 0.018 0.019 0.022 0.020 0.879 0.019 
611      611    (0)    1 :  0.073 0.048 0.061 0.096 0.066 0.578 0.078 
612      612    (0)    1 :  0.217 0.053 0.136 0.245 0.134 0.057 0.157 
613      613    (0)    1 :  0.011 0.009 0.010 0.011 0.010 0.939 0.011 
614      614    (0)    1 :  0.008 0.008 0.009 0.009 0.009 0.947 0.010 
615      615    (0)    1 :  0.010 0.009 0.011 0.011 0.010 0.938 0.010 
616      616    (0)    1 :  0.079 0.028 0.047 0.065 0.076 0.656 0.050 
617      617    (0)    1 :  0.014 0.021 0.017 0.014 0.017 0.900 0.017 
618      618    (0)    1 :  0.070 0.035 0.047 0.085 0.058 0.649 0.056 
619      619    (0)    1 :  0.014 0.015 0.012 0.013 0.013 0.920 0.013 
620      620    (0)    1 :  0.021 0.016 0.018 0.022 0.018 0.887 0.018 
621      621    (0)    1 :  0.102 0.323 0.160 0.107 0.177 0.038 0.094 
622      622    (0)    1 :  0.015 0.013 0.013 0.018 0.015 0.910 0.015 
623      623    (0)    1 :  0.026 0.026 0.024 0.026 0.024 0.849 0.025 


Estimated Allele Frequencies in each cluster
First column gives estimated ancestral frequencies


Locus 1 : 
12 alleles
2.9% missing data
 206   (0.009) 0.004 0.003 0.003 0.007 0.003 0.300 0.004 
 210   (0.096) 0.079 0.099 0.091 0.091 0.087 0.238 0.095 
 198   (0.332) 0.312 0.253 0.292 0.330 0.293 0.261 0.302 
 204   (0.039) 0.030 0.019 0.024 0.037 0.028 0.087 0.026 
 212   (0.240) 0.257 0.333 0.283 0.245 0.291 0.014 0.261 
 196   (0.064) 0.069 0.076 0.072 0.067 0.072 0.001 0.065 
 202   (0.031) 0.045 0.031 0.038 0.032 0.036 0.001 0.057 
 208   (0.060) 0.064 0.065 0.068 0.060 0.061 0.002 0.064 
 214   (0.099) 0.120 0.110 0.115 0.105 0.114 0.002 0.108 
 216   (0.011) 0.008 0.004 0.007 0.011 0.007 0.000 0.007 
 220   (0.004) 0.002 0.001 0.001 0.004 0.001 0.000 0.002 
 200   (0.015) 0.008 0.007 0.006 0.013 0.007 0.094 0.008 

Locus 2 : 
14 alleles
1.4% missing data
 204   (0.094) 0.088 0.059 0.082 0.094 0.081 0.029 0.079 
 210   (0.195) 0.200 0.187 0.201 0.200 0.205 0.341 0.200 
 206   (0.136) 0.142 0.190 0.149 0.133 0.153 0.118 0.140 
 214   (0.016) 0.009 0.046 0.015 0.013 0.021 0.007 0.009 
 208   (0.137) 0.133 0.212 0.151 0.134 0.153 0.141 0.134 
 216   (0.069) 0.067 0.039 0.063 0.074 0.061 0.059 0.062 
 202   (0.077) 0.076 0.054 0.066 0.075 0.068 0.125 0.084 
 198   (0.066) 0.062 0.036 0.060 0.066 0.059 0.172 0.068 
 200   (0.096) 0.127 0.087 0.120 0.101 0.110 0.002 0.141 
 212   (0.036) 0.028 0.017 0.023 0.033 0.020 0.004 0.026 
 218   (0.038) 0.034 0.050 0.036 0.036 0.038 0.001 0.028 
 196   (0.026) 0.024 0.018 0.026 0.028 0.023 0.001 0.020 
 192   (0.009) 0.007 0.004 0.006 0.009 0.006 0.000 0.005 
 194   (0.006) 0.003 0.001 0.002 0.005 0.002 0.000 0.003 

Locus 3 : 
6 alleles
4.0% missing data
 206   (0.062) 0.056 0.032 0.043 0.060 0.048 0.317 0.044 
 210   (0.503) 0.523 0.519 0.541 0.511 0.528 0.295 0.550 
 214   (0.130) 0.120 0.096 0.114 0.130 0.112 0.299 0.115 
 212   (0.278) 0.286 0.318 0.284 0.277 0.292 0.058 0.277 
 215   (0.015) 0.009 0.031 0.013 0.013 0.016 0.000 0.008 
 208   (0.012) 0.006 0.003 0.005 0.010 0.004 0.031 0.006 

Locus 4 : 
7 alleles
6.4% missing data
 150   (0.495) 0.500 0.534 0.502 0.494 0.515 0.788 0.490 
 154   (0.158) 0.165 0.131 0.164 0.162 0.154 0.011 0.170 
 152   (0.246) 0.252 0.247 0.248 0.249 0.252 0.071 0.251 
 156   (0.018) 0.013 0.013 0.022 0.018 0.015 0.085 0.023 
 158   (0.017) 0.011 0.007 0.008 0.015 0.008 0.044 0.009 
 148   (0.051) 0.047 0.064 0.048 0.048 0.051 0.001 0.048 
 144   (0.015) 0.012 0.004 0.008 0.014 0.006 0.000 0.009 

Locus 5 : 
10 alleles
2.1% missing data
 169   (0.165) 0.163 0.180 0.168 0.167 0.172 0.416 0.169 
 165   (0.099) 0.096 0.068 0.077 0.094 0.077 0.321 0.078 
 175   (0.355) 0.367 0.436 0.371 0.352 0.385 0.207 0.365 
 177   (0.218) 0.234 0.175 0.236 0.227 0.225 0.007 0.252 
 171   (0.013) 0.007 0.035 0.012 0.010 0.016 0.000 0.007 
 179   (0.006) 0.003 0.002 0.002 0.005 0.002 0.000 0.003 
 181   (0.063) 0.052 0.047 0.049 0.059 0.048 0.044 0.047 
 173   (0.068) 0.072 0.055 0.079 0.074 0.069 0.004 0.072 
 161   (0.009) 0.005 0.002 0.004 0.008 0.003 0.000 0.005 
 163   (0.004) 0.002 0.001 0.001 0.004 0.001 0.000 0.002 

Locus 6 : 
8 alleles
9.5% missing data
 142   (0.421) 0.425 0.497 0.472 0.428 0.467 0.476 0.465 
 144   (0.197) 0.206 0.226 0.200 0.197 0.205 0.056 0.189 
 140   (0.155) 0.158 0.124 0.150 0.160 0.149 0.145 0.134 
 136   (0.145) 0.145 0.113 0.125 0.140 0.126 0.256 0.149 
 138   (0.025) 0.019 0.010 0.016 0.023 0.014 0.060 0.020 
 146   (0.032) 0.029 0.019 0.023 0.030 0.024 0.007 0.022 
 148   (0.020) 0.017 0.010 0.013 0.018 0.013 0.000 0.017 
 134   (0.005) 0.002 0.001 0.002 0.004 0.001 0.000 0.003 

Locus 7 : 
4 alleles
5.0% missing data
 150   (0.729) 0.741 0.735 0.726 0.733 0.728 0.698 0.710 
 156   (0.024) 0.017 0.007 0.012 0.021 0.012 0.209 0.015 
 152   (0.193) 0.194 0.213 0.214 0.195 0.215 0.078 0.226 
 154   (0.054) 0.048 0.046 0.048 0.051 0.046 0.015 0.049 

Locus 8 : 
7 alleles
1.6% missing data
 121   (0.765) 0.772 0.830 0.797 0.763 0.796 0.892 0.817 
 135   (0.021) 0.017 0.015 0.013 0.020 0.015 0.003 0.015 
 125   (0.052) 0.046 0.024 0.033 0.050 0.035 0.056 0.037 
 123   (0.098) 0.112 0.092 0.116 0.110 0.113 0.019 0.089 
 119   (0.008) 0.006 0.002 0.004 0.008 0.003 0.000 0.004 
 133   (0.037) 0.036 0.031 0.029 0.035 0.031 0.001 0.027 
 117   (0.018) 0.012 0.005 0.008 0.016 0.008 0.029 0.011 

Locus 9 : 
3 alleles
5.3% missing data
  75   (0.827) 0.837 0.875 0.845 0.825 0.850 0.831 0.848 
  81   (0.164) 0.157 0.122 0.151 0.166 0.146 0.169 0.146 
  79   (0.009) 0.006 0.003 0.005 0.008 0.004 0.000 0.006 

Locus 10 : 
4 alleles
3.7% missing data
 167   (0.517) 0.530 0.550 0.549 0.521 0.533 0.094 0.524 
 169   (0.265) 0.271 0.219 0.248 0.264 0.254 0.646 0.284 
 165   (0.200) 0.188 0.226 0.194 0.199 0.201 0.242 0.178 
 173   (0.018) 0.012 0.005 0.010 0.017 0.011 0.018 0.014 

Values of parameters used in structure:
DATAFILE=/home/martin/bottleneck/structure_analysis/structure_4/data_job_T7_2,	OUTFILE=/home/martin/bottleneck/structure_analysis/structure_4/structure_results/atlantic_walrus/results_job_T7_2,	NUMINDS=623,	NUMLOCI=10,	MISSING=-9,	LABEL=1,	POPDATA=1,	POPFLAG=0,	PHENOTYPE=0,	EXTRACOLS=0,	MAXPOPS=7,	BURNIN=10000,	NUMREPS=100000,	USEPOPINFO=0,	INFERALPHA=1,	INFERLAMBDA=0,	POPSPECIFICLAMBDA=0,	POPALPHAS=0,	COMPUTEPROB=1,	NOADMIX=0,	ADMBURNIN=2500,	UPDATEFREQ=1,	PRINTLIKES=0,	INTERMEDSAVE=0,	PRINTKLD=0,	PRINTNET=0,	PRINTLAMBDA=0,	ANCESTDIST=0,	NUMBOXES=1000,	ANCESTPINT=0.90000,	GENSBACK=2,	MIGRPRIOR=0.05000,	PRINTQHAT=1,	PRINTQSUM=0,	ALPHA=1.0000,	FREQSCORR=1,	FPRIORMEAN=0.0100,	FPRIORSD=0.0500,	ONEFST=0,	LAMBDA=1.0000,	UNIFPRIORALPHA=1,	ALPHAMAX=10.0000,	ALPHAPRIORA=1.0000,	ALPHAPRIORB=2.0000,	ALPHAPROPSD=0.0250,	STARTATPOPINFO=0,	RANDOMIZE=1,	LINKAGE=0,	METROFREQ=10,	REPORTHITRATE=0,	MARKOVPHASE=-1,	PHASED=0,	PLOIDY=2,	PHASEINFO=0	LOCPRIOR=0, 	LOCPRIORINIT=1.000000, 	LOCDATA=0, 	LOCISPOP=0, 	LOCPRIORSTEP=0.100000, 	MAXLOCPRIOR=20.000000, 	SEED=1470587133,	
[STRAT parameters]:    NUMSIMSTATS=1000,	PHENOTYPECOL=-9,	POOLFREQ=10,	LOCUSxONLY=0,	EMERROR=0.00100,	MISSINGPHENO=-9,	