

----------------------------------------------------
STRUCTURE by Pritchard, Stephens and Donnelly (2000)
     and Falush, Stephens and Pritchard (2003)
       Code by Pritchard, Falush and Hubisz
             Version 2.3.4 (Jul 2012)
----------------------------------------------------



Command line arguments:   /usr/local/bin/structure -m parameter_job_T9_4 
Input File:    /home/martin/bottleneck/structure/data_job_T9_4

Run parameters:
   224 individuals
   15 loci
   9 populations assumed
   10000 Burn-in period
   100000 Reps


--------------------------------------------
Proportion of membership of each pre-defined
 population in each of the 9 clusters

Given    Inferred Clusters                                                 Number of
 Pop       1      2      3      4      5      6      7      8      9      Individuals

  1:     0.111  0.111  0.111  0.111  0.111  0.111  0.111  0.111  0.111      224
--------------------------------------------

Allele-freq. divergence among pops (Net nucleotide distance),
computed using point estimates of P.

      1       2       3       4       5       6       7       8       9      
 1      -    0.0003  0.0001  0.0000  0.0001  0.0001  0.0074  0.0005  0.0003  
 2   0.0003     -    0.0002  0.0002  0.0001  0.0001  0.0082  0.0002  0.0003  
 3   0.0001  0.0002     -    0.0000  0.0001  0.0001  0.0071  0.0004  0.0001  
 4   0.0000  0.0002  0.0000     -    0.0001  0.0001  0.0075  0.0003  0.0002  
 5   0.0001  0.0001  0.0001  0.0001     -    0.0001  0.0078  0.0003  0.0002  
 6   0.0001  0.0001  0.0001  0.0001  0.0001     -    0.0075  0.0002  0.0002  
 7   0.0074  0.0082  0.0071  0.0075  0.0078  0.0075     -    0.0082  0.0075  
 8   0.0005  0.0002  0.0004  0.0003  0.0003  0.0002  0.0082     -    0.0004  
 9   0.0003  0.0003  0.0001  0.0002  0.0002  0.0002  0.0075  0.0004     -    

Average distances (expected heterozygosity) between individuals in same cluster:
cluster  1  : 0.7733 
cluster  2  : 0.7667 
cluster  3  : 0.7690 
cluster  4  : 0.7694 
cluster  5  : 0.7689 
cluster  6  : 0.7691 
cluster  7  : 0.7598 
cluster  8  : 0.7615 
cluster  9  : 0.7641 

--------------------------------------------
Estimated Ln Prob of Data   = -20936.4
Mean value of ln likelihood = -11112.1
Variance of ln likelihood   = 19648.5
Mean value of alpha         = 2.3484

Mean value of Fst_1         = 0.0010
Mean value of Fst_2         = 0.0559
Mean value of Fst_3         = 0.0388
Mean value of Fst_4         = 0.0283
Mean value of Fst_5         = 0.0410
Mean value of Fst_6         = 0.0373
Mean value of Fst_7         = 0.1029
Mean value of Fst_8         = 0.0858
Mean value of Fst_9         = 0.0776


Inferred ancestry of individuals:
        Label (%Miss) Pop:  Inferred clusters
  1        1    (0)    1 :  0.118 0.121 0.116 0.114 0.122 0.104 0.078 0.114 0.114 
  2        2    (0)    1 :  0.140 0.090 0.134 0.134 0.108 0.106 0.089 0.092 0.108 
  3        3    (0)    1 :  0.117 0.108 0.114 0.116 0.120 0.112 0.087 0.111 0.114 
  4        4    (0)    1 :  0.119 0.102 0.120 0.121 0.111 0.112 0.100 0.100 0.116 
  5        5    (0)    1 :  0.115 0.111 0.111 0.114 0.117 0.118 0.087 0.107 0.120 
  6        6    (0)    1 :  0.114 0.120 0.110 0.114 0.118 0.114 0.081 0.110 0.119 
  7        7    (0)    1 :  0.107 0.114 0.115 0.112 0.111 0.114 0.081 0.115 0.131 
  8        8    (0)    1 :  0.119 0.111 0.116 0.117 0.114 0.113 0.095 0.109 0.107 
  9        9    (0)    1 :  0.114 0.109 0.115 0.118 0.114 0.111 0.100 0.109 0.110 
 10       10    (0)    1 :  0.114 0.121 0.116 0.117 0.116 0.115 0.081 0.109 0.111 
 11       11    (0)    1 :  0.114 0.102 0.116 0.116 0.108 0.113 0.114 0.105 0.112 
 12       12    (0)    1 :  0.112 0.117 0.107 0.108 0.117 0.100 0.129 0.102 0.107 
 13       13    (0)    1 :  0.114 0.098 0.123 0.114 0.109 0.117 0.092 0.099 0.133 
 14       14    (0)    1 :  0.093 0.086 0.097 0.093 0.089 0.090 0.261 0.087 0.103 
 15       15    (0)    1 :  0.115 0.100 0.113 0.114 0.109 0.110 0.126 0.104 0.109 
 16       16    (0)    1 :  0.116 0.111 0.113 0.115 0.119 0.114 0.087 0.110 0.115 
 17       17    (0)    1 :  0.099 0.093 0.096 0.096 0.097 0.097 0.233 0.095 0.094 
 18       18    (0)    1 :  0.111 0.112 0.117 0.114 0.118 0.116 0.082 0.112 0.119 
 19       19    (0)    1 :  0.105 0.097 0.116 0.107 0.114 0.114 0.100 0.105 0.140 
 20       20    (0)    1 :  0.114 0.110 0.118 0.113 0.111 0.112 0.086 0.110 0.126 
 21       21    (0)    1 :  0.092 0.095 0.092 0.095 0.091 0.095 0.257 0.093 0.090 
 22       22    (0)    1 :  0.114 0.105 0.123 0.115 0.115 0.115 0.079 0.104 0.130 
 23       23    (0)    1 :  0.116 0.110 0.118 0.120 0.113 0.114 0.081 0.111 0.117 
 24       24    (0)    1 :  0.111 0.117 0.107 0.107 0.116 0.116 0.081 0.125 0.121 
 25       25    (0)    1 :  0.117 0.106 0.117 0.115 0.124 0.122 0.084 0.106 0.109 
 26       26    (0)    1 :  0.103 0.123 0.107 0.105 0.101 0.127 0.080 0.144 0.110 
 27       27    (0)    1 :  0.120 0.108 0.117 0.120 0.111 0.114 0.089 0.104 0.117 
 28       28    (0)    1 :  0.109 0.118 0.105 0.107 0.101 0.123 0.078 0.150 0.108 
 29       29    (0)    1 :  0.117 0.095 0.117 0.111 0.105 0.103 0.145 0.097 0.110 
 30       30    (0)    1 :  0.107 0.116 0.110 0.111 0.110 0.114 0.094 0.125 0.113 
 31       31    (0)    1 :  0.117 0.108 0.115 0.118 0.117 0.114 0.092 0.109 0.110 
 32       32    (0)    1 :  0.113 0.107 0.118 0.116 0.111 0.117 0.085 0.107 0.126 
 33       33    (0)    1 :  0.109 0.123 0.110 0.109 0.110 0.122 0.077 0.129 0.110 
 34       34    (0)    1 :  0.125 0.095 0.123 0.125 0.113 0.107 0.098 0.100 0.114 
 35       35    (0)    1 :  0.130 0.105 0.125 0.129 0.110 0.112 0.076 0.102 0.111 
 36       36    (0)    1 :  0.110 0.112 0.113 0.111 0.111 0.113 0.096 0.118 0.116 
 37       37    (0)    1 :  0.110 0.126 0.108 0.109 0.106 0.124 0.082 0.129 0.107 
 38       38    (0)    1 :  0.113 0.110 0.115 0.114 0.110 0.113 0.104 0.105 0.115 
 39       39    (6)    1 :  0.117 0.110 0.113 0.117 0.109 0.114 0.090 0.117 0.112 
 40       40    (0)    1 :  0.088 0.087 0.089 0.088 0.088 0.090 0.290 0.090 0.090 
 41       41    (0)    1 :  0.118 0.110 0.118 0.114 0.113 0.116 0.085 0.117 0.108 
 42       42    (6)    1 :  0.121 0.112 0.117 0.119 0.115 0.116 0.080 0.112 0.108 
 43       43    (0)    1 :  0.117 0.118 0.118 0.117 0.108 0.119 0.075 0.119 0.109 
 44       44    (0)    1 :  0.109 0.118 0.111 0.110 0.110 0.117 0.089 0.122 0.114 
 45       45    (0)    1 :  0.116 0.124 0.109 0.112 0.121 0.120 0.073 0.115 0.110 
 46       46    (0)    1 :  0.113 0.113 0.115 0.116 0.110 0.116 0.085 0.116 0.116 
 47       47    (0)    1 :  0.111 0.111 0.115 0.111 0.114 0.117 0.102 0.109 0.111 
 48       48    (0)    1 :  0.113 0.116 0.113 0.113 0.117 0.112 0.093 0.109 0.114 
 49       49    (0)    1 :  0.112 0.121 0.111 0.112 0.115 0.119 0.074 0.124 0.113 
 50       50    (0)    1 :  0.121 0.110 0.119 0.118 0.111 0.110 0.079 0.113 0.118 
 51       51    (0)    1 :  0.105 0.115 0.107 0.111 0.102 0.124 0.083 0.138 0.115 
 52       52    (0)    1 :  0.113 0.109 0.110 0.112 0.103 0.112 0.108 0.120 0.114 
 53       53    (0)    1 :  0.113 0.114 0.116 0.121 0.120 0.112 0.081 0.107 0.116 
 54       54    (0)    1 :  0.111 0.107 0.112 0.120 0.109 0.122 0.094 0.110 0.115 
 55       55    (0)    1 :  0.108 0.109 0.111 0.104 0.105 0.119 0.110 0.112 0.121 
 56       56    (0)    1 :  0.113 0.118 0.114 0.115 0.116 0.123 0.080 0.113 0.109 
 57       57    (0)    1 :  0.118 0.106 0.113 0.120 0.114 0.112 0.093 0.108 0.116 
 58       58    (0)    1 :  0.118 0.102 0.115 0.113 0.103 0.111 0.113 0.108 0.116 
 59       59    (0)    1 :  0.113 0.128 0.112 0.113 0.116 0.119 0.075 0.116 0.107 
 60       60    (0)    1 :  0.109 0.120 0.109 0.109 0.112 0.114 0.101 0.112 0.114 
 61       61    (6)    1 :  0.103 0.127 0.103 0.105 0.100 0.123 0.079 0.151 0.108 
 62       62    (0)    1 :  0.106 0.138 0.107 0.109 0.116 0.122 0.077 0.118 0.106 
 63       63    (0)    1 :  0.111 0.124 0.112 0.110 0.111 0.115 0.079 0.128 0.110 
 64       64    (0)    1 :  0.098 0.101 0.098 0.094 0.101 0.096 0.218 0.100 0.094 
 65       65    (0)    1 :  0.118 0.109 0.115 0.114 0.112 0.120 0.080 0.117 0.115 
 66       66    (0)    1 :  0.109 0.133 0.109 0.113 0.111 0.122 0.075 0.119 0.109 
 67       67    (0)    1 :  0.116 0.110 0.119 0.116 0.127 0.108 0.075 0.112 0.117 
 68       68    (0)    1 :  0.108 0.116 0.117 0.108 0.113 0.115 0.082 0.119 0.123 
 69       69    (0)    1 :  0.122 0.111 0.120 0.121 0.114 0.114 0.077 0.109 0.112 
 70       70    (0)    1 :  0.096 0.139 0.095 0.099 0.100 0.125 0.073 0.168 0.105 
 71       71    (0)    1 :  0.114 0.123 0.107 0.117 0.118 0.119 0.078 0.115 0.108 
 72       72    (0)    1 :  0.109 0.101 0.106 0.106 0.104 0.104 0.169 0.102 0.098 
 73       73    (0)    1 :  0.126 0.105 0.125 0.129 0.113 0.111 0.085 0.101 0.105 
 74       74    (0)    1 :  0.120 0.112 0.114 0.118 0.115 0.111 0.091 0.106 0.112 
 75       75    (0)    1 :  0.117 0.111 0.116 0.121 0.122 0.105 0.087 0.105 0.116 
 76       76    (0)    1 :  0.109 0.129 0.105 0.109 0.112 0.121 0.077 0.126 0.111 
 77       77    (0)    1 :  0.112 0.102 0.119 0.112 0.111 0.121 0.085 0.106 0.133 
 78       78    (0)    1 :  0.114 0.115 0.118 0.115 0.114 0.114 0.075 0.120 0.116 
 79       79    (0)    1 :  0.117 0.121 0.114 0.114 0.107 0.122 0.078 0.117 0.109 
 80       80    (0)    1 :  0.106 0.129 0.110 0.107 0.112 0.119 0.077 0.126 0.113 
 81       81    (6)    1 :  0.109 0.131 0.105 0.105 0.123 0.109 0.084 0.122 0.113 
 82       82    (0)    1 :  0.099 0.089 0.101 0.095 0.098 0.096 0.229 0.092 0.101 
 83       83    (0)    1 :  0.120 0.104 0.121 0.123 0.114 0.110 0.094 0.103 0.111 
 84       84    (0)    1 :  0.091 0.090 0.090 0.089 0.089 0.094 0.285 0.086 0.086 
 85       85    (0)    1 :  0.097 0.148 0.101 0.101 0.116 0.123 0.084 0.122 0.108 
 86       86    (0)    1 :  0.111 0.114 0.114 0.114 0.115 0.108 0.090 0.113 0.119 
 87       87    (0)    1 :  0.112 0.128 0.110 0.111 0.111 0.121 0.079 0.122 0.105 
 88       88    (0)    1 :  0.119 0.116 0.113 0.115 0.138 0.099 0.078 0.112 0.110 
 89       89    (0)    1 :  0.087 0.111 0.090 0.090 0.104 0.088 0.238 0.098 0.093 
 90       90    (0)    1 :  0.107 0.129 0.106 0.111 0.127 0.108 0.079 0.118 0.114 
 91       91    (0)    1 :  0.111 0.107 0.119 0.113 0.119 0.122 0.085 0.109 0.116 
 92       92    (0)    1 :  0.107 0.097 0.117 0.109 0.110 0.108 0.135 0.100 0.116 
 93       93    (0)    1 :  0.106 0.132 0.105 0.109 0.115 0.112 0.088 0.120 0.114 
 94       94    (0)    1 :  0.104 0.140 0.106 0.102 0.137 0.099 0.073 0.128 0.111 
 95       95    (0)    1 :  0.098 0.145 0.096 0.097 0.133 0.101 0.076 0.138 0.115 
 96       96    (6)    1 :  0.100 0.146 0.098 0.104 0.139 0.099 0.076 0.130 0.108 
 97       97    (0)    1 :  0.109 0.121 0.108 0.111 0.123 0.120 0.081 0.119 0.108 
 98       98    (0)    1 :  0.119 0.119 0.113 0.117 0.126 0.106 0.074 0.110 0.115 
 99       99    (0)    1 :  0.104 0.101 0.110 0.107 0.104 0.115 0.130 0.100 0.130 
100      100    (0)    1 :  0.098 0.096 0.107 0.099 0.102 0.104 0.181 0.095 0.119 
101      101    (0)    1 :  0.101 0.134 0.102 0.104 0.111 0.117 0.086 0.132 0.114 
102      102    (0)    1 :  0.120 0.101 0.120 0.121 0.111 0.116 0.094 0.100 0.118 
103      103    (0)    1 :  0.109 0.123 0.109 0.109 0.110 0.118 0.088 0.133 0.101 
104      104    (0)    1 :  0.110 0.134 0.101 0.109 0.132 0.104 0.072 0.126 0.112 
105      105    (6)    1 :  0.108 0.123 0.110 0.114 0.113 0.122 0.086 0.113 0.110 
106      106    (0)    1 :  0.121 0.101 0.122 0.125 0.107 0.111 0.098 0.101 0.114 
107      107    (0)    1 :  0.110 0.114 0.111 0.111 0.108 0.112 0.102 0.121 0.112 
108      108    (0)    1 :  0.111 0.111 0.111 0.114 0.110 0.111 0.106 0.116 0.109 
109      109    (0)    1 :  0.108 0.120 0.106 0.106 0.117 0.115 0.100 0.117 0.111 
110      110    (0)    1 :  0.109 0.112 0.113 0.111 0.111 0.109 0.102 0.108 0.125 
111      111    (0)    1 :  0.105 0.142 0.100 0.100 0.135 0.098 0.082 0.122 0.116 
112      112    (0)    1 :  0.115 0.115 0.113 0.114 0.125 0.109 0.079 0.110 0.122 
113      113    (0)    1 :  0.093 0.087 0.096 0.093 0.090 0.089 0.277 0.084 0.092 
114      114    (0)    1 :  0.111 0.124 0.112 0.116 0.112 0.120 0.077 0.114 0.114 
115      115    (0)    1 :  0.116 0.103 0.113 0.113 0.117 0.109 0.099 0.109 0.120 
116      116    (0)    1 :  0.112 0.111 0.112 0.115 0.108 0.119 0.100 0.112 0.111 
117      117    (0)    1 :  0.116 0.112 0.114 0.119 0.116 0.116 0.077 0.113 0.118 
118      118    (0)    1 :  0.118 0.115 0.115 0.119 0.111 0.116 0.082 0.116 0.108 
119      119    (0)    1 :  0.112 0.107 0.114 0.108 0.109 0.118 0.107 0.107 0.118 
120      120    (0)    1 :  0.113 0.097 0.114 0.109 0.103 0.113 0.142 0.096 0.113 
121      121    (6)    1 :  0.077 0.078 0.080 0.080 0.078 0.079 0.368 0.079 0.081 
122      122    (0)    1 :  0.108 0.123 0.108 0.107 0.110 0.118 0.083 0.127 0.115 
123      123    (0)    1 :  0.105 0.094 0.104 0.105 0.097 0.101 0.198 0.092 0.105 
124      124    (0)    1 :  0.109 0.125 0.106 0.108 0.123 0.106 0.092 0.118 0.113 
125      125    (0)    1 :  0.114 0.117 0.114 0.113 0.123 0.106 0.094 0.109 0.110 
126      126    (0)    1 :  0.107 0.129 0.107 0.104 0.107 0.126 0.078 0.138 0.104 
127      127    (0)    1 :  0.113 0.102 0.117 0.115 0.112 0.103 0.128 0.098 0.112 
128      128    (0)    1 :  0.117 0.112 0.115 0.114 0.117 0.117 0.084 0.111 0.112 
129      129    (0)    1 :  0.110 0.123 0.113 0.109 0.118 0.108 0.094 0.109 0.115 
130      130    (0)    1 :  0.118 0.113 0.116 0.121 0.117 0.120 0.077 0.109 0.110 
131      131    (0)    1 :  0.120 0.101 0.119 0.116 0.111 0.114 0.105 0.105 0.110 
132      132    (0)    1 :  0.117 0.111 0.114 0.118 0.116 0.118 0.075 0.116 0.116 
133      133    (0)    1 :  0.090 0.093 0.085 0.087 0.090 0.091 0.285 0.093 0.086 
134      134    (0)    1 :  0.131 0.106 0.123 0.128 0.119 0.106 0.075 0.103 0.109 
135      135    (0)    1 :  0.133 0.098 0.126 0.136 0.109 0.109 0.079 0.099 0.111 
136      136    (0)    1 :  0.109 0.105 0.106 0.107 0.106 0.106 0.155 0.102 0.105 
137      137    (0)    1 :  0.113 0.108 0.115 0.115 0.109 0.112 0.094 0.116 0.118 
138      138    (0)    1 :  0.120 0.116 0.117 0.118 0.119 0.114 0.072 0.118 0.105 
139      139    (0)    1 :  0.117 0.111 0.116 0.112 0.111 0.115 0.090 0.116 0.111 
140      140    (0)    1 :  0.113 0.120 0.114 0.111 0.117 0.114 0.082 0.120 0.109 
141      141    (0)    1 :  0.091 0.088 0.090 0.089 0.088 0.090 0.286 0.090 0.088 
142      142    (0)    1 :  0.109 0.115 0.107 0.109 0.112 0.112 0.114 0.108 0.112 
143      143    (0)    1 :  0.110 0.118 0.108 0.106 0.113 0.119 0.109 0.112 0.105 
144      144    (0)    1 :  0.130 0.101 0.118 0.126 0.112 0.113 0.096 0.099 0.104 
145      145    (0)    1 :  0.108 0.128 0.107 0.110 0.127 0.107 0.074 0.122 0.117 
146      146    (0)    1 :  0.118 0.109 0.116 0.117 0.117 0.114 0.086 0.113 0.111 
147      147    (0)    1 :  0.111 0.114 0.114 0.112 0.116 0.104 0.083 0.119 0.127 
148      148    (0)    1 :  0.120 0.102 0.122 0.120 0.117 0.121 0.080 0.105 0.112 
149      149    (0)    1 :  0.112 0.109 0.117 0.115 0.109 0.116 0.100 0.109 0.112 
150      150    (0)    1 :  0.105 0.112 0.112 0.107 0.118 0.116 0.085 0.114 0.131 
151      151    (0)    1 :  0.097 0.098 0.113 0.102 0.111 0.117 0.122 0.100 0.140 
152      152    (0)    1 :  0.104 0.134 0.099 0.102 0.101 0.131 0.073 0.156 0.099 
153      153    (0)    1 :  0.106 0.095 0.117 0.103 0.113 0.122 0.112 0.096 0.134 
154      154    (0)    1 :  0.117 0.105 0.117 0.116 0.113 0.108 0.101 0.104 0.119 
155      155    (0)    1 :  0.099 0.094 0.101 0.102 0.093 0.097 0.222 0.091 0.102 
156      156    (0)    1 :  0.127 0.111 0.122 0.123 0.109 0.108 0.084 0.105 0.111 
157      157    (0)    1 :  0.123 0.108 0.120 0.123 0.115 0.115 0.083 0.104 0.110 
158      158    (6)    1 :  0.112 0.114 0.113 0.111 0.114 0.117 0.096 0.112 0.110 
159      159    (0)    1 :  0.114 0.112 0.112 0.115 0.114 0.116 0.092 0.111 0.114 
160      160    (0)    1 :  0.102 0.087 0.100 0.099 0.095 0.093 0.245 0.088 0.093 
161      161    (0)    1 :  0.124 0.105 0.123 0.123 0.110 0.114 0.087 0.105 0.108 
162      162    (0)    1 :  0.108 0.103 0.107 0.105 0.105 0.115 0.142 0.103 0.112 
163      163    (0)    1 :  0.106 0.122 0.110 0.110 0.118 0.121 0.091 0.116 0.106 
164      164    (0)    1 :  0.105 0.136 0.101 0.102 0.148 0.092 0.073 0.124 0.118 
165      165    (0)    1 :  0.113 0.116 0.115 0.112 0.116 0.117 0.084 0.112 0.116 
166      166    (0)    1 :  0.094 0.087 0.092 0.094 0.088 0.092 0.272 0.088 0.092 
167      167    (0)    1 :  0.100 0.131 0.099 0.101 0.100 0.125 0.095 0.144 0.105 
168      168    (0)    1 :  0.107 0.115 0.109 0.107 0.106 0.115 0.103 0.127 0.111 
169      169    (0)    1 :  0.115 0.114 0.112 0.113 0.113 0.116 0.092 0.113 0.113 
170      170    (0)    1 :  0.079 0.081 0.081 0.080 0.080 0.080 0.359 0.079 0.081 
171      171   (10)    1 :  0.118 0.116 0.119 0.120 0.111 0.111 0.081 0.111 0.114 
172      172    (0)    1 :  0.110 0.122 0.110 0.108 0.105 0.125 0.086 0.122 0.112 
173      173    (0)    1 :  0.088 0.084 0.090 0.090 0.087 0.088 0.294 0.087 0.092 
174      174    (0)    1 :  0.115 0.109 0.118 0.113 0.112 0.119 0.081 0.114 0.120 
175      175    (6)    1 :  0.111 0.111 0.116 0.115 0.111 0.113 0.078 0.127 0.117 
176      176    (0)    1 :  0.123 0.104 0.120 0.120 0.114 0.116 0.079 0.113 0.111 
177      177    (0)    1 :  0.108 0.122 0.109 0.112 0.108 0.117 0.088 0.128 0.109 
178      178    (0)    1 :  0.124 0.100 0.120 0.120 0.107 0.113 0.092 0.112 0.111 
179      179    (0)    1 :  0.106 0.131 0.103 0.102 0.105 0.117 0.084 0.148 0.103 
180      180    (0)    1 :  0.112 0.113 0.113 0.110 0.110 0.114 0.098 0.114 0.115 
181      181    (0)    1 :  0.117 0.102 0.117 0.114 0.111 0.106 0.119 0.105 0.109 
182      182   (13)    1 :  0.120 0.118 0.115 0.112 0.116 0.109 0.084 0.110 0.116 
183      183    (0)    1 :  0.086 0.091 0.087 0.086 0.087 0.088 0.303 0.085 0.086 
184      184    (0)    1 :  0.113 0.115 0.112 0.110 0.114 0.113 0.094 0.117 0.111 
185      185    (0)    1 :  0.092 0.086 0.094 0.094 0.091 0.088 0.277 0.088 0.091 
186      186    (0)    1 :  0.088 0.088 0.090 0.086 0.086 0.091 0.285 0.093 0.093 
187      187    (0)    1 :  0.118 0.112 0.115 0.117 0.117 0.113 0.082 0.117 0.109 
188      188    (0)    1 :  0.107 0.114 0.111 0.110 0.140 0.100 0.082 0.112 0.124 
189      189    (0)    1 :  0.108 0.103 0.118 0.109 0.112 0.110 0.105 0.109 0.126 
190      190    (0)    1 :  0.123 0.097 0.126 0.123 0.114 0.113 0.080 0.099 0.125 
191      191    (0)    1 :  0.117 0.102 0.121 0.117 0.115 0.112 0.090 0.103 0.123 
192      192    (6)    1 :  0.141 0.097 0.129 0.127 0.109 0.107 0.083 0.094 0.113 
193      193    (0)    1 :  0.115 0.113 0.117 0.119 0.119 0.105 0.082 0.112 0.118 
194      194    (0)    1 :  0.116 0.106 0.119 0.117 0.110 0.113 0.096 0.109 0.114 
195      195    (0)    1 :  0.111 0.124 0.107 0.111 0.120 0.121 0.086 0.114 0.106 
196      196    (0)    1 :  0.093 0.094 0.093 0.094 0.095 0.090 0.254 0.094 0.093 
197      197    (0)    1 :  0.114 0.119 0.111 0.119 0.114 0.113 0.082 0.122 0.107 
198      198    (0)    1 :  0.103 0.097 0.101 0.104 0.101 0.096 0.204 0.098 0.096 
199      199    (0)    1 :  0.116 0.118 0.111 0.114 0.114 0.116 0.083 0.119 0.108 
200      200    (0)    1 :  0.101 0.145 0.100 0.098 0.124 0.105 0.076 0.134 0.116 
201      201    (0)    1 :  0.117 0.113 0.116 0.114 0.113 0.115 0.079 0.122 0.111 
202      202    (0)    1 :  0.128 0.104 0.123 0.124 0.124 0.110 0.082 0.099 0.105 
203      203    (0)    1 :  0.112 0.112 0.113 0.110 0.105 0.118 0.092 0.127 0.112 
204      204    (0)    1 :  0.103 0.131 0.106 0.105 0.113 0.121 0.077 0.128 0.115 
205      205    (0)    1 :  0.113 0.117 0.111 0.116 0.113 0.116 0.082 0.116 0.116 
206      206    (0)    1 :  0.119 0.110 0.118 0.114 0.111 0.116 0.092 0.110 0.111 
207      207    (0)    1 :  0.121 0.107 0.126 0.124 0.110 0.110 0.089 0.101 0.112 
208      208    (0)    1 :  0.092 0.102 0.092 0.093 0.096 0.102 0.235 0.097 0.092 
209      209    (0)    1 :  0.124 0.106 0.120 0.124 0.118 0.113 0.079 0.103 0.113 
210      210    (0)    1 :  0.121 0.109 0.118 0.120 0.118 0.117 0.081 0.109 0.107 
211      211    (0)    1 :  0.102 0.099 0.102 0.100 0.099 0.105 0.196 0.098 0.098 
212      212    (0)    1 :  0.100 0.092 0.095 0.096 0.095 0.097 0.234 0.092 0.098 
213      213    (0)    1 :  0.109 0.118 0.108 0.109 0.108 0.122 0.089 0.119 0.118 
214      214    (0)    1 :  0.116 0.123 0.108 0.110 0.127 0.113 0.075 0.120 0.108 
215      215    (0)    1 :  0.121 0.114 0.117 0.117 0.115 0.109 0.078 0.112 0.116 
216      216    (6)    1 :  0.095 0.086 0.096 0.094 0.091 0.091 0.262 0.088 0.097 
217      217    (0)    1 :  0.106 0.113 0.109 0.110 0.105 0.113 0.112 0.122 0.112 
218      218    (0)    1 :  0.114 0.107 0.122 0.116 0.110 0.111 0.095 0.103 0.122 
219      219    (0)    1 :  0.126 0.111 0.115 0.119 0.106 0.121 0.075 0.123 0.104 
220      220    (0)    1 :  0.130 0.099 0.127 0.128 0.107 0.111 0.078 0.115 0.105 
221      221    (0)    1 :  0.115 0.101 0.122 0.111 0.107 0.113 0.099 0.102 0.131 
222      222    (0)    1 :  0.117 0.117 0.115 0.117 0.112 0.120 0.079 0.109 0.114 
223      223    (0)    1 :  0.110 0.113 0.113 0.113 0.128 0.112 0.087 0.109 0.115 
224      224    (0)    1 :  0.115 0.126 0.111 0.111 0.105 0.117 0.076 0.135 0.106 


Estimated Allele Frequencies in each cluster
First column gives estimated ancestral frequencies


Locus 1 : 
25 alleles
0.0% missing data
 130   (0.076) 0.076 0.076 0.078 0.082 0.075 0.075 0.070 0.069 0.075 
 142   (0.135) 0.136 0.154 0.143 0.142 0.151 0.150 0.119 0.155 0.145 
 140   (0.006) 0.006 0.003 0.004 0.005 0.004 0.004 0.002 0.002 0.003 
 148   (0.066) 0.066 0.059 0.066 0.065 0.061 0.063 0.123 0.063 0.075 
 164   (0.099) 0.099 0.103 0.104 0.101 0.099 0.109 0.099 0.137 0.118 
 124   (0.115) 0.115 0.137 0.120 0.119 0.128 0.120 0.114 0.129 0.122 
 168   (0.011) 0.011 0.007 0.009 0.010 0.009 0.009 0.005 0.006 0.007 
 150   (0.114) 0.114 0.109 0.123 0.119 0.118 0.120 0.159 0.109 0.137 
 118   (0.041) 0.041 0.049 0.038 0.039 0.047 0.037 0.032 0.040 0.040 
 136   (0.033) 0.033 0.030 0.030 0.031 0.030 0.033 0.024 0.028 0.027 
 134   (0.078) 0.079 0.078 0.083 0.078 0.076 0.080 0.093 0.074 0.075 
 144   (0.013) 0.013 0.009 0.011 0.012 0.010 0.010 0.011 0.008 0.009 
 154   (0.050) 0.050 0.048 0.048 0.052 0.052 0.049 0.050 0.047 0.046 
 162   (0.025) 0.025 0.021 0.023 0.023 0.022 0.023 0.013 0.021 0.020 
 156   (0.011) 0.011 0.008 0.009 0.009 0.009 0.009 0.006 0.007 0.007 
 160   (0.009) 0.009 0.005 0.007 0.007 0.006 0.006 0.004 0.004 0.005 
 126   (0.037) 0.037 0.043 0.035 0.037 0.035 0.042 0.026 0.050 0.033 
 146   (0.015) 0.015 0.011 0.013 0.013 0.012 0.012 0.015 0.010 0.010 
 166   (0.018) 0.018 0.014 0.016 0.017 0.017 0.015 0.011 0.013 0.014 
 152   (0.016) 0.016 0.016 0.014 0.014 0.018 0.013 0.009 0.014 0.014 
 158   (0.009) 0.009 0.005 0.007 0.007 0.007 0.007 0.004 0.005 0.005 
 170   (0.006) 0.006 0.003 0.004 0.005 0.004 0.004 0.003 0.003 0.003 
 172   (0.006) 0.006 0.004 0.005 0.005 0.004 0.004 0.002 0.003 0.003 
 120   (0.006) 0.006 0.003 0.004 0.005 0.004 0.004 0.002 0.003 0.003 
 138   (0.006) 0.006 0.003 0.005 0.005 0.004 0.004 0.002 0.003 0.003 

Locus 2 : 
16 alleles
0.2% missing data
 200   (0.055) 0.055 0.058 0.056 0.053 0.058 0.053 0.039 0.054 0.057 
 216   (0.019) 0.018 0.015 0.016 0.017 0.015 0.016 0.010 0.013 0.013 
 226   (0.112) 0.112 0.119 0.113 0.121 0.113 0.118 0.088 0.118 0.120 
 232   (0.055) 0.055 0.052 0.053 0.053 0.053 0.053 0.052 0.049 0.049 
 228   (0.058) 0.058 0.057 0.056 0.056 0.061 0.056 0.039 0.053 0.052 
 224   (0.129) 0.129 0.121 0.135 0.132 0.129 0.130 0.192 0.121 0.140 
 184   (0.155) 0.155 0.161 0.168 0.156 0.159 0.162 0.166 0.170 0.178 
 234   (0.091) 0.091 0.097 0.090 0.092 0.087 0.098 0.079 0.116 0.087 
 230   (0.061) 0.061 0.067 0.058 0.061 0.061 0.062 0.043 0.058 0.055 
 222   (0.135) 0.135 0.139 0.138 0.136 0.143 0.135 0.208 0.136 0.141 
 202   (0.021) 0.021 0.015 0.018 0.019 0.017 0.017 0.021 0.013 0.015 
 212   (0.049) 0.049 0.048 0.046 0.048 0.050 0.046 0.029 0.046 0.044 
 220   (0.040) 0.040 0.038 0.037 0.038 0.038 0.039 0.024 0.041 0.035 
 218   (0.007) 0.006 0.004 0.005 0.005 0.004 0.004 0.002 0.003 0.003 
 236   (0.009) 0.009 0.006 0.007 0.008 0.007 0.007 0.004 0.005 0.005 
 238   (0.006) 0.006 0.004 0.005 0.005 0.004 0.004 0.002 0.003 0.003 

Locus 3 : 
5 alleles
0.9% missing data
 202   (0.533) 0.533 0.525 0.532 0.537 0.541 0.522 0.420 0.543 0.536 
 204   (0.170) 0.170 0.175 0.164 0.168 0.167 0.174 0.111 0.176 0.163 
 206   (0.117) 0.117 0.105 0.130 0.116 0.113 0.116 0.138 0.106 0.124 
 198   (0.132) 0.132 0.154 0.129 0.135 0.136 0.143 0.093 0.136 0.138 
 208   (0.048) 0.048 0.042 0.045 0.045 0.044 0.044 0.239 0.039 0.039 

Locus 4 : 
8 alleles
0.0% missing data
 188   (0.336) 0.336 0.332 0.339 0.340 0.330 0.339 0.477 0.340 0.335 
 184   (0.085) 0.085 0.085 0.083 0.083 0.081 0.088 0.057 0.096 0.073 
 192   (0.060) 0.060 0.056 0.056 0.058 0.060 0.054 0.050 0.051 0.051 
 164   (0.252) 0.252 0.248 0.261 0.256 0.255 0.258 0.227 0.250 0.278 
 180   (0.119) 0.119 0.115 0.122 0.120 0.116 0.118 0.094 0.112 0.117 
 190   (0.076) 0.076 0.092 0.073 0.074 0.089 0.071 0.051 0.079 0.079 
 182   (0.064) 0.064 0.067 0.059 0.061 0.063 0.066 0.040 0.067 0.060 
 150   (0.009) 0.009 0.006 0.007 0.008 0.007 0.007 0.004 0.005 0.006 

Locus 5 : 
6 alleles
0.4% missing data
 139   (0.277) 0.277 0.298 0.276 0.278 0.290 0.279 0.228 0.294 0.279 
 137   (0.238) 0.238 0.234 0.237 0.237 0.231 0.244 0.275 0.246 0.232 
 141   (0.098) 0.098 0.092 0.096 0.096 0.093 0.092 0.154 0.091 0.090 
 143   (0.172) 0.172 0.162 0.178 0.172 0.176 0.171 0.146 0.168 0.193 
 145   (0.208) 0.208 0.211 0.208 0.211 0.206 0.210 0.195 0.198 0.203 
 147   (0.007) 0.006 0.004 0.005 0.005 0.004 0.004 0.002 0.003 0.003 

Locus 6 : 
7 alleles
1.3% missing data
 352   (0.052) 0.052 0.045 0.047 0.050 0.047 0.048 0.045 0.042 0.045 
 354   (0.126) 0.126 0.128 0.122 0.125 0.131 0.122 0.133 0.126 0.130 
 342   (0.220) 0.220 0.218 0.224 0.219 0.218 0.220 0.190 0.222 0.223 
 350   (0.146) 0.146 0.140 0.145 0.145 0.147 0.149 0.188 0.140 0.142 
 348   (0.393) 0.393 0.411 0.404 0.403 0.401 0.401 0.407 0.414 0.408 
 344   (0.024) 0.024 0.018 0.022 0.022 0.021 0.021 0.015 0.017 0.020 
 346   (0.039) 0.039 0.039 0.035 0.036 0.035 0.039 0.022 0.040 0.033 

Locus 7 : 
9 alleles
0.0% missing data
 277   (0.320) 0.321 0.336 0.323 0.327 0.328 0.333 0.368 0.349 0.332 
 281   (0.186) 0.186 0.182 0.186 0.184 0.184 0.182 0.208 0.180 0.188 
 287   (0.034) 0.034 0.026 0.031 0.032 0.029 0.030 0.023 0.025 0.026 
 283   (0.212) 0.212 0.225 0.219 0.219 0.223 0.216 0.184 0.227 0.220 
 299   (0.084) 0.083 0.075 0.086 0.082 0.083 0.080 0.077 0.073 0.092 
 279   (0.109) 0.109 0.110 0.106 0.106 0.106 0.111 0.068 0.105 0.101 
 291   (0.035) 0.035 0.031 0.033 0.033 0.032 0.034 0.062 0.028 0.028 
 301   (0.014) 0.014 0.011 0.012 0.012 0.012 0.011 0.006 0.009 0.009 
 285   (0.006) 0.006 0.004 0.005 0.005 0.004 0.004 0.002 0.003 0.003 

Locus 8 : 
5 alleles
0.4% missing data
 164   (0.415) 0.415 0.443 0.417 0.425 0.421 0.432 0.323 0.444 0.428 
 176   (0.271) 0.271 0.265 0.270 0.268 0.273 0.258 0.214 0.261 0.270 
 170   (0.182) 0.182 0.178 0.177 0.180 0.183 0.182 0.123 0.182 0.174 
 174   (0.087) 0.087 0.074 0.092 0.084 0.081 0.086 0.077 0.074 0.089 
 172   (0.046) 0.046 0.040 0.043 0.043 0.042 0.043 0.263 0.038 0.040 

Locus 9 : 
8 alleles
0.0% missing data
 284   (0.181) 0.181 0.189 0.184 0.180 0.180 0.185 0.224 0.197 0.193 
 286   (0.341) 0.341 0.349 0.346 0.346 0.347 0.346 0.370 0.360 0.352 
 288   (0.161) 0.161 0.164 0.166 0.165 0.168 0.162 0.131 0.157 0.170 
 302   (0.088) 0.088 0.088 0.085 0.086 0.086 0.089 0.077 0.088 0.084 
 290   (0.063) 0.063 0.056 0.061 0.062 0.061 0.059 0.045 0.052 0.056 
 292   (0.038) 0.038 0.034 0.034 0.036 0.034 0.037 0.022 0.034 0.031 
 296   (0.122) 0.122 0.117 0.119 0.121 0.119 0.118 0.129 0.110 0.111 
 300   (0.006) 0.006 0.003 0.005 0.005 0.004 0.004 0.002 0.003 0.003 

Locus 10 : 
5 alleles
0.0% missing data
 289   (0.307) 0.307 0.313 0.306 0.309 0.314 0.312 0.229 0.309 0.315 
 291   (0.081) 0.081 0.085 0.077 0.079 0.079 0.081 0.061 0.079 0.075 
 287   (0.216) 0.216 0.208 0.211 0.213 0.210 0.214 0.205 0.213 0.205 
 285   (0.390) 0.390 0.391 0.401 0.394 0.392 0.388 0.502 0.396 0.402 
 293   (0.006) 0.006 0.003 0.005 0.005 0.004 0.004 0.002 0.003 0.003 

Locus 11 : 
5 alleles
0.0% missing data
 135   (0.263) 0.263 0.264 0.258 0.266 0.267 0.260 0.284 0.258 0.254 
 139   (0.302) 0.302 0.305 0.308 0.303 0.310 0.304 0.293 0.300 0.320 
 133   (0.179) 0.179 0.163 0.181 0.177 0.170 0.176 0.237 0.166 0.178 
 137   (0.237) 0.237 0.252 0.237 0.237 0.237 0.244 0.177 0.263 0.235 
 141   (0.019) 0.019 0.015 0.016 0.017 0.017 0.016 0.010 0.012 0.013 

Locus 12 : 
5 alleles
0.9% missing data
 318   (0.454) 0.454 0.459 0.464 0.463 0.460 0.456 0.481 0.477 0.470 
 320   (0.184) 0.185 0.187 0.182 0.184 0.186 0.188 0.141 0.182 0.188 
 322   (0.148) 0.148 0.142 0.149 0.145 0.144 0.144 0.133 0.136 0.143 
 328   (0.073) 0.073 0.068 0.068 0.070 0.074 0.064 0.083 0.062 0.064 
 324   (0.141) 0.141 0.145 0.137 0.139 0.137 0.148 0.162 0.143 0.135 

Locus 13 : 
4 alleles
0.4% missing data
 245   (0.354) 0.354 0.358 0.354 0.355 0.354 0.359 0.363 0.369 0.357 
 249   (0.232) 0.232 0.234 0.231 0.231 0.238 0.227 0.187 0.231 0.229 
 241   (0.360) 0.360 0.360 0.363 0.363 0.359 0.364 0.407 0.356 0.366 
 243   (0.054) 0.054 0.048 0.052 0.051 0.049 0.050 0.044 0.045 0.048 

Locus 14 : 
11 alleles
0.4% missing data
 175   (0.026) 0.026 0.023 0.022 0.024 0.024 0.022 0.015 0.019 0.021 
 199   (0.051) 0.051 0.046 0.047 0.050 0.050 0.046 0.054 0.044 0.045 
 205   (0.138) 0.138 0.139 0.138 0.140 0.141 0.138 0.128 0.140 0.136 
 207   (0.060) 0.060 0.062 0.058 0.060 0.060 0.060 0.075 0.053 0.059 
 181   (0.296) 0.296 0.327 0.313 0.303 0.308 0.313 0.349 0.341 0.330 
 201   (0.118) 0.118 0.114 0.117 0.119 0.119 0.116 0.112 0.116 0.115 
 203   (0.078) 0.078 0.071 0.076 0.077 0.076 0.074 0.056 0.068 0.073 
 195   (0.045) 0.045 0.043 0.042 0.043 0.043 0.042 0.031 0.041 0.041 
 183   (0.112) 0.112 0.108 0.115 0.112 0.111 0.116 0.118 0.114 0.116 
 179   (0.039) 0.039 0.033 0.036 0.037 0.035 0.038 0.039 0.031 0.031 
 197   (0.038) 0.038 0.033 0.035 0.036 0.034 0.034 0.023 0.032 0.031 

Locus 15 : 
9 alleles
1.3% missing data
 193   (0.247) 0.247 0.244 0.248 0.250 0.250 0.244 0.222 0.261 0.251 
 207   (0.166) 0.166 0.177 0.163 0.167 0.171 0.168 0.157 0.168 0.157 
 201   (0.327) 0.327 0.339 0.337 0.334 0.331 0.339 0.351 0.338 0.346 
 203   (0.006) 0.006 0.003 0.005 0.005 0.004 0.004 0.002 0.003 0.003 
 189   (0.077) 0.077 0.075 0.074 0.074 0.075 0.076 0.061 0.070 0.076 
 197   (0.056) 0.056 0.048 0.059 0.054 0.052 0.055 0.106 0.048 0.060 
 183   (0.032) 0.032 0.031 0.029 0.030 0.034 0.028 0.019 0.027 0.028 
 209   (0.082) 0.082 0.078 0.080 0.081 0.079 0.082 0.079 0.083 0.075 
 199   (0.006) 0.006 0.004 0.005 0.005 0.004 0.004 0.002 0.003 0.003 

Values of parameters used in structure:
DATAFILE=/home/martin/bottleneck/structure/data_job_T9_4,	OUTFILE=/home/martin/bottleneck/structure/structure_results/guadalupe_fur_seal/results_job_T9_4,	NUMINDS=224,	NUMLOCI=15,	MISSING=-9,	LABEL=1,	POPDATA=1,	POPFLAG=0,	PHENOTYPE=0,	EXTRACOLS=0,	MAXPOPS=9,	BURNIN=10000,	NUMREPS=100000,	USEPOPINFO=0,	INFERALPHA=1,	INFERLAMBDA=0,	POPSPECIFICLAMBDA=0,	POPALPHAS=0,	COMPUTEPROB=1,	NOADMIX=0,	ADMBURNIN=2500,	UPDATEFREQ=1,	PRINTLIKES=0,	INTERMEDSAVE=0,	PRINTKLD=0,	PRINTNET=0,	PRINTLAMBDA=0,	ANCESTDIST=0,	NUMBOXES=1000,	ANCESTPINT=0.90000,	GENSBACK=2,	MIGRPRIOR=0.05000,	PRINTQHAT=1,	PRINTQSUM=0,	ALPHA=1.0000,	FREQSCORR=1,	FPRIORMEAN=0.0100,	FPRIORSD=0.0500,	ONEFST=0,	LAMBDA=1.0000,	UNIFPRIORALPHA=1,	ALPHAMAX=10.0000,	ALPHAPRIORA=1.0000,	ALPHAPRIORB=2.0000,	ALPHAPROPSD=0.0250,	STARTATPOPINFO=0,	RANDOMIZE=1,	LINKAGE=0,	METROFREQ=10,	REPORTHITRATE=0,	MARKOVPHASE=-1,	PHASED=0,	PLOIDY=2,	PHASEINFO=0	LOCPRIOR=0, 	LOCPRIORINIT=1.000000, 	LOCDATA=0, 	LOCISPOP=0, 	LOCPRIORSTEP=0.100000, 	MAXLOCPRIOR=20.000000, 	SEED=1521450621,	
[STRAT parameters]:    NUMSIMSTATS=1000,	PHENOTYPECOL=-9,	POOLFREQ=10,	LOCUSxONLY=0,	EMERROR=0.00100,	MISSINGPHENO=-9,	