           1  1 0.1050 0.1248 0.0346 0.1071 0.1378 0.1220 0.1337 0.1114 0.1236 
           2  1 0.1073 0.1088 0.0513 0.1580 0.0774 0.1207 0.1342 0.0912 0.1510 
           3  1 0.1121 0.1230 0.0544 0.1233 0.1225 0.1189 0.1222 0.1050 0.1186 
           4  1 0.1058 0.1109 0.0786 0.1189 0.1062 0.1205 0.1288 0.1055 0.1248 
           5  1 0.1106 0.1166 0.0533 0.1216 0.1192 0.1190 0.1220 0.1239 0.1139 
           6  1 0.1110 0.1246 0.0406 0.1187 0.1333 0.1200 0.1165 0.1148 0.1204 
           7  1 0.1093 0.1256 0.0390 0.1239 0.1400 0.1160 0.1208 0.1143 0.1112 
           8  1 0.1207 0.1091 0.0644 0.1280 0.1027 0.1069 0.1304 0.1048 0.1329 
           9  1 0.1117 0.1062 0.0719 0.1283 0.1132 0.1200 0.1189 0.1074 0.1224 
          10  1 0.1249 0.1182 0.0486 0.1230 0.1142 0.1116 0.1150 0.1143 0.1304 
          11  1 0.1028 0.1055 0.1210 0.1212 0.1020 0.1100 0.1104 0.1065 0.1207 
          12  1 0.0950 0.1018 0.1649 0.1135 0.1104 0.1006 0.1181 0.0878 0.1080 
          13  1 0.1012 0.1265 0.0580 0.1394 0.1028 0.1130 0.1205 0.1177 0.1208 
          14  1 0.0571 0.0693 0.4928 0.0653 0.0559 0.0633 0.0649 0.0668 0.0645 
          15  1 0.1035 0.1089 0.1449 0.1142 0.0910 0.1058 0.1218 0.0940 0.1160 
          16  1 0.1261 0.1180 0.0525 0.1096 0.1186 0.1119 0.1208 0.1100 0.1324 
          17  1 0.0694 0.0722 0.4216 0.0748 0.0719 0.0729 0.0757 0.0667 0.0748 
          18  1 0.1255 0.1211 0.0376 0.1223 0.1177 0.1225 0.1278 0.1130 0.1125 
          19  1 0.0977 0.1315 0.0745 0.1210 0.1104 0.1162 0.1174 0.1225 0.1088 
          20  1 0.1033 0.1236 0.0498 0.1232 0.1296 0.1216 0.1219 0.1123 0.1146 
          21  1 0.0695 0.0649 0.4775 0.0644 0.0668 0.0647 0.0635 0.0649 0.0637 
          22  1 0.1178 0.1217 0.0342 0.1262 0.1114 0.1144 0.1327 0.1138 0.1279 
          23  1 0.1174 0.1200 0.0429 0.1334 0.1079 0.1134 0.1225 0.1158 0.1267 
          24  1 0.1116 0.1206 0.0386 0.1121 0.1542 0.1204 0.1160 0.1109 0.1156 
          25  1 0.1192 0.1197 0.0471 0.1320 0.1044 0.1240 0.1249 0.1084 0.1204 
          26  1 0.1204 0.1185 0.0335 0.0913 0.1410 0.1482 0.0887 0.1657 0.0926 
          27  1 0.1397 0.1152 0.0550 0.1110 0.1125 0.1079 0.1229 0.1068 0.1290 
          28  1 0.1207 0.1068 0.0281 0.0925 0.1336 0.1503 0.0886 0.1828 0.0966 
          29  1 0.1069 0.0999 0.1743 0.1124 0.0840 0.1000 0.1113 0.0915 0.1197 
          30  1 0.1201 0.1141 0.0718 0.0969 0.1286 0.1190 0.1059 0.1349 0.1088 
          31  1 0.1376 0.1080 0.0608 0.1253 0.0976 0.1089 0.1335 0.0962 0.1319 
          32  1 0.1244 0.1252 0.0448 0.1202 0.1053 0.1223 0.1243 0.1112 0.1222 
          33  1 0.1564 0.1172 0.0303 0.1047 0.1236 0.1217 0.1125 0.1243 0.1093 
          34  1 0.1155 0.1000 0.0818 0.1367 0.0900 0.1035 0.1316 0.1012 0.1398 
          35  1 0.1243 0.1108 0.0297 0.1368 0.1020 0.1166 0.1262 0.1146 0.1390 
          36  1 0.1125 0.1161 0.0698 0.1142 0.1223 0.1235 0.1100 0.1154 0.1161 
          37  1 0.1265 0.1105 0.0390 0.1033 0.1250 0.1236 0.1075 0.1527 0.1119 
          38  1 0.1190 0.1115 0.0977 0.1188 0.1049 0.1091 0.1171 0.1022 0.1198 
          39  1 0.1309 0.1132 0.0565 0.1143 0.1115 0.1109 0.1135 0.1315 0.1178 
          40  1 0.0546 0.0528 0.5688 0.0544 0.0510 0.0539 0.0515 0.0590 0.0540 
          41  1 0.1144 0.1181 0.0500 0.1314 0.1014 0.1158 0.1197 0.1220 0.1273 
          42  1 0.1111 0.1177 0.0398 0.1309 0.1148 0.1260 0.1261 0.1127 0.1207 
          43  1 0.1237 0.1179 0.0258 0.1143 0.1233 0.1306 0.1150 0.1210 0.1284 
          44  1 0.1165 0.1262 0.0545 0.1188 0.1215 0.1131 0.1173 0.1108 0.1213 
          45  1 0.1682 0.1120 0.0239 0.1068 0.1067 0.1085 0.1334 0.1099 0.1307 
          46  1 0.1212 0.1217 0.0483 0.1109 0.1144 0.1221 0.1190 0.1138 0.1286 
          47  1 0.1323 0.1187 0.0826 0.1154 0.1044 0.1063 0.1176 0.1081 0.1146 
          48  1 0.1102 0.1222 0.0704 0.1312 0.1149 0.1077 0.1235 0.0970 0.1229 
          49  1 0.1293 0.1274 0.0229 0.1004 0.1362 0.1307 0.1139 0.1251 0.1139 
          50  1 0.1072 0.1215 0.0360 0.1294 0.1224 0.1200 0.1227 0.1145 0.1263 
          51  1 0.1222 0.1196 0.0415 0.1020 0.1269 0.1329 0.1000 0.1589 0.0960 
          52  1 0.1110 0.1121 0.0993 0.1031 0.1102 0.1249 0.0982 0.1404 0.1007 
          53  1 0.1146 0.1259 0.0411 0.1314 0.1080 0.1155 0.1312 0.1033 0.1289 
          54  1 0.1156 0.1183 0.0666 0.1212 0.0995 0.1173 0.1141 0.1185 0.1288 
          55  1 0.1106 0.1238 0.1052 0.1049 0.1129 0.1160 0.1092 0.1128 0.1046 
          56  1 0.1257 0.1261 0.0371 0.1208 0.1138 0.1194 0.1203 0.1159 0.1209 
          57  1 0.1074 0.1191 0.0650 0.1242 0.1141 0.1110 0.1241 0.1157 0.1192 
          58  1 0.1055 0.1119 0.1114 0.1126 0.0975 0.1179 0.1071 0.1246 0.1115 
          59  1 0.1583 0.1100 0.0264 0.1111 0.1133 0.1154 0.1267 0.1112 0.1276 
          60  1 0.1251 0.1176 0.0866 0.1109 0.1060 0.1124 0.1122 0.1114 0.1178 
          61  1 0.1144 0.1132 0.0339 0.0861 0.1357 0.1543 0.0807 0.1900 0.0918 
          62  1 0.1768 0.1140 0.0307 0.0944 0.1261 0.1033 0.1284 0.1139 0.1124 
          63  1 0.1183 0.1165 0.0359 0.1033 0.1327 0.1320 0.1081 0.1490 0.1042 
          64  1 0.0793 0.0776 0.3813 0.0743 0.0755 0.0759 0.0777 0.0827 0.0758 
          65  1 0.1210 0.1243 0.0360 0.1248 0.1134 0.1162 0.1110 0.1332 0.1201 
          66  1 0.1693 0.1211 0.0255 0.1055 0.1222 0.1112 0.1155 0.1171 0.1127 
          67  1 0.1124 0.1273 0.0278 0.1315 0.1190 0.1258 0.1278 0.1096 0.1188 
          68  1 0.1061 0.1282 0.0413 0.1212 0.1256 0.1220 0.1116 0.1308 0.1133 
          69  1 0.1255 0.1186 0.0306 0.1314 0.1089 0.1200 0.1312 0.1040 0.1297 
          70  1 0.1161 0.1130 0.0203 0.0784 0.1643 0.1567 0.0698 0.1951 0.0863 
          71  1 0.1508 0.1133 0.0325 0.1163 0.1136 0.1070 0.1291 0.1109 0.1266 
          72  1 0.1089 0.0885 0.2451 0.0948 0.0797 0.0928 0.0980 0.0862 0.1061 
          73  1 0.1365 0.1134 0.0482 0.1244 0.0942 0.1073 0.1302 0.1108 0.1350 
          74  1 0.1049 0.1201 0.0605 0.1237 0.1218 0.1190 0.1201 0.1091 0.1208 
          75  1 0.1012 0.1218 0.0527 0.1133 0.1252 0.1238 0.1258 0.1137 0.1225 
          76  1 0.1216 0.1201 0.0326 0.1183 0.1236 0.1242 0.1200 0.1248 0.1148 
          77  1 0.1166 0.1221 0.0508 0.1272 0.1173 0.1185 0.1188 0.1199 0.1088 
          78  1 0.1151 0.1270 0.0268 0.1305 0.1134 0.1286 0.1248 0.1102 0.1235 
          79  1 0.1274 0.1160 0.0313 0.1137 0.1184 0.1195 0.1100 0.1377 0.1261 
          80  1 0.1190 0.1206 0.0287 0.1147 0.1419 0.1299 0.1068 0.1207 0.1177 
          81  1 0.1097 0.1269 0.0453 0.1172 0.1362 0.1178 0.1286 0.1155 0.1027 
          82  1 0.0677 0.0764 0.4092 0.0830 0.0704 0.0707 0.0774 0.0694 0.0758 
          83  1 0.1132 0.1132 0.0696 0.1319 0.1017 0.1119 0.1294 0.1029 0.1261 
          84  1 0.0589 0.0519 0.5736 0.0570 0.0486 0.0503 0.0556 0.0494 0.0547 
          85  1 0.1916 0.1184 0.0448 0.0924 0.1186 0.0976 0.1143 0.1186 0.1034 
          86  1 0.1055 0.1246 0.0532 0.1178 0.1302 0.1179 0.1202 0.1210 0.1097 
          87  1 0.1533 0.1063 0.0373 0.1113 0.1060 0.1225 0.1165 0.1306 0.1161 
          88  1 0.1084 0.1118 0.0316 0.1339 0.1197 0.1350 0.1377 0.1057 0.1163 
          89  1 0.0561 0.0769 0.4482 0.0671 0.0890 0.0663 0.0733 0.0672 0.0558 
          90  1 0.1002 0.1299 0.0363 0.1060 0.1464 0.1215 0.1367 0.1116 0.1115 
          91  1 0.1460 0.1159 0.0447 0.1183 0.1109 0.1138 0.1208 0.1120 0.1175 
          92  1 0.1066 0.1030 0.1614 0.1198 0.0921 0.0984 0.1049 0.1024 0.1115 
          93  1 0.1142 0.1259 0.0534 0.1119 0.1356 0.1089 0.1222 0.1187 0.1093 
          94  1 0.0909 0.1275 0.0229 0.1091 0.1636 0.1277 0.1284 0.1354 0.0944 
          95  1 0.0985 0.1246 0.0270 0.0927 0.1791 0.1300 0.1240 0.1325 0.0916 
          96  1 0.0967 0.1317 0.0263 0.1070 0.1653 0.1311 0.1263 0.1288 0.0867 
          97  1 0.1045 0.1290 0.0400 0.1275 0.1312 0.1207 0.1243 0.1203 0.1023 
          98  1 0.1100 0.1128 0.0259 0.1270 0.1316 0.1243 0.1300 0.1107 0.1276 
          99  1 0.0952 0.1105 0.1483 0.1080 0.1180 0.1058 0.1059 0.1042 0.1041 
         100  1 0.1154 0.1043 0.2510 0.0882 0.0813 0.0849 0.0898 0.0964 0.0887 
         101  1 0.1109 0.1298 0.0482 0.1007 0.1591 0.1204 0.0996 0.1273 0.1040 
         102  1 0.1221 0.1095 0.0689 0.1341 0.0983 0.1146 0.1111 0.1081 0.1334 
         103  1 0.1176 0.1210 0.0542 0.0998 0.1271 0.1159 0.0993 0.1616 0.1037 
         104  1 0.1030 0.1252 0.0214 0.1130 0.1613 0.1332 0.1195 0.1159 0.1076 
         105  1 0.1468 0.1144 0.0509 0.1172 0.1106 0.1094 0.1142 0.1148 0.1215 
         106  1 0.1164 0.1093 0.0798 0.1322 0.0975 0.1046 0.1243 0.1025 0.1333 
         107  1 0.1103 0.1128 0.0869 0.1146 0.1240 0.1273 0.1038 0.1055 0.1150 
         108  1 0.1154 0.1080 0.0910 0.1153 0.1178 0.1185 0.1041 0.1151 0.1149 
         109  1 0.0937 0.1266 0.0824 0.1194 0.1246 0.1155 0.1145 0.1197 0.1036 
         110  1 0.1076 0.1231 0.0811 0.1260 0.1166 0.1163 0.1180 0.1038 0.1074 
         111  1 0.0944 0.1285 0.0411 0.0995 0.1669 0.1251 0.1329 0.1159 0.0956 
         112  1 0.1048 0.1194 0.0293 0.1359 0.1310 0.1235 0.1354 0.1129 0.1077 
         113  1 0.0542 0.0588 0.5468 0.0562 0.0532 0.0566 0.0575 0.0596 0.0573 
         114  1 0.1481 0.1224 0.0283 0.1081 0.1300 0.1117 0.1207 0.1125 0.1181 
         115  1 0.0948 0.1112 0.0710 0.1144 0.1238 0.1225 0.1235 0.1246 0.1143 
         116  1 0.1192 0.1107 0.0814 0.1276 0.0938 0.1074 0.1282 0.1036 0.1282 
         117  1 0.1406 0.1151 0.0315 0.1195 0.1115 0.1159 0.1321 0.1132 0.1207 
         118  1 0.1189 0.1238 0.0380 0.1167 0.1207 0.1277 0.1142 0.1185 0.1215 
         119  1 0.1091 0.1208 0.0980 0.1185 0.1150 0.1169 0.1062 0.1125 0.1030 
         120  1 0.1002 0.1037 0.1969 0.1119 0.0876 0.0926 0.1070 0.0940 0.1061 
         121  1 0.0349 0.0346 0.7288 0.0328 0.0336 0.0337 0.0331 0.0340 0.0344 
         122  1 0.1226 0.1188 0.0440 0.1093 0.1302 0.1204 0.1093 0.1367 0.1087 
         123  1 0.0839 0.0872 0.3278 0.0900 0.0733 0.0834 0.0887 0.0774 0.0881 
         124  1 0.0957 0.1236 0.0513 0.1160 0.1438 0.1144 0.1240 0.1221 0.1092 
         125  1 0.0969 0.1228 0.0770 0.1092 0.1284 0.1189 0.1245 0.1055 0.1168 
         126  1 0.1219 0.1117 0.0304 0.0977 0.1428 0.1397 0.0960 0.1479 0.1117 
         127  1 0.1058 0.1023 0.1802 0.1053 0.0944 0.0967 0.1165 0.0875 0.1113 
         128  1 0.1170 0.1164 0.0474 0.1278 0.1143 0.1174 0.1233 0.1137 0.1227 
         129  1 0.1029 0.1244 0.0710 0.1156 0.1369 0.1150 0.1248 0.1105 0.0988 
         130  1 0.1408 0.1213 0.0311 0.1246 0.1035 0.1114 0.1359 0.0996 0.1318 
         131  1 0.1154 0.1153 0.1083 0.1196 0.0914 0.1042 0.1176 0.1029 0.1253 
         132  1 0.1345 0.1215 0.0267 0.1202 0.1101 0.1137 0.1261 0.1149 0.1323 
         133  1 0.0604 0.0514 0.5589 0.0542 0.0543 0.0559 0.0513 0.0565 0.0572 
         134  1 0.1150 0.1159 0.0264 0.1393 0.1084 0.1128 0.1329 0.1108 0.1386 
         135  1 0.1218 0.1101 0.0381 0.1393 0.0819 0.1176 0.1321 0.1044 0.1545 
         136  1 0.1006 0.0996 0.2217 0.1075 0.0892 0.0941 0.1051 0.0861 0.0961 
         137  1 0.1128 0.1113 0.0719 0.1172 0.1156 0.1246 0.1097 0.1211 0.1160 
         138  1 0.1229 0.1135 0.0200 0.1306 0.1163 0.1273 0.1220 0.1222 0.1252 
         139  1 0.1127 0.1224 0.0550 0.1150 0.1163 0.1142 0.1093 0.1298 0.1253 
         140  1 0.1144 0.1236 0.0427 0.1146 0.1288 0.1297 0.1178 0.1100 0.1185 
         141  1 0.0544 0.0507 0.5772 0.0556 0.0481 0.0530 0.0520 0.0546 0.0545 
         142  1 0.1177 0.1106 0.1216 0.1119 0.1030 0.1018 0.1137 0.1054 0.1144 
         143  1 0.1138 0.1136 0.1101 0.1095 0.1116 0.1072 0.1187 0.1018 0.1138 
         144  1 0.1221 0.1086 0.0775 0.1348 0.0837 0.1145 0.1314 0.0956 0.1319 
         145  1 0.1036 0.1223 0.0232 0.1155 0.1511 0.1273 0.1322 0.1201 0.1048 
         146  1 0.1121 0.1217 0.0501 0.1327 0.1148 0.1174 0.1195 0.1116 0.1202 
         147  1 0.1071 0.1198 0.0399 0.1231 0.1269 0.1248 0.1148 0.1282 0.1154 
         148  1 0.1313 0.1209 0.0414 0.1362 0.0996 0.1097 0.1247 0.1103 0.1260 
         149  1 0.1100 0.1137 0.0904 0.1197 0.1069 0.1142 0.1164 0.1036 0.1252 
         150  1 0.0966 0.1349 0.0436 0.1399 0.1288 0.1134 0.1206 0.1288 0.0934 
         151  1 0.0859 0.1226 0.1415 0.1208 0.1128 0.1123 0.0969 0.1225 0.0847 
         152  1 0.1182 0.1162 0.0213 0.0828 0.1432 0.1423 0.0744 0.2089 0.0927 
         153  1 0.0936 0.1201 0.1087 0.1271 0.1110 0.1128 0.1102 0.1226 0.0938 
         154  1 0.1165 0.1159 0.0835 0.1224 0.1074 0.1108 0.1184 0.1060 0.1191 
         155  1 0.0767 0.0769 0.3920 0.0796 0.0684 0.0739 0.0774 0.0740 0.0811 
         156  1 0.1130 0.1146 0.0480 0.1273 0.1103 0.1172 0.1291 0.1035 0.1370 
         157  1 0.1258 0.1164 0.0473 0.1303 0.0926 0.1149 0.1340 0.1013 0.1374 
         158  1 0.1103 0.1183 0.0701 0.1170 0.1151 0.1253 0.1160 0.1075 0.1204 
         159  1 0.1292 0.1160 0.0701 0.1103 0.1135 0.1100 0.1266 0.1073 0.1171 
         160  1 0.0681 0.0633 0.4730 0.0716 0.0575 0.0657 0.0701 0.0557 0.0751 
         161  1 0.1243 0.1113 0.0544 0.1273 0.1077 0.1182 0.1227 0.1046 0.1297 
         162  1 0.0919 0.1104 0.1736 0.1106 0.1098 0.1051 0.1004 0.1053 0.0928 
         163  1 0.1231 0.1173 0.0591 0.1143 0.1180 0.1147 0.1210 0.1117 0.1208 
         164  1 0.0900 0.1323 0.0240 0.1088 0.1697 0.1283 0.1384 0.1189 0.0896 
         165  1 0.0988 0.1283 0.0451 0.1329 0.1295 0.1165 0.1335 0.1127 0.1026 
         166  1 0.0590 0.0562 0.5295 0.0598 0.0560 0.0590 0.0590 0.0619 0.0596 
         167  1 0.1165 0.1098 0.0614 0.0879 0.1393 0.1418 0.0812 0.1670 0.0953 
         168  1 0.1162 0.1093 0.1001 0.1007 0.1173 0.1183 0.1028 0.1321 0.1032 
         169  1 0.1180 0.1154 0.0616 0.1126 0.1144 0.1208 0.1208 0.1187 0.1176 
         170  1 0.0337 0.0362 0.7262 0.0324 0.0369 0.0339 0.0325 0.0342 0.0341 
         171  1 0.1193 0.1206 0.0439 0.1184 0.1140 0.1235 0.1188 0.1153 0.1262 
         172  1 0.1164 0.1209 0.0460 0.1132 0.1317 0.1237 0.1075 0.1245 0.1161 
         173  1 0.0518 0.0525 0.5793 0.0565 0.0521 0.0491 0.0560 0.0478 0.0549 
         174  1 0.1099 0.1219 0.0354 0.1292 0.1283 0.1265 0.1210 0.1101 0.1176 
         175  1 0.1183 0.1205 0.0332 0.1054 0.1347 0.1329 0.1028 0.1464 0.1058 
         176  1 0.1324 0.1145 0.0333 0.1260 0.1011 0.1215 0.1305 0.1099 0.1307 
         177  1 0.1143 0.1075 0.0553 0.1040 0.1290 0.1328 0.1024 0.1447 0.1100 
         178  1 0.1156 0.1127 0.0608 0.1136 0.1034 0.1220 0.1235 0.1226 0.1258 
         179  1 0.1262 0.1115 0.0424 0.0814 0.1384 0.1441 0.0798 0.1856 0.0906 
         180  1 0.1201 0.1139 0.0771 0.1140 0.1149 0.1071 0.1223 0.1095 0.1211 
         181  1 0.1020 0.1060 0.1430 0.1211 0.0983 0.1088 0.1184 0.0934 0.1089 
         182  1 0.1222 0.1215 0.0456 0.1101 0.1346 0.1189 0.1192 0.1050 0.1230 
         183  1 0.0539 0.0496 0.5981 0.0504 0.0466 0.0473 0.0525 0.0496 0.0520 
         184  1 0.1106 0.1292 0.0690 0.1098 0.1367 0.1094 0.1119 0.1143 0.1090 
         185  1 0.0588 0.0566 0.5376 0.0612 0.0542 0.0568 0.0602 0.0521 0.0624 
         186  1 0.0505 0.0627 0.5371 0.0575 0.0642 0.0613 0.0558 0.0571 0.0536 
         187  1 0.1354 0.1153 0.0383 0.1215 0.1011 0.1137 0.1274 0.1112 0.1362 
         188  1 0.0883 0.1205 0.0408 0.1263 0.1441 0.1275 0.1312 0.1136 0.1078 
         189  1 0.0989 0.1223 0.0992 0.1177 0.1103 0.1225 0.1075 0.1150 0.1067 
         190  1 0.1116 0.1297 0.0355 0.1408 0.1001 0.1177 0.1221 0.1144 0.1281 
         191  1 0.1147 0.1160 0.0612 0.1224 0.1132 0.1158 0.1203 0.1110 0.1255 
         192  1 0.1151 0.1093 0.0428 0.1461 0.0860 0.1147 0.1366 0.1012 0.1482 
         193  1 0.1065 0.1252 0.0406 0.1242 0.1313 0.1222 0.1211 0.1089 0.1199 
         194  1 0.1139 0.1176 0.0680 0.1302 0.0962 0.1068 0.1209 0.1165 0.1299 
         195  1 0.1788 0.1140 0.0464 0.0989 0.1052 0.1002 0.1239 0.1117 0.1209 
         196  1 0.0636 0.0698 0.4868 0.0603 0.0730 0.0618 0.0657 0.0615 0.0574 
         197  1 0.1122 0.1189 0.0436 0.1192 0.1217 0.1193 0.1159 0.1302 0.1190 
         198  1 0.0750 0.0810 0.3636 0.0818 0.0778 0.0796 0.0831 0.0721 0.0862 
         199  1 0.1131 0.1233 0.0435 0.1185 0.1180 0.1242 0.1125 0.1266 0.1203 
         200  1 0.1005 0.1414 0.0297 0.1006 0.1702 0.1211 0.1153 0.1255 0.0957 
         201  1 0.1320 0.1188 0.0352 0.1119 0.1192 0.1171 0.1145 0.1303 0.1209 
         202  1 0.1157 0.1129 0.0453 0.1373 0.1006 0.1181 0.1345 0.1024 0.1330 
         203  1 0.1131 0.1152 0.0631 0.1064 0.1169 0.1286 0.1038 0.1412 0.1117 
         204  1 0.1299 0.1208 0.0300 0.1112 0.1408 0.1175 0.1095 0.1312 0.1091 
         205  1 0.1529 0.1123 0.0468 0.1202 0.1096 0.1159 0.1216 0.1069 0.1138 
         206  1 0.1277 0.1160 0.0579 0.1222 0.1058 0.1113 0.1268 0.1060 0.1262 
         207  1 0.1212 0.1184 0.0514 0.1303 0.0955 0.1152 0.1303 0.0938 0.1440 
         208  1 0.0841 0.0731 0.4247 0.0670 0.0669 0.0732 0.0753 0.0670 0.0688 
         209  1 0.1327 0.1160 0.0386 0.1300 0.0998 0.1122 0.1287 0.1065 0.1356 
         210  1 0.1106 0.1188 0.0376 0.1200 0.1173 0.1219 0.1231 0.1281 0.1226 
         211  1 0.0891 0.0782 0.3388 0.0877 0.0726 0.0867 0.0848 0.0783 0.0838 
         212  1 0.0776 0.0698 0.4217 0.0718 0.0696 0.0698 0.0731 0.0723 0.0743 
         213  1 0.1226 0.1201 0.0534 0.1054 0.1235 0.1223 0.1105 0.1256 0.1166 
         214  1 0.1173 0.1247 0.0278 0.1191 0.1260 0.1257 0.1261 0.1269 0.1063 
         215  1 0.1156 0.1141 0.0342 0.1323 0.1185 0.1195 0.1302 0.1082 0.1274 
         216  1 0.0591 0.0628 0.4979 0.0722 0.0569 0.0627 0.0642 0.0603 0.0640 
         217  1 0.0996 0.1078 0.1081 0.1075 0.1181 0.1250 0.0943 0.1456 0.0942 
         218  1 0.1289 0.1238 0.0648 0.1174 0.1048 0.1080 0.1294 0.1062 0.1167 
         219  1 0.1208 0.1169 0.0261 0.1232 0.1184 0.1246 0.1079 0.1322 0.1297 
         220  1 0.1225 0.1055 0.0322 0.1307 0.0946 0.1211 0.1314 0.1193 0.1427 
         221  1 0.1049 0.1204 0.0752 0.1349 0.0998 0.1153 0.1115 0.1258 0.1122 
         222  1 0.1473 0.1186 0.0379 0.1194 0.1012 0.1055 0.1234 0.1111 0.1356 
         223  1 0.1016 0.1327 0.0526 0.1308 0.1239 0.1258 0.1196 0.1159 0.0973 
         224  1 0.1237 0.1158 0.0278 0.1054 0.1283 0.1394 0.0954 0.1555 0.1087 
