

----------------------------------------------------
STRUCTURE by Pritchard, Stephens and Donnelly (2000)
     and Falush, Stephens and Pritchard (2003)
       Code by Pritchard, Falush and Hubisz
             Version 2.3.4 (Jul 2012)
----------------------------------------------------



Command line arguments:   /usr/local/bin/structure -m parameter_job_T2_5 
Input File:    /home/martin/bottleneck/structure/data_job_T2_5

Run parameters:
   224 individuals
   15 loci
   2 populations assumed
   10000 Burn-in period
   100000 Reps


--------------------------------------------
Proportion of membership of each pre-defined
 population in each of the 2 clusters

Given    Inferred Clusters       Number of
 Pop       1      2             Individuals

  1:     0.500  0.500             224
--------------------------------------------

Allele-freq. divergence among pops (Net nucleotide distance),
computed using point estimates of P.

      1       2      
 1      -    0.0003  
 2   0.0003     -    

Average distances (expected heterozygosity) between individuals in same cluster:
cluster  1  : 0.7739 
cluster  2  : 0.7631 

--------------------------------------------
Estimated Ln Prob of Data   = -11428.2
Mean value of ln likelihood = -11240.9
Variance of ln likelihood   = 374.5
Mean value of alpha         = 5.6251

Mean value of Fst_1         = 0.0081
Mean value of Fst_2         = 0.0266


Inferred ancestry of individuals:
        Label (%Miss) Pop:  Inferred clusters
  1        1    (0)    1 :  0.505 0.495 
  2        2    (0)    1 :  0.517 0.483 
  3        3    (0)    1 :  0.496 0.504 
  4        4    (0)    1 :  0.497 0.503 
  5        5    (0)    1 :  0.496 0.504 
  6        6    (0)    1 :  0.500 0.500 
  7        7    (0)    1 :  0.492 0.508 
  8        8    (0)    1 :  0.504 0.496 
  9        9    (0)    1 :  0.505 0.495 
 10       10    (0)    1 :  0.505 0.495 
 11       11    (0)    1 :  0.502 0.498 
 12       12    (0)    1 :  0.503 0.497 
 13       13    (0)    1 :  0.500 0.500 
 14       14    (0)    1 :  0.500 0.500 
 15       15    (0)    1 :  0.512 0.488 
 16       16    (0)    1 :  0.504 0.496 
 17       17    (0)    1 :  0.500 0.500 
 18       18    (0)    1 :  0.492 0.508 
 19       19    (0)    1 :  0.494 0.506 
 20       20    (0)    1 :  0.497 0.503 
 21       21    (0)    1 :  0.498 0.502 
 22       22    (0)    1 :  0.493 0.507 
 23       23    (0)    1 :  0.499 0.501 
 24       24    (0)    1 :  0.492 0.508 
 25       25    (0)    1 :  0.504 0.496 
 26       26    (0)    1 :  0.496 0.504 
 27       27    (0)    1 :  0.496 0.504 
 28       28    (0)    1 :  0.507 0.493 
 29       29    (0)    1 :  0.498 0.502 
 30       30    (0)    1 :  0.492 0.508 
 31       31    (0)    1 :  0.506 0.494 
 32       32    (0)    1 :  0.495 0.505 
 33       33    (0)    1 :  0.499 0.501 
 34       34    (0)    1 :  0.505 0.495 
 35       35    (0)    1 :  0.507 0.493 
 36       36    (0)    1 :  0.491 0.509 
 37       37    (0)    1 :  0.501 0.499 
 38       38    (0)    1 :  0.492 0.508 
 39       39    (6)    1 :  0.496 0.504 
 40       40    (0)    1 :  0.499 0.501 
 41       41    (0)    1 :  0.506 0.494 
 42       42    (6)    1 :  0.498 0.502 
 43       43    (0)    1 :  0.499 0.501 
 44       44    (0)    1 :  0.505 0.495 
 45       45    (0)    1 :  0.500 0.500 
 46       46    (0)    1 :  0.499 0.501 
 47       47    (0)    1 :  0.493 0.507 
 48       48    (0)    1 :  0.500 0.500 
 49       49    (0)    1 :  0.496 0.504 
 50       50    (0)    1 :  0.497 0.503 
 51       51    (0)    1 :  0.493 0.507 
 52       52    (0)    1 :  0.500 0.500 
 53       53    (0)    1 :  0.508 0.492 
 54       54    (0)    1 :  0.495 0.505 
 55       55    (0)    1 :  0.492 0.508 
 56       56    (0)    1 :  0.493 0.507 
 57       57    (0)    1 :  0.495 0.505 
 58       58    (0)    1 :  0.505 0.495 
 59       59    (0)    1 :  0.502 0.498 
 60       60    (0)    1 :  0.491 0.509 
 61       61    (6)    1 :  0.505 0.495 
 62       62    (0)    1 :  0.494 0.506 
 63       63    (0)    1 :  0.504 0.496 
 64       64    (0)    1 :  0.501 0.499 
 65       65    (0)    1 :  0.501 0.499 
 66       66    (0)    1 :  0.495 0.505 
 67       67    (0)    1 :  0.502 0.498 
 68       68    (0)    1 :  0.502 0.498 
 69       69    (0)    1 :  0.498 0.502 
 70       70    (0)    1 :  0.504 0.496 
 71       71    (0)    1 :  0.506 0.494 
 72       72    (0)    1 :  0.504 0.496 
 73       73    (0)    1 :  0.497 0.503 
 74       74    (0)    1 :  0.507 0.493 
 75       75    (0)    1 :  0.502 0.498 
 76       76    (0)    1 :  0.496 0.504 
 77       77    (0)    1 :  0.494 0.506 
 78       78    (0)    1 :  0.503 0.497 
 79       79    (0)    1 :  0.506 0.494 
 80       80    (0)    1 :  0.494 0.506 
 81       81    (6)    1 :  0.494 0.506 
 82       82    (0)    1 :  0.501 0.499 
 83       83    (0)    1 :  0.504 0.496 
 84       84    (0)    1 :  0.503 0.497 
 85       85    (0)    1 :  0.494 0.506 
 86       86    (0)    1 :  0.506 0.494 
 87       87    (0)    1 :  0.508 0.492 
 88       88    (0)    1 :  0.509 0.491 
 89       89    (0)    1 :  0.501 0.499 
 90       90    (0)    1 :  0.502 0.498 
 91       91    (0)    1 :  0.503 0.497 
 92       92    (0)    1 :  0.496 0.504 
 93       93    (0)    1 :  0.497 0.503 
 94       94    (0)    1 :  0.504 0.496 
 95       95    (0)    1 :  0.495 0.505 
 96       96    (6)    1 :  0.499 0.501 
 97       97    (0)    1 :  0.501 0.499 
 98       98    (0)    1 :  0.505 0.495 
 99       99    (0)    1 :  0.489 0.511 
100      100    (0)    1 :  0.494 0.506 
101      101    (0)    1 :  0.491 0.509 
102      102    (0)    1 :  0.502 0.498 
103      103    (0)    1 :  0.501 0.499 
104      104    (0)    1 :  0.504 0.496 
105      105    (6)    1 :  0.495 0.505 
106      106    (0)    1 :  0.505 0.495 
107      107    (0)    1 :  0.500 0.500 
108      108    (0)    1 :  0.498 0.502 
109      109    (0)    1 :  0.498 0.502 
110      110    (0)    1 :  0.492 0.508 
111      111    (0)    1 :  0.502 0.498 
112      112    (0)    1 :  0.499 0.501 
113      113    (0)    1 :  0.502 0.498 
114      114    (0)    1 :  0.494 0.506 
115      115    (0)    1 :  0.492 0.508 
116      116    (0)    1 :  0.507 0.493 
117      117    (0)    1 :  0.498 0.502 
118      118    (0)    1 :  0.500 0.500 
119      119    (0)    1 :  0.496 0.504 
120      120    (0)    1 :  0.499 0.501 
121      121    (6)    1 :  0.493 0.507 
122      122    (0)    1 :  0.495 0.505 
123      123    (0)    1 :  0.500 0.500 
124      124    (0)    1 :  0.498 0.502 
125      125    (0)    1 :  0.499 0.501 
126      126    (0)    1 :  0.500 0.500 
127      127    (0)    1 :  0.499 0.501 
128      128    (0)    1 :  0.493 0.507 
129      129    (0)    1 :  0.495 0.505 
130      130    (0)    1 :  0.503 0.497 
131      131    (0)    1 :  0.503 0.497 
132      132    (0)    1 :  0.501 0.499 
133      133    (0)    1 :  0.509 0.491 
134      134    (0)    1 :  0.508 0.492 
135      135    (0)    1 :  0.505 0.495 
136      136    (0)    1 :  0.503 0.497 
137      137    (0)    1 :  0.494 0.506 
138      138    (0)    1 :  0.506 0.494 
139      139    (0)    1 :  0.493 0.507 
140      140    (0)    1 :  0.500 0.500 
141      141    (0)    1 :  0.512 0.488 
142      142    (0)    1 :  0.496 0.504 
143      143    (0)    1 :  0.506 0.494 
144      144    (0)    1 :  0.510 0.490 
145      145    (0)    1 :  0.496 0.504 
146      146    (0)    1 :  0.501 0.499 
147      147    (0)    1 :  0.499 0.501 
148      148    (0)    1 :  0.501 0.499 
149      149    (0)    1 :  0.498 0.502 
150      150    (0)    1 :  0.501 0.499 
151      151    (0)    1 :  0.488 0.512 
152      152    (0)    1 :  0.509 0.491 
153      153    (0)    1 :  0.496 0.504 
154      154    (0)    1 :  0.497 0.503 
155      155    (0)    1 :  0.495 0.505 
156      156    (0)    1 :  0.499 0.501 
157      157    (0)    1 :  0.507 0.493 
158      158    (6)    1 :  0.501 0.499 
159      159    (0)    1 :  0.499 0.501 
160      160    (0)    1 :  0.504 0.496 
161      161    (0)    1 :  0.501 0.499 
162      162    (0)    1 :  0.500 0.500 
163      163    (0)    1 :  0.497 0.503 
164      164    (0)    1 :  0.511 0.489 
165      165    (0)    1 :  0.505 0.495 
166      166    (0)    1 :  0.500 0.500 
167      167    (0)    1 :  0.495 0.505 
168      168    (0)    1 :  0.496 0.504 
169      169    (0)    1 :  0.495 0.505 
170      170    (0)    1 :  0.500 0.500 
171      171   (10)    1 :  0.497 0.503 
172      172    (0)    1 :  0.491 0.509 
173      173    (0)    1 :  0.498 0.502 
174      174    (0)    1 :  0.496 0.504 
175      175    (6)    1 :  0.497 0.503 
176      176    (0)    1 :  0.503 0.497 
177      177    (0)    1 :  0.497 0.503 
178      178    (0)    1 :  0.503 0.497 
179      179    (0)    1 :  0.499 0.501 
180      180    (0)    1 :  0.494 0.506 
181      181    (0)    1 :  0.499 0.501 
182      182   (13)    1 :  0.500 0.500 
183      183    (0)    1 :  0.509 0.491 
184      184    (0)    1 :  0.498 0.502 
185      185    (0)    1 :  0.503 0.497 
186      186    (0)    1 :  0.493 0.507 
187      187    (0)    1 :  0.506 0.494 
188      188    (0)    1 :  0.499 0.501 
189      189    (0)    1 :  0.495 0.505 
190      190    (0)    1 :  0.499 0.501 
191      191    (0)    1 :  0.498 0.502 
192      192    (6)    1 :  0.512 0.488 
193      193    (0)    1 :  0.499 0.501 
194      194    (0)    1 :  0.499 0.501 
195      195    (0)    1 :  0.510 0.490 
196      196    (0)    1 :  0.497 0.503 
197      197    (0)    1 :  0.507 0.493 
198      198    (0)    1 :  0.501 0.499 
199      199    (0)    1 :  0.505 0.495 
200      200    (0)    1 :  0.488 0.512 
201      201    (0)    1 :  0.493 0.507 
202      202    (0)    1 :  0.513 0.487 
203      203    (0)    1 :  0.514 0.486 
204      204    (0)    1 :  0.492 0.508 
205      205    (0)    1 :  0.506 0.494 
206      206    (0)    1 :  0.504 0.496 
207      207    (0)    1 :  0.492 0.508 
208      208    (0)    1 :  0.501 0.499 
209      209    (0)    1 :  0.506 0.494 
210      210    (0)    1 :  0.502 0.498 
211      211    (0)    1 :  0.497 0.503 
212      212    (0)    1 :  0.502 0.498 
213      213    (0)    1 :  0.490 0.510 
214      214    (0)    1 :  0.508 0.492 
215      215    (0)    1 :  0.501 0.499 
216      216    (6)    1 :  0.508 0.492 
217      217    (0)    1 :  0.504 0.496 
218      218    (0)    1 :  0.493 0.507 
219      219    (0)    1 :  0.504 0.496 
220      220    (0)    1 :  0.508 0.492 
221      221    (0)    1 :  0.503 0.497 
222      222    (0)    1 :  0.501 0.499 
223      223    (0)    1 :  0.500 0.500 
224      224    (0)    1 :  0.512 0.488 


Estimated Allele Frequencies in each cluster
First column gives estimated ancestral frequencies


Locus 1 : 
25 alleles
0.0% missing data
 130   (0.071) 0.072 0.076 
 142   (0.128) 0.134 0.155 
 140   (0.006) 0.005 0.003 
 148   (0.068) 0.070 0.070 
 164   (0.095) 0.102 0.116 
 124   (0.111) 0.119 0.128 
 168   (0.012) 0.010 0.006 
 150   (0.109) 0.115 0.131 
 118   (0.043) 0.041 0.038 
 136   (0.034) 0.032 0.027 
 134   (0.076) 0.078 0.079 
 144   (0.014) 0.012 0.008 
 154   (0.052) 0.051 0.046 
 162   (0.026) 0.024 0.018 
 156   (0.012) 0.010 0.007 
 160   (0.009) 0.007 0.005 
 126   (0.041) 0.040 0.036 
 146   (0.017) 0.015 0.010 
 166   (0.019) 0.017 0.012 
 152   (0.019) 0.017 0.012 
 158   (0.009) 0.007 0.005 
 170   (0.006) 0.005 0.003 
 172   (0.006) 0.005 0.003 
 120   (0.006) 0.005 0.003 
 138   (0.006) 0.005 0.003 

Locus 2 : 
16 alleles
0.2% missing data
 200   (0.055) 0.055 0.053 
 216   (0.019) 0.017 0.012 
 226   (0.111) 0.112 0.118 
 232   (0.055) 0.053 0.050 
 228   (0.058) 0.056 0.052 
 224   (0.130) 0.131 0.141 
 184   (0.148) 0.158 0.172 
 234   (0.089) 0.092 0.095 
 230   (0.062) 0.060 0.057 
 222   (0.137) 0.140 0.149 
 202   (0.022) 0.020 0.014 
 212   (0.051) 0.049 0.042 
 220   (0.041) 0.039 0.033 
 218   (0.006) 0.005 0.003 
 236   (0.010) 0.008 0.005 
 238   (0.006) 0.005 0.003 

Locus 3 : 
5 alleles
0.9% missing data
 202   (0.506) 0.511 0.528 
 204   (0.162) 0.163 0.162 
 206   (0.124) 0.122 0.115 
 198   (0.135) 0.135 0.132 
 208   (0.073) 0.070 0.063 

Locus 4 : 
8 alleles
0.0% missing data
 188   (0.333) 0.341 0.361 
 184   (0.087) 0.085 0.077 
 192   (0.062) 0.058 0.051 
 164   (0.244) 0.248 0.262 
 180   (0.119) 0.118 0.111 
 190   (0.081) 0.079 0.075 
 182   (0.064) 0.064 0.059 
 150   (0.010) 0.008 0.005 

Locus 5 : 
6 alleles
0.4% missing data
 139   (0.276) 0.277 0.280 
 137   (0.242) 0.243 0.241 
 141   (0.102) 0.102 0.098 
 143   (0.165) 0.166 0.174 
 145   (0.208) 0.207 0.204 
 147   (0.007) 0.005 0.003 

Locus 6 : 
7 alleles
1.3% missing data
 352   (0.054) 0.050 0.043 
 354   (0.126) 0.127 0.128 
 342   (0.218) 0.218 0.220 
 350   (0.151) 0.151 0.146 
 348   (0.383) 0.392 0.415 
 344   (0.026) 0.023 0.017 
 346   (0.042) 0.039 0.032 

Locus 7 : 
9 alleles
0.0% missing data
 277   (0.320) 0.330 0.339 
 281   (0.183) 0.183 0.189 
 287   (0.034) 0.032 0.025 
 283   (0.211) 0.212 0.222 
 299   (0.085) 0.083 0.079 
 279   (0.105) 0.103 0.103 
 291   (0.041) 0.039 0.031 
 301   (0.015) 0.013 0.008 
 285   (0.007) 0.005 0.003 

Locus 8 : 
5 alleles
0.4% missing data
 164   (0.402) 0.408 0.426 
 176   (0.258) 0.259 0.260 
 170   (0.177) 0.175 0.171 
 174   (0.089) 0.087 0.078 
 172   (0.073) 0.071 0.066 

Locus 9 : 
8 alleles
0.0% missing data
 284   (0.181) 0.186 0.195 
 286   (0.336) 0.344 0.359 
 288   (0.160) 0.158 0.162 
 302   (0.088) 0.087 0.083 
 290   (0.064) 0.061 0.054 
 292   (0.039) 0.036 0.029 
 296   (0.125) 0.123 0.115 
 300   (0.007) 0.005 0.003 

Locus 10 : 
5 alleles
0.0% missing data
 289   (0.306) 0.306 0.300 
 291   (0.078) 0.078 0.077 
 287   (0.210) 0.211 0.208 
 285   (0.399) 0.400 0.412 
 293   (0.007) 0.005 0.003 

Locus 11 : 
5 alleles
0.0% missing data
 135   (0.262) 0.263 0.262 
 139   (0.299) 0.299 0.310 
 133   (0.185) 0.185 0.178 
 137   (0.234) 0.234 0.238 
 141   (0.021) 0.018 0.012 

Locus 12 : 
5 alleles
0.9% missing data
 318   (0.451) 0.459 0.472 
 320   (0.181) 0.179 0.182 
 322   (0.140) 0.140 0.144 
 328   (0.078) 0.074 0.064 
 324   (0.151) 0.148 0.138 

Locus 13 : 
4 alleles
0.4% missing data
 245   (0.343) 0.348 0.367 
 249   (0.230) 0.229 0.224 
 241   (0.372) 0.371 0.363 
 243   (0.055) 0.053 0.045 

Locus 14 : 
11 alleles
0.4% missing data
 175   (0.027) 0.025 0.019 
 199   (0.054) 0.051 0.045 
 205   (0.138) 0.138 0.138 
 207   (0.066) 0.064 0.059 
 181   (0.291) 0.304 0.336 
 201   (0.114) 0.116 0.117 
 203   (0.074) 0.073 0.071 
 195   (0.045) 0.043 0.040 
 183   (0.111) 0.113 0.115 
 179   (0.040) 0.038 0.032 
 197   (0.038) 0.035 0.030 

Locus 15 : 
9 alleles
1.3% missing data
 193   (0.244) 0.245 0.248 
 207   (0.168) 0.167 0.166 
 201   (0.315) 0.325 0.349 
 203   (0.007) 0.005 0.003 
 189   (0.079) 0.077 0.070 
 197   (0.065) 0.063 0.057 
 183   (0.035) 0.032 0.026 
 209   (0.081) 0.081 0.079 
 199   (0.007) 0.005 0.003 

Values of parameters used in structure:
DATAFILE=/home/martin/bottleneck/structure/data_job_T2_5,	OUTFILE=/home/martin/bottleneck/structure/structure_results/guadalupe_fur_seal/results_job_T2_5,	NUMINDS=224,	NUMLOCI=15,	MISSING=-9,	LABEL=1,	POPDATA=1,	POPFLAG=0,	PHENOTYPE=0,	EXTRACOLS=0,	MAXPOPS=2,	BURNIN=10000,	NUMREPS=100000,	USEPOPINFO=0,	INFERALPHA=1,	INFERLAMBDA=0,	POPSPECIFICLAMBDA=0,	POPALPHAS=0,	COMPUTEPROB=1,	NOADMIX=0,	ADMBURNIN=2500,	UPDATEFREQ=1,	PRINTLIKES=0,	INTERMEDSAVE=0,	PRINTKLD=0,	PRINTNET=0,	PRINTLAMBDA=0,	ANCESTDIST=0,	NUMBOXES=1000,	ANCESTPINT=0.90000,	GENSBACK=2,	MIGRPRIOR=0.05000,	PRINTQHAT=1,	PRINTQSUM=0,	ALPHA=1.0000,	FREQSCORR=1,	FPRIORMEAN=0.0100,	FPRIORSD=0.0500,	ONEFST=0,	LAMBDA=1.0000,	UNIFPRIORALPHA=1,	ALPHAMAX=10.0000,	ALPHAPRIORA=1.0000,	ALPHAPRIORB=2.0000,	ALPHAPROPSD=0.0250,	STARTATPOPINFO=0,	RANDOMIZE=1,	LINKAGE=0,	METROFREQ=10,	REPORTHITRATE=0,	MARKOVPHASE=-1,	PHASED=0,	PLOIDY=2,	PHASEINFO=0	LOCPRIOR=0, 	LOCPRIORINIT=1.000000, 	LOCDATA=0, 	LOCISPOP=0, 	LOCPRIORSTEP=0.100000, 	MAXLOCPRIOR=20.000000, 	SEED=1521449709,	
[STRAT parameters]:    NUMSIMSTATS=1000,	PHENOTYPECOL=-9,	POOLFREQ=10,	LOCUSxONLY=0,	EMERROR=0.00100,	MISSINGPHENO=-9,	