

----------------------------------------------------
STRUCTURE by Pritchard, Stephens and Donnelly (2000)
     and Falush, Stephens and Pritchard (2003)
       Code by Pritchard, Falush and Hubisz
             Version 2.3.4 (Jul 2012)
----------------------------------------------------



Command line arguments:   /usr/local/bin/structure -m parameter_job_T7_3 
Input File:    /home/martin/bottleneck/structure_analysis/structure_4/data_job_T7_3

Run parameters:
   90 individuals
   9 loci
   7 populations assumed
   10000 Burn-in period
   100000 Reps


--------------------------------------------
Proportion of membership of each pre-defined
 population in each of the 7 clusters

Given    Inferred Clusters                                   Number of
 Pop       1      2      3      4      5      6      7      Individuals

  1:     0.142  0.143  0.143  0.143  0.143  0.143  0.143       90
--------------------------------------------

Allele-freq. divergence among pops (Net nucleotide distance),
computed using point estimates of P.

      1       2       3       4       5       6       7      
 1      -    0.0002  0.0002  0.0005  0.0005  0.0006  0.0006  
 2   0.0002     -    0.0001  0.0001  0.0001  0.0001  0.0001  
 3   0.0002  0.0001     -    0.0002  0.0001  0.0002  0.0002  
 4   0.0005  0.0001  0.0002     -    0.0000  0.0000  0.0000  
 5   0.0005  0.0001  0.0001  0.0000     -    0.0000  0.0000  
 6   0.0006  0.0001  0.0002  0.0000  0.0000     -    0.0000  
 7   0.0006  0.0001  0.0002  0.0000  0.0000  0.0000     -    

Average distances (expected heterozygosity) between individuals in same cluster:
cluster  1  : 0.7249 
cluster  2  : 0.7368 
cluster  3  : 0.7336 
cluster  4  : 0.7447 
cluster  5  : 0.7435 
cluster  6  : 0.7457 
cluster  7  : 0.7450 

--------------------------------------------
Estimated Ln Prob of Data   = -3082.2
Mean value of ln likelihood = -3023.4
Variance of ln likelihood   = 117.6
Mean value of alpha         = 2.8395

Mean value of Fst_1         = 0.0683
Mean value of Fst_2         = 0.0334
Mean value of Fst_3         = 0.0435
Mean value of Fst_4         = 0.0093
Mean value of Fst_5         = 0.0122
Mean value of Fst_6         = 0.0059
Mean value of Fst_7         = 0.0082


Inferred ancestry of individuals:
        Label (%Miss) Pop:  Inferred clusters
  1        1    (0)    1 :  0.141 0.143 0.144 0.142 0.143 0.144 0.143 
  2        2    (0)    1 :  0.143 0.143 0.145 0.142 0.144 0.142 0.142 
  3        3    (0)    1 :  0.139 0.145 0.142 0.144 0.142 0.144 0.144 
  4        4    (0)    1 :  0.142 0.143 0.143 0.143 0.143 0.142 0.143 
  5        5    (0)    1 :  0.142 0.143 0.141 0.144 0.143 0.144 0.142 
  6        6    (0)    1 :  0.145 0.143 0.144 0.142 0.142 0.140 0.144 
  7        7    (0)    1 :  0.140 0.144 0.143 0.141 0.142 0.145 0.145 
  8        8    (0)    1 :  0.145 0.144 0.142 0.142 0.143 0.141 0.143 
  9        9    (0)    1 :  0.144 0.143 0.143 0.142 0.143 0.142 0.143 
 10       10    (0)    1 :  0.143 0.143 0.143 0.142 0.142 0.143 0.144 
 11       11    (0)    1 :  0.142 0.142 0.143 0.143 0.143 0.145 0.142 
 12       12    (0)    1 :  0.142 0.143 0.143 0.144 0.143 0.142 0.143 
 13       13    (0)    1 :  0.139 0.143 0.140 0.143 0.144 0.147 0.144 
 14       14    (0)    1 :  0.140 0.143 0.142 0.143 0.143 0.145 0.144 
 15       15    (0)    1 :  0.143 0.143 0.142 0.142 0.144 0.143 0.143 
 16       16    (0)    1 :  0.138 0.144 0.142 0.143 0.143 0.146 0.144 
 17       17    (0)    1 :  0.143 0.144 0.142 0.143 0.143 0.142 0.142 
 18       18    (0)    1 :  0.140 0.144 0.143 0.143 0.143 0.144 0.143 
 19       19    (0)    1 :  0.144 0.143 0.143 0.142 0.142 0.142 0.143 
 20       20    (0)    1 :  0.143 0.144 0.142 0.143 0.143 0.142 0.144 
 21       21    (0)    1 :  0.146 0.142 0.142 0.142 0.142 0.143 0.142 
 22       22    (0)    1 :  0.143 0.143 0.146 0.144 0.142 0.141 0.141 
 23       23    (0)    1 :  0.143 0.143 0.143 0.143 0.143 0.143 0.142 
 24       24    (0)    1 :  0.139 0.145 0.141 0.143 0.142 0.145 0.144 
 25       25    (0)    1 :  0.143 0.142 0.143 0.144 0.142 0.144 0.142 
 26       26    (0)    1 :  0.142 0.142 0.142 0.144 0.143 0.144 0.143 
 27       27    (0)    1 :  0.142 0.142 0.144 0.142 0.143 0.143 0.143 
 28       28    (0)    1 :  0.141 0.143 0.143 0.143 0.143 0.144 0.143 
 29       29    (0)    1 :  0.142 0.143 0.141 0.144 0.142 0.143 0.143 
 30       30    (0)    1 :  0.136 0.144 0.139 0.144 0.144 0.147 0.145 
 31       31    (0)    1 :  0.141 0.144 0.143 0.141 0.143 0.145 0.144 
 32       32    (0)    1 :  0.137 0.143 0.139 0.145 0.143 0.148 0.146 
 33       33    (0)    1 :  0.142 0.142 0.141 0.145 0.143 0.144 0.143 
 34       34    (0)    1 :  0.142 0.143 0.143 0.143 0.144 0.141 0.143 
 35       35    (0)    1 :  0.145 0.144 0.144 0.142 0.142 0.142 0.141 
 36       36    (0)    1 :  0.141 0.143 0.143 0.143 0.144 0.143 0.143 
 37       37    (0)    1 :  0.141 0.143 0.141 0.144 0.144 0.144 0.143 
 38       38    (0)    1 :  0.146 0.143 0.143 0.143 0.143 0.142 0.140 
 39       39    (0)    1 :  0.145 0.142 0.143 0.142 0.143 0.142 0.143 
 40       40    (0)    1 :  0.145 0.143 0.144 0.141 0.142 0.141 0.144 
 41       41    (0)    1 :  0.142 0.144 0.143 0.143 0.142 0.143 0.143 
 42       42    (0)    1 :  0.141 0.143 0.142 0.143 0.144 0.143 0.144 
 43       43    (0)    1 :  0.146 0.144 0.144 0.141 0.141 0.142 0.142 
 44       44    (0)    1 :  0.143 0.142 0.142 0.143 0.142 0.144 0.143 
 45       45    (0)    1 :  0.143 0.141 0.141 0.146 0.144 0.143 0.142 
 46       46    (0)    1 :  0.141 0.143 0.141 0.143 0.143 0.145 0.144 
 47       47    (0)    1 :  0.141 0.143 0.142 0.143 0.143 0.143 0.145 
 48       48    (0)    1 :  0.140 0.143 0.141 0.143 0.144 0.144 0.145 
 49       49    (0)    1 :  0.146 0.143 0.144 0.142 0.142 0.142 0.141 
 50       50    (0)    1 :  0.144 0.142 0.144 0.143 0.142 0.142 0.142 
 51       51   (11)    1 :  0.143 0.142 0.143 0.143 0.141 0.143 0.144 
 52       52    (0)    1 :  0.144 0.143 0.145 0.141 0.143 0.141 0.143 
 53       53    (0)    1 :  0.142 0.143 0.142 0.143 0.142 0.142 0.144 
 54       54    (0)    1 :  0.142 0.143 0.143 0.143 0.142 0.145 0.142 
 55       55    (0)    1 :  0.147 0.143 0.145 0.141 0.142 0.142 0.141 
 56       56    (0)    1 :  0.142 0.143 0.144 0.144 0.142 0.144 0.142 
 57       57    (0)    1 :  0.143 0.143 0.143 0.143 0.142 0.143 0.143 
 58       58    (0)    1 :  0.142 0.143 0.144 0.143 0.143 0.143 0.143 
 59       59    (0)    1 :  0.138 0.142 0.143 0.144 0.143 0.145 0.145 
 60       60    (0)    1 :  0.143 0.142 0.144 0.143 0.142 0.142 0.143 
 61       61    (0)    1 :  0.143 0.143 0.144 0.142 0.143 0.142 0.143 
 62       62    (0)    1 :  0.142 0.143 0.144 0.142 0.141 0.143 0.144 
 63       63    (0)    1 :  0.144 0.142 0.144 0.141 0.144 0.142 0.143 
 64       64    (0)    1 :  0.146 0.143 0.143 0.143 0.143 0.141 0.141 
 65       65    (0)    1 :  0.146 0.144 0.143 0.142 0.142 0.142 0.141 
 66       66    (0)    1 :  0.145 0.141 0.143 0.142 0.143 0.142 0.143 
 67       67    (0)    1 :  0.141 0.143 0.141 0.144 0.142 0.146 0.143 
 68       68    (0)    1 :  0.141 0.145 0.143 0.143 0.142 0.143 0.143 
 69       69    (0)    1 :  0.147 0.144 0.145 0.142 0.142 0.139 0.140 
 70       70    (0)    1 :  0.138 0.142 0.142 0.143 0.144 0.147 0.144 
 71       71    (0)    1 :  0.146 0.143 0.143 0.141 0.143 0.143 0.141 
 72       72    (0)    1 :  0.140 0.144 0.142 0.144 0.142 0.145 0.143 
 73       73    (0)    1 :  0.139 0.144 0.142 0.143 0.143 0.145 0.144 
 74       74    (0)    1 :  0.145 0.142 0.144 0.143 0.144 0.142 0.141 
 75       75    (0)    1 :  0.147 0.140 0.144 0.143 0.144 0.140 0.142 
 76       76    (0)    1 :  0.145 0.143 0.145 0.142 0.143 0.142 0.140 
 77       77    (0)    1 :  0.145 0.143 0.143 0.143 0.143 0.143 0.141 
 78       78    (0)    1 :  0.141 0.143 0.142 0.143 0.143 0.144 0.143 
 79       79    (0)    1 :  0.142 0.144 0.142 0.142 0.143 0.144 0.143 
 80       80    (0)    1 :  0.143 0.143 0.144 0.143 0.143 0.142 0.142 
 81       81    (0)    1 :  0.142 0.143 0.143 0.143 0.143 0.143 0.143 
 82       82    (0)    1 :  0.142 0.142 0.142 0.143 0.143 0.144 0.144 
 83       83    (0)    1 :  0.139 0.142 0.142 0.143 0.143 0.146 0.144 
 84       84    (0)    1 :  0.144 0.144 0.143 0.141 0.142 0.143 0.143 
 85       85    (0)    1 :  0.141 0.143 0.144 0.142 0.142 0.145 0.143 
 86       86    (0)    1 :  0.143 0.144 0.144 0.142 0.143 0.141 0.143 
 87       87    (0)    1 :  0.146 0.142 0.143 0.142 0.143 0.143 0.140 
 88       88    (0)    1 :  0.143 0.143 0.144 0.143 0.142 0.142 0.142 
 89       89   (22)    1 :  0.139 0.144 0.142 0.144 0.143 0.145 0.143 
 90       90   (11)    1 :  0.137 0.143 0.140 0.143 0.144 0.147 0.145 


Estimated Allele Frequencies in each cluster
First column gives estimated ancestral frequencies


Locus 1 : 
5 alleles
0.0% missing data
 156   (0.792) 0.817 0.803 0.804 0.796 0.797 0.794 0.795 
 150   (0.069) 0.060 0.065 0.065 0.067 0.067 0.068 0.068 
 158   (0.110) 0.103 0.108 0.108 0.109 0.108 0.109 0.109 
 154   (0.018) 0.013 0.015 0.015 0.017 0.017 0.018 0.017 
 161   (0.012) 0.008 0.009 0.009 0.011 0.011 0.011 0.011 

Locus 2 : 
20 alleles
0.0% missing data
 118   (0.056) 0.055 0.056 0.058 0.056 0.056 0.058 0.056 
 124   (0.107) 0.118 0.115 0.110 0.109 0.108 0.108 0.108 
 112   (0.066) 0.065 0.065 0.063 0.066 0.067 0.066 0.067 
 126   (0.172) 0.206 0.188 0.197 0.176 0.180 0.174 0.175 
 128   (0.072) 0.074 0.074 0.080 0.073 0.072 0.072 0.073 
 132   (0.028) 0.022 0.025 0.025 0.027 0.027 0.027 0.027 
 120   (0.093) 0.105 0.096 0.096 0.094 0.094 0.093 0.094 
 138   (0.011) 0.007 0.009 0.009 0.010 0.010 0.011 0.011 
 102   (0.036) 0.032 0.034 0.033 0.036 0.035 0.036 0.036 
 130   (0.070) 0.069 0.072 0.069 0.070 0.069 0.070 0.069 
 116   (0.030) 0.026 0.028 0.028 0.030 0.029 0.030 0.030 
 136   (0.043) 0.039 0.040 0.039 0.043 0.043 0.043 0.042 
 104   (0.032) 0.026 0.029 0.029 0.031 0.031 0.031 0.031 
 100   (0.041) 0.037 0.039 0.039 0.041 0.041 0.041 0.041 
 110   (0.016) 0.012 0.014 0.014 0.016 0.015 0.016 0.016 
 122   (0.057) 0.054 0.055 0.053 0.056 0.056 0.056 0.057 
 106   (0.017) 0.012 0.014 0.014 0.016 0.016 0.016 0.016 
 134   (0.021) 0.016 0.018 0.018 0.020 0.020 0.020 0.020 
 114   (0.021) 0.017 0.019 0.018 0.020 0.020 0.021 0.020 
 108   (0.012) 0.008 0.010 0.009 0.011 0.011 0.011 0.011 

Locus 3 : 
14 alleles
0.0% missing data
 102   (0.033) 0.027 0.030 0.029 0.032 0.032 0.032 0.032 
  96   (0.273) 0.313 0.280 0.288 0.277 0.279 0.275 0.275 
  90   (0.037) 0.031 0.035 0.035 0.036 0.036 0.036 0.036 
  98   (0.240) 0.252 0.257 0.255 0.243 0.242 0.242 0.242 
  97   (0.028) 0.022 0.025 0.024 0.027 0.027 0.027 0.027 
  99   (0.013) 0.008 0.010 0.010 0.012 0.012 0.013 0.012 
  91   (0.043) 0.037 0.040 0.040 0.042 0.042 0.043 0.043 
  93   (0.052) 0.048 0.051 0.049 0.052 0.052 0.052 0.052 
  94   (0.067) 0.064 0.066 0.065 0.067 0.068 0.068 0.067 
  95   (0.048) 0.044 0.045 0.046 0.047 0.047 0.048 0.047 
  92   (0.055) 0.051 0.054 0.052 0.054 0.054 0.054 0.055 
 104   (0.012) 0.008 0.009 0.009 0.011 0.011 0.011 0.011 
 100   (0.088) 0.086 0.089 0.089 0.087 0.087 0.087 0.088 
 106   (0.012) 0.008 0.010 0.009 0.011 0.011 0.012 0.012 

Locus 4 : 
6 alleles
0.0% missing data
 112   (0.294) 0.313 0.303 0.294 0.296 0.297 0.296 0.297 
 114   (0.500) 0.500 0.503 0.513 0.501 0.501 0.501 0.501 
 116   (0.164) 0.159 0.160 0.160 0.163 0.163 0.163 0.162 
 120   (0.013) 0.008 0.010 0.010 0.012 0.012 0.012 0.012 
 118   (0.018) 0.013 0.015 0.014 0.017 0.017 0.017 0.017 
 128   (0.012) 0.008 0.009 0.009 0.011 0.011 0.011 0.011 

Locus 5 : 
11 alleles
1.1% missing data
 130   (0.509) 0.558 0.532 0.542 0.517 0.520 0.514 0.516 
 136   (0.106) 0.104 0.107 0.104 0.106 0.105 0.106 0.106 
 132   (0.155) 0.154 0.155 0.153 0.155 0.155 0.155 0.155 
 138   (0.049) 0.044 0.046 0.047 0.047 0.047 0.048 0.048 
 140   (0.045) 0.038 0.043 0.041 0.045 0.044 0.045 0.045 
 142   (0.030) 0.023 0.026 0.025 0.029 0.029 0.029 0.029 
 134   (0.029) 0.022 0.026 0.025 0.028 0.027 0.028 0.028 
 148   (0.012) 0.008 0.010 0.009 0.012 0.011 0.012 0.012 
 152   (0.018) 0.013 0.015 0.014 0.017 0.017 0.017 0.017 
 144   (0.029) 0.023 0.026 0.025 0.028 0.028 0.028 0.028 
 146   (0.018) 0.013 0.015 0.015 0.017 0.017 0.018 0.017 

Locus 6 : 
13 alleles
1.1% missing data
  96   (0.080) 0.078 0.077 0.077 0.080 0.079 0.079 0.080 
  98   (0.192) 0.198 0.194 0.198 0.194 0.192 0.193 0.193 
 100   (0.258) 0.290 0.275 0.276 0.260 0.263 0.261 0.261 
 104   (0.083) 0.082 0.082 0.084 0.082 0.084 0.084 0.083 
 114   (0.076) 0.072 0.074 0.074 0.075 0.074 0.075 0.075 
 102   (0.092) 0.095 0.095 0.090 0.092 0.092 0.092 0.092 
 106   (0.048) 0.043 0.046 0.046 0.048 0.048 0.048 0.048 
 112   (0.038) 0.033 0.035 0.036 0.038 0.037 0.038 0.038 
  94   (0.012) 0.008 0.009 0.009 0.011 0.011 0.011 0.011 
 122   (0.017) 0.012 0.014 0.014 0.016 0.016 0.016 0.016 
 110   (0.018) 0.013 0.015 0.014 0.017 0.017 0.017 0.017 
 108   (0.058) 0.054 0.056 0.057 0.058 0.058 0.058 0.058 
 118   (0.029) 0.023 0.025 0.025 0.028 0.028 0.028 0.028 

Locus 7 : 
32 alleles
1.1% missing data
 278   (0.020) 0.017 0.018 0.018 0.020 0.020 0.020 0.020 
 291   (0.058) 0.064 0.067 0.065 0.060 0.061 0.059 0.060 
 296   (0.032) 0.032 0.032 0.031 0.033 0.033 0.032 0.032 
 300   (0.047) 0.050 0.048 0.049 0.047 0.048 0.048 0.048 
 292   (0.039) 0.038 0.037 0.038 0.039 0.038 0.039 0.039 
 302   (0.039) 0.037 0.038 0.037 0.039 0.039 0.039 0.038 
 303   (0.053) 0.054 0.056 0.053 0.054 0.054 0.054 0.054 
 305   (0.067) 0.076 0.077 0.079 0.069 0.069 0.069 0.067 
 299   (0.020) 0.017 0.019 0.018 0.020 0.019 0.020 0.020 
 285   (0.043) 0.044 0.044 0.043 0.043 0.043 0.043 0.042 
 301   (0.042) 0.043 0.042 0.043 0.042 0.043 0.042 0.043 
 293   (0.069) 0.085 0.074 0.075 0.070 0.070 0.070 0.069 
 295   (0.041) 0.044 0.042 0.042 0.041 0.041 0.041 0.042 
 313   (0.025) 0.022 0.024 0.023 0.025 0.025 0.025 0.025 
 294   (0.051) 0.058 0.053 0.052 0.053 0.054 0.051 0.051 
 304   (0.052) 0.056 0.055 0.054 0.053 0.052 0.052 0.053 
 312   (0.016) 0.012 0.013 0.013 0.015 0.015 0.015 0.015 
 298   (0.021) 0.017 0.019 0.018 0.021 0.021 0.021 0.021 
 306   (0.030) 0.027 0.029 0.028 0.029 0.029 0.030 0.030 
 297   (0.029) 0.026 0.027 0.027 0.029 0.029 0.029 0.029 
 307   (0.053) 0.069 0.055 0.067 0.054 0.054 0.054 0.055 
 283   (0.010) 0.007 0.008 0.008 0.010 0.010 0.010 0.010 
 282   (0.010) 0.007 0.008 0.008 0.010 0.009 0.010 0.010 
 289   (0.014) 0.011 0.012 0.012 0.014 0.014 0.014 0.014 
 308   (0.015) 0.012 0.014 0.013 0.015 0.015 0.015 0.015 
 311   (0.019) 0.016 0.018 0.017 0.019 0.019 0.019 0.019 
 317   (0.011) 0.007 0.009 0.008 0.010 0.010 0.010 0.010 
 287   (0.010) 0.007 0.008 0.008 0.010 0.010 0.010 0.010 
 309   (0.029) 0.027 0.028 0.027 0.029 0.029 0.029 0.029 
 310   (0.011) 0.007 0.009 0.008 0.010 0.010 0.010 0.010 
 288   (0.010) 0.007 0.008 0.008 0.010 0.010 0.010 0.010 
 290   (0.010) 0.007 0.008 0.008 0.010 0.010 0.010 0.010 

Locus 8 : 
5 alleles
0.0% missing data
 126   (0.184) 0.182 0.183 0.184 0.184 0.184 0.184 0.184 
 130   (0.607) 0.633 0.620 0.624 0.609 0.612 0.609 0.610 
 134   (0.084) 0.076 0.080 0.078 0.083 0.083 0.083 0.083 
 132   (0.090) 0.081 0.086 0.083 0.089 0.088 0.089 0.089 
 136   (0.035) 0.028 0.032 0.031 0.034 0.034 0.034 0.034 

Locus 9 : 
16 alleles
1.1% missing data
 176   (0.239) 0.250 0.252 0.244 0.240 0.240 0.240 0.241 
 182   (0.063) 0.059 0.063 0.062 0.062 0.061 0.063 0.063 
 174   (0.103) 0.110 0.108 0.112 0.105 0.106 0.105 0.103 
 190   (0.044) 0.037 0.041 0.039 0.043 0.043 0.043 0.043 
 178   (0.159) 0.195 0.171 0.178 0.163 0.165 0.160 0.162 
 168   (0.038) 0.033 0.035 0.035 0.039 0.038 0.038 0.037 
 184   (0.043) 0.038 0.040 0.039 0.042 0.042 0.042 0.042 
 180   (0.117) 0.124 0.118 0.119 0.118 0.118 0.120 0.120 
 188   (0.022) 0.017 0.019 0.018 0.021 0.021 0.022 0.021 
 167   (0.012) 0.007 0.010 0.009 0.011 0.011 0.011 0.011 
 192   (0.027) 0.022 0.025 0.024 0.027 0.026 0.027 0.026 
 186   (0.058) 0.053 0.056 0.056 0.058 0.058 0.058 0.058 
 170   (0.038) 0.033 0.035 0.035 0.037 0.038 0.038 0.038 
 194   (0.012) 0.008 0.010 0.009 0.011 0.011 0.012 0.012 
 166   (0.012) 0.008 0.010 0.009 0.011 0.011 0.011 0.011 
 196   (0.012) 0.008 0.009 0.009 0.011 0.011 0.011 0.011 

Values of parameters used in structure:
DATAFILE=/home/martin/bottleneck/structure_analysis/structure_4/data_job_T7_3,	OUTFILE=/home/martin/bottleneck/structure_analysis/structure_4/structure_results/ross_seal/results_job_T7_3,	NUMINDS=90,	NUMLOCI=9,	MISSING=-9,	LABEL=1,	POPDATA=1,	POPFLAG=0,	PHENOTYPE=0,	EXTRACOLS=0,	MAXPOPS=7,	BURNIN=10000,	NUMREPS=100000,	USEPOPINFO=0,	INFERALPHA=1,	INFERLAMBDA=0,	POPSPECIFICLAMBDA=0,	POPALPHAS=0,	COMPUTEPROB=1,	NOADMIX=0,	ADMBURNIN=2500,	UPDATEFREQ=1,	PRINTLIKES=0,	INTERMEDSAVE=0,	PRINTKLD=0,	PRINTNET=0,	PRINTLAMBDA=0,	ANCESTDIST=0,	NUMBOXES=1000,	ANCESTPINT=0.90000,	GENSBACK=2,	MIGRPRIOR=0.05000,	PRINTQHAT=1,	PRINTQSUM=0,	ALPHA=1.0000,	FREQSCORR=1,	FPRIORMEAN=0.0100,	FPRIORSD=0.0500,	ONEFST=0,	LAMBDA=1.0000,	UNIFPRIORALPHA=1,	ALPHAMAX=10.0000,	ALPHAPRIORA=1.0000,	ALPHAPRIORB=2.0000,	ALPHAPROPSD=0.0250,	STARTATPOPINFO=0,	RANDOMIZE=1,	LINKAGE=0,	METROFREQ=10,	REPORTHITRATE=0,	MARKOVPHASE=-1,	PHASED=0,	PLOIDY=2,	PHASEINFO=0	LOCPRIOR=0, 	LOCPRIORINIT=1.000000, 	LOCDATA=0, 	LOCISPOP=0, 	LOCPRIORSTEP=0.100000, 	MAXLOCPRIOR=20.000000, 	SEED=1470537171,	
[STRAT parameters]:    NUMSIMSTATS=1000,	PHENOTYPECOL=-9,	POOLFREQ=10,	LOCUSxONLY=0,	EMERROR=0.00100,	MISSINGPHENO=-9,	