

----------------------------------------------------
STRUCTURE by Pritchard, Stephens and Donnelly (2000)
     and Falush, Stephens and Pritchard (2003)
       Code by Pritchard, Falush and Hubisz
             Version 2.3.4 (Jul 2012)
----------------------------------------------------



Command line arguments:   /usr/local/bin/structure -m parameter_job_T2_4 
Input File:    /home/martin/bottleneck/structure_analysis/structure_4/data_job_T2_4

Run parameters:
   90 individuals
   9 loci
   2 populations assumed
   10000 Burn-in period
   100000 Reps


--------------------------------------------
Proportion of membership of each pre-defined
 population in each of the 2 clusters

Given    Inferred Clusters       Number of
 Pop       1      2             Individuals

  1:     0.501  0.499              90
--------------------------------------------

Allele-freq. divergence among pops (Net nucleotide distance),
computed using point estimates of P.

      1       2      
 1      -    0.0000  
 2   0.0000     -    

Average distances (expected heterozygosity) between individuals in same cluster:
cluster  1  : 0.7410 
cluster  2  : 0.7392 

--------------------------------------------
Estimated Ln Prob of Data   = -3061.6
Mean value of ln likelihood = -3030.8
Variance of ln likelihood   = 61.6
Mean value of alpha         = 3.4297

Mean value of Fst_1         = 0.0010
Mean value of Fst_2         = 0.0024


Inferred ancestry of individuals:
        Label (%Miss) Pop:  Inferred clusters
  1        1    (0)    1 :  0.495 0.505 
  2        2    (0)    1 :  0.499 0.501 
  3        3    (0)    1 :  0.506 0.494 
  4        4    (0)    1 :  0.499 0.501 
  5        5    (0)    1 :  0.506 0.494 
  6        6    (0)    1 :  0.498 0.502 
  7        7    (0)    1 :  0.500 0.500 
  8        8    (0)    1 :  0.497 0.503 
  9        9    (0)    1 :  0.497 0.503 
 10       10    (0)    1 :  0.497 0.503 
 11       11    (0)    1 :  0.499 0.501 
 12       12    (0)    1 :  0.500 0.500 
 13       13    (0)    1 :  0.507 0.493 
 14       14    (0)    1 :  0.504 0.496 
 15       15    (0)    1 :  0.504 0.496 
 16       16    (0)    1 :  0.508 0.492 
 17       17    (0)    1 :  0.500 0.500 
 18       18    (0)    1 :  0.502 0.498 
 19       19    (0)    1 :  0.497 0.503 
 20       20    (0)    1 :  0.495 0.505 
 21       21    (0)    1 :  0.499 0.501 
 22       22    (0)    1 :  0.496 0.504 
 23       23    (0)    1 :  0.498 0.502 
 24       24    (0)    1 :  0.504 0.496 
 25       25    (0)    1 :  0.498 0.502 
 26       26    (0)    1 :  0.502 0.498 
 27       27    (0)    1 :  0.497 0.503 
 28       28    (0)    1 :  0.502 0.498 
 29       29    (0)    1 :  0.498 0.502 
 30       30    (0)    1 :  0.514 0.486 
 31       31    (0)    1 :  0.505 0.495 
 32       32    (0)    1 :  0.508 0.492 
 33       33    (0)    1 :  0.503 0.497 
 34       34    (0)    1 :  0.502 0.498 
 35       35    (0)    1 :  0.497 0.503 
 36       36    (0)    1 :  0.496 0.504 
 37       37    (0)    1 :  0.500 0.500 
 38       38    (0)    1 :  0.500 0.500 
 39       39    (0)    1 :  0.506 0.494 
 40       40    (0)    1 :  0.496 0.504 
 41       41    (0)    1 :  0.505 0.495 
 42       42    (0)    1 :  0.504 0.496 
 43       43    (0)    1 :  0.501 0.499 
 44       44    (0)    1 :  0.502 0.498 
 45       45    (0)    1 :  0.502 0.498 
 46       46    (0)    1 :  0.504 0.496 
 47       47    (0)    1 :  0.501 0.499 
 48       48    (0)    1 :  0.501 0.499 
 49       49    (0)    1 :  0.500 0.500 
 50       50    (0)    1 :  0.496 0.504 
 51       51   (11)    1 :  0.502 0.498 
 52       52    (0)    1 :  0.501 0.499 
 53       53    (0)    1 :  0.501 0.499 
 54       54    (0)    1 :  0.505 0.495 
 55       55    (0)    1 :  0.494 0.506 
 56       56    (0)    1 :  0.501 0.499 
 57       57    (0)    1 :  0.502 0.498 
 58       58    (0)    1 :  0.500 0.500 
 59       59    (0)    1 :  0.501 0.499 
 60       60    (0)    1 :  0.502 0.498 
 61       61    (0)    1 :  0.499 0.501 
 62       62    (0)    1 :  0.501 0.499 
 63       63    (0)    1 :  0.495 0.505 
 64       64    (0)    1 :  0.498 0.502 
 65       65    (0)    1 :  0.496 0.504 
 66       66    (0)    1 :  0.493 0.507 
 67       67    (0)    1 :  0.507 0.493 
 68       68    (0)    1 :  0.500 0.500 
 69       69    (0)    1 :  0.497 0.503 
 70       70    (0)    1 :  0.510 0.490 
 71       71    (0)    1 :  0.495 0.505 
 72       72    (0)    1 :  0.501 0.499 
 73       73    (0)    1 :  0.505 0.495 
 74       74    (0)    1 :  0.499 0.501 
 75       75    (0)    1 :  0.493 0.507 
 76       76    (0)    1 :  0.495 0.505 
 77       77    (0)    1 :  0.497 0.503 
 78       78    (0)    1 :  0.506 0.494 
 79       79    (0)    1 :  0.504 0.496 
 80       80    (0)    1 :  0.499 0.501 
 81       81    (0)    1 :  0.503 0.497 
 82       82    (0)    1 :  0.502 0.498 
 83       83    (0)    1 :  0.507 0.493 
 84       84    (0)    1 :  0.499 0.501 
 85       85    (0)    1 :  0.500 0.500 
 86       86    (0)    1 :  0.499 0.501 
 87       87    (0)    1 :  0.497 0.503 
 88       88    (0)    1 :  0.502 0.498 
 89       89   (22)    1 :  0.501 0.499 
 90       90   (11)    1 :  0.511 0.489 


Estimated Allele Frequencies in each cluster
First column gives estimated ancestral frequencies


Locus 1 : 
5 alleles
0.0% missing data
 156   (0.795) 0.797 0.799 
 150   (0.065) 0.065 0.064 
 158   (0.111) 0.111 0.110 
 154   (0.016) 0.016 0.015 
 161   (0.012) 0.012 0.011 

Locus 2 : 
20 alleles
0.0% missing data
 118   (0.055) 0.055 0.055 
 124   (0.108) 0.108 0.109 
 112   (0.065) 0.065 0.066 
 126   (0.184) 0.185 0.187 
 128   (0.074) 0.074 0.075 
 132   (0.025) 0.025 0.025 
 120   (0.096) 0.097 0.097 
 138   (0.011) 0.010 0.010 
 102   (0.035) 0.035 0.034 
 130   (0.069) 0.069 0.070 
 116   (0.030) 0.030 0.030 
 136   (0.039) 0.039 0.039 
 104   (0.031) 0.031 0.030 
 100   (0.040) 0.040 0.040 
 110   (0.015) 0.015 0.014 
 122   (0.056) 0.056 0.056 
 106   (0.015) 0.015 0.015 
 134   (0.021) 0.021 0.020 
 114   (0.020) 0.020 0.020 
 108   (0.010) 0.010 0.009 

Locus 3 : 
14 alleles
0.0% missing data
 102   (0.031) 0.031 0.030 
  96   (0.283) 0.284 0.286 
  90   (0.036) 0.036 0.035 
  98   (0.244) 0.245 0.247 
  97   (0.026) 0.026 0.025 
  99   (0.011) 0.011 0.010 
  91   (0.041) 0.041 0.041 
  93   (0.051) 0.051 0.051 
  94   (0.068) 0.068 0.068 
  95   (0.047) 0.047 0.047 
  92   (0.052) 0.052 0.052 
 104   (0.011) 0.011 0.011 
 100   (0.087) 0.087 0.088 
 106   (0.011) 0.010 0.010 

Locus 4 : 
6 alleles
0.0% missing data
 112   (0.300) 0.300 0.301 
 114   (0.498) 0.499 0.500 
 116   (0.162) 0.162 0.162 
 120   (0.011) 0.011 0.010 
 118   (0.017) 0.016 0.016 
 128   (0.012) 0.011 0.011 

Locus 5 : 
11 alleles
1.1% missing data
 130   (0.526) 0.528 0.532 
 136   (0.107) 0.107 0.107 
 132   (0.154) 0.154 0.154 
 138   (0.047) 0.047 0.047 
 140   (0.043) 0.042 0.042 
 142   (0.027) 0.026 0.026 
 134   (0.027) 0.027 0.027 
 148   (0.011) 0.011 0.010 
 152   (0.017) 0.016 0.016 
 144   (0.027) 0.026 0.026 
 146   (0.016) 0.015 0.015 

Locus 6 : 
13 alleles
1.1% missing data
  96   (0.079) 0.079 0.079 
  98   (0.191) 0.192 0.193 
 100   (0.265) 0.266 0.267 
 104   (0.083) 0.084 0.084 
 114   (0.074) 0.074 0.074 
 102   (0.093) 0.093 0.093 
 106   (0.049) 0.048 0.048 
 112   (0.036) 0.036 0.036 
  94   (0.011) 0.011 0.010 
 122   (0.016) 0.016 0.015 
 110   (0.016) 0.016 0.015 
 108   (0.059) 0.058 0.058 
 118   (0.028) 0.027 0.027 

Locus 7 : 
32 alleles
1.1% missing data
 278   (0.020) 0.020 0.019 
 291   (0.061) 0.062 0.063 
 296   (0.034) 0.034 0.034 
 300   (0.048) 0.048 0.049 
 292   (0.038) 0.038 0.038 
 302   (0.037) 0.037 0.037 
 303   (0.051) 0.052 0.052 
 305   (0.071) 0.072 0.072 
 299   (0.020) 0.020 0.020 
 285   (0.042) 0.042 0.042 
 301   (0.042) 0.043 0.043 
 293   (0.070) 0.070 0.071 
 295   (0.042) 0.042 0.043 
 313   (0.024) 0.024 0.024 
 294   (0.051) 0.052 0.052 
 304   (0.051) 0.052 0.053 
 312   (0.015) 0.015 0.014 
 298   (0.019) 0.019 0.019 
 306   (0.029) 0.029 0.029 
 297   (0.029) 0.029 0.029 
 307   (0.056) 0.056 0.057 
 283   (0.010) 0.010 0.009 
 282   (0.010) 0.010 0.009 
 289   (0.015) 0.015 0.014 
 308   (0.014) 0.014 0.014 
 311   (0.020) 0.020 0.020 
 317   (0.010) 0.010 0.009 
 287   (0.010) 0.010 0.009 
 309   (0.028) 0.028 0.028 
 310   (0.010) 0.010 0.009 
 288   (0.011) 0.010 0.010 
 290   (0.010) 0.010 0.009 

Locus 8 : 
5 alleles
0.0% missing data
 126   (0.185) 0.185 0.185 
 130   (0.615) 0.616 0.618 
 134   (0.081) 0.080 0.080 
 132   (0.087) 0.087 0.086 
 136   (0.032) 0.032 0.031 

Locus 9 : 
16 alleles
1.1% missing data
 176   (0.240) 0.241 0.243 
 182   (0.062) 0.062 0.062 
 174   (0.108) 0.108 0.109 
 190   (0.041) 0.041 0.040 
 178   (0.170) 0.171 0.172 
 168   (0.035) 0.035 0.035 
 184   (0.041) 0.041 0.041 
 180   (0.119) 0.119 0.120 
 188   (0.021) 0.021 0.021 
 167   (0.011) 0.011 0.010 
 192   (0.026) 0.026 0.025 
 186   (0.057) 0.057 0.057 
 170   (0.036) 0.036 0.036 
 194   (0.011) 0.011 0.011 
 166   (0.011) 0.010 0.010 
 196   (0.011) 0.011 0.010 

Values of parameters used in structure:
DATAFILE=/home/martin/bottleneck/structure_analysis/structure_4/data_job_T2_4,	OUTFILE=/home/martin/bottleneck/structure_analysis/structure_4/structure_results/ross_seal/results_job_T2_4,	NUMINDS=90,	NUMLOCI=9,	MISSING=-9,	LABEL=1,	POPDATA=1,	POPFLAG=0,	PHENOTYPE=0,	EXTRACOLS=0,	MAXPOPS=2,	BURNIN=10000,	NUMREPS=100000,	USEPOPINFO=0,	INFERALPHA=1,	INFERLAMBDA=0,	POPSPECIFICLAMBDA=0,	POPALPHAS=0,	COMPUTEPROB=1,	NOADMIX=0,	ADMBURNIN=2500,	UPDATEFREQ=1,	PRINTLIKES=0,	INTERMEDSAVE=0,	PRINTKLD=0,	PRINTNET=0,	PRINTLAMBDA=0,	ANCESTDIST=0,	NUMBOXES=1000,	ANCESTPINT=0.90000,	GENSBACK=2,	MIGRPRIOR=0.05000,	PRINTQHAT=1,	PRINTQSUM=0,	ALPHA=1.0000,	FREQSCORR=1,	FPRIORMEAN=0.0100,	FPRIORSD=0.0500,	ONEFST=0,	LAMBDA=1.0000,	UNIFPRIORALPHA=1,	ALPHAMAX=10.0000,	ALPHAPRIORA=1.0000,	ALPHAPRIORB=2.0000,	ALPHAPROPSD=0.0250,	STARTATPOPINFO=0,	RANDOMIZE=1,	LINKAGE=0,	METROFREQ=10,	REPORTHITRATE=0,	MARKOVPHASE=-1,	PHASED=0,	PLOIDY=2,	PHASEINFO=0	LOCPRIOR=0, 	LOCPRIORINIT=1.000000, 	LOCDATA=0, 	LOCISPOP=0, 	LOCPRIORSTEP=0.100000, 	MAXLOCPRIOR=20.000000, 	SEED=1470535427,	
[STRAT parameters]:    NUMSIMSTATS=1000,	PHENOTYPECOL=-9,	POOLFREQ=10,	LOCUSxONLY=0,	EMERROR=0.00100,	MISSINGPHENO=-9,	