           1  1 0.1662 0.1661 0.1662 0.1670 0.1670 0.1675 
           2  1 0.1665 0.1669 0.1681 0.1655 0.1661 0.1669 
           3  1 0.1674 0.1661 0.1661 0.1667 0.1673 0.1664 
           4  1 0.1669 0.1672 0.1682 0.1659 0.1649 0.1670 
           5  1 0.1661 0.1671 0.1659 0.1667 0.1678 0.1665 
           6  1 0.1664 0.1668 0.1654 0.1668 0.1676 0.1669 
           7  1 0.1661 0.1670 0.1654 0.1664 0.1678 0.1674 
           8  1 0.1669 0.1672 0.1658 0.1665 0.1666 0.1669 
           9  1 0.1668 0.1667 0.1670 0.1665 0.1660 0.1671 
          10  1 0.1669 0.1665 0.1673 0.1664 0.1662 0.1667 
          11  1 0.1662 0.1665 0.1680 0.1668 0.1652 0.1673 
          12  1 0.1667 0.1669 0.1688 0.1660 0.1648 0.1668 
          13  1 0.1670 0.1666 0.1652 0.1666 0.1678 0.1668 
          14  1 0.1669 0.1669 0.1656 0.1668 0.1669 0.1670 
          15  1 0.1664 0.1669 0.1657 0.1667 0.1673 0.1669 
          16  1 0.1668 0.1667 0.1676 0.1668 0.1649 0.1673 
          17  1 0.1666 0.1668 0.1673 0.1668 0.1661 0.1665 
          18  1 0.1663 0.1671 0.1661 0.1665 0.1668 0.1673 
          19  1 0.1664 0.1670 0.1668 0.1662 0.1663 0.1674 
          20  1 0.1668 0.1668 0.1661 0.1676 0.1663 0.1664 
          21  1 0.1672 0.1665 0.1652 0.1672 0.1677 0.1663 
          22  1 0.1668 0.1667 0.1682 0.1665 0.1651 0.1668 
          23  1 0.1669 0.1665 0.1670 0.1667 0.1664 0.1665 
          24  1 0.1666 0.1663 0.1669 0.1666 0.1667 0.1670 
          25  1 0.1665 0.1665 0.1659 0.1665 0.1681 0.1665 
          26  1 0.1665 0.1668 0.1657 0.1665 0.1671 0.1674 
          27  1 0.1662 0.1665 0.1668 0.1674 0.1659 0.1671 
          28  1 0.1669 0.1671 0.1657 0.1663 0.1673 0.1667 
          29  1 0.1666 0.1669 0.1682 0.1660 0.1660 0.1663 
          30  1 0.1669 0.1663 0.1672 0.1663 0.1664 0.1668 
          31  1 0.1667 0.1662 0.1665 0.1666 0.1678 0.1663 
          32  1 0.1668 0.1663 0.1667 0.1667 0.1670 0.1665 
          33  1 0.1666 0.1665 0.1674 0.1665 0.1664 0.1666 
          34  1 0.1666 0.1671 0.1676 0.1672 0.1647 0.1668 
          35  1 0.1664 0.1665 0.1661 0.1674 0.1666 0.1671 
          36  1 0.1661 0.1666 0.1657 0.1670 0.1678 0.1667 
          37  1 0.1666 0.1671 0.1659 0.1667 0.1670 0.1667 
          38  1 0.1657 0.1672 0.1658 0.1671 0.1674 0.1668 
          39  1 0.1665 0.1667 0.1675 0.1667 0.1662 0.1666 
          40  1 0.1669 0.1669 0.1667 0.1657 0.1676 0.1662 
          41  1 0.1664 0.1668 0.1670 0.1668 0.1663 0.1667 
          42  1 0.1662 0.1666 0.1662 0.1664 0.1669 0.1676 
          43  1 0.1672 0.1664 0.1653 0.1671 0.1674 0.1668 
          44  1 0.1669 0.1666 0.1685 0.1663 0.1658 0.1659 
          45  1 0.1662 0.1665 0.1684 0.1662 0.1660 0.1667 
          46  1 0.1668 0.1665 0.1659 0.1667 0.1676 0.1665 
          47  1 0.1669 0.1668 0.1670 0.1666 0.1660 0.1667 
          48  1 0.1665 0.1670 0.1684 0.1662 0.1654 0.1665 
          49  1 0.1670 0.1663 0.1664 0.1664 0.1667 0.1672 
          50  1 0.1672 0.1661 0.1677 0.1667 0.1662 0.1660 
          51  1 0.1673 0.1667 0.1679 0.1660 0.1663 0.1658 
          52  1 0.1664 0.1669 0.1670 0.1668 0.1666 0.1663 
          53  1 0.1672 0.1662 0.1658 0.1668 0.1677 0.1664 
          54  1 0.1666 0.1665 0.1659 0.1667 0.1676 0.1667 
          55  1 0.1667 0.1672 0.1678 0.1662 0.1656 0.1665 
          56  1 0.1674 0.1666 0.1671 0.1665 0.1660 0.1664 
          57  1 0.1665 0.1665 0.1664 0.1665 0.1671 0.1670 
          58  1 0.1669 0.1668 0.1655 0.1668 0.1670 0.1670 
          59  1 0.1666 0.1661 0.1676 0.1669 0.1664 0.1664 
          60  1 0.1664 0.1666 0.1680 0.1670 0.1656 0.1665 
          61  1 0.1670 0.1665 0.1662 0.1668 0.1672 0.1662 
          62  1 0.1673 0.1665 0.1678 0.1665 0.1658 0.1661 
          63  1 0.1665 0.1668 0.1672 0.1667 0.1660 0.1667 
          64  1 0.1668 0.1659 0.1671 0.1676 0.1662 0.1664 
          65  1 0.1669 0.1665 0.1659 0.1670 0.1671 0.1666 
          66  1 0.1670 0.1670 0.1660 0.1673 0.1668 0.1658 
          67  1 0.1671 0.1661 0.1674 0.1670 0.1659 0.1665 
          68  1 0.1665 0.1665 0.1669 0.1667 0.1660 0.1674 
          69  1 0.1669 0.1662 0.1659 0.1668 0.1675 0.1667 
          70  1 0.1667 0.1667 0.1654 0.1673 0.1670 0.1668 
          71  1 0.1665 0.1673 0.1669 0.1658 0.1672 0.1662 
          72  1 0.1672 0.1668 0.1660 0.1664 0.1676 0.1660 
          73  1 0.1665 0.1668 0.1652 0.1669 0.1670 0.1676 
          74  1 0.1663 0.1667 0.1670 0.1665 0.1667 0.1667 
          75  1 0.1661 0.1670 0.1674 0.1672 0.1661 0.1661 
          76  1 0.1666 0.1672 0.1689 0.1653 0.1656 0.1664 
          77  1 0.1667 0.1665 0.1656 0.1665 0.1681 0.1666 
          78  1 0.1666 0.1664 0.1677 0.1662 0.1655 0.1676 
          79  1 0.1668 0.1669 0.1651 0.1676 0.1676 0.1660 
          80  1 0.1671 0.1667 0.1656 0.1670 0.1669 0.1667 
          81  1 0.1667 0.1665 0.1668 0.1670 0.1656 0.1675 
          82  1 0.1666 0.1669 0.1656 0.1660 0.1677 0.1671 
          83  1 0.1667 0.1666 0.1663 0.1670 0.1661 0.1673 
          84  1 0.1664 0.1665 0.1656 0.1668 0.1679 0.1668 
          85  1 0.1665 0.1668 0.1662 0.1667 0.1666 0.1671 
          86  1 0.1660 0.1669 0.1657 0.1665 0.1680 0.1668 
          87  1 0.1668 0.1664 0.1678 0.1668 0.1660 0.1661 
          88  1 0.1674 0.1664 0.1658 0.1666 0.1673 0.1665 
          89  1 0.1669 0.1667 0.1661 0.1668 0.1666 0.1669 
          90  1 0.1668 0.1668 0.1666 0.1669 0.1663 0.1667 
          91  1 0.1668 0.1668 0.1680 0.1667 0.1655 0.1662 
          92  1 0.1670 0.1666 0.1655 0.1669 0.1671 0.1668 
          93  1 0.1671 0.1666 0.1661 0.1671 0.1666 0.1665 
          94  1 0.1663 0.1667 0.1662 0.1671 0.1670 0.1666 
          95  1 0.1671 0.1666 0.1655 0.1675 0.1669 0.1665 
          96  1 0.1668 0.1665 0.1651 0.1670 0.1681 0.1666 
          97  1 0.1664 0.1668 0.1657 0.1665 0.1676 0.1671 
          98  1 0.1667 0.1667 0.1662 0.1661 0.1665 0.1677 
          99  1 0.1668 0.1663 0.1654 0.1669 0.1680 0.1666 
         100  1 0.1669 0.1668 0.1672 0.1669 0.1658 0.1664 
         101  1 0.1669 0.1670 0.1669 0.1668 0.1661 0.1663 
         102  1 0.1665 0.1669 0.1664 0.1666 0.1668 0.1667 
         103  1 0.1668 0.1668 0.1670 0.1665 0.1659 0.1670 
         104  1 0.1668 0.1666 0.1673 0.1665 0.1665 0.1664 
         105  1 0.1668 0.1663 0.1658 0.1667 0.1673 0.1671 
         106  1 0.1670 0.1663 0.1669 0.1664 0.1668 0.1666 
         107  1 0.1664 0.1669 0.1667 0.1664 0.1669 0.1667 
         108  1 0.1665 0.1670 0.1665 0.1668 0.1668 0.1665 
         109  1 0.1662 0.1672 0.1666 0.1658 0.1671 0.1671 
         110  1 0.1666 0.1668 0.1657 0.1669 0.1673 0.1667 
         111  1 0.1663 0.1668 0.1666 0.1664 0.1670 0.1669 
         112  1 0.1666 0.1672 0.1663 0.1661 0.1671 0.1667 
         113  1 0.1665 0.1658 0.1660 0.1676 0.1675 0.1667 
         114  1 0.1662 0.1674 0.1672 0.1667 0.1660 0.1664 
         115  1 0.1665 0.1669 0.1653 0.1665 0.1680 0.1668 
         116  1 0.1673 0.1659 0.1654 0.1672 0.1675 0.1667 
         117  1 0.1667 0.1669 0.1662 0.1667 0.1670 0.1665 
         118  1 0.1666 0.1670 0.1657 0.1671 0.1671 0.1665 
         119  1 0.1667 0.1666 0.1695 0.1661 0.1651 0.1660 
         120  1 0.1670 0.1665 0.1669 0.1665 0.1659 0.1672 
         121  1 0.1663 0.1662 0.1676 0.1667 0.1664 0.1668 
         122  1 0.1668 0.1668 0.1667 0.1665 0.1669 0.1664 
         123  1 0.1663 0.1671 0.1680 0.1663 0.1652 0.1671 
         124  1 0.1664 0.1666 0.1677 0.1665 0.1659 0.1669 
         125  1 0.1669 0.1663 0.1682 0.1664 0.1661 0.1660 
         126  1 0.1668 0.1667 0.1682 0.1663 0.1656 0.1664 
         127  1 0.1667 0.1668 0.1669 0.1664 0.1664 0.1668 
         128  1 0.1667 0.1669 0.1679 0.1660 0.1661 0.1664 
         129  1 0.1672 0.1660 0.1664 0.1667 0.1668 0.1669 
         130  1 0.1664 0.1668 0.1657 0.1669 0.1674 0.1669 
         131  1 0.1667 0.1660 0.1658 0.1668 0.1680 0.1667 
         132  1 0.1668 0.1667 0.1658 0.1673 0.1674 0.1661 
         133  1 0.1666 0.1662 0.1664 0.1667 0.1673 0.1667 
         134  1 0.1671 0.1666 0.1654 0.1670 0.1673 0.1666 
         135  1 0.1668 0.1666 0.1659 0.1671 0.1672 0.1663 
         136  1 0.1670 0.1671 0.1662 0.1665 0.1669 0.1663 
         137  1 0.1673 0.1665 0.1672 0.1666 0.1661 0.1662 
         138  1 0.1661 0.1674 0.1673 0.1662 0.1668 0.1663 
         139  1 0.1664 0.1666 0.1670 0.1667 0.1673 0.1658 
         140  1 0.1666 0.1673 0.1651 0.1668 0.1678 0.1663 
         141  1 0.1669 0.1666 0.1658 0.1672 0.1673 0.1661 
         142  1 0.1665 0.1666 0.1653 0.1671 0.1675 0.1670 
         143  1 0.1667 0.1662 0.1649 0.1671 0.1686 0.1665 
         144  1 0.1661 0.1667 0.1662 0.1671 0.1676 0.1664 
         145  1 0.1669 0.1662 0.1683 0.1663 0.1657 0.1667 
         146  1 0.1667 0.1668 0.1663 0.1670 0.1669 0.1664 
         147  1 0.1662 0.1665 0.1676 0.1668 0.1662 0.1667 
         148  1 0.1666 0.1661 0.1672 0.1668 0.1673 0.1660 
         149  1 0.1665 0.1668 0.1656 0.1664 0.1675 0.1671 
         150  1 0.1670 0.1663 0.1675 0.1667 0.1660 0.1665 
         151  1 0.1666 0.1669 0.1661 0.1671 0.1669 0.1664 
         152  1 0.1665 0.1666 0.1670 0.1669 0.1655 0.1674 
         153  1 0.1663 0.1669 0.1652 0.1666 0.1687 0.1663 
         154  1 0.1669 0.1669 0.1679 0.1660 0.1655 0.1668 
         155  1 0.1672 0.1666 0.1661 0.1659 0.1673 0.1669 
         156  1 0.1664 0.1669 0.1652 0.1672 0.1676 0.1667 
         157  1 0.1664 0.1666 0.1664 0.1667 0.1668 0.1671 
         158  1 0.1674 0.1666 0.1661 0.1666 0.1669 0.1664 
         159  1 0.1665 0.1664 0.1673 0.1662 0.1671 0.1666 
         160  1 0.1667 0.1665 0.1667 0.1665 0.1673 0.1663 
         161  1 0.1665 0.1666 0.1659 0.1667 0.1670 0.1673 
         162  1 0.1671 0.1662 0.1689 0.1664 0.1653 0.1662 
         163  1 0.1666 0.1666 0.1660 0.1667 0.1673 0.1669 
         164  1 0.1667 0.1667 0.1656 0.1664 0.1683 0.1663 
         165  1 0.1669 0.1662 0.1670 0.1668 0.1664 0.1668 
         166  1 0.1658 0.1667 0.1666 0.1667 0.1666 0.1675 
         167  1 0.1663 0.1668 0.1678 0.1667 0.1661 0.1663 
         168  1 0.1659 0.1664 0.1682 0.1669 0.1663 0.1662 
         169  1 0.1673 0.1666 0.1669 0.1663 0.1662 0.1668 
         170  1 0.1666 0.1665 0.1665 0.1670 0.1669 0.1667 
         171  1 0.1664 0.1664 0.1658 0.1668 0.1680 0.1667 
         172  1 0.1669 0.1669 0.1697 0.1658 0.1645 0.1662 
         173  1 0.1666 0.1667 0.1679 0.1663 0.1659 0.1668 
         174  1 0.1664 0.1665 0.1660 0.1665 0.1680 0.1666 
         175  1 0.1665 0.1667 0.1669 0.1669 0.1662 0.1667 
         176  1 0.1670 0.1665 0.1666 0.1664 0.1667 0.1668 
         177  1 0.1667 0.1672 0.1660 0.1669 0.1669 0.1663 
         178  1 0.1667 0.1673 0.1684 0.1661 0.1650 0.1665 
         179  1 0.1672 0.1661 0.1680 0.1665 0.1658 0.1664 
         180  1 0.1669 0.1665 0.1675 0.1661 0.1661 0.1669 
         181  1 0.1666 0.1669 0.1675 0.1664 0.1657 0.1668 
         182  1 0.1662 0.1672 0.1658 0.1666 0.1676 0.1666 
         183  1 0.1665 0.1668 0.1655 0.1669 0.1679 0.1663 
