

----------------------------------------------------
STRUCTURE by Pritchard, Stephens and Donnelly (2000)
     and Falush, Stephens and Pritchard (2003)
       Code by Pritchard, Falush and Hubisz
             Version 2.3.4 (Jul 2012)
----------------------------------------------------



Command line arguments:   /usr/local/bin/structure -m parameter_job_T5_3 
Input File:    /home/martin/bottleneck/structure_analysis/structure_4/data_job_T5_3

Run parameters:
   183 individuals
   5 loci
   5 populations assumed
   10000 Burn-in period
   100000 Reps


--------------------------------------------
Proportion of membership of each pre-defined
 population in each of the 5 clusters

Given    Inferred Clusters                     Number of
 Pop       1      2      3      4      5      Individuals

  1:     0.200  0.200  0.200  0.200  0.200      183
--------------------------------------------

Allele-freq. divergence among pops (Net nucleotide distance),
computed using point estimates of P.

      1       2       3       4       5      
 1      -    0.0004  0.0002  0.0005  0.0001  
 2   0.0004     -    0.0001  0.0001  0.0004  
 3   0.0002  0.0001     -    0.0002  0.0002  
 4   0.0005  0.0001  0.0002     -    0.0006  
 5   0.0001  0.0004  0.0002  0.0006     -    

Average distances (expected heterozygosity) between individuals in same cluster:
cluster  1  : 0.6068 
cluster  2  : 0.5876 
cluster  3  : 0.5930 
cluster  4  : 0.5836 
cluster  5  : 0.6063 

--------------------------------------------
Estimated Ln Prob of Data   = -2408.9
Mean value of ln likelihood = -2359.3
Variance of ln likelihood   = 99.1
Mean value of alpha         = 4.0250

Mean value of Fst_1         = 0.0434
Mean value of Fst_2         = 0.0890
Mean value of Fst_3         = 0.0744
Mean value of Fst_4         = 0.1071
Mean value of Fst_5         = 0.0528


Inferred ancestry of individuals:
        Label (%Miss) Pop:  Inferred clusters
  1        1    (0)    1 :  0.196 0.201 0.201 0.203 0.198 
  2        2    (0)    1 :  0.202 0.194 0.201 0.198 0.206 
  3        3    (0)    1 :  0.200 0.203 0.197 0.204 0.196 
  4        4    (0)    1 :  0.204 0.200 0.198 0.196 0.202 
  5        5    (0)    1 :  0.198 0.201 0.202 0.202 0.197 
  6        6    (0)    1 :  0.196 0.203 0.201 0.203 0.196 
  7        7    (0)    1 :  0.200 0.201 0.199 0.202 0.199 
  8        8    (0)    1 :  0.199 0.206 0.200 0.199 0.196 
  9        9    (0)    1 :  0.201 0.200 0.201 0.198 0.200 
 10       10    (0)    1 :  0.199 0.202 0.201 0.198 0.199 
 11       11    (0)    1 :  0.202 0.200 0.200 0.198 0.201 
 12       12    (0)    1 :  0.205 0.198 0.202 0.194 0.201 
 13       13    (0)    1 :  0.200 0.200 0.198 0.202 0.200 
 14       14    (0)    1 :  0.197 0.204 0.200 0.204 0.195 
 15       15    (0)    1 :  0.199 0.201 0.200 0.202 0.198 
 16       16    (0)    1 :  0.201 0.203 0.200 0.196 0.200 
 17       17    (0)    1 :  0.202 0.196 0.199 0.199 0.204 
 18       18    (0)    1 :  0.202 0.200 0.198 0.202 0.198 
 19       19    (0)    1 :  0.200 0.202 0.200 0.200 0.199 
 20       20    (0)    1 :  0.198 0.205 0.200 0.200 0.197 
 21       21    (0)    1 :  0.198 0.204 0.201 0.203 0.194 
 22       22    (0)    1 :  0.202 0.200 0.200 0.197 0.201 
 23       23    (0)    1 :  0.199 0.200 0.200 0.203 0.197 
 24       24    (0)    1 :  0.199 0.200 0.200 0.201 0.199 
 25       25    (0)    1 :  0.198 0.200 0.200 0.202 0.200 
 26       26    (0)    1 :  0.198 0.200 0.202 0.203 0.198 
 27       27    (0)    1 :  0.203 0.202 0.198 0.197 0.201 
 28       28    (0)    1 :  0.199 0.200 0.202 0.200 0.199 
 29       29    (0)    1 :  0.203 0.193 0.201 0.196 0.207 
 30       30    (0)    1 :  0.201 0.197 0.202 0.198 0.202 
 31       31    (0)    1 :  0.200 0.201 0.200 0.201 0.199 
 32       32    (0)    1 :  0.200 0.200 0.198 0.202 0.200 
 33       33    (0)    1 :  0.202 0.196 0.200 0.196 0.205 
 34       34    (0)    1 :  0.201 0.200 0.199 0.198 0.201 
 35       35    (0)    1 :  0.200 0.200 0.201 0.200 0.199 
 36       36    (0)    1 :  0.197 0.203 0.201 0.200 0.199 
 37       37    (0)    1 :  0.198 0.202 0.200 0.202 0.198 
 38       38    (0)    1 :  0.199 0.201 0.200 0.202 0.199 
 39       39    (0)    1 :  0.199 0.199 0.202 0.198 0.202 
 40       40    (0)    1 :  0.198 0.198 0.200 0.201 0.203 
 41       41    (0)    1 :  0.201 0.198 0.201 0.201 0.199 
 42       42    (0)    1 :  0.200 0.202 0.200 0.201 0.198 
 43       43    (0)    1 :  0.197 0.206 0.199 0.201 0.197 
 44       44    (0)    1 :  0.202 0.196 0.199 0.197 0.206 
 45       45    (0)    1 :  0.200 0.195 0.200 0.200 0.204 
 46       46    (0)    1 :  0.199 0.203 0.200 0.200 0.199 
 47       47    (0)    1 :  0.202 0.199 0.199 0.199 0.201 
 48       48    (0)    1 :  0.202 0.197 0.202 0.196 0.203 
 49       49    (0)    1 :  0.201 0.198 0.201 0.200 0.200 
 50       50    (0)    1 :  0.201 0.197 0.200 0.197 0.205 
 51       51    (0)    1 :  0.200 0.194 0.199 0.199 0.207 
 52       52    (0)    1 :  0.200 0.200 0.201 0.196 0.203 
 53       53    (0)    1 :  0.198 0.202 0.200 0.202 0.198 
 54       54    (0)    1 :  0.198 0.200 0.202 0.202 0.199 
 55       55    (0)    1 :  0.200 0.199 0.199 0.199 0.203 
 56       56    (0)    1 :  0.197 0.201 0.201 0.201 0.200 
 57       57    (0)    1 :  0.199 0.202 0.200 0.200 0.199 
 58       58    (0)    1 :  0.198 0.205 0.199 0.200 0.197 
 59       59    (0)    1 :  0.201 0.198 0.199 0.200 0.202 
 60       60    (0)    1 :  0.202 0.200 0.200 0.197 0.201 
 61       61    (0)    1 :  0.198 0.200 0.200 0.203 0.198 
 62       62    (0)    1 :  0.200 0.200 0.200 0.197 0.204 
 63       63    (0)    1 :  0.203 0.200 0.200 0.196 0.202 
 64       64    (0)    1 :  0.202 0.201 0.200 0.198 0.198 
 65       65    (0)    1 :  0.198 0.201 0.199 0.202 0.199 
 66       66    (0)    1 :  0.197 0.203 0.201 0.202 0.198 
 67       67    (0)    1 :  0.200 0.202 0.198 0.200 0.200 
 68       68    (0)    1 :  0.199 0.202 0.200 0.200 0.199 
 69       69    (0)    1 :  0.197 0.201 0.199 0.205 0.198 
 70       70    (0)    1 :  0.199 0.203 0.200 0.200 0.198 
 71       71    (0)    1 :  0.202 0.197 0.200 0.199 0.203 
 72       72    (0)    1 :  0.201 0.198 0.200 0.204 0.197 
 73       73    (0)    1 :  0.197 0.203 0.200 0.203 0.197 
 74       74    (0)    1 :  0.202 0.198 0.201 0.198 0.201 
 75       75    (0)    1 :  0.203 0.199 0.199 0.197 0.202 
 76       76    (0)    1 :  0.200 0.195 0.202 0.195 0.208 
 77       77    (0)    1 :  0.199 0.201 0.201 0.201 0.197 
 78       78    (0)    1 :  0.200 0.199 0.201 0.198 0.202 
 79       79    (0)    1 :  0.199 0.205 0.201 0.200 0.196 
 80       80    (0)    1 :  0.199 0.204 0.200 0.200 0.198 
 81       81    (0)    1 :  0.201 0.200 0.202 0.199 0.198 
 82       82    (0)    1 :  0.199 0.202 0.200 0.199 0.199 
 83       83    (0)    1 :  0.201 0.199 0.200 0.201 0.200 
 84       84    (0)    1 :  0.199 0.201 0.201 0.201 0.199 
 85       85    (0)    1 :  0.201 0.202 0.199 0.199 0.199 
 86       86    (0)    1 :  0.199 0.201 0.199 0.204 0.198 
 87       87    (0)    1 :  0.201 0.200 0.199 0.198 0.201 
 88       88    (0)    1 :  0.197 0.203 0.198 0.204 0.197 
 89       89    (0)    1 :  0.203 0.201 0.198 0.200 0.198 
 90       90    (0)    1 :  0.197 0.201 0.201 0.201 0.200 
 91       91    (0)    1 :  0.199 0.199 0.197 0.200 0.205 
 92       92    (0)    1 :  0.199 0.202 0.200 0.202 0.197 
 93       93    (0)    1 :  0.200 0.198 0.200 0.201 0.201 
 94       94    (0)    1 :  0.199 0.203 0.200 0.201 0.198 
 95       95    (0)    1 :  0.197 0.207 0.200 0.202 0.194 
 96       96    (0)    1 :  0.197 0.204 0.200 0.204 0.196 
 97       97    (0)    1 :  0.197 0.203 0.200 0.201 0.199 
 98       98    (0)    1 :  0.200 0.200 0.200 0.201 0.199 
 99       99    (0)    1 :  0.196 0.206 0.201 0.203 0.195 
100      100    (0)    1 :  0.200 0.200 0.199 0.200 0.200 
101      101    (0)    1 :  0.200 0.201 0.201 0.199 0.199 
102      102    (0)    1 :  0.199 0.198 0.201 0.201 0.201 
103      103    (0)    1 :  0.201 0.201 0.199 0.201 0.198 
104      104    (0)    1 :  0.201 0.198 0.200 0.197 0.203 
105      105    (0)    1 :  0.198 0.202 0.199 0.203 0.197 
106      106    (0)    1 :  0.198 0.200 0.203 0.201 0.199 
107      107    (0)    1 :  0.196 0.203 0.201 0.201 0.198 
108      108    (0)    1 :  0.201 0.199 0.199 0.198 0.203 
109      109    (0)    1 :  0.201 0.197 0.200 0.199 0.203 
110      110    (0)    1 :  0.201 0.200 0.199 0.202 0.199 
111      111    (0)    1 :  0.200 0.197 0.202 0.199 0.202 
112      112    (0)    1 :  0.201 0.199 0.200 0.199 0.201 
113      113    (0)    1 :  0.200 0.201 0.198 0.205 0.197 
114      114    (0)    1 :  0.201 0.198 0.200 0.200 0.201 
115      115    (0)    1 :  0.200 0.200 0.199 0.202 0.199 
116      116    (0)    1 :  0.197 0.204 0.201 0.203 0.195 
117      117    (0)    1 :  0.199 0.200 0.200 0.200 0.200 
118      118    (0)    1 :  0.201 0.199 0.198 0.202 0.199 
119      119    (0)    1 :  0.201 0.196 0.200 0.197 0.206 
120      120    (0)    1 :  0.202 0.198 0.200 0.200 0.200 
121      121    (0)    1 :  0.200 0.204 0.199 0.198 0.200 
122      122    (0)    1 :  0.200 0.203 0.201 0.197 0.199 
123      123    (0)    1 :  0.200 0.194 0.203 0.195 0.209 
124      124    (0)    1 :  0.202 0.199 0.201 0.197 0.202 
125      125    (0)    1 :  0.203 0.195 0.200 0.199 0.204 
126      126    (0)    1 :  0.202 0.200 0.199 0.196 0.202 
127      127    (0)    1 :  0.200 0.201 0.199 0.200 0.201 
128      128    (0)    1 :  0.200 0.200 0.199 0.200 0.201 
129      129    (0)    1 :  0.202 0.199 0.201 0.201 0.198 
130      130    (0)    1 :  0.200 0.202 0.199 0.201 0.198 
131      131    (0)    1 :  0.200 0.199 0.201 0.202 0.199 
132      132    (0)    1 :  0.197 0.202 0.201 0.201 0.199 
133      133    (0)    1 :  0.201 0.197 0.200 0.203 0.200 
134      134    (0)    1 :  0.201 0.201 0.200 0.200 0.198 
135      135    (0)    1 :  0.199 0.201 0.198 0.204 0.198 
136      136    (0)    1 :  0.202 0.199 0.201 0.200 0.198 
137      137    (0)    1 :  0.203 0.196 0.200 0.198 0.203 
138      138    (0)    1 :  0.201 0.199 0.201 0.195 0.205 
139      139    (0)    1 :  0.198 0.198 0.202 0.199 0.203 
140      140    (0)    1 :  0.199 0.201 0.200 0.201 0.198 
141      141    (0)    1 :  0.200 0.201 0.200 0.200 0.199 
142      142    (0)    1 :  0.198 0.203 0.201 0.204 0.194 
143      143    (0)    1 :  0.199 0.202 0.199 0.204 0.197 
144      144    (0)    1 :  0.200 0.201 0.199 0.200 0.200 
145      145    (0)    1 :  0.203 0.198 0.200 0.198 0.202 
146      146    (0)    1 :  0.199 0.200 0.201 0.200 0.200 
147      147    (0)    1 :  0.201 0.199 0.200 0.196 0.203 
148      148    (0)    1 :  0.200 0.198 0.200 0.201 0.201 
149      149    (0)    1 :  0.197 0.202 0.199 0.204 0.198 
150      150    (0)    1 :  0.202 0.202 0.198 0.201 0.197 
151      151    (0)    1 :  0.201 0.200 0.199 0.202 0.198 
152      152    (0)    1 :  0.201 0.200 0.199 0.198 0.203 
153      153    (0)    1 :  0.199 0.200 0.200 0.203 0.197 
154      154    (0)    1 :  0.203 0.198 0.200 0.196 0.203 
155      155    (0)    1 :  0.199 0.201 0.200 0.202 0.197 
156      156    (0)    1 :  0.198 0.201 0.199 0.202 0.199 
157      157    (0)    1 :  0.200 0.201 0.201 0.199 0.199 
158      158    (0)    1 :  0.200 0.199 0.200 0.203 0.197 
159      159    (0)    1 :  0.201 0.204 0.197 0.200 0.198 
160      160    (0)    1 :  0.200 0.199 0.199 0.198 0.203 
161      161    (0)    1 :  0.201 0.200 0.199 0.201 0.199 
162      162    (0)    1 :  0.201 0.194 0.202 0.196 0.206 
163      163    (0)    1 :  0.200 0.200 0.201 0.200 0.199 
164      164    (0)    1 :  0.200 0.199 0.201 0.202 0.198 
165      165    (0)    1 :  0.199 0.200 0.200 0.201 0.200 
166      166    (0)    1 :  0.199 0.198 0.201 0.201 0.201 
167      167    (0)    1 :  0.202 0.198 0.200 0.196 0.204 
168      168    (0)    1 :  0.202 0.198 0.200 0.196 0.205 
169      169    (0)    1 :  0.203 0.200 0.200 0.197 0.200 
170      170    (0)    1 :  0.200 0.202 0.198 0.201 0.199 
171      171    (0)    1 :  0.200 0.201 0.200 0.200 0.199 
172      172    (0)    1 :  0.199 0.195 0.200 0.199 0.207 
173      173    (0)    1 :  0.201 0.200 0.200 0.197 0.203 
174      174    (0)    1 :  0.199 0.200 0.201 0.202 0.198 
175      175    (0)    1 :  0.200 0.200 0.199 0.201 0.200 
176      176    (0)    1 :  0.201 0.199 0.199 0.201 0.200 
177      177    (0)    1 :  0.197 0.203 0.201 0.201 0.198 
178      178    (0)    1 :  0.202 0.198 0.201 0.195 0.204 
179      179    (0)    1 :  0.203 0.197 0.199 0.198 0.203 
180      180    (0)    1 :  0.200 0.197 0.201 0.197 0.206 
181      181    (0)    1 :  0.205 0.195 0.199 0.198 0.203 
182      182    (0)    1 :  0.198 0.202 0.200 0.203 0.197 
183      183    (0)    1 :  0.200 0.204 0.199 0.202 0.195 


Estimated Allele Frequencies in each cluster
First column gives estimated ancestral frequencies


Locus 1 : 
4 alleles
0.0% missing data
 151   (0.891) 0.904 0.917 0.912 0.919 0.904 
 153   (0.083) 0.077 0.070 0.072 0.069 0.075 
 155   (0.013) 0.009 0.006 0.008 0.006 0.010 
 149   (0.013) 0.009 0.006 0.008 0.006 0.010 

Locus 2 : 
7 alleles
0.0% missing data
 242   (0.483) 0.505 0.536 0.528 0.542 0.493 
 240   (0.026) 0.021 0.017 0.018 0.016 0.022 
 244   (0.161) 0.161 0.153 0.157 0.157 0.161 
 238   (0.199) 0.198 0.196 0.192 0.189 0.207 
 258   (0.069) 0.063 0.056 0.058 0.055 0.062 
 234   (0.047) 0.041 0.035 0.038 0.033 0.042 
 256   (0.015) 0.011 0.009 0.010 0.008 0.013 

Locus 3 : 
12 alleles
0.0% missing data
 178   (0.203) 0.221 0.229 0.238 0.227 0.235 
 182   (0.081) 0.077 0.072 0.074 0.072 0.077 
 184   (0.167) 0.174 0.174 0.169 0.195 0.163 
 192   (0.176) 0.183 0.214 0.193 0.205 0.189 
 196   (0.065) 0.062 0.056 0.057 0.054 0.060 
 194   (0.072) 0.068 0.060 0.063 0.060 0.065 
 198   (0.025) 0.020 0.016 0.018 0.016 0.021 
 190   (0.058) 0.056 0.050 0.054 0.048 0.054 
 200   (0.078) 0.078 0.081 0.080 0.078 0.074 
 202   (0.019) 0.015 0.011 0.013 0.011 0.016 
 188   (0.030) 0.025 0.021 0.024 0.020 0.026 
 186   (0.025) 0.020 0.016 0.018 0.015 0.020 

Locus 4 : 
10 alleles
0.0% missing data
 156   (0.164) 0.163 0.175 0.163 0.176 0.161 
 162   (0.025) 0.021 0.016 0.018 0.016 0.021 
 168   (0.399) 0.427 0.436 0.446 0.453 0.439 
 160   (0.077) 0.070 0.063 0.068 0.060 0.070 
 166   (0.150) 0.148 0.156 0.145 0.144 0.142 
 158   (0.116) 0.117 0.111 0.111 0.110 0.110 
 164   (0.013) 0.009 0.006 0.008 0.006 0.010 
 176   (0.008) 0.006 0.004 0.005 0.004 0.006 
 170   (0.033) 0.029 0.025 0.026 0.023 0.028 
 172   (0.015) 0.012 0.009 0.010 0.008 0.012 

Locus 5 : 
7 alleles
0.0% missing data
 168   (0.575) 0.598 0.619 0.614 0.615 0.599 
 174   (0.234) 0.230 0.228 0.225 0.239 0.232 
 176   (0.128) 0.124 0.117 0.120 0.113 0.119 
 172   (0.030) 0.024 0.019 0.021 0.018 0.025 
 178   (0.012) 0.009 0.007 0.007 0.006 0.010 
 166   (0.012) 0.009 0.006 0.008 0.006 0.010 
 164   (0.008) 0.006 0.004 0.005 0.004 0.006 

Values of parameters used in structure:
DATAFILE=/home/martin/bottleneck/structure_analysis/structure_4/data_job_T5_3,	OUTFILE=/home/martin/bottleneck/structure_analysis/structure_4/structure_results/australian_fur_seal/results_job_T5_3,	NUMINDS=183,	NUMLOCI=5,	MISSING=-9,	LABEL=1,	POPDATA=1,	POPFLAG=0,	PHENOTYPE=0,	EXTRACOLS=0,	MAXPOPS=5,	BURNIN=10000,	NUMREPS=100000,	USEPOPINFO=0,	INFERALPHA=1,	INFERLAMBDA=0,	POPSPECIFICLAMBDA=0,	POPALPHAS=0,	COMPUTEPROB=1,	NOADMIX=0,	ADMBURNIN=2500,	UPDATEFREQ=1,	PRINTLIKES=0,	INTERMEDSAVE=0,	PRINTKLD=0,	PRINTNET=0,	PRINTLAMBDA=0,	ANCESTDIST=0,	NUMBOXES=1000,	ANCESTPINT=0.90000,	GENSBACK=2,	MIGRPRIOR=0.05000,	PRINTQHAT=1,	PRINTQSUM=0,	ALPHA=1.0000,	FREQSCORR=1,	FPRIORMEAN=0.0100,	FPRIORSD=0.0500,	ONEFST=0,	LAMBDA=1.0000,	UNIFPRIORALPHA=1,	ALPHAMAX=10.0000,	ALPHAPRIORA=1.0000,	ALPHAPRIORB=2.0000,	ALPHAPROPSD=0.0250,	STARTATPOPINFO=0,	RANDOMIZE=1,	LINKAGE=0,	METROFREQ=10,	REPORTHITRATE=0,	MARKOVPHASE=-1,	PHASED=0,	PLOIDY=2,	PHASEINFO=0	LOCPRIOR=0, 	LOCPRIORINIT=1.000000, 	LOCDATA=0, 	LOCISPOP=0, 	LOCPRIORSTEP=0.100000, 	MAXLOCPRIOR=20.000000, 	SEED=1470679953,	
[STRAT parameters]:    NUMSIMSTATS=1000,	PHENOTYPECOL=-9,	POOLFREQ=10,	LOCUSxONLY=0,	EMERROR=0.00100,	MISSINGPHENO=-9,	