

----------------------------------------------------
STRUCTURE by Pritchard, Stephens and Donnelly (2000)
     and Falush, Stephens and Pritchard (2003)
       Code by Pritchard, Falush and Hubisz
             Version 2.3.4 (Jul 2012)
----------------------------------------------------



Command line arguments:   /usr/local/bin/structure -m parameter_job_T7_4 
Input File:    /home/martin/bottleneck/structure_analysis/structure_4/data_job_T7_4

Run parameters:
   183 individuals
   5 loci
   7 populations assumed
   10000 Burn-in period
   100000 Reps


--------------------------------------------
Proportion of membership of each pre-defined
 population in each of the 7 clusters

Given    Inferred Clusters                                   Number of
 Pop       1      2      3      4      5      6      7      Individuals

  1:     0.143  0.143  0.143  0.143  0.143  0.143  0.143      183
--------------------------------------------

Allele-freq. divergence among pops (Net nucleotide distance),
computed using point estimates of P.

      1       2       3       4       5       6       7      
 1      -    0.0003  0.0002  0.0001  0.0002  0.0000  0.0004  
 2   0.0003     -    0.0001  0.0002  0.0001  0.0002  0.0002  
 3   0.0002  0.0001     -    0.0002  0.0000  0.0002  0.0001  
 4   0.0001  0.0002  0.0002     -    0.0002  0.0001  0.0004  
 5   0.0002  0.0001  0.0000  0.0002     -    0.0002  0.0001  
 6   0.0000  0.0002  0.0002  0.0001  0.0002     -    0.0003  
 7   0.0004  0.0002  0.0001  0.0004  0.0001  0.0003     -    

Average distances (expected heterozygosity) between individuals in same cluster:
cluster  1  : 0.6048 
cluster  2  : 0.5881 
cluster  3  : 0.5917 
cluster  4  : 0.6009 
cluster  5  : 0.5929 
cluster  6  : 0.6008 
cluster  7  : 0.5863 

--------------------------------------------
Estimated Ln Prob of Data   = -2443.6
Mean value of ln likelihood = -2355.9
Variance of ln likelihood   = 175.5
Mean value of alpha         = 2.1293

Mean value of Fst_1         = 0.0282
Mean value of Fst_2         = 0.0873
Mean value of Fst_3         = 0.0723
Mean value of Fst_4         = 0.0450
Mean value of Fst_5         = 0.0656
Mean value of Fst_6         = 0.0498
Mean value of Fst_7         = 0.0854


Inferred ancestry of individuals:
        Label (%Miss) Pop:  Inferred clusters
  1        1    (0)    1 :  0.139 0.147 0.144 0.143 0.143 0.141 0.143 
  2        2    (0)    1 :  0.145 0.141 0.143 0.143 0.142 0.144 0.142 
  3        3    (0)    1 :  0.139 0.146 0.145 0.142 0.143 0.141 0.144 
  4        4    (0)    1 :  0.146 0.140 0.142 0.144 0.142 0.144 0.142 
  5        5    (0)    1 :  0.141 0.143 0.143 0.141 0.144 0.142 0.145 
  6        6    (0)    1 :  0.140 0.143 0.141 0.141 0.144 0.141 0.150 
  7        7    (0)    1 :  0.142 0.145 0.143 0.142 0.144 0.142 0.143 
  8        8    (0)    1 :  0.143 0.144 0.143 0.141 0.143 0.144 0.142 
  9        9    (0)    1 :  0.145 0.144 0.142 0.142 0.142 0.144 0.142 
 10       10    (0)    1 :  0.144 0.142 0.143 0.142 0.142 0.143 0.144 
 11       11    (0)    1 :  0.145 0.143 0.141 0.144 0.141 0.144 0.142 
 12       12    (0)    1 :  0.145 0.139 0.142 0.144 0.143 0.146 0.141 
 13       13    (0)    1 :  0.142 0.146 0.141 0.141 0.143 0.143 0.144 
 14       14    (0)    1 :  0.140 0.144 0.142 0.142 0.143 0.141 0.148 
 15       15    (0)    1 :  0.142 0.146 0.143 0.141 0.143 0.142 0.142 
 16       16    (0)    1 :  0.144 0.141 0.142 0.144 0.142 0.144 0.142 
 17       17    (0)    1 :  0.146 0.140 0.142 0.144 0.142 0.143 0.142 
 18       18    (0)    1 :  0.142 0.144 0.142 0.142 0.142 0.145 0.144 
 19       19    (0)    1 :  0.143 0.142 0.144 0.144 0.142 0.142 0.143 
 20       20    (0)    1 :  0.140 0.145 0.145 0.140 0.146 0.142 0.142 
 21       21    (0)    1 :  0.140 0.143 0.145 0.141 0.143 0.142 0.145 
 22       22    (0)    1 :  0.145 0.139 0.141 0.145 0.143 0.143 0.144 
 23       23    (0)    1 :  0.143 0.145 0.143 0.143 0.142 0.143 0.141 
 24       24    (0)    1 :  0.144 0.144 0.141 0.145 0.142 0.143 0.141 
 25       25    (0)    1 :  0.142 0.143 0.142 0.141 0.144 0.143 0.145 
 26       26    (0)    1 :  0.142 0.143 0.143 0.141 0.145 0.142 0.144 
 27       27    (0)    1 :  0.144 0.147 0.140 0.144 0.141 0.144 0.142 
 28       28    (0)    1 :  0.142 0.142 0.143 0.140 0.144 0.143 0.145 
 29       29    (0)    1 :  0.147 0.139 0.143 0.146 0.142 0.142 0.141 
 30       30    (0)    1 :  0.145 0.141 0.142 0.143 0.145 0.142 0.143 
 31       31    (0)    1 :  0.142 0.145 0.141 0.143 0.143 0.142 0.143 
 32       32    (0)    1 :  0.145 0.141 0.141 0.145 0.144 0.142 0.143 
 33       33    (0)    1 :  0.146 0.142 0.143 0.144 0.142 0.142 0.141 
 34       34    (0)    1 :  0.145 0.142 0.142 0.143 0.142 0.145 0.142 
 35       35    (0)    1 :  0.141 0.144 0.143 0.143 0.143 0.144 0.142 
 36       36    (0)    1 :  0.140 0.146 0.144 0.141 0.143 0.143 0.142 
 37       37    (0)    1 :  0.141 0.144 0.144 0.141 0.145 0.142 0.144 
 38       38    (0)    1 :  0.143 0.143 0.141 0.141 0.143 0.143 0.145 
 39       39    (0)    1 :  0.143 0.142 0.143 0.144 0.143 0.141 0.142 
 40       40    (0)    1 :  0.144 0.143 0.144 0.141 0.143 0.143 0.142 
 41       41    (0)    1 :  0.143 0.140 0.143 0.143 0.144 0.144 0.142 
 42       42    (0)    1 :  0.142 0.144 0.143 0.142 0.145 0.143 0.142 
 43       43    (0)    1 :  0.142 0.143 0.144 0.141 0.144 0.141 0.145 
 44       44    (0)    1 :  0.146 0.140 0.144 0.146 0.141 0.142 0.140 
 45       45    (0)    1 :  0.145 0.139 0.142 0.144 0.144 0.144 0.143 
 46       46    (0)    1 :  0.143 0.144 0.142 0.141 0.142 0.145 0.143 
 47       47    (0)    1 :  0.144 0.142 0.145 0.143 0.143 0.143 0.141 
 48       48    (0)    1 :  0.144 0.140 0.144 0.145 0.143 0.142 0.141 
 49       49    (0)    1 :  0.143 0.142 0.143 0.143 0.142 0.144 0.142 
 50       50    (0)    1 :  0.145 0.141 0.141 0.145 0.142 0.142 0.143 
 51       51    (0)    1 :  0.145 0.141 0.143 0.143 0.142 0.142 0.143 
 52       52    (0)    1 :  0.145 0.143 0.141 0.144 0.142 0.145 0.141 
 53       53    (0)    1 :  0.142 0.144 0.145 0.142 0.144 0.141 0.143 
 54       54    (0)    1 :  0.141 0.144 0.144 0.143 0.144 0.141 0.144 
 55       55    (0)    1 :  0.145 0.143 0.142 0.145 0.141 0.143 0.141 
 56       56    (0)    1 :  0.143 0.143 0.147 0.143 0.141 0.142 0.141 
 57       57    (0)    1 :  0.141 0.144 0.145 0.143 0.141 0.144 0.142 
 58       58    (0)    1 :  0.140 0.144 0.144 0.141 0.146 0.143 0.142 
 59       59    (0)    1 :  0.143 0.141 0.143 0.145 0.141 0.144 0.142 
 60       60    (0)    1 :  0.144 0.142 0.143 0.142 0.144 0.143 0.141 
 61       61    (0)    1 :  0.143 0.145 0.144 0.143 0.143 0.141 0.141 
 62       62    (0)    1 :  0.145 0.143 0.144 0.143 0.144 0.140 0.141 
 63       63    (0)    1 :  0.143 0.142 0.143 0.143 0.143 0.143 0.142 
 64       64    (0)    1 :  0.143 0.143 0.140 0.143 0.143 0.144 0.144 
 65       65    (0)    1 :  0.142 0.144 0.144 0.143 0.143 0.141 0.144 
 66       66    (0)    1 :  0.141 0.145 0.145 0.142 0.144 0.140 0.144 
 67       67    (0)    1 :  0.142 0.145 0.145 0.144 0.141 0.142 0.142 
 68       68    (0)    1 :  0.143 0.143 0.143 0.143 0.143 0.144 0.141 
 69       69    (0)    1 :  0.142 0.145 0.144 0.142 0.143 0.142 0.143 
 70       70    (0)    1 :  0.141 0.145 0.142 0.141 0.144 0.143 0.144 
 71       71    (0)    1 :  0.144 0.141 0.142 0.142 0.144 0.142 0.145 
 72       72    (0)    1 :  0.141 0.142 0.144 0.142 0.146 0.144 0.142 
 73       73    (0)    1 :  0.140 0.145 0.141 0.142 0.143 0.142 0.146 
 74       74    (0)    1 :  0.143 0.142 0.142 0.144 0.142 0.143 0.144 
 75       75    (0)    1 :  0.143 0.143 0.143 0.144 0.141 0.145 0.141 
 76       76    (0)    1 :  0.146 0.140 0.143 0.144 0.141 0.143 0.143 
 77       77    (0)    1 :  0.140 0.148 0.143 0.141 0.144 0.140 0.144 
 78       78    (0)    1 :  0.145 0.140 0.143 0.144 0.142 0.142 0.144 
 79       79    (0)    1 :  0.140 0.145 0.145 0.142 0.145 0.142 0.141 
 80       80    (0)    1 :  0.141 0.144 0.146 0.140 0.145 0.143 0.140 
 81       81    (0)    1 :  0.144 0.142 0.141 0.143 0.143 0.144 0.143 
 82       82    (0)    1 :  0.141 0.145 0.144 0.142 0.143 0.143 0.141 
 83       83    (0)    1 :  0.143 0.143 0.141 0.144 0.143 0.143 0.144 
 84       84    (0)    1 :  0.142 0.144 0.141 0.144 0.143 0.142 0.145 
 85       85    (0)    1 :  0.142 0.144 0.141 0.142 0.143 0.144 0.143 
 86       86    (0)    1 :  0.142 0.144 0.143 0.141 0.143 0.143 0.144 
 87       87    (0)    1 :  0.145 0.142 0.142 0.145 0.140 0.143 0.143 
 88       88    (0)    1 :  0.140 0.145 0.144 0.142 0.143 0.143 0.143 
 89       89    (0)    1 :  0.143 0.142 0.144 0.141 0.145 0.144 0.141 
 90       90    (0)    1 :  0.144 0.143 0.144 0.142 0.143 0.141 0.142 
 91       91    (0)    1 :  0.145 0.139 0.142 0.146 0.142 0.144 0.142 
 92       92    (0)    1 :  0.141 0.144 0.142 0.142 0.142 0.142 0.147 
 93       93    (0)    1 :  0.144 0.143 0.142 0.142 0.143 0.144 0.142 
 94       94    (0)    1 :  0.140 0.145 0.144 0.141 0.144 0.143 0.143 
 95       95    (0)    1 :  0.139 0.146 0.147 0.141 0.143 0.142 0.141 
 96       96    (0)    1 :  0.139 0.148 0.145 0.141 0.143 0.142 0.143 
 97       97    (0)    1 :  0.141 0.145 0.145 0.142 0.143 0.141 0.141 
 98       98    (0)    1 :  0.142 0.143 0.142 0.143 0.144 0.144 0.142 
 99       99    (0)    1 :  0.140 0.147 0.147 0.141 0.144 0.140 0.141 
100      100    (0)    1 :  0.144 0.143 0.143 0.143 0.141 0.145 0.142 
101      101    (0)    1 :  0.144 0.141 0.144 0.142 0.142 0.144 0.143 
102      102    (0)    1 :  0.142 0.143 0.145 0.140 0.144 0.143 0.143 
103      103    (0)    1 :  0.144 0.143 0.142 0.142 0.142 0.143 0.144 
104      104    (0)    1 :  0.143 0.142 0.140 0.145 0.142 0.143 0.143 
105      105    (0)    1 :  0.141 0.146 0.144 0.142 0.143 0.143 0.141 
106      106    (0)    1 :  0.143 0.144 0.144 0.143 0.142 0.142 0.142 
107      107    (0)    1 :  0.143 0.144 0.143 0.142 0.142 0.140 0.146 
108      108    (0)    1 :  0.145 0.144 0.144 0.140 0.142 0.142 0.143 
109      109    (0)    1 :  0.144 0.142 0.143 0.142 0.143 0.143 0.143 
110      110    (0)    1 :  0.143 0.142 0.142 0.142 0.144 0.144 0.145 
111      111    (0)    1 :  0.144 0.143 0.143 0.143 0.142 0.142 0.144 
112      112    (0)    1 :  0.143 0.142 0.144 0.143 0.143 0.142 0.144 
113      113    (0)    1 :  0.140 0.147 0.143 0.144 0.141 0.143 0.142 
114      114    (0)    1 :  0.145 0.142 0.142 0.143 0.143 0.144 0.141 
115      115    (0)    1 :  0.141 0.144 0.142 0.142 0.143 0.143 0.145 
116      116    (0)    1 :  0.141 0.145 0.144 0.143 0.144 0.142 0.143 
117      117    (0)    1 :  0.143 0.144 0.143 0.141 0.144 0.143 0.142 
118      118    (0)    1 :  0.143 0.144 0.143 0.143 0.142 0.143 0.142 
119      119    (0)    1 :  0.150 0.139 0.143 0.144 0.142 0.142 0.140 
120      120    (0)    1 :  0.144 0.142 0.142 0.144 0.141 0.145 0.142 
121      121    (0)    1 :  0.142 0.145 0.141 0.142 0.142 0.144 0.144 
122      122    (0)    1 :  0.145 0.142 0.143 0.142 0.142 0.143 0.144 
123      123    (0)    1 :  0.147 0.139 0.142 0.143 0.142 0.144 0.142 
124      124    (0)    1 :  0.144 0.141 0.143 0.145 0.144 0.142 0.141 
125      125    (0)    1 :  0.145 0.144 0.142 0.146 0.140 0.144 0.140 
126      126    (0)    1 :  0.144 0.142 0.145 0.144 0.143 0.143 0.139 
127      127    (0)    1 :  0.143 0.144 0.142 0.142 0.143 0.143 0.143 
128      128    (0)    1 :  0.144 0.141 0.143 0.145 0.140 0.143 0.143 
129      129    (0)    1 :  0.143 0.142 0.141 0.143 0.144 0.142 0.144 
130      130    (0)    1 :  0.144 0.144 0.143 0.142 0.143 0.141 0.144 
131      131    (0)    1 :  0.141 0.143 0.142 0.144 0.143 0.143 0.144 
132      132    (0)    1 :  0.140 0.145 0.144 0.141 0.144 0.141 0.144 
133      133    (0)    1 :  0.146 0.141 0.141 0.144 0.143 0.142 0.143 
134      134    (0)    1 :  0.142 0.143 0.144 0.142 0.144 0.144 0.141 
135      135    (0)    1 :  0.141 0.143 0.143 0.143 0.144 0.141 0.145 
136      136    (0)    1 :  0.142 0.143 0.143 0.142 0.143 0.144 0.143 
137      137    (0)    1 :  0.145 0.142 0.145 0.144 0.141 0.142 0.141 
138      138    (0)    1 :  0.145 0.139 0.143 0.143 0.143 0.143 0.143 
139      139    (0)    1 :  0.142 0.143 0.145 0.144 0.144 0.142 0.140 
140      140    (0)    1 :  0.141 0.144 0.144 0.140 0.143 0.143 0.146 
141      141    (0)    1 :  0.141 0.145 0.142 0.141 0.143 0.143 0.144 
142      142    (0)    1 :  0.140 0.145 0.145 0.141 0.143 0.141 0.143 
143      143    (0)    1 :  0.141 0.146 0.143 0.142 0.143 0.142 0.143 
144      144    (0)    1 :  0.143 0.143 0.142 0.142 0.142 0.144 0.143 
145      145    (0)    1 :  0.145 0.142 0.140 0.144 0.141 0.144 0.144 
146      146    (0)    1 :  0.144 0.143 0.143 0.142 0.143 0.141 0.144 
147      147    (0)    1 :  0.145 0.140 0.142 0.144 0.143 0.143 0.143 
148      148    (0)    1 :  0.145 0.144 0.140 0.145 0.141 0.144 0.140 
149      149    (0)    1 :  0.140 0.143 0.143 0.140 0.144 0.141 0.149 
150      150    (0)    1 :  0.142 0.143 0.144 0.144 0.142 0.143 0.143 
151      151    (0)    1 :  0.141 0.143 0.142 0.143 0.144 0.144 0.143 
152      152    (0)    1 :  0.145 0.141 0.142 0.143 0.143 0.145 0.142 
153      153    (0)    1 :  0.140 0.144 0.142 0.141 0.144 0.142 0.146 
154      154    (0)    1 :  0.146 0.140 0.142 0.145 0.142 0.144 0.141 
155      155    (0)    1 :  0.142 0.142 0.145 0.142 0.145 0.142 0.141 
156      156    (0)    1 :  0.140 0.146 0.144 0.142 0.144 0.141 0.144 
157      157    (0)    1 :  0.142 0.144 0.142 0.142 0.142 0.145 0.143 
158      158    (0)    1 :  0.143 0.143 0.143 0.143 0.143 0.142 0.143 
159      159    (0)    1 :  0.142 0.144 0.142 0.142 0.140 0.143 0.147 
160      160    (0)    1 :  0.143 0.142 0.144 0.142 0.145 0.141 0.143 
161      161    (0)    1 :  0.141 0.146 0.142 0.141 0.143 0.143 0.143 
162      162    (0)    1 :  0.148 0.139 0.142 0.144 0.143 0.143 0.142 
163      163    (0)    1 :  0.141 0.147 0.141 0.142 0.143 0.142 0.144 
164      164    (0)    1 :  0.141 0.144 0.142 0.141 0.144 0.143 0.145 
165      165    (0)    1 :  0.143 0.141 0.143 0.144 0.143 0.143 0.143 
166      166    (0)    1 :  0.145 0.143 0.141 0.143 0.142 0.143 0.142 
167      167    (0)    1 :  0.146 0.140 0.142 0.144 0.142 0.144 0.142 
168      168    (0)    1 :  0.144 0.142 0.140 0.144 0.142 0.145 0.143 
169      169    (0)    1 :  0.145 0.139 0.142 0.144 0.143 0.144 0.142 
170      170    (0)    1 :  0.141 0.145 0.143 0.144 0.140 0.141 0.146 
171      171    (0)    1 :  0.140 0.143 0.144 0.141 0.146 0.143 0.143 
172      172    (0)    1 :  0.146 0.140 0.145 0.147 0.141 0.142 0.140 
173      173    (0)    1 :  0.144 0.140 0.143 0.145 0.142 0.143 0.143 
174      174    (0)    1 :  0.142 0.145 0.141 0.142 0.142 0.143 0.144 
175      175    (0)    1 :  0.144 0.142 0.142 0.143 0.144 0.143 0.142 
176      176    (0)    1 :  0.143 0.142 0.142 0.145 0.142 0.143 0.144 
177      177    (0)    1 :  0.143 0.143 0.143 0.141 0.144 0.142 0.144 
178      178    (0)    1 :  0.145 0.140 0.142 0.145 0.142 0.143 0.142 
179      179    (0)    1 :  0.146 0.140 0.142 0.145 0.142 0.144 0.141 
180      180    (0)    1 :  0.146 0.139 0.144 0.143 0.143 0.142 0.143 
181      181    (0)    1 :  0.146 0.141 0.144 0.143 0.142 0.145 0.140 
182      182    (0)    1 :  0.142 0.144 0.143 0.140 0.144 0.142 0.145 
183      183    (0)    1 :  0.141 0.144 0.142 0.140 0.144 0.144 0.146 


Estimated Allele Frequencies in each cluster
First column gives estimated ancestral frequencies


Locus 1 : 
4 alleles
0.0% missing data
 151   (0.898) 0.904 0.918 0.912 0.909 0.910 0.911 0.916 
 153   (0.079) 0.076 0.070 0.072 0.074 0.074 0.073 0.069 
 155   (0.012) 0.010 0.007 0.009 0.009 0.009 0.008 0.008 
 149   (0.011) 0.009 0.006 0.008 0.008 0.008 0.008 0.007 

Locus 2 : 
7 alleles
0.0% missing data
 242   (0.494) 0.501 0.527 0.530 0.506 0.527 0.507 0.542 
 240   (0.023) 0.020 0.016 0.018 0.019 0.018 0.018 0.017 
 244   (0.166) 0.167 0.153 0.156 0.159 0.159 0.163 0.152 
 238   (0.193) 0.196 0.204 0.191 0.206 0.191 0.202 0.183 
 258   (0.065) 0.062 0.057 0.058 0.059 0.057 0.060 0.059 
 234   (0.045) 0.041 0.035 0.037 0.040 0.037 0.039 0.037 
 256   (0.015) 0.012 0.009 0.011 0.012 0.010 0.011 0.010 

Locus 3 : 
12 alleles
0.0% missing data
 178   (0.225) 0.230 0.233 0.240 0.218 0.235 0.226 0.247 
 182   (0.073) 0.075 0.076 0.070 0.073 0.074 0.074 0.072 
 184   (0.168) 0.171 0.172 0.169 0.174 0.170 0.176 0.182 
 192   (0.179) 0.185 0.207 0.206 0.199 0.204 0.187 0.184 
 196   (0.061) 0.058 0.057 0.055 0.063 0.056 0.059 0.058 
 194   (0.069) 0.066 0.061 0.061 0.065 0.060 0.067 0.060 
 198   (0.023) 0.020 0.015 0.018 0.019 0.018 0.018 0.018 
 190   (0.056) 0.055 0.052 0.052 0.051 0.049 0.056 0.051 
 200   (0.081) 0.080 0.078 0.075 0.081 0.081 0.082 0.076 
 202   (0.016) 0.014 0.011 0.012 0.014 0.012 0.013 0.013 
 188   (0.027) 0.025 0.021 0.023 0.024 0.023 0.024 0.023 
 186   (0.023) 0.020 0.016 0.018 0.020 0.018 0.019 0.017 

Locus 4 : 
10 alleles
0.0% missing data
 156   (0.158) 0.161 0.182 0.174 0.165 0.161 0.164 0.159 
 162   (0.024) 0.021 0.017 0.019 0.020 0.018 0.019 0.017 
 168   (0.421) 0.432 0.444 0.440 0.434 0.450 0.433 0.456 
 160   (0.074) 0.071 0.063 0.065 0.069 0.065 0.069 0.065 
 166   (0.145) 0.144 0.144 0.142 0.151 0.142 0.149 0.147 
 158   (0.116) 0.115 0.108 0.111 0.110 0.115 0.117 0.109 
 164   (0.010) 0.008 0.006 0.007 0.008 0.007 0.007 0.007 
 176   (0.008) 0.006 0.004 0.005 0.005 0.005 0.005 0.005 
 170   (0.031) 0.029 0.024 0.025 0.027 0.027 0.027 0.026 
 172   (0.014) 0.011 0.008 0.011 0.011 0.010 0.010 0.010 

Locus 5 : 
7 alleles
0.0% missing data
 168   (0.595) 0.607 0.615 0.618 0.609 0.614 0.601 0.618 
 174   (0.231) 0.229 0.237 0.226 0.228 0.224 0.238 0.226 
 176   (0.118) 0.116 0.112 0.116 0.119 0.121 0.118 0.116 
 172   (0.026) 0.023 0.018 0.021 0.022 0.020 0.022 0.020 
 178   (0.012) 0.010 0.007 0.008 0.009 0.008 0.008 0.008 
 166   (0.011) 0.009 0.006 0.008 0.008 0.008 0.008 0.007 
 164   (0.008) 0.006 0.004 0.005 0.006 0.005 0.005 0.005 

Values of parameters used in structure:
DATAFILE=/home/martin/bottleneck/structure_analysis/structure_4/data_job_T7_4,	OUTFILE=/home/martin/bottleneck/structure_analysis/structure_4/structure_results/australian_fur_seal/results_job_T7_4,	NUMINDS=183,	NUMLOCI=5,	MISSING=-9,	LABEL=1,	POPDATA=1,	POPFLAG=0,	PHENOTYPE=0,	EXTRACOLS=0,	MAXPOPS=7,	BURNIN=10000,	NUMREPS=100000,	USEPOPINFO=0,	INFERALPHA=1,	INFERLAMBDA=0,	POPSPECIFICLAMBDA=0,	POPALPHAS=0,	COMPUTEPROB=1,	NOADMIX=0,	ADMBURNIN=2500,	UPDATEFREQ=1,	PRINTLIKES=0,	INTERMEDSAVE=0,	PRINTKLD=0,	PRINTNET=0,	PRINTLAMBDA=0,	ANCESTDIST=0,	NUMBOXES=1000,	ANCESTPINT=0.90000,	GENSBACK=2,	MIGRPRIOR=0.05000,	PRINTQHAT=1,	PRINTQSUM=0,	ALPHA=1.0000,	FREQSCORR=1,	FPRIORMEAN=0.0100,	FPRIORSD=0.0500,	ONEFST=0,	LAMBDA=1.0000,	UNIFPRIORALPHA=1,	ALPHAMAX=10.0000,	ALPHAPRIORA=1.0000,	ALPHAPRIORB=2.0000,	ALPHAPROPSD=0.0250,	STARTATPOPINFO=0,	RANDOMIZE=1,	LINKAGE=0,	METROFREQ=10,	REPORTHITRATE=0,	MARKOVPHASE=-1,	PHASED=0,	PLOIDY=2,	PHASEINFO=0	LOCPRIOR=0, 	LOCPRIORINIT=1.000000, 	LOCDATA=0, 	LOCISPOP=0, 	LOCPRIORSTEP=0.100000, 	MAXLOCPRIOR=20.000000, 	SEED=1470680665,	
[STRAT parameters]:    NUMSIMSTATS=1000,	PHENOTYPECOL=-9,	POOLFREQ=10,	LOCUSxONLY=0,	EMERROR=0.00100,	MISSINGPHENO=-9,	