           1  1 0.1638 0.1638 0.1625 0.1720 0.1704 0.1675 
           2  1 0.1692 0.1680 0.1676 0.1640 0.1636 0.1676 
           3  1 0.1628 0.1641 0.1630 0.1733 0.1715 0.1654 
           4  1 0.1704 0.1673 0.1668 0.1643 0.1648 0.1665 
           5  1 0.1656 0.1674 0.1668 0.1655 0.1677 0.1671 
           6  1 0.1656 0.1677 0.1654 0.1661 0.1678 0.1675 
           7  1 0.1646 0.1670 0.1684 0.1669 0.1667 0.1665 
           8  1 0.1649 0.1667 0.1673 0.1674 0.1671 0.1666 
           9  1 0.1693 0.1678 0.1660 0.1651 0.1647 0.1670 
          10  1 0.1688 0.1662 0.1644 0.1661 0.1681 0.1665 
          11  1 0.1680 0.1661 0.1660 0.1660 0.1674 0.1664 
          12  1 0.1709 0.1663 0.1675 0.1652 0.1636 0.1665 
          13  1 0.1648 0.1667 0.1658 0.1671 0.1681 0.1675 
          14  1 0.1646 0.1658 0.1645 0.1682 0.1697 0.1671 
          15  1 0.1641 0.1666 0.1681 0.1689 0.1671 0.1653 
          16  1 0.1689 0.1663 0.1671 0.1648 0.1654 0.1676 
          17  1 0.1693 0.1681 0.1661 0.1646 0.1647 0.1671 
          18  1 0.1668 0.1673 0.1668 0.1646 0.1673 0.1672 
          19  1 0.1679 0.1670 0.1669 0.1647 0.1658 0.1676 
          20  1 0.1649 0.1669 0.1663 0.1691 0.1669 0.1660 
          21  1 0.1638 0.1666 0.1655 0.1692 0.1688 0.1661 
          22  1 0.1695 0.1665 0.1663 0.1638 0.1671 0.1668 
          23  1 0.1649 0.1649 0.1659 0.1699 0.1680 0.1665 
          24  1 0.1658 0.1653 0.1666 0.1672 0.1676 0.1675 
          25  1 0.1662 0.1675 0.1673 0.1664 0.1660 0.1668 
          26  1 0.1653 0.1678 0.1682 0.1649 0.1674 0.1664 
          27  1 0.1682 0.1670 0.1669 0.1654 0.1660 0.1664 
          28  1 0.1658 0.1677 0.1673 0.1658 0.1656 0.1678 
          29  1 0.1706 0.1680 0.1658 0.1641 0.1651 0.1664 
          30  1 0.1674 0.1669 0.1677 0.1672 0.1653 0.1654 
          31  1 0.1659 0.1664 0.1674 0.1659 0.1665 0.1680 
          32  1 0.1669 0.1674 0.1676 0.1662 0.1655 0.1664 
          33  1 0.1685 0.1673 0.1661 0.1661 0.1652 0.1667 
          34  1 0.1670 0.1667 0.1673 0.1674 0.1650 0.1666 
          35  1 0.1665 0.1669 0.1687 0.1662 0.1662 0.1654 
          36  1 0.1654 0.1667 0.1663 0.1676 0.1678 0.1662 
          37  1 0.1638 0.1664 0.1665 0.1690 0.1684 0.1660 
          38  1 0.1666 0.1690 0.1667 0.1646 0.1668 0.1663 
          39  1 0.1659 0.1674 0.1667 0.1675 0.1663 0.1663 
          40  1 0.1671 0.1672 0.1661 0.1679 0.1657 0.1660 
          41  1 0.1679 0.1668 0.1683 0.1655 0.1647 0.1668 
          42  1 0.1652 0.1658 0.1691 0.1661 0.1668 0.1669 
          43  1 0.1642 0.1664 0.1664 0.1685 0.1687 0.1658 
          44  1 0.1702 0.1676 0.1655 0.1668 0.1642 0.1657 
          45  1 0.1703 0.1672 0.1673 0.1644 0.1638 0.1669 
          46  1 0.1652 0.1673 0.1688 0.1660 0.1670 0.1656 
          47  1 0.1666 0.1669 0.1674 0.1679 0.1664 0.1649 
          48  1 0.1708 0.1663 0.1667 0.1662 0.1647 0.1654 
          49  1 0.1671 0.1667 0.1678 0.1647 0.1649 0.1689 
          50  1 0.1684 0.1671 0.1671 0.1661 0.1643 0.1670 
          51  1 0.1693 0.1665 0.1661 0.1657 0.1648 0.1676 
          52  1 0.1680 0.1680 0.1673 0.1638 0.1668 0.1662 
          53  1 0.1658 0.1663 0.1669 0.1679 0.1669 0.1662 
          54  1 0.1642 0.1661 0.1661 0.1684 0.1687 0.1665 
          55  1 0.1673 0.1658 0.1676 0.1667 0.1658 0.1667 
          56  1 0.1660 0.1647 0.1646 0.1720 0.1673 0.1654 
          57  1 0.1646 0.1658 0.1661 0.1692 0.1683 0.1660 
          58  1 0.1641 0.1668 0.1668 0.1685 0.1671 0.1667 
          59  1 0.1678 0.1663 0.1661 0.1663 0.1667 0.1668 
          60  1 0.1680 0.1656 0.1687 0.1677 0.1647 0.1653 
          61  1 0.1635 0.1655 0.1663 0.1704 0.1681 0.1662 
          62  1 0.1683 0.1658 0.1673 0.1673 0.1662 0.1651 
          63  1 0.1683 0.1667 0.1661 0.1656 0.1666 0.1668 
          64  1 0.1669 0.1657 0.1670 0.1659 0.1668 0.1677 
          65  1 0.1653 0.1663 0.1659 0.1675 0.1681 0.1670 
          66  1 0.1635 0.1654 0.1656 0.1707 0.1689 0.1660 
          67  1 0.1648 0.1654 0.1637 0.1714 0.1680 0.1667 
          68  1 0.1668 0.1661 0.1660 0.1661 0.1679 0.1670 
          69  1 0.1643 0.1653 0.1654 0.1691 0.1687 0.1672 
          70  1 0.1647 0.1674 0.1652 0.1675 0.1678 0.1673 
          71  1 0.1679 0.1679 0.1666 0.1650 0.1661 0.1665 
          72  1 0.1651 0.1668 0.1683 0.1677 0.1661 0.1659 
          73  1 0.1657 0.1664 0.1668 0.1648 0.1678 0.1684 
          74  1 0.1680 0.1673 0.1670 0.1635 0.1674 0.1668 
          75  1 0.1669 0.1660 0.1670 0.1662 0.1669 0.1670 
          76  1 0.1728 0.1683 0.1674 0.1630 0.1626 0.1657 
          77  1 0.1633 0.1669 0.1657 0.1696 0.1678 0.1668 
          78  1 0.1684 0.1677 0.1672 0.1636 0.1654 0.1677 
          79  1 0.1618 0.1659 0.1667 0.1716 0.1692 0.1648 
          80  1 0.1637 0.1664 0.1688 0.1695 0.1666 0.1650 
          81  1 0.1666 0.1653 0.1670 0.1653 0.1662 0.1697 
          82  1 0.1652 0.1670 0.1676 0.1670 0.1672 0.1660 
          83  1 0.1661 0.1658 0.1682 0.1642 0.1669 0.1687 
          84  1 0.1655 0.1677 0.1665 0.1655 0.1678 0.1671 
          85  1 0.1660 0.1664 0.1664 0.1665 0.1673 0.1675 
          86  1 0.1644 0.1691 0.1666 0.1659 0.1661 0.1678 
          87  1 0.1681 0.1653 0.1661 0.1664 0.1666 0.1676 
          88  1 0.1638 0.1654 0.1650 0.1703 0.1693 0.1663 
          89  1 0.1665 0.1668 0.1686 0.1665 0.1665 0.1649 
          90  1 0.1655 0.1657 0.1657 0.1697 0.1686 0.1649 
          91  1 0.1688 0.1673 0.1668 0.1670 0.1649 0.1653 
          92  1 0.1658 0.1663 0.1665 0.1663 0.1693 0.1658 
          93  1 0.1667 0.1668 0.1658 0.1668 0.1666 0.1673 
          94  1 0.1652 0.1669 0.1675 0.1673 0.1678 0.1653 
          95  1 0.1618 0.1647 0.1654 0.1739 0.1699 0.1644 
          96  1 0.1623 0.1653 0.1661 0.1715 0.1692 0.1656 
          97  1 0.1649 0.1666 0.1663 0.1681 0.1679 0.1662 
          98  1 0.1671 0.1659 0.1673 0.1650 0.1665 0.1683 
          99  1 0.1619 0.1642 0.1649 0.1750 0.1701 0.1639 
         100  1 0.1671 0.1667 0.1659 0.1662 0.1663 0.1677 
         101  1 0.1663 0.1667 0.1667 0.1669 0.1671 0.1664 
         102  1 0.1664 0.1663 0.1653 0.1692 0.1676 0.1652 
         103  1 0.1660 0.1670 0.1660 0.1670 0.1672 0.1668 
         104  1 0.1681 0.1670 0.1676 0.1642 0.1665 0.1667 
         105  1 0.1639 0.1645 0.1660 0.1707 0.1686 0.1662 
         106  1 0.1640 0.1653 0.1675 0.1694 0.1674 0.1665 
         107  1 0.1654 0.1655 0.1651 0.1678 0.1693 0.1669 
         108  1 0.1688 0.1681 0.1665 0.1644 0.1647 0.1675 
         109  1 0.1686 0.1679 0.1671 0.1634 0.1661 0.1669 
         110  1 0.1657 0.1679 0.1669 0.1653 0.1678 0.1663 
         111  1 0.1686 0.1682 0.1659 0.1651 0.1655 0.1666 
         112  1 0.1680 0.1684 0.1663 0.1649 0.1651 0.1674 
         113  1 0.1641 0.1656 0.1648 0.1696 0.1683 0.1676 
         114  1 0.1671 0.1672 0.1686 0.1648 0.1653 0.1671 
         115  1 0.1655 0.1671 0.1668 0.1649 0.1679 0.1678 
         116  1 0.1622 0.1648 0.1649 0.1723 0.1694 0.1664 
         117  1 0.1668 0.1680 0.1675 0.1649 0.1665 0.1663 
         118  1 0.1663 0.1660 0.1674 0.1661 0.1665 0.1678 
         119  1 0.1703 0.1672 0.1672 0.1652 0.1648 0.1653 
         120  1 0.1672 0.1662 0.1678 0.1651 0.1662 0.1676 
         121  1 0.1676 0.1664 0.1657 0.1662 0.1662 0.1678 
         122  1 0.1671 0.1661 0.1658 0.1666 0.1674 0.1671 
         123  1 0.1716 0.1686 0.1666 0.1625 0.1645 0.1662 
         124  1 0.1674 0.1661 0.1676 0.1666 0.1651 0.1672 
         125  1 0.1694 0.1661 0.1660 0.1652 0.1649 0.1682 
         126  1 0.1691 0.1663 0.1671 0.1671 0.1644 0.1661 
         127  1 0.1660 0.1677 0.1663 0.1668 0.1662 0.1669 
         128  1 0.1685 0.1668 0.1657 0.1669 0.1656 0.1666 
         129  1 0.1664 0.1659 0.1680 0.1653 0.1666 0.1678 
         130  1 0.1639 0.1672 0.1679 0.1669 0.1677 0.1664 
         131  1 0.1660 0.1675 0.1682 0.1650 0.1653 0.1679 
         132  1 0.1640 0.1653 0.1662 0.1686 0.1688 0.1670 
         133  1 0.1661 0.1670 0.1675 0.1660 0.1660 0.1675 
         134  1 0.1657 0.1666 0.1676 0.1680 0.1661 0.1659 
         135  1 0.1659 0.1654 0.1654 0.1682 0.1681 0.1670 
         136  1 0.1668 0.1671 0.1671 0.1666 0.1658 0.1666 
         137  1 0.1676 0.1664 0.1656 0.1673 0.1659 0.1672 
         138  1 0.1706 0.1692 0.1661 0.1634 0.1638 0.1668 
         139  1 0.1664 0.1667 0.1671 0.1675 0.1673 0.1650 
         140  1 0.1657 0.1683 0.1661 0.1649 0.1681 0.1668 
         141  1 0.1629 0.1650 0.1666 0.1699 0.1697 0.1659 
         142  1 0.1631 0.1647 0.1654 0.1710 0.1693 0.1665 
         143  1 0.1640 0.1663 0.1673 0.1681 0.1689 0.1655 
         144  1 0.1653 0.1655 0.1688 0.1664 0.1669 0.1670 
         145  1 0.1689 0.1671 0.1666 0.1642 0.1657 0.1674 
         146  1 0.1662 0.1674 0.1661 0.1664 0.1672 0.1667 
         147  1 0.1685 0.1670 0.1658 0.1650 0.1658 0.1678 
         148  1 0.1670 0.1656 0.1671 0.1659 0.1672 0.1672 
         149  1 0.1646 0.1675 0.1658 0.1658 0.1687 0.1677 
         150  1 0.1663 0.1652 0.1648 0.1686 0.1679 0.1672 
         151  1 0.1666 0.1678 0.1660 0.1667 0.1662 0.1668 
         152  1 0.1681 0.1674 0.1677 0.1641 0.1653 0.1674 
         153  1 0.1645 0.1679 0.1662 0.1671 0.1668 0.1674 
         154  1 0.1687 0.1662 0.1693 0.1630 0.1655 0.1673 
         155  1 0.1656 0.1667 0.1681 0.1672 0.1661 0.1663 
         156  1 0.1642 0.1664 0.1675 0.1680 0.1680 0.1660 
         157  1 0.1673 0.1662 0.1673 0.1650 0.1676 0.1666 
         158  1 0.1652 0.1660 0.1657 0.1681 0.1675 0.1676 
         159  1 0.1663 0.1650 0.1654 0.1677 0.1686 0.1670 
         160  1 0.1671 0.1675 0.1675 0.1676 0.1653 0.1650 
         161  1 0.1654 0.1665 0.1671 0.1657 0.1670 0.1682 
         162  1 0.1721 0.1680 0.1654 0.1645 0.1625 0.1676 
         163  1 0.1656 0.1661 0.1673 0.1667 0.1666 0.1676 
         164  1 0.1652 0.1668 0.1672 0.1656 0.1678 0.1674 
         165  1 0.1675 0.1664 0.1673 0.1661 0.1651 0.1677 
         166  1 0.1669 0.1664 0.1683 0.1636 0.1662 0.1686 
         167  1 0.1707 0.1668 0.1664 0.1650 0.1640 0.1671 
         168  1 0.1690 0.1654 0.1682 0.1632 0.1664 0.1677 
         169  1 0.1678 0.1659 0.1673 0.1643 0.1666 0.1681 
         170  1 0.1654 0.1650 0.1644 0.1699 0.1696 0.1658 
         171  1 0.1655 0.1677 0.1687 0.1650 0.1664 0.1667 
         172  1 0.1703 0.1673 0.1650 0.1686 0.1642 0.1647 
         173  1 0.1701 0.1677 0.1671 0.1646 0.1645 0.1660 
         174  1 0.1656 0.1688 0.1669 0.1639 0.1675 0.1672 
         175  1 0.1670 0.1670 0.1673 0.1651 0.1664 0.1672 
         176  1 0.1670 0.1669 0.1672 0.1655 0.1664 0.1669 
         177  1 0.1650 0.1671 0.1661 0.1685 0.1670 0.1662 
         178  1 0.1701 0.1665 0.1673 0.1646 0.1652 0.1663 
         179  1 0.1693 0.1671 0.1663 0.1649 0.1653 0.1671 
         180  1 0.1690 0.1680 0.1665 0.1646 0.1652 0.1666 
         181  1 0.1692 0.1674 0.1681 0.1642 0.1648 0.1664 
         182  1 0.1640 0.1670 0.1650 0.1687 0.1679 0.1674 
         183  1 0.1656 0.1673 0.1654 0.1669 0.1665 0.1683 
