

----------------------------------------------------
STRUCTURE by Pritchard, Stephens and Donnelly (2000)
     and Falush, Stephens and Pritchard (2003)
       Code by Pritchard, Falush and Hubisz
             Version 2.3.4 (Jul 2012)
----------------------------------------------------



Command line arguments:   /usr/local/bin/structure -m parameter_job_T10_2 
Input File:    /home/martin/bottleneck/structure_analysis/structure_4/data_job_T10_2

Run parameters:
   183 individuals
   5 loci
   10 populations assumed
   10000 Burn-in period
   100000 Reps


--------------------------------------------
Proportion of membership of each pre-defined
 population in each of the 10 clusters

Given    Inferred Clusters                                                        Number of
 Pop       1      2      3      4      5      6      7      8      9     10      Individuals

  1:     0.100  0.100  0.100  0.100  0.100  0.100  0.100  0.100  0.100  0.100      183
--------------------------------------------

Allele-freq. divergence among pops (Net nucleotide distance),
computed using point estimates of P.

      1       2       3       4       5       6       7       8       9      10      
 1      -    0.0001  0.0001  0.0001  0.0006  0.0001  0.0001  0.0001  0.0001  0.0001  
 2   0.0001     -    0.0001  0.0002  0.0006  0.0002  0.0001  0.0001  0.0002  0.0001  
 3   0.0001  0.0001     -    0.0002  0.0004  0.0001  0.0001  0.0001  0.0001  0.0001  
 4   0.0001  0.0002  0.0002     -    0.0008  0.0000  0.0001  0.0001  0.0000  0.0000  
 5   0.0006  0.0006  0.0004  0.0008     -    0.0006  0.0005  0.0005  0.0007  0.0007  
 6   0.0001  0.0002  0.0001  0.0000  0.0006     -    0.0000  0.0000  0.0001  0.0000  
 7   0.0001  0.0001  0.0001  0.0001  0.0005  0.0000     -    0.0000  0.0001  0.0000  
 8   0.0001  0.0001  0.0001  0.0001  0.0005  0.0000  0.0000     -    0.0001  0.0000  
 9   0.0001  0.0002  0.0001  0.0000  0.0007  0.0001  0.0001  0.0001     -    0.0001  
10   0.0001  0.0001  0.0001  0.0000  0.0007  0.0000  0.0000  0.0000  0.0001     -    

Average distances (expected heterozygosity) between individuals in same cluster:
cluster  1  : 0.5937 
cluster  2  : 0.5912 
cluster  3  : 0.5917 
cluster  4  : 0.6052 
cluster  5  : 0.5874 
cluster  6  : 0.6004 
cluster  7  : 0.5969 
cluster  8  : 0.5955 
cluster  9  : 0.6004 
cluster 10  : 0.5999 

--------------------------------------------
Estimated Ln Prob of Data   = -2443.1
Mean value of ln likelihood = -2361.1
Variance of ln likelihood   = 163.9
Mean value of alpha         = 3.6365

Mean value of Fst_1         = 0.0670
Mean value of Fst_2         = 0.0774
Mean value of Fst_3         = 0.0718
Mean value of Fst_4         = 0.0230
Mean value of Fst_5         = 0.0927
Mean value of Fst_6         = 0.0448
Mean value of Fst_7         = 0.0509
Mean value of Fst_8         = 0.0555
Mean value of Fst_9         = 0.0474
Mean value of Fst_10         = 0.0469


Inferred ancestry of individuals:
        Label (%Miss) Pop:  Inferred clusters
  1        1    (0)    1 :  0.099 0.101 0.102 0.099 0.101 0.099 0.100 0.101 0.099 0.099 
  2        2    (0)    1 :  0.099 0.100 0.100 0.101 0.100 0.100 0.101 0.099 0.099 0.101 
  3        3    (0)    1 :  0.100 0.100 0.101 0.100 0.100 0.099 0.099 0.101 0.100 0.099 
  4        4    (0)    1 :  0.100 0.100 0.100 0.101 0.098 0.100 0.100 0.100 0.100 0.101 
  5        5    (0)    1 :  0.100 0.101 0.100 0.100 0.101 0.099 0.099 0.100 0.101 0.100 
  6        6    (0)    1 :  0.099 0.099 0.101 0.098 0.103 0.100 0.099 0.100 0.101 0.099 
  7        7    (0)    1 :  0.100 0.101 0.100 0.100 0.100 0.101 0.099 0.100 0.101 0.099 
  8        8    (0)    1 :  0.101 0.100 0.100 0.100 0.100 0.100 0.099 0.101 0.100 0.100 
  9        9    (0)    1 :  0.100 0.100 0.100 0.100 0.099 0.101 0.100 0.100 0.100 0.100 
 10       10    (0)    1 :  0.100 0.100 0.101 0.100 0.100 0.099 0.101 0.100 0.100 0.100 
 11       11    (0)    1 :  0.100 0.099 0.100 0.100 0.099 0.100 0.100 0.100 0.100 0.101 
 12       12    (0)    1 :  0.101 0.100 0.099 0.101 0.098 0.100 0.101 0.099 0.100 0.100 
 13       13    (0)    1 :  0.100 0.101 0.100 0.099 0.099 0.101 0.100 0.100 0.100 0.100 
 14       14    (0)    1 :  0.099 0.099 0.102 0.099 0.102 0.099 0.099 0.101 0.101 0.099 
 15       15    (0)    1 :  0.100 0.101 0.099 0.099 0.099 0.101 0.100 0.100 0.101 0.099 
 16       16    (0)    1 :  0.101 0.100 0.099 0.100 0.099 0.101 0.100 0.099 0.100 0.101 
 17       17    (0)    1 :  0.100 0.101 0.099 0.100 0.099 0.100 0.100 0.100 0.100 0.100 
 18       18    (0)    1 :  0.101 0.100 0.100 0.099 0.100 0.100 0.099 0.100 0.100 0.100 
 19       19    (0)    1 :  0.100 0.101 0.100 0.100 0.099 0.100 0.099 0.100 0.099 0.101 
 20       20    (0)    1 :  0.101 0.099 0.100 0.099 0.101 0.099 0.100 0.101 0.099 0.099 
 21       21    (0)    1 :  0.099 0.100 0.100 0.099 0.102 0.100 0.100 0.100 0.101 0.099 
 22       22    (0)    1 :  0.100 0.099 0.101 0.101 0.100 0.100 0.100 0.100 0.100 0.100 
 23       23    (0)    1 :  0.099 0.101 0.100 0.101 0.099 0.100 0.100 0.100 0.100 0.100 
 24       24    (0)    1 :  0.100 0.100 0.100 0.100 0.100 0.100 0.100 0.100 0.100 0.100 
 25       25    (0)    1 :  0.100 0.100 0.100 0.099 0.101 0.101 0.099 0.100 0.101 0.100 
 26       26    (0)    1 :  0.100 0.099 0.099 0.100 0.103 0.099 0.100 0.100 0.103 0.099 
 27       27    (0)    1 :  0.100 0.100 0.099 0.100 0.099 0.101 0.100 0.100 0.100 0.100 
 28       28    (0)    1 :  0.100 0.100 0.100 0.100 0.100 0.100 0.099 0.101 0.101 0.099 
 29       29    (0)    1 :  0.100 0.101 0.100 0.101 0.099 0.100 0.101 0.098 0.100 0.102 
 30       30    (0)    1 :  0.099 0.100 0.100 0.100 0.100 0.100 0.100 0.099 0.100 0.101 
 31       31    (0)    1 :  0.099 0.100 0.099 0.100 0.099 0.102 0.100 0.100 0.100 0.099 
 32       32    (0)    1 :  0.100 0.100 0.100 0.101 0.100 0.100 0.100 0.099 0.100 0.100 
 33       33    (0)    1 :  0.099 0.100 0.100 0.101 0.100 0.100 0.100 0.100 0.100 0.100 
 34       34    (0)    1 :  0.101 0.100 0.100 0.101 0.099 0.100 0.100 0.100 0.098 0.100 
 35       35    (0)    1 :  0.101 0.100 0.100 0.100 0.100 0.100 0.100 0.101 0.100 0.100 
 36       36    (0)    1 :  0.100 0.100 0.100 0.100 0.100 0.099 0.101 0.100 0.100 0.100 
 37       37    (0)    1 :  0.100 0.099 0.100 0.101 0.100 0.100 0.100 0.101 0.100 0.099 
 38       38    (0)    1 :  0.100 0.100 0.100 0.099 0.102 0.100 0.100 0.100 0.100 0.099 
 39       39    (0)    1 :  0.099 0.100 0.099 0.101 0.101 0.099 0.100 0.100 0.100 0.100 
 40       40    (0)    1 :  0.100 0.101 0.100 0.100 0.100 0.100 0.100 0.099 0.099 0.101 
 41       41    (0)    1 :  0.101 0.100 0.101 0.100 0.099 0.100 0.100 0.099 0.099 0.101 
 42       42    (0)    1 :  0.101 0.101 0.100 0.100 0.100 0.101 0.099 0.100 0.100 0.099 
 43       43    (0)    1 :  0.100 0.100 0.100 0.099 0.102 0.100 0.099 0.099 0.101 0.099 
 44       44    (0)    1 :  0.099 0.100 0.099 0.102 0.099 0.101 0.100 0.099 0.100 0.101 
 45       45    (0)    1 :  0.101 0.100 0.099 0.101 0.099 0.100 0.101 0.099 0.099 0.102 
 46       46    (0)    1 :  0.101 0.100 0.099 0.099 0.099 0.101 0.100 0.100 0.100 0.101 
 47       47    (0)    1 :  0.101 0.101 0.100 0.100 0.099 0.100 0.099 0.099 0.100 0.100 
 48       48    (0)    1 :  0.101 0.100 0.100 0.101 0.099 0.099 0.100 0.100 0.099 0.101 
 49       49    (0)    1 :  0.100 0.100 0.100 0.100 0.099 0.101 0.100 0.100 0.100 0.100 
 50       50    (0)    1 :  0.099 0.100 0.099 0.101 0.099 0.100 0.101 0.099 0.100 0.100 
 51       51    (0)    1 :  0.101 0.100 0.100 0.101 0.100 0.099 0.101 0.099 0.099 0.100 
 52       52    (0)    1 :  0.100 0.100 0.100 0.100 0.099 0.100 0.100 0.099 0.101 0.100 
 53       53    (0)    1 :  0.100 0.100 0.099 0.100 0.101 0.100 0.100 0.101 0.100 0.100 
 54       54    (0)    1 :  0.100 0.099 0.100 0.100 0.101 0.100 0.100 0.101 0.101 0.099 
 55       55    (0)    1 :  0.100 0.100 0.100 0.100 0.100 0.099 0.100 0.100 0.100 0.100 
 56       56    (0)    1 :  0.100 0.100 0.100 0.101 0.099 0.099 0.100 0.101 0.099 0.100 
 57       57    (0)    1 :  0.100 0.101 0.100 0.100 0.099 0.100 0.100 0.100 0.099 0.100 
 58       58    (0)    1 :  0.102 0.100 0.099 0.100 0.100 0.100 0.100 0.100 0.099 0.100 
 59       59    (0)    1 :  0.100 0.100 0.101 0.100 0.100 0.100 0.100 0.100 0.099 0.100 
 60       60    (0)    1 :  0.101 0.101 0.099 0.100 0.099 0.099 0.100 0.100 0.099 0.101 
 61       61    (0)    1 :  0.100 0.101 0.100 0.101 0.100 0.100 0.100 0.100 0.100 0.100 
 62       62    (0)    1 :  0.100 0.101 0.099 0.100 0.101 0.100 0.099 0.099 0.100 0.100 
 63       63    (0)    1 :  0.100 0.100 0.100 0.100 0.100 0.100 0.100 0.100 0.101 0.100 
 64       64    (0)    1 :  0.101 0.100 0.101 0.099 0.101 0.100 0.099 0.100 0.100 0.099 
 65       65    (0)    1 :  0.100 0.099 0.101 0.100 0.101 0.100 0.099 0.100 0.100 0.101 
 66       66    (0)    1 :  0.100 0.100 0.101 0.100 0.100 0.099 0.099 0.100 0.100 0.100 
 67       67    (0)    1 :  0.099 0.101 0.101 0.100 0.100 0.099 0.100 0.101 0.099 0.100 
 68       68    (0)    1 :  0.100 0.100 0.100 0.100 0.099 0.100 0.100 0.100 0.100 0.101 
 69       69    (0)    1 :  0.100 0.100 0.100 0.100 0.101 0.099 0.100 0.100 0.101 0.100 
 70       70    (0)    1 :  0.100 0.100 0.100 0.099 0.102 0.100 0.101 0.100 0.099 0.099 
 71       71    (0)    1 :  0.099 0.099 0.100 0.100 0.102 0.100 0.100 0.100 0.101 0.099 
 72       72    (0)    1 :  0.100 0.100 0.100 0.099 0.100 0.100 0.100 0.100 0.100 0.100 
 73       73    (0)    1 :  0.100 0.100 0.100 0.099 0.101 0.100 0.100 0.100 0.101 0.100 
 74       74    (0)    1 :  0.100 0.100 0.101 0.101 0.100 0.100 0.100 0.099 0.100 0.100 
 75       75    (0)    1 :  0.100 0.100 0.100 0.101 0.099 0.100 0.100 0.100 0.100 0.100 
 76       76    (0)    1 :  0.099 0.100 0.099 0.101 0.100 0.101 0.101 0.099 0.100 0.101 
 77       77    (0)    1 :  0.100 0.101 0.100 0.099 0.100 0.100 0.100 0.101 0.100 0.099 
 78       78    (0)    1 :  0.100 0.099 0.100 0.100 0.101 0.100 0.100 0.100 0.100 0.100 
 79       79    (0)    1 :  0.101 0.100 0.100 0.099 0.100 0.099 0.100 0.101 0.100 0.099 
 80       80    (0)    1 :  0.101 0.100 0.100 0.099 0.100 0.100 0.100 0.100 0.100 0.100 
 81       81    (0)    1 :  0.100 0.100 0.100 0.100 0.099 0.100 0.101 0.100 0.101 0.100 
 82       82    (0)    1 :  0.100 0.100 0.099 0.100 0.100 0.101 0.100 0.100 0.101 0.100 
 83       83    (0)    1 :  0.100 0.100 0.100 0.099 0.101 0.100 0.100 0.100 0.100 0.100 
 84       84    (0)    1 :  0.099 0.100 0.100 0.100 0.100 0.100 0.100 0.100 0.100 0.100 
 85       85    (0)    1 :  0.100 0.101 0.100 0.100 0.100 0.100 0.100 0.100 0.099 0.100 
 86       86    (0)    1 :  0.100 0.101 0.100 0.099 0.101 0.100 0.100 0.100 0.101 0.099 
 87       87    (0)    1 :  0.100 0.100 0.100 0.100 0.098 0.101 0.100 0.100 0.100 0.100 
 88       88    (0)    1 :  0.100 0.100 0.100 0.100 0.100 0.100 0.100 0.100 0.100 0.100 
 89       89    (0)    1 :  0.102 0.099 0.100 0.100 0.100 0.100 0.100 0.099 0.100 0.100 
 90       90    (0)    1 :  0.099 0.100 0.100 0.101 0.101 0.099 0.100 0.100 0.100 0.099 
 91       91    (0)    1 :  0.100 0.100 0.099 0.101 0.100 0.101 0.101 0.099 0.099 0.101 
 92       92    (0)    1 :  0.100 0.100 0.100 0.099 0.101 0.100 0.100 0.100 0.101 0.099 
 93       93    (0)    1 :  0.100 0.101 0.100 0.100 0.099 0.100 0.101 0.100 0.099 0.100 
 94       94    (0)    1 :  0.101 0.100 0.100 0.100 0.100 0.099 0.100 0.100 0.100 0.100 
 95       95    (0)    1 :  0.101 0.101 0.100 0.099 0.100 0.099 0.100 0.101 0.100 0.099 
 96       96    (0)    1 :  0.099 0.101 0.100 0.099 0.101 0.099 0.100 0.100 0.100 0.100 
 97       97    (0)    1 :  0.099 0.101 0.100 0.100 0.100 0.100 0.099 0.100 0.100 0.100 
 98       98    (0)    1 :  0.100 0.099 0.100 0.100 0.100 0.101 0.100 0.100 0.099 0.101 
 99       99    (0)    1 :  0.099 0.102 0.100 0.100 0.100 0.100 0.099 0.101 0.100 0.099 
100      100    (0)    1 :  0.100 0.100 0.100 0.100 0.099 0.100 0.100 0.101 0.099 0.101 
101      101    (0)    1 :  0.100 0.100 0.100 0.100 0.100 0.100 0.101 0.099 0.100 0.100 
102      102    (0)    1 :  0.100 0.100 0.100 0.100 0.100 0.099 0.101 0.100 0.100 0.100 
103      103    (0)    1 :  0.101 0.100 0.100 0.099 0.099 0.100 0.101 0.100 0.099 0.100 
104      104    (0)    1 :  0.101 0.100 0.099 0.100 0.101 0.101 0.101 0.099 0.100 0.100 
105      105    (0)    1 :  0.101 0.099 0.100 0.100 0.099 0.101 0.100 0.101 0.100 0.100 
106      106    (0)    1 :  0.100 0.101 0.100 0.101 0.099 0.099 0.100 0.100 0.100 0.100 
107      107    (0)    1 :  0.099 0.100 0.101 0.100 0.102 0.100 0.099 0.101 0.100 0.099 
108      108    (0)    1 :  0.099 0.100 0.099 0.100 0.100 0.100 0.100 0.100 0.101 0.099 
109      109    (0)    1 :  0.099 0.100 0.099 0.100 0.100 0.100 0.100 0.100 0.101 0.101 
110      110    (0)    1 :  0.100 0.100 0.100 0.100 0.101 0.100 0.100 0.100 0.102 0.099 
111      111    (0)    1 :  0.099 0.099 0.100 0.100 0.100 0.100 0.101 0.100 0.100 0.100 
112      112    (0)    1 :  0.100 0.100 0.100 0.100 0.100 0.100 0.100 0.101 0.100 0.100 
113      113    (0)    1 :  0.099 0.100 0.101 0.100 0.099 0.100 0.100 0.099 0.100 0.100 
114      114    (0)    1 :  0.100 0.099 0.100 0.100 0.099 0.100 0.100 0.100 0.100 0.101 
115      115    (0)    1 :  0.100 0.100 0.100 0.099 0.100 0.101 0.100 0.100 0.101 0.100 
116      116    (0)    1 :  0.100 0.100 0.100 0.101 0.100 0.100 0.100 0.100 0.099 0.100 
117      117    (0)    1 :  0.101 0.100 0.100 0.100 0.100 0.100 0.100 0.100 0.100 0.100 
118      118    (0)    1 :  0.100 0.101 0.100 0.100 0.099 0.101 0.101 0.100 0.099 0.101 
119      119    (0)    1 :  0.100 0.100 0.100 0.102 0.099 0.099 0.101 0.099 0.100 0.100 
120      120    (0)    1 :  0.100 0.100 0.100 0.100 0.100 0.100 0.100 0.100 0.100 0.101 
121      121    (0)    1 :  0.100 0.101 0.099 0.099 0.100 0.101 0.100 0.100 0.100 0.100 
122      122    (0)    1 :  0.100 0.100 0.100 0.100 0.101 0.100 0.100 0.100 0.100 0.100 
123      123    (0)    1 :  0.100 0.100 0.100 0.102 0.100 0.100 0.101 0.099 0.100 0.100 
124      124    (0)    1 :  0.100 0.100 0.099 0.100 0.099 0.100 0.101 0.100 0.100 0.100 
125      125    (0)    1 :  0.100 0.099 0.100 0.101 0.099 0.101 0.100 0.099 0.100 0.100 
126      126    (0)    1 :  0.100 0.099 0.100 0.100 0.099 0.101 0.100 0.100 0.100 0.101 
127      127    (0)    1 :  0.100 0.100 0.100 0.100 0.101 0.100 0.100 0.100 0.099 0.100 
128      128    (0)    1 :  0.100 0.100 0.100 0.101 0.099 0.100 0.100 0.100 0.100 0.101 
129      129    (0)    1 :  0.100 0.100 0.100 0.100 0.101 0.100 0.100 0.100 0.100 0.099 
130      130    (0)    1 :  0.100 0.100 0.100 0.099 0.101 0.100 0.100 0.100 0.101 0.099 
131      131    (0)    1 :  0.100 0.100 0.099 0.099 0.100 0.101 0.100 0.099 0.100 0.101 
132      132    (0)    1 :  0.099 0.100 0.101 0.100 0.100 0.100 0.099 0.100 0.101 0.100 
133      133    (0)    1 :  0.100 0.100 0.099 0.100 0.100 0.100 0.100 0.100 0.100 0.100 
134      134    (0)    1 :  0.101 0.101 0.100 0.099 0.099 0.100 0.101 0.100 0.100 0.100 
135      135    (0)    1 :  0.099 0.100 0.101 0.099 0.101 0.100 0.100 0.100 0.100 0.100 
136      136    (0)    1 :  0.100 0.100 0.100 0.100 0.100 0.100 0.100 0.100 0.100 0.100 
137      137    (0)    1 :  0.100 0.100 0.100 0.100 0.100 0.101 0.100 0.100 0.100 0.100 
138      138    (0)    1 :  0.100 0.099 0.100 0.101 0.101 0.099 0.101 0.100 0.100 0.100 
139      139    (0)    1 :  0.100 0.100 0.100 0.101 0.100 0.100 0.100 0.100 0.101 0.100 
140      140    (0)    1 :  0.099 0.099 0.100 0.099 0.103 0.100 0.100 0.100 0.101 0.099 
141      141    (0)    1 :  0.100 0.101 0.101 0.100 0.100 0.100 0.099 0.100 0.100 0.099 
142      142    (0)    1 :  0.100 0.101 0.100 0.100 0.100 0.099 0.099 0.100 0.100 0.099 
143      143    (0)    1 :  0.100 0.100 0.099 0.100 0.100 0.100 0.100 0.100 0.101 0.100 
144      144    (0)    1 :  0.100 0.100 0.099 0.100 0.099 0.099 0.100 0.100 0.101 0.101 
145      145    (0)    1 :  0.100 0.100 0.100 0.100 0.100 0.101 0.099 0.100 0.099 0.100 
146      146    (0)    1 :  0.098 0.100 0.101 0.099 0.101 0.100 0.099 0.100 0.101 0.100 
147      147    (0)    1 :  0.100 0.100 0.100 0.100 0.100 0.100 0.101 0.100 0.100 0.100 
148      148    (0)    1 :  0.100 0.099 0.100 0.100 0.099 0.101 0.099 0.100 0.100 0.101 
149      149    (0)    1 :  0.099 0.099 0.100 0.099 0.102 0.100 0.099 0.100 0.101 0.099 
150      150    (0)    1 :  0.100 0.100 0.101 0.100 0.099 0.100 0.101 0.101 0.099 0.100 
151      151    (0)    1 :  0.100 0.100 0.100 0.100 0.100 0.100 0.100 0.100 0.100 0.100 
152      152    (0)    1 :  0.100 0.101 0.100 0.100 0.100 0.100 0.100 0.099 0.100 0.101 
153      153    (0)    1 :  0.099 0.100 0.099 0.099 0.102 0.100 0.099 0.100 0.102 0.100 
154      154    (0)    1 :  0.100 0.099 0.101 0.101 0.099 0.100 0.100 0.099 0.100 0.101 
155      155    (0)    1 :  0.101 0.100 0.100 0.100 0.099 0.100 0.100 0.100 0.099 0.100 
156      156    (0)    1 :  0.100 0.100 0.100 0.099 0.100 0.100 0.100 0.100 0.100 0.100 
157      157    (0)    1 :  0.101 0.100 0.099 0.100 0.099 0.101 0.100 0.100 0.100 0.100 
158      158    (0)    1 :  0.100 0.100 0.100 0.100 0.099 0.101 0.100 0.100 0.100 0.100 
159      159    (0)    1 :  0.099 0.100 0.100 0.100 0.101 0.100 0.100 0.100 0.100 0.100 
160      160    (0)    1 :  0.100 0.101 0.099 0.100 0.100 0.101 0.100 0.099 0.100 0.100 
161      161    (0)    1 :  0.101 0.101 0.100 0.100 0.099 0.101 0.100 0.099 0.101 0.100 
162      162    (0)    1 :  0.100 0.099 0.100 0.101 0.099 0.100 0.101 0.100 0.099 0.101 
163      163    (0)    1 :  0.100 0.101 0.099 0.099 0.100 0.100 0.100 0.100 0.100 0.100 
164      164    (0)    1 :  0.100 0.100 0.100 0.100 0.102 0.100 0.100 0.100 0.101 0.099 
165      165    (0)    1 :  0.099 0.099 0.100 0.100 0.100 0.100 0.100 0.100 0.099 0.101 
166      166    (0)    1 :  0.100 0.100 0.100 0.099 0.099 0.102 0.099 0.100 0.100 0.100 
167      167    (0)    1 :  0.100 0.100 0.099 0.101 0.099 0.100 0.101 0.100 0.100 0.100 
168      168    (0)    1 :  0.099 0.098 0.100 0.101 0.100 0.100 0.100 0.101 0.101 0.099 
169      169    (0)    1 :  0.100 0.100 0.100 0.101 0.100 0.100 0.101 0.100 0.099 0.100 
170      170    (0)    1 :  0.099 0.101 0.101 0.100 0.100 0.100 0.100 0.101 0.099 0.099 
171      171    (0)    1 :  0.100 0.100 0.099 0.099 0.101 0.100 0.100 0.100 0.101 0.099 
172      172    (0)    1 :  0.100 0.099 0.099 0.104 0.099 0.100 0.100 0.100 0.099 0.100 
173      173    (0)    1 :  0.101 0.100 0.101 0.100 0.099 0.099 0.101 0.100 0.099 0.100 
174      174    (0)    1 :  0.099 0.100 0.100 0.100 0.100 0.101 0.100 0.100 0.101 0.099 
175      175    (0)    1 :  0.101 0.100 0.100 0.100 0.101 0.100 0.100 0.100 0.099 0.100 
176      176    (0)    1 :  0.101 0.100 0.099 0.100 0.099 0.100 0.100 0.100 0.100 0.101 
177      177    (0)    1 :  0.099 0.101 0.100 0.100 0.101 0.100 0.100 0.100 0.100 0.100 
178      178    (0)    1 :  0.101 0.100 0.099 0.101 0.099 0.101 0.100 0.100 0.100 0.100 
179      179    (0)    1 :  0.100 0.100 0.100 0.100 0.100 0.100 0.100 0.099 0.100 0.101 
180      180    (0)    1 :  0.100 0.101 0.100 0.101 0.100 0.099 0.100 0.100 0.100 0.099 
181      181    (0)    1 :  0.100 0.100 0.100 0.101 0.099 0.100 0.100 0.099 0.100 0.101 
182      182    (0)    1 :  0.099 0.099 0.101 0.100 0.102 0.099 0.099 0.101 0.101 0.099 
183      183    (0)    1 :  0.100 0.100 0.101 0.099 0.101 0.100 0.100 0.101 0.100 0.100 


Estimated Allele Frequencies in each cluster
First column gives estimated ancestral frequencies


Locus 1 : 
4 alleles
0.0% missing data
 151   (0.901) 0.911 0.915 0.912 0.905 0.912 0.908 0.911 0.913 0.910 0.909 
 153   (0.077) 0.074 0.070 0.073 0.074 0.073 0.075 0.072 0.071 0.072 0.074 
 155   (0.010) 0.007 0.007 0.007 0.010 0.007 0.008 0.008 0.008 0.008 0.008 
 149   (0.012) 0.008 0.008 0.008 0.011 0.008 0.009 0.009 0.008 0.009 0.009 

Locus 2 : 
7 alleles
0.0% missing data
 242   (0.509) 0.522 0.522 0.528 0.510 0.543 0.521 0.523 0.521 0.507 0.515 
 240   (0.022) 0.017 0.018 0.018 0.021 0.017 0.019 0.019 0.018 0.019 0.019 
 244   (0.158) 0.155 0.167 0.153 0.159 0.149 0.155 0.156 0.163 0.158 0.162 
 238   (0.192) 0.201 0.190 0.198 0.196 0.189 0.196 0.193 0.190 0.207 0.195 
 258   (0.062) 0.059 0.056 0.057 0.060 0.056 0.059 0.058 0.059 0.058 0.060 
 234   (0.044) 0.037 0.037 0.036 0.042 0.036 0.039 0.039 0.038 0.040 0.039 
 256   (0.013) 0.010 0.010 0.009 0.012 0.010 0.011 0.011 0.010 0.011 0.011 

Locus 3 : 
12 alleles
0.0% missing data
 178   (0.213) 0.220 0.234 0.234 0.219 0.263 0.219 0.231 0.227 0.218 0.221 
 182   (0.077) 0.074 0.073 0.072 0.075 0.070 0.076 0.076 0.076 0.075 0.075 
 184   (0.173) 0.172 0.173 0.171 0.173 0.169 0.180 0.179 0.175 0.173 0.183 
 192   (0.188) 0.205 0.206 0.197 0.194 0.188 0.189 0.191 0.193 0.203 0.191 
 196   (0.059) 0.060 0.055 0.061 0.057 0.059 0.063 0.056 0.056 0.058 0.055 
 194   (0.067) 0.062 0.061 0.064 0.065 0.059 0.065 0.062 0.064 0.066 0.063 
 198   (0.021) 0.018 0.018 0.017 0.020 0.017 0.019 0.018 0.018 0.018 0.019 
 190   (0.057) 0.053 0.051 0.052 0.055 0.050 0.053 0.053 0.053 0.054 0.054 
 200   (0.079) 0.082 0.076 0.080 0.077 0.075 0.079 0.077 0.081 0.077 0.080 
 202   (0.016) 0.013 0.013 0.012 0.015 0.012 0.013 0.013 0.013 0.014 0.014 
 188   (0.027) 0.023 0.023 0.022 0.027 0.022 0.024 0.024 0.024 0.025 0.025 
 186   (0.022) 0.018 0.018 0.018 0.021 0.017 0.019 0.019 0.019 0.019 0.019 

Locus 4 : 
10 alleles
0.0% missing data
 156   (0.168) 0.164 0.163 0.179 0.170 0.159 0.166 0.167 0.170 0.173 0.167 
 162   (0.022) 0.018 0.018 0.017 0.021 0.017 0.019 0.019 0.019 0.020 0.019 
 168   (0.425) 0.449 0.457 0.438 0.433 0.424 0.437 0.439 0.441 0.434 0.442 
 160   (0.074) 0.065 0.064 0.067 0.072 0.062 0.068 0.071 0.068 0.071 0.070 
 166   (0.137) 0.144 0.138 0.142 0.135 0.183 0.146 0.142 0.140 0.142 0.141 
 158   (0.115) 0.114 0.113 0.112 0.113 0.109 0.113 0.113 0.114 0.110 0.110 
 164   (0.010) 0.007 0.007 0.007 0.009 0.007 0.008 0.008 0.007 0.008 0.008 
 176   (0.007) 0.004 0.005 0.004 0.006 0.004 0.005 0.005 0.005 0.005 0.005 
 170   (0.029) 0.024 0.025 0.025 0.028 0.024 0.027 0.026 0.026 0.027 0.026 
 172   (0.013) 0.010 0.010 0.009 0.012 0.010 0.011 0.011 0.010 0.011 0.011 

Locus 5 : 
7 alleles
0.0% missing data
 168   (0.590) 0.613 0.607 0.619 0.597 0.631 0.599 0.605 0.609 0.605 0.598 
 174   (0.234) 0.227 0.241 0.228 0.231 0.218 0.233 0.231 0.232 0.235 0.236 
 176   (0.123) 0.121 0.112 0.114 0.123 0.112 0.124 0.120 0.117 0.117 0.122 
 172   (0.025) 0.020 0.021 0.020 0.024 0.019 0.022 0.021 0.022 0.022 0.022 
 178   (0.010) 0.007 0.007 0.007 0.010 0.007 0.008 0.008 0.008 0.008 0.008 
 166   (0.011) 0.008 0.008 0.007 0.010 0.008 0.009 0.009 0.008 0.009 0.009 
 164   (0.007) 0.004 0.005 0.004 0.006 0.004 0.005 0.005 0.005 0.005 0.005 

Values of parameters used in structure:
DATAFILE=/home/martin/bottleneck/structure_analysis/structure_4/data_job_T10_2,	OUTFILE=/home/martin/bottleneck/structure_analysis/structure_4/structure_results/australian_fur_seal/results_job_T10_2,	NUMINDS=183,	NUMLOCI=5,	MISSING=-9,	LABEL=1,	POPDATA=1,	POPFLAG=0,	PHENOTYPE=0,	EXTRACOLS=0,	MAXPOPS=10,	BURNIN=10000,	NUMREPS=100000,	USEPOPINFO=0,	INFERALPHA=1,	INFERLAMBDA=0,	POPSPECIFICLAMBDA=0,	POPALPHAS=0,	COMPUTEPROB=1,	NOADMIX=0,	ADMBURNIN=2500,	UPDATEFREQ=1,	PRINTLIKES=0,	INTERMEDSAVE=0,	PRINTKLD=0,	PRINTNET=0,	PRINTLAMBDA=0,	ANCESTDIST=0,	NUMBOXES=1000,	ANCESTPINT=0.90000,	GENSBACK=2,	MIGRPRIOR=0.05000,	PRINTQHAT=1,	PRINTQSUM=0,	ALPHA=1.0000,	FREQSCORR=1,	FPRIORMEAN=0.0100,	FPRIORSD=0.0500,	ONEFST=0,	LAMBDA=1.0000,	UNIFPRIORALPHA=1,	ALPHAMAX=10.0000,	ALPHAPRIORA=1.0000,	ALPHAPRIORB=2.0000,	ALPHAPROPSD=0.0250,	STARTATPOPINFO=0,	RANDOMIZE=1,	LINKAGE=0,	METROFREQ=10,	REPORTHITRATE=0,	MARKOVPHASE=-1,	PHASED=0,	PLOIDY=2,	PHASEINFO=0	LOCPRIOR=0, 	LOCPRIORINIT=1.000000, 	LOCDATA=0, 	LOCISPOP=0, 	LOCPRIORSTEP=0.100000, 	MAXLOCPRIOR=20.000000, 	SEED=1470681945,	
[STRAT parameters]:    NUMSIMSTATS=1000,	PHENOTYPECOL=-9,	POOLFREQ=10,	LOCUSxONLY=0,	EMERROR=0.00100,	MISSINGPHENO=-9,	