  1:   0.5480  0.4520  1
  2:   0.5470  0.4530  1
  3:   0.4570  0.5430  1
  4:   0.4890  0.5110  1
  5:   0.6170  0.3830  1
  6:   0.5040  0.4960  1
  7:   0.4900  0.5100  1
  8:   0.4460  0.5540  1
  9:   0.4840  0.5160  1
 10:   0.3480  0.6520  1
 11:   0.4940  0.5060  1
 12:   0.4000  0.6000  1
 13:   0.4360  0.5640  1
 14:   0.6120  0.3880  1
 15:   0.6990  0.3010  1
 16:   0.4760  0.5240  1
 17:   0.4680  0.5320  1
 18:   0.6560  0.3440  1
 19:   0.6000  0.4000  1
 20:   0.3800  0.6200  1
 21:   0.4730  0.5270  1
 22:   0.5570  0.4430  1
 23:   0.5210  0.4790  1
 24:   0.3690  0.6310  1
 25:   0.5930  0.4070  1
 26:   0.5380  0.4620  1
 27:   0.4980  0.5020  1
 28:   0.4920  0.5080  1
 29:   0.5820  0.4180  1
 30:   0.4550  0.5450  1
 31:   0.4010  0.5990  1
 32:   0.6180  0.3820  1
 33:   0.5540  0.4460  1
 34:   0.5250  0.4750  1
 35:   0.5400  0.4600  1
 36:   0.6340  0.3660  1
 37:   0.5320  0.4680  1
 38:   0.5110  0.4890  1
 39:   0.4890  0.5110  1
 40:   0.6130  0.3870  1
 41:   0.3750  0.6250  1
 42:   0.5400  0.4600  1
 43:   0.5520  0.4480  1
 44:   0.4770  0.5230  1
 45:   0.5670  0.4330  1
 46:   0.5640  0.4360  1
 47:   0.4680  0.5320  1
 48:   0.7100  0.2900  1
 49:   0.3490  0.6510  1
 50:   0.5430  0.4570  1
 51:   0.4540  0.5460  1
 52:   0.3760  0.6240  1
 53:   0.5140  0.4860  1
 54:   0.4870  0.5130  1
 55:   0.6720  0.3280  1
 56:   0.6200  0.3800  1
 57:   0.4350  0.5650  1
 58:   0.7330  0.2670  1
 59:   0.5880  0.4120  1
 60:   0.4610  0.5390  1
 61:   0.4730  0.5270  1
 62:   0.4960  0.5040  1
 63:   0.4320  0.5680  1
 64:   0.4440  0.5560  1
 65:   0.5210  0.4790  1
 66:   0.4410  0.5590  1
 67:   0.3400  0.6600  1
 68:   0.5230  0.4770  1
 69:   0.4120  0.5880  1
 70:   0.5660  0.4340  1
 71:   0.4070  0.5930  1
 72:   0.3950  0.6050  1
 73:   0.5930  0.4070  1
 74:   0.4490  0.5510  1
 75:   0.4550  0.5450  1
 76:   0.4610  0.5390  1
 77:   0.5400  0.4600  1
 78:   0.4390  0.5610  1
 79:   0.4720  0.5280  1
 80:   0.4190  0.5810  1
 81:   0.3330  0.6670  1
 82:   0.5230  0.4770  1
 83:   0.3650  0.6350  1
 84:   0.5010  0.4990  1
 85:   0.5190  0.4810  1
 86:   0.5680  0.4320  1
 87:   0.3220  0.6780  1
 88:   0.5790  0.4210  1
 89:   0.5020  0.4980  1
 90:   0.5280  0.4720  1
 91:   0.4800  0.5200  1
 92:   0.5220  0.4780  1
 93:   0.3710  0.6290  1
 94:   0.4670  0.5330  1
 95:   0.5450  0.4550  1
 96:   0.4770  0.5230  1
 97:   0.3910  0.6090  1
 98:   0.4350  0.5650  1
 99:   0.3790  0.6210  1
100:   0.4560  0.5440  1
101:   0.4300  0.5700  1
102:   0.6190  0.3810  1
103:   0.6190  0.3810  1
104:   0.4590  0.5410  1
105:   0.4570  0.5430  1
106:   0.4850  0.5150  1
107:   0.5120  0.4880  1
108:   0.4780  0.5220  1
109:   0.4760  0.5240  1
110:   0.4870  0.5130  1
111:   0.5920  0.4080  1
112:   0.5660  0.4340  1
113:   0.5400  0.4600  1
114:   0.5800  0.4200  1
115:   0.4540  0.5460  1
116:   0.5350  0.4650  1
117:   0.6510  0.3490  1
118:   0.4610  0.5390  1
119:   0.6670  0.3330  1
120:   0.6670  0.3330  1
121:   0.4330  0.5670  1
122:   0.2990  0.7010  1
123:   0.6190  0.3810  1
124:   0.4260  0.5740  1
125:   0.5820  0.4180  1
126:   0.5260  0.4740  1
127:   0.4820  0.5180  1
128:   0.5530  0.4470  1
129:   0.4080  0.5920  1
130:   0.3740  0.6260  1
131:   0.4500  0.5500  1
132:   0.6840  0.3160  1
133:   0.5900  0.4100  1
134:   0.5700  0.4300  1
135:   0.4390  0.5610  1
136:   0.5720  0.4280  1
137:   0.4920  0.5080  1
138:   0.6080  0.3920  1
139:   0.5560  0.4440  1
140:   0.3910  0.6090  1
141:   0.5210  0.4790  1
142:   0.6480  0.3520  1
143:   0.4530  0.5470  1
144:   0.4980  0.5020  1
145:   0.6530  0.3470  1
146:   0.4450  0.5550  1
147:   0.5230  0.4770  1
148:   0.4260  0.5740  1
149:   0.5670  0.4330  1
150:   0.4070  0.5930  1
151:   0.4140  0.5860  1
152:   0.4710  0.5290  1
153:   0.4450  0.5550  1
154:   0.4750  0.5250  1
155:   0.6450  0.3550  1
156:   0.4030  0.5970  1
157:   0.5930  0.4070  1
158:   0.5200  0.4800  1
159:   0.5200  0.4800  1
160:   0.5730  0.4270  1
161:   0.6310  0.3690  1
162:   0.5210  0.4790  1
163:   0.5100  0.4900  1
164:   0.5770  0.4230  1
165:   0.4830  0.5170  1
166:   0.4890  0.5110  1
167:   0.6860  0.3140  1
168:   0.4840  0.5160  1
169:   0.5010  0.4990  1
170:   0.3660  0.6340  1
171:   0.5130  0.4870  1
172:   0.4530  0.5470  1
173:   0.5910  0.4090  1
174:   0.5180  0.4820  1
175:   0.4350  0.5650  1
176:   0.4410  0.5590  1
177:   0.3330  0.6670  1
178:   0.4630  0.5370  1
179:   0.5650  0.4350  1
180:   0.4160  0.5840  1
181:   0.5970  0.4030  1
182:   0.3850  0.6150  1
183:   0.5730  0.4270  1
184:   0.4730  0.5270  1
185:   0.5790  0.4210  1
186:   0.5390  0.4610  1
187:   0.5030  0.4970  1
188:   0.6260  0.3740  1
189:   0.4780  0.5220  1
190:   0.4220  0.5780  1
191:   0.5830  0.4170  1
192:   0.5190  0.4810  1
193:   0.5420  0.4580  1
194:   0.6240  0.3760  1
195:   0.4040  0.5960  1
196:   0.5330  0.4670  1
197:   0.6080  0.3920  1
198:   0.5610  0.4390  1
199:   0.4440  0.5560  1
200:   0.5730  0.4270  1
201:   0.3500  0.6500  1
202:   0.5190  0.4810  1
203:   0.4590  0.5410  1
204:   0.3910  0.6090  1
205:   0.4550  0.5450  1
206:   0.4040  0.5960  1
207:   0.5710  0.4290  1
208:   0.4070  0.5930  1
209:   0.4980  0.5020  1
210:   0.4400  0.5600  1
211:   0.3690  0.6310  1
212:   0.6310  0.3690  1
213:   0.5620  0.4380  1
214:   0.3620  0.6380  1
215:   0.5770  0.4230  1
216:   0.4710  0.5290  1
217:   0.5960  0.4040  1
218:   0.6160  0.3840  1
219:   0.4580  0.5420  1
220:   0.5040  0.4960  1
221:   0.4310  0.5690  1
222:   0.5600  0.4400  1
223:   0.5830  0.4170  1
224:   0.4280  0.5720  1
225:   0.3680  0.6320  1
226:   0.5350  0.4650  1
227:   0.4360  0.5640  1
228:   0.5220  0.4780  1
229:   0.4730  0.5270  1
230:   0.5660  0.4340  1
231:   0.4770  0.5230  1
232:   0.5070  0.4930  1
233:   0.5400  0.4600  1
234:   0.4940  0.5060  1
235:   0.4580  0.5420  1
236:   0.6260  0.3740  1
237:   0.4830  0.5170  1
238:   0.5000  0.5000  1
239:   0.4150  0.5850  1
240:   0.5160  0.4840  1
241:   0.4070  0.5930  1
242:   0.4780  0.5220  1
243:   0.5440  0.4560  1
244:   0.4150  0.5850  1
245:   0.4850  0.5150  1
246:   0.5780  0.4220  1
247:   0.4710  0.5290  1
248:   0.5090  0.4910  1
249:   0.4260  0.5740  1
250:   0.6510  0.3490  1
251:   0.5740  0.4260  1
252:   0.3710  0.6290  1
253:   0.4420  0.5580  1
254:   0.5350  0.4650  1
255:   0.4400  0.5600  1
256:   0.5630  0.4370  1
257:   0.4150  0.5850  1
258:   0.4810  0.5190  1
259:   0.4070  0.5930  1
260:   0.4640  0.5360  1
261:   0.4530  0.5470  1
262:   0.4850  0.5150  1
263:   0.4350  0.5650  1
264:   0.5090  0.4910  1
265:   0.4530  0.5470  1
266:   0.5080  0.4920  1
267:   0.4860  0.5140  1
268:   0.5340  0.4660  1
269:   0.3380  0.6620  1
270:   0.4120  0.5880  1
271:   0.5270  0.4730  1
272:   0.4280  0.5720  1
273:   0.4950  0.5050  1
274:   0.4780  0.5220  1
275:   0.3930  0.6070  1
276:   0.5580  0.4420  1
277:   0.3670  0.6330  1
278:   0.2940  0.7060  1
279:   0.6240  0.3760  1
280:   0.5810  0.4190  1
281:   0.4260  0.5740  1
282:   0.3970  0.6030  1
283:   0.5570  0.4430  1
284:   0.4720  0.5280  1
285:   0.4990  0.5010  1
286:   0.4200  0.5800  1
287:   0.6370  0.3630  1
288:   0.3860  0.6140  1
289:   0.5280  0.4720  1
290:   0.5420  0.4580  1
291:   0.6410  0.3590  1
292:   0.5010  0.4990  1
293:   0.5370  0.4630  1
294:   0.4150  0.5850  1
295:   0.6840  0.3160  1
296:   0.4670  0.5330  1
297:   0.4450  0.5550  1
298:   0.4910  0.5090  1
299:   0.6500  0.3500  1
300:   0.4760  0.5240  1
301:   0.5260  0.4740  1
302:   0.7050  0.2950  1
303:   0.4910  0.5090  1
304:   0.4600  0.5400  1
305:   0.5590  0.4410  1
306:   0.5450  0.4550  1
307:   0.4700  0.5300  1
308:   0.5180  0.4820  1
309:   0.4030  0.5970  1
310:   0.4230  0.5770  1
311:   0.4510  0.5490  1
312:   0.4030  0.5970  1
313:   0.4710  0.5290  1
314:   0.5100  0.4900  1
315:   0.4710  0.5290  1
316:   0.4730  0.5270  1
317:   0.3870  0.6130  1
318:   0.4210  0.5790  1
319:   0.5860  0.4140  1
320:   0.5650  0.4350  1
321:   0.5760  0.4240  1
322:   0.5150  0.4850  1
323:   0.4740  0.5260  1
324:   0.4290  0.5710  1
325:   0.5240  0.4760  1
326:   0.3870  0.6130  1
327:   0.4960  0.5040  1
328:   0.4810  0.5190  1
329:   0.4260  0.5740  1
330:   0.4120  0.5880  1
331:   0.4560  0.5440  1
332:   0.3830  0.6170  1
333:   0.4120  0.5880  1
334:   0.4050  0.5950  1
335:   0.4950  0.5050  1
336:   0.4600  0.5400  1
337:   0.5530  0.4470  1
338:   0.3910  0.6090  1
339:   0.5190  0.4810  1
340:   0.4960  0.5040  1
341:   0.6440  0.3560  1
342:   0.3900  0.6100  1
343:   0.3400  0.6600  1
344:   0.4040  0.5960  1
345:   0.3760  0.6240  1
346:   0.5570  0.4430  1
347:   0.4970  0.5030  1
348:   0.5510  0.4490  1
349:   0.5010  0.4990  1
350:   0.5490  0.4510  1
351:   0.5860  0.4140  1
352:   0.5210  0.4790  1
353:   0.5700  0.4300  1
354:   0.3760  0.6240  1
355:   0.4380  0.5620  1
356:   0.4790  0.5210  1
357:   0.5210  0.4790  1
358:   0.4890  0.5110  1
359:   0.6040  0.3960  1
360:   0.6080  0.3920  1
361:   0.5290  0.4710  1
362:   0.5100  0.4900  1
363:   0.4650  0.5350  1
364:   0.3990  0.6010  1
365:   0.5050  0.4950  1
366:   0.5810  0.4190  1
367:   0.5400  0.4600  1
368:   0.5370  0.4630  1
369:   0.5490  0.4510  1
370:   0.5310  0.4690  1
371:   0.5000  0.5000  1
372:   0.5910  0.4090  1
373:   0.5290  0.4710  1
374:   0.5800  0.4200  1
375:   0.4520  0.5480  1
376:   0.5730  0.4270  1
377:   0.6420  0.3580  1
378:   0.5480  0.4520  1
379:   0.6780  0.3220  1
380:   0.6250  0.3750  1
381:   0.4760  0.5240  1
382:   0.4650  0.5350  1
383:   0.4630  0.5370  1
384:   0.6190  0.3810  1
385:   0.3430  0.6570  1
386:   0.7060  0.2940  1
387:   0.5260  0.4740  1
388:   0.6550  0.3450  1
389:   0.4500  0.5500  1
390:   0.4250  0.5750  1
391:   0.5830  0.4170  1
392:   0.4480  0.5520  1
393:   0.6540  0.3460  1
394:   0.3270  0.6730  1
395:   0.4620  0.5380  1
396:   0.4150  0.5850  1
397:   0.3650  0.6350  1
398:   0.4930  0.5070  1
399:   0.5560  0.4440  1
400:   0.5630  0.4370  1
401:   0.5150  0.4850  1
402:   0.4600  0.5400  1
403:   0.3290  0.6710  1
404:   0.4020  0.5980  1
405:   0.4860  0.5140  1
406:   0.4340  0.5660  1
407:   0.7000  0.3000  1
408:   0.5300  0.4700  1
409:   0.4930  0.5070  1
410:   0.4790  0.5210  1
411:   0.3890  0.6110  1
412:   0.5650  0.4350  1
413:   0.3380  0.6620  1
414:   0.5820  0.4180  1
415:   0.5860  0.4140  1
416:   0.4990  0.5010  1
417:   0.4960  0.5040  1
418:   0.5490  0.4510  1
419:   0.4700  0.5300  1
420:   0.4610  0.5390  1
421:   0.4130  0.5870  1
422:   0.4230  0.5770  1
423:   0.4930  0.5070  1
424:   0.3920  0.6080  1
425:   0.5850  0.4150  1
426:   0.5780  0.4220  1
427:   0.5150  0.4850  1
428:   0.5060  0.4940  1
429:   0.5810  0.4190  1
430:   0.4940  0.5060  1
431:   0.4360  0.5640  1
432:   0.6330  0.3670  1
433:   0.5620  0.4380  1
434:   0.4920  0.5080  1
435:   0.4920  0.5080  1
436:   0.5260  0.4740  1
437:   0.5590  0.4410  1
438:   0.6370  0.3630  1
439:   0.4500  0.5500  1
440:   0.4210  0.5790  1
441:   0.5600  0.4400  1
442:   0.3670  0.6330  1
443:   0.5040  0.4960  1
444:   0.5570  0.4430  1
445:   0.4420  0.5580  1
446:   0.4100  0.5900  1
447:   0.4850  0.5150  1
448:   0.5510  0.4490  1
449:   0.5620  0.4380  1
450:   0.4510  0.5490  1
451:   0.5040  0.4960  1
452:   0.3760  0.6240  1
453:   0.5400  0.4600  1
454:   0.4020  0.5980  1
455:   0.4610  0.5390  1
456:   0.4880  0.5120  1
457:   0.6410  0.3590  1
458:   0.4860  0.5140  1
459:   0.5590  0.4410  1
460:   0.4240  0.5760  1
461:   0.5010  0.4990  1
462:   0.3630  0.6370  1
463:   0.5960  0.4040  1
464:   0.4650  0.5350  1
465:   0.4180  0.5820  1
466:   0.6480  0.3520  1
467:   0.4700  0.5300  1
468:   0.5210  0.4790  1
469:   0.5970  0.4030  1
470:   0.5680  0.4320  1
471:   0.3620  0.6380  1
472:   0.6060  0.3940  1
473:   0.5850  0.4150  1
474:   0.4320  0.5680  1
475:   0.4740  0.5260  1
476:   0.4630  0.5370  1
477:   0.5060  0.4940  1
478:   0.5220  0.4780  1
479:   0.4190  0.5810  1
480:   0.5810  0.4190  1
481:   0.4780  0.5220  1
482:   0.5990  0.4010  1
483:   0.4360  0.5640  1
484:   0.3520  0.6480  1
485:   0.3700  0.6300  1
486:   0.5020  0.4980  1
487:   0.5280  0.4720  1
488:   0.5310  0.4690  1
489:   0.4460  0.5540  1
490:   0.5750  0.4250  1
491:   0.6590  0.3410  1
492:   0.5090  0.4910  1
493:   0.5110  0.4890  1
494:   0.5160  0.4840  1
495:   0.4230  0.5770  1
496:   0.3510  0.6490  1
497:   0.4910  0.5090  1
498:   0.5130  0.4870  1
499:   0.5870  0.4130  1
500:   0.5650  0.4350  1
501:   0.4380  0.5620  1
502:   0.4670  0.5330  1
503:   0.5390  0.4610  1
504:   0.4580  0.5420  1
505:   0.5480  0.4520  1
506:   0.4710  0.5290  1
507:   0.4690  0.5310  1
508:   0.3460  0.6540  1
509:   0.4650  0.5350  1
510:   0.4520  0.5480  1
511:   0.6070  0.3930  1
512:   0.5420  0.4580  1
513:   0.3630  0.6370  1
514:   0.4360  0.5640  1
515:   0.6830  0.3170  1
516:   0.4610  0.5390  1
517:   0.4080  0.5920  1
518:   0.4090  0.5910  1
519:   0.4830  0.5170  1
520:   0.5700  0.4300  1
521:   0.4780  0.5220  1
522:   0.4570  0.5430  1
523:   0.5510  0.4490  1
524:   0.4090  0.5910  1
525:   0.5700  0.4300  1
526:   0.5600  0.4400  1
527:   0.4960  0.5040  1
528:   0.6320  0.3680  1
529:   0.5420  0.4580  1
530:   0.5710  0.4290  1
531:   0.4810  0.5190  1
532:   0.3350  0.6650  1
533:   0.5610  0.4390  1
534:   0.5470  0.4530  1
535:   0.6100  0.3900  1
536:   0.5150  0.4850  1
537:   0.6150  0.3850  1
538:   0.4630  0.5370  1
539:   0.5700  0.4300  1
540:   0.4980  0.5020  1
541:   0.4450  0.5550  1
542:   0.6470  0.3530  1
543:   0.6760  0.3240  1
544:   0.6020  0.3980  1
545:   0.4990  0.5010  1
546:   0.6110  0.3890  1
547:   0.4760  0.5240  1
548:   0.4580  0.5420  1
549:   0.4730  0.5270  1
550:   0.5150  0.4850  1
551:   0.6190  0.3810  1
552:   0.5170  0.4830  1
553:   0.4190  0.5810  1
554:   0.7180  0.2820  1
555:   0.4270  0.5730  1
556:   0.4120  0.5880  1
557:   0.5210  0.4790  1
558:   0.5210  0.4790  1
559:   0.4380  0.5620  1
560:   0.6320  0.3680  1
561:   0.4110  0.5890  1
562:   0.6150  0.3850  1
563:   0.4730  0.5270  1
564:   0.4620  0.5380  1
565:   0.5090  0.4910  1
566:   0.4000  0.6000  1
567:   0.5050  0.4950  1
568:   0.6170  0.3830  1
569:   0.3960  0.6040  1
570:   0.5230  0.4770  1
571:   0.4920  0.5080  1
572:   0.5470  0.4530  1
573:   0.5060  0.4940  1
574:   0.4290  0.5710  1
575:   0.4360  0.5640  1
576:   0.4980  0.5020  1
577:   0.4510  0.5490  1
578:   0.5530  0.4470  1
579:   0.4910  0.5090  1
580:   0.4210  0.5790  1
581:   0.6170  0.3830  1
582:   0.4520  0.5480  1
583:   0.5530  0.4470  1
584:   0.5350  0.4650  1
585:   0.4350  0.5650  1
586:   0.4600  0.5400  1
587:   0.4400  0.5600  1
588:   0.3760  0.6240  1
589:   0.5600  0.4400  1
590:   0.4410  0.5590  1
591:   0.5480  0.4520  1
592:   0.4570  0.5430  1
593:   0.5620  0.4380  1
594:   0.6140  0.3860  1
595:   0.5790  0.4210  1
596:   0.5830  0.4170  1
597:   0.5340  0.4660  1
598:   0.5180  0.4820  1
599:   0.5540  0.4460  1
600:   0.5130  0.4870  1
601:   0.4200  0.5800  1
602:   0.4650  0.5350  1
603:   0.4870  0.5130  1
604:   0.6210  0.3790  1
605:   0.4180  0.5820  1
606:   0.5740  0.4260  1
607:   0.3760  0.6240  1
608:   0.5450  0.4550  1
609:   0.4880  0.5120  1
610:   0.3660  0.6340  1
611:   0.4160  0.5840  1
612:   0.4420  0.5580  1
613:   0.4570  0.5430  1
614:   0.5550  0.4450  1
615:   0.3950  0.6050  1
616:   0.3970  0.6030  1
617:   0.5690  0.4310  1
618:   0.3430  0.6570  1
619:   0.5030  0.4970  1
620:   0.5680  0.4320  1
621:   0.5350  0.4650  1
622:   0.4170  0.5830  1
623:   0.3840  0.6160  1
624:   0.3880  0.6120  1
625:   0.4910  0.5090  1
626:   0.3390  0.6610  1
627:   0.5820  0.4180  1
628:   0.5250  0.4750  1
629:   0.4190  0.5810  1
630:   0.5330  0.4670  1
631:   0.6160  0.3840  1
632:   0.6190  0.3810  1
633:   0.4550  0.5450  1
634:   0.3690  0.6310  1
635:   0.3970  0.6030  1
636:   0.4680  0.5320  1
637:   0.5300  0.4700  1
638:   0.3980  0.6020  1
639:   0.5610  0.4390  1
640:   0.4660  0.5340  1
641:   0.4460  0.5540  1
642:   0.4680  0.5320  1
643:   0.5380  0.4620  1
644:   0.2780  0.7220  1
645:   0.6400  0.3600  1
646:   0.4300  0.5700  1
647:   0.5640  0.4360  1
648:   0.5010  0.4990  1
649:   0.5210  0.4790  1
650:   0.4720  0.5280  1
651:   0.6420  0.3580  1
652:   0.6540  0.3460  1
653:   0.6570  0.3430  1
654:   0.5320  0.4680  1
655:   0.4580  0.5420  1
656:   0.4430  0.5570  1
657:   0.5410  0.4590  1
658:   0.5250  0.4750  1
659:   0.5130  0.4870  1
660:   0.6020  0.3980  1
661:   0.4510  0.5490  1
662:   0.3750  0.6250  1
663:   0.4270  0.5730  1
664:   0.5360  0.4640  1
665:   0.5630  0.4370  1
666:   0.5940  0.4060  1
667:   0.4710  0.5290  1
668:   0.4670  0.5330  1
669:   0.5590  0.4410  1
670:   0.5610  0.4390  1
671:   0.5190  0.4810  1
672:   0.6730  0.3270  1
673:   0.4900  0.5100  1
674:   0.5000  0.5000  1
675:   0.5230  0.4770  1
676:   0.4030  0.5970  1
677:   0.4220  0.5780  1
678:   0.4770  0.5230  1
679:   0.4980  0.5020  1
680:   0.4280  0.5720  1
681:   0.6140  0.3860  1
682:   0.3590  0.6410  1
683:   0.3960  0.6040  1
684:   0.6660  0.3340  1
685:   0.4910  0.5090  1
686:   0.5780  0.4220  1
687:   0.5070  0.4930  1
688:   0.4710  0.5290  1
689:   0.4220  0.5780  1
690:   0.5560  0.4440  1
691:   0.6190  0.3810  1
692:   0.4800  0.5200  1
693:   0.3990  0.6010  1
694:   0.5760  0.4240  1
695:   0.4330  0.5670  1
696:   0.5500  0.4500  1
697:   0.5480  0.4520  1
698:   0.4530  0.5470  1
699:   0.5370  0.4630  1
700:   0.4010  0.5990  1
701:   0.5060  0.4940  1
702:   0.5270  0.4730  1
703:   0.4990  0.5010  1
704:   0.3420  0.6580  1
705:   0.5710  0.4290  1
706:   0.4570  0.5430  1
707:   0.4320  0.5680  1
708:   0.5500  0.4500  1
709:   0.5190  0.4810  1
710:   0.5580  0.4420  1
711:   0.5630  0.4370  1
712:   0.4970  0.5030  1
713:   0.4810  0.5190  1
714:   0.4770  0.5230  1
715:   0.5140  0.4860  1
716:   0.5390  0.4610  1
717:   0.5850  0.4150  1
718:   0.4270  0.5730  1
719:   0.3200  0.6800  1
720:   0.5560  0.4440  1
721:   0.4330  0.5670  1
722:   0.5420  0.4580  1
723:   0.4200  0.5800  1
724:   0.5700  0.4300  1
725:   0.4410  0.5590  1
726:   0.4710  0.5290  1
727:   0.5810  0.4190  1
728:   0.4520  0.5480  1
729:   0.4870  0.5130  1
730:   0.5800  0.4200  1
731:   0.5660  0.4340  1
732:   0.5530  0.4470  1
733:   0.5420  0.4580  1
734:   0.4940  0.5060  1
735:   0.4250  0.5750  1
736:   0.4940  0.5060  1
737:   0.4960  0.5040  1
738:   0.4700  0.5300  1
739:   0.6190  0.3810  1
740:   0.5350  0.4650  1
741:   0.5440  0.4560  1
742:   0.4040  0.5960  1
743:   0.5650  0.4350  1
744:   0.5230  0.4770  1
745:   0.3820  0.6180  1
746:   0.3140  0.6860  1
747:   0.5690  0.4310  1
748:   0.4760  0.5240  1
749:   0.4870  0.5130  1
750:   0.4700  0.5300  1
751:   0.5720  0.4280  1
752:   0.4300  0.5700  1
753:   0.5540  0.4460  1
754:   0.5210  0.4790  1
755:   0.5620  0.4380  1
756:   0.3920  0.6080  1
757:   0.5290  0.4710  1
758:   0.6150  0.3850  1
759:   0.4130  0.5870  1
760:   0.3860  0.6140  1
761:   0.4940  0.5060  1
762:   0.6870  0.3130  1
763:   0.4230  0.5770  1
764:   0.4460  0.5540  1
765:   0.3670  0.6330  1
766:   0.5600  0.4400  1
767:   0.6730  0.3270  1
768:   0.5700  0.4300  1
769:   0.4050  0.5950  1
770:   0.3580  0.6420  1
771:   0.4250  0.5750  1
772:   0.3940  0.6060  1
773:   0.6390  0.3610  1
774:   0.5680  0.4320  1
775:   0.3860  0.6140  1
776:   0.4730  0.5270  1
777:   0.5290  0.4710  1
778:   0.5020  0.4980  1
779:   0.4900  0.5100  1
780:   0.4280  0.5720  1
781:   0.5620  0.4380  1

  1:   0.5480  0.4520  1
  2:   0.5460  0.4540  1
  3:   0.4640  0.5360  1
  4:   0.4890  0.5110  1
  5:   0.6100  0.3900  1
  6:   0.4960  0.5040  1
  7:   0.4920  0.5080  1
  8:   0.4480  0.5520  1
  9:   0.4910  0.5090  1
 10:   0.3420  0.6580  1
 11:   0.4820  0.5180  1
 12:   0.3990  0.6010  1
 13:   0.4380  0.5620  1
 14:   0.6230  0.3770  1
 15:   0.6920  0.3080  1
 16:   0.4730  0.5270  1
 17:   0.4780  0.5220  1
 18:   0.6600  0.3400  1
 19:   0.6120  0.3880  1
 20:   0.3990  0.6010  1
 21:   0.4610  0.5390  1
 22:   0.5660  0.4340  1
 23:   0.5100  0.4900  1
 24:   0.3630  0.6370  1
 25:   0.5900  0.4100  1
 26:   0.5390  0.4610  1
 27:   0.5040  0.4960  1
 28:   0.4750  0.5250  1
 29:   0.5890  0.4110  1
 30:   0.4670  0.5330  1
 31:   0.4010  0.5990  1
 32:   0.6100  0.3900  1
 33:   0.5510  0.4490  1
 34:   0.5260  0.4740  1
 35:   0.5470  0.4530  1
 36:   0.6350  0.3650  1
 37:   0.5300  0.4700  1
 38:   0.5130  0.4870  1
 39:   0.4840  0.5160  1
 40:   0.6110  0.3890  1
 41:   0.3830  0.6170  1
 42:   0.5350  0.4650  1
 43:   0.5600  0.4400  1
 44:   0.4820  0.5180  1
 45:   0.5560  0.4440  1
 46:   0.5600  0.4400  1
 47:   0.4820  0.5180  1
 48:   0.7040  0.2960  1
 49:   0.3650  0.6350  1
 50:   0.5510  0.4490  1
 51:   0.4600  0.5400  1
 52:   0.3750  0.6250  1
 53:   0.5180  0.4820  1
 54:   0.4870  0.5130  1
 55:   0.6610  0.3390  1
 56:   0.6050  0.3950  1
 57:   0.4400  0.5600  1
 58:   0.7210  0.2790  1
 59:   0.5850  0.4150  1
 60:   0.4680  0.5320  1
 61:   0.4830  0.5170  1
 62:   0.4840  0.5160  1
 63:   0.4340  0.5660  1
 64:   0.4460  0.5540  1
 65:   0.5230  0.4770  1
 66:   0.4490  0.5510  1
 67:   0.3380  0.6620  1
 68:   0.5210  0.4790  1
 69:   0.4070  0.5930  1
 70:   0.5580  0.4420  1
 71:   0.4030  0.5970  1
 72:   0.3890  0.6110  1
 73:   0.5920  0.4080  1
 74:   0.4580  0.5420  1
 75:   0.4610  0.5390  1
 76:   0.4650  0.5350  1
 77:   0.5330  0.4670  1
 78:   0.4450  0.5550  1
 79:   0.4630  0.5370  1
 80:   0.4200  0.5800  1
 81:   0.3370  0.6630  1
 82:   0.5120  0.4880  1
 83:   0.3820  0.6180  1
 84:   0.5080  0.4920  1
 85:   0.5070  0.4930  1
 86:   0.5560  0.4440  1
 87:   0.3250  0.6750  1
 88:   0.5720  0.4280  1
 89:   0.5160  0.4840  1
 90:   0.5280  0.4720  1
 91:   0.4820  0.5180  1
 92:   0.5110  0.4890  1
 93:   0.3740  0.6260  1
 94:   0.4830  0.5170  1
 95:   0.5390  0.4610  1
 96:   0.4880  0.5120  1
 97:   0.3840  0.6160  1
 98:   0.4390  0.5610  1
 99:   0.3820  0.6180  1
100:   0.4580  0.5420  1
101:   0.4320  0.5680  1
102:   0.6170  0.3830  1
103:   0.6210  0.3790  1
104:   0.4560  0.5440  1
105:   0.4640  0.5360  1
106:   0.4900  0.5100  1
107:   0.5080  0.4920  1
108:   0.4630  0.5370  1
109:   0.4830  0.5170  1
110:   0.4990  0.5010  1
111:   0.5960  0.4040  1
112:   0.5680  0.4320  1
113:   0.5290  0.4710  1
114:   0.5860  0.4140  1
115:   0.4430  0.5570  1
116:   0.5300  0.4700  1
117:   0.6440  0.3560  1
118:   0.4730  0.5270  1
119:   0.6630  0.3370  1
120:   0.6610  0.3390  1
121:   0.4430  0.5570  1
122:   0.3060  0.6940  1
123:   0.6130  0.3870  1
124:   0.4220  0.5780  1
125:   0.5730  0.4270  1
126:   0.5280  0.4720  1
127:   0.4750  0.5250  1
128:   0.5380  0.4620  1
129:   0.4040  0.5960  1
130:   0.3850  0.6150  1
131:   0.4510  0.5490  1
132:   0.6780  0.3220  1
133:   0.5980  0.4020  1
134:   0.5660  0.4340  1
135:   0.4600  0.5400  1
136:   0.5690  0.4310  1
137:   0.4870  0.5130  1
138:   0.5970  0.4030  1
139:   0.5470  0.4530  1
140:   0.3960  0.6040  1
141:   0.5220  0.4780  1
142:   0.6400  0.3600  1
143:   0.4530  0.5470  1
144:   0.5050  0.4950  1
145:   0.6560  0.3440  1
146:   0.4490  0.5510  1
147:   0.5220  0.4780  1
148:   0.4310  0.5690  1
149:   0.5530  0.4470  1
150:   0.4200  0.5800  1
151:   0.4240  0.5760  1
152:   0.4700  0.5300  1
153:   0.4530  0.5470  1
154:   0.4720  0.5280  1
155:   0.6360  0.3640  1
156:   0.4040  0.5960  1
157:   0.5820  0.4180  1
158:   0.5070  0.4930  1
159:   0.5120  0.4880  1
160:   0.5690  0.4310  1
161:   0.6300  0.3700  1
162:   0.5260  0.4740  1
163:   0.5120  0.4880  1
164:   0.5690  0.4310  1
165:   0.4780  0.5220  1
166:   0.4780  0.5220  1
167:   0.6700  0.3300  1
168:   0.4860  0.5140  1
169:   0.4970  0.5030  1
170:   0.3790  0.6210  1
171:   0.5120  0.4880  1
172:   0.4650  0.5350  1
173:   0.5790  0.4210  1
174:   0.5200  0.4800  1
175:   0.4460  0.5540  1
176:   0.4630  0.5370  1
177:   0.3340  0.6660  1
178:   0.4640  0.5360  1
179:   0.5600  0.4400  1
180:   0.4210  0.5790  1
181:   0.5920  0.4080  1
182:   0.3900  0.6100  1
183:   0.5850  0.4150  1
184:   0.4760  0.5240  1
185:   0.5810  0.4190  1
186:   0.5460  0.4540  1
187:   0.5080  0.4920  1
188:   0.6190  0.3810  1
189:   0.4820  0.5180  1
190:   0.4240  0.5760  1
191:   0.5800  0.4200  1
192:   0.5090  0.4910  1
193:   0.5400  0.4600  1
194:   0.6210  0.3790  1
195:   0.4040  0.5960  1
196:   0.5300  0.4700  1
197:   0.6050  0.3950  1
198:   0.5540  0.4460  1
199:   0.4370  0.5630  1
200:   0.5670  0.4330  1
201:   0.3530  0.6470  1
202:   0.5210  0.4790  1
203:   0.4540  0.5460  1
204:   0.3930  0.6070  1
205:   0.4520  0.5480  1
206:   0.4020  0.5980  1
207:   0.5590  0.4410  1
208:   0.4170  0.5830  1
209:   0.4920  0.5080  1
210:   0.4490  0.5510  1
211:   0.3790  0.6210  1
212:   0.6370  0.3630  1
213:   0.5570  0.4430  1
214:   0.3600  0.6400  1
215:   0.5740  0.4260  1
216:   0.4640  0.5360  1
217:   0.5940  0.4060  1
218:   0.6060  0.3940  1
219:   0.4700  0.5300  1
220:   0.4990  0.5010  1
221:   0.4340  0.5660  1
222:   0.5530  0.4470  1
223:   0.5740  0.4260  1
224:   0.4270  0.5730  1
225:   0.3650  0.6350  1
226:   0.5390  0.4610  1
227:   0.4290  0.5710  1
228:   0.5250  0.4750  1
229:   0.4770  0.5230  1
230:   0.5810  0.4190  1
231:   0.4860  0.5140  1
232:   0.4960  0.5040  1
233:   0.5560  0.4440  1
234:   0.4990  0.5010  1
235:   0.4700  0.5300  1
236:   0.6270  0.3730  1
237:   0.4810  0.5190  1
238:   0.5000  0.5000  1
239:   0.4220  0.5780  1
240:   0.5220  0.4780  1
241:   0.4030  0.5970  1
242:   0.4760  0.5240  1
243:   0.5410  0.4590  1
244:   0.4200  0.5800  1
245:   0.4920  0.5080  1
246:   0.5740  0.4260  1
247:   0.4720  0.5280  1
248:   0.5110  0.4890  1
249:   0.4290  0.5710  1
250:   0.6500  0.3500  1
251:   0.5720  0.4280  1
252:   0.3700  0.6300  1
253:   0.4340  0.5660  1
254:   0.5410  0.4590  1
255:   0.4480  0.5520  1
256:   0.5480  0.4520  1
257:   0.4130  0.5870  1
258:   0.4880  0.5120  1
259:   0.4020  0.5980  1
260:   0.4580  0.5420  1
261:   0.4560  0.5440  1
262:   0.4910  0.5090  1
263:   0.4480  0.5520  1
264:   0.5060  0.4940  1
265:   0.4590  0.5410  1
266:   0.5040  0.4960  1
267:   0.4920  0.5080  1
268:   0.5430  0.4570  1
269:   0.3480  0.6520  1
270:   0.4250  0.5750  1
271:   0.5290  0.4710  1
272:   0.4310  0.5690  1
273:   0.4970  0.5030  1
274:   0.5010  0.4990  1
275:   0.4090  0.5910  1
276:   0.5370  0.4630  1
277:   0.3760  0.6240  1
278:   0.3080  0.6920  1
279:   0.6170  0.3830  1
280:   0.5760  0.4240  1
281:   0.4290  0.5710  1
282:   0.3970  0.6030  1
283:   0.5560  0.4440  1
284:   0.4720  0.5280  1
285:   0.4900  0.5100  1
286:   0.4290  0.5710  1
287:   0.6330  0.3670  1
288:   0.3940  0.6060  1
289:   0.5340  0.4660  1
290:   0.5420  0.4580  1
291:   0.6360  0.3640  1
292:   0.4990  0.5010  1
293:   0.5440  0.4560  1
294:   0.4180  0.5820  1
295:   0.6610  0.3390  1
296:   0.4720  0.5280  1
297:   0.4610  0.5390  1
298:   0.4800  0.5200  1
299:   0.6330  0.3670  1
300:   0.4790  0.5210  1
301:   0.5200  0.4800  1
302:   0.7040  0.2960  1
303:   0.4980  0.5020  1
304:   0.4550  0.5450  1
305:   0.5680  0.4320  1
306:   0.5380  0.4620  1
307:   0.4750  0.5250  1
308:   0.5180  0.4820  1
309:   0.4080  0.5920  1
310:   0.4410  0.5590  1
311:   0.4470  0.5530  1
312:   0.4200  0.5800  1
313:   0.4720  0.5280  1
314:   0.4950  0.5050  1
315:   0.4610  0.5390  1
316:   0.4740  0.5260  1
317:   0.3990  0.6010  1
318:   0.4470  0.5530  1
319:   0.5910  0.4090  1
320:   0.5550  0.4450  1
321:   0.5850  0.4150  1
322:   0.5110  0.4890  1
323:   0.4810  0.5190  1
324:   0.4340  0.5660  1
325:   0.5280  0.4720  1
326:   0.3930  0.6070  1
327:   0.4990  0.5010  1
328:   0.4790  0.5210  1
329:   0.4280  0.5720  1
330:   0.4030  0.5970  1
331:   0.4640  0.5360  1
332:   0.3930  0.6070  1
333:   0.4220  0.5780  1
334:   0.4220  0.5780  1
335:   0.4880  0.5120  1
336:   0.4530  0.5470  1
337:   0.5590  0.4410  1
338:   0.3840  0.6160  1
339:   0.5040  0.4960  1
340:   0.5000  0.5000  1
341:   0.6430  0.3570  1
342:   0.3910  0.6090  1
343:   0.3400  0.6600  1
344:   0.4110  0.5890  1
345:   0.3710  0.6290  1
346:   0.5590  0.4410  1
347:   0.4820  0.5180  1
348:   0.5440  0.4560  1
349:   0.5110  0.4890  1
350:   0.5520  0.4480  1
351:   0.5830  0.4170  1
352:   0.5260  0.4740  1
353:   0.5630  0.4370  1
354:   0.3680  0.6320  1
355:   0.4420  0.5580  1
356:   0.4730  0.5270  1
357:   0.5210  0.4790  1
358:   0.4900  0.5100  1
359:   0.5860  0.4140  1
360:   0.6120  0.3880  1
361:   0.5130  0.4870  1
362:   0.5170  0.4830  1
363:   0.4770  0.5230  1
364:   0.4070  0.5930  1
365:   0.5050  0.4950  1
366:   0.5730  0.4270  1
367:   0.5470  0.4530  1
368:   0.5290  0.4710  1
369:   0.5380  0.4620  1
370:   0.5230  0.4770  1
371:   0.4910  0.5090  1
372:   0.5800  0.4200  1
373:   0.5260  0.4740  1
374:   0.5880  0.4120  1
375:   0.4510  0.5490  1
376:   0.5740  0.4260  1
377:   0.6400  0.3600  1
378:   0.5490  0.4510  1
379:   0.6720  0.3280  1
380:   0.6100  0.3900  1
381:   0.4810  0.5190  1
382:   0.4650  0.5350  1
383:   0.4570  0.5430  1
384:   0.6190  0.3810  1
385:   0.3510  0.6490  1
386:   0.6880  0.3120  1
387:   0.5200  0.4800  1
388:   0.6530  0.3470  1
389:   0.4560  0.5440  1
390:   0.4180  0.5820  1
391:   0.5690  0.4310  1
392:   0.4400  0.5600  1
393:   0.6510  0.3490  1
394:   0.3300  0.6700  1
395:   0.4640  0.5360  1
396:   0.4270  0.5730  1
397:   0.3810  0.6190  1
398:   0.4810  0.5190  1
399:   0.5500  0.4500  1
400:   0.5650  0.4350  1
401:   0.5190  0.4810  1
402:   0.4680  0.5320  1
403:   0.3390  0.6610  1
404:   0.3890  0.6110  1
405:   0.4910  0.5090  1
406:   0.4320  0.5680  1
407:   0.6990  0.3010  1
408:   0.5340  0.4660  1
409:   0.4960  0.5040  1
410:   0.4750  0.5250  1
411:   0.3980  0.6020  1
412:   0.5550  0.4450  1
413:   0.3540  0.6460  1
414:   0.5730  0.4270  1
415:   0.5730  0.4270  1
416:   0.5210  0.4790  1
417:   0.4870  0.5130  1
418:   0.5470  0.4530  1
419:   0.4640  0.5360  1
420:   0.4820  0.5180  1
421:   0.4250  0.5750  1
422:   0.4210  0.5790  1
423:   0.4990  0.5010  1
424:   0.4010  0.5990  1
425:   0.5840  0.4160  1
426:   0.5620  0.4380  1
427:   0.4970  0.5030  1
428:   0.5150  0.4850  1
429:   0.5720  0.4280  1
430:   0.4910  0.5090  1
431:   0.4480  0.5520  1
432:   0.6320  0.3680  1
433:   0.5630  0.4370  1
434:   0.4860  0.5140  1
435:   0.4930  0.5070  1
436:   0.5300  0.4700  1
437:   0.5610  0.4390  1
438:   0.6290  0.3710  1
439:   0.4460  0.5540  1
440:   0.4270  0.5730  1
441:   0.5590  0.4410  1
442:   0.3840  0.6160  1
443:   0.5110  0.4890  1
444:   0.5510  0.4490  1
445:   0.4380  0.5620  1
446:   0.4050  0.5950  1
447:   0.4880  0.5120  1
448:   0.5450  0.4550  1
449:   0.5700  0.4300  1
450:   0.4600  0.5400  1
451:   0.5010  0.4990  1
452:   0.3780  0.6220  1
453:   0.5540  0.4460  1
454:   0.4220  0.5780  1
455:   0.4540  0.5460  1
456:   0.4690  0.5310  1
457:   0.6400  0.3600  1
458:   0.4850  0.5150  1
459:   0.5550  0.4450  1
460:   0.4290  0.5710  1
461:   0.5190  0.4810  1
462:   0.3620  0.6380  1
463:   0.5900  0.4100  1
464:   0.4690  0.5310  1
465:   0.4090  0.5910  1
466:   0.6350  0.3650  1
467:   0.4780  0.5220  1
468:   0.5200  0.4800  1
469:   0.5920  0.4080  1
470:   0.5660  0.4340  1
471:   0.3680  0.6320  1
472:   0.6030  0.3970  1
473:   0.5890  0.4110  1
474:   0.4340  0.5660  1
475:   0.4770  0.5230  1
476:   0.4490  0.5510  1
477:   0.5080  0.4920  1
478:   0.5370  0.4630  1
479:   0.4200  0.5800  1
480:   0.5890  0.4110  1
481:   0.4820  0.5180  1
482:   0.5970  0.4030  1
483:   0.4260  0.5740  1
484:   0.3530  0.6470  1
485:   0.3640  0.6360  1
486:   0.5060  0.4940  1
487:   0.5210  0.4790  1
488:   0.5180  0.4820  1
489:   0.4470  0.5530  1
490:   0.5690  0.4310  1
491:   0.6490  0.3510  1
492:   0.5040  0.4960  1
493:   0.5080  0.4920  1
494:   0.5030  0.4970  1
495:   0.4360  0.5640  1
496:   0.3620  0.6380  1
497:   0.5100  0.4900  1
498:   0.5220  0.4780  1
499:   0.5890  0.4110  1
500:   0.5680  0.4320  1
501:   0.4420  0.5580  1
502:   0.4620  0.5380  1
503:   0.5460  0.4540  1
504:   0.4640  0.5360  1
505:   0.5370  0.4630  1
506:   0.4770  0.5230  1
507:   0.4700  0.5300  1
508:   0.3630  0.6370  1
509:   0.4650  0.5350  1
510:   0.4600  0.5400  1
511:   0.5990  0.4010  1
512:   0.5630  0.4370  1
513:   0.3760  0.6240  1
514:   0.4440  0.5560  1
515:   0.6780  0.3220  1
516:   0.4490  0.5510  1
517:   0.4050  0.5950  1
518:   0.4260  0.5740  1
519:   0.4890  0.5110  1
520:   0.5700  0.4300  1
521:   0.4780  0.5220  1
522:   0.4530  0.5470  1
523:   0.5520  0.4480  1
524:   0.4120  0.5880  1
525:   0.5640  0.4360  1
526:   0.5630  0.4370  1
527:   0.5000  0.5000  1
528:   0.6190  0.3810  1
529:   0.5390  0.4610  1
530:   0.5620  0.4380  1
531:   0.4650  0.5350  1
532:   0.3510  0.6490  1
533:   0.5810  0.4190  1
534:   0.5400  0.4600  1
535:   0.6190  0.3810  1
536:   0.5200  0.4800  1
537:   0.6140  0.3860  1
538:   0.4590  0.5410  1
539:   0.5750  0.4250  1
540:   0.4950  0.5050  1
541:   0.4350  0.5650  1
542:   0.6360  0.3640  1
543:   0.6570  0.3430  1
544:   0.6010  0.3990  1
545:   0.5040  0.4960  1
546:   0.6070  0.3930  1
547:   0.4770  0.5230  1
548:   0.4600  0.5400  1
549:   0.4680  0.5320  1
550:   0.5130  0.4870  1
551:   0.6130  0.3870  1
552:   0.5200  0.4800  1
553:   0.4200  0.5800  1
554:   0.7070  0.2930  1
555:   0.4220  0.5780  1
556:   0.4320  0.5680  1
557:   0.5250  0.4750  1
558:   0.5070  0.4930  1
559:   0.4330  0.5670  1
560:   0.6160  0.3840  1
561:   0.4080  0.5920  1
562:   0.6140  0.3860  1
563:   0.4650  0.5350  1
564:   0.4610  0.5390  1
565:   0.5140  0.4860  1
566:   0.3980  0.6020  1
567:   0.5000  0.5000  1
568:   0.6200  0.3800  1
569:   0.4110  0.5890  1
570:   0.5280  0.4720  1
571:   0.4860  0.5140  1
572:   0.5620  0.4380  1
573:   0.4980  0.5020  1
574:   0.4340  0.5660  1
575:   0.4270  0.5730  1
576:   0.4840  0.5160  1
577:   0.4600  0.5400  1
578:   0.5520  0.4480  1
579:   0.4880  0.5120  1
580:   0.4290  0.5710  1
581:   0.6140  0.3860  1
582:   0.4570  0.5430  1
583:   0.5450  0.4550  1
584:   0.5280  0.4720  1
585:   0.4350  0.5650  1
586:   0.4510  0.5490  1
587:   0.4510  0.5490  1
588:   0.3820  0.6180  1
589:   0.5520  0.4480  1
590:   0.4440  0.5560  1
591:   0.5380  0.4620  1
592:   0.4630  0.5370  1
593:   0.5540  0.4460  1
594:   0.6120  0.3880  1
595:   0.5760  0.4240  1
596:   0.5970  0.4030  1
597:   0.5300  0.4700  1
598:   0.5130  0.4870  1
599:   0.5410  0.4590  1
600:   0.5200  0.4800  1
601:   0.4170  0.5830  1
602:   0.4690  0.5310  1
603:   0.4920  0.5080  1
604:   0.6210  0.3790  1
605:   0.4280  0.5720  1
606:   0.5660  0.4340  1
607:   0.3700  0.6300  1
608:   0.5530  0.4470  1
609:   0.4880  0.5120  1
610:   0.3610  0.6390  1
611:   0.4130  0.5870  1
612:   0.4420  0.5580  1
613:   0.4650  0.5350  1
614:   0.5470  0.4530  1
615:   0.4110  0.5890  1
616:   0.3910  0.6090  1
617:   0.5740  0.4260  1
618:   0.3510  0.6490  1
619:   0.4950  0.5050  1
620:   0.5520  0.4480  1
621:   0.5370  0.4630  1
622:   0.4100  0.5900  1
623:   0.3900  0.6100  1
624:   0.4000  0.6000  1
625:   0.4860  0.5140  1
626:   0.3460  0.6540  1
627:   0.5830  0.4170  1
628:   0.5340  0.4660  1
629:   0.4230  0.5770  1
630:   0.5270  0.4730  1
631:   0.6100  0.3900  1
632:   0.6070  0.3930  1
633:   0.4600  0.5400  1
634:   0.3880  0.6120  1
635:   0.3980  0.6020  1
636:   0.4620  0.5380  1
637:   0.5300  0.4700  1
638:   0.4070  0.5930  1
639:   0.5630  0.4370  1
640:   0.4660  0.5340  1
641:   0.4480  0.5520  1
642:   0.4740  0.5260  1
643:   0.5450  0.4550  1
644:   0.2890  0.7110  1
645:   0.6290  0.3710  1
646:   0.4330  0.5670  1
647:   0.5700  0.4300  1
648:   0.4940  0.5060  1
649:   0.5040  0.4960  1
650:   0.4640  0.5360  1
651:   0.6400  0.3600  1
652:   0.6390  0.3610  1
653:   0.6580  0.3420  1
654:   0.5280  0.4720  1
655:   0.4580  0.5420  1
656:   0.4620  0.5380  1
657:   0.5420  0.4580  1
658:   0.5130  0.4870  1
659:   0.5080  0.4920  1
660:   0.6150  0.3850  1
661:   0.4670  0.5330  1
662:   0.3800  0.6200  1
663:   0.4340  0.5660  1
664:   0.5240  0.4760  1
665:   0.5540  0.4460  1
666:   0.5950  0.4050  1
667:   0.4610  0.5390  1
668:   0.4610  0.5390  1
669:   0.5490  0.4510  1
670:   0.5640  0.4360  1
671:   0.5390  0.4610  1
672:   0.6610  0.3390  1
673:   0.4980  0.5020  1
674:   0.5080  0.4920  1
675:   0.5380  0.4620  1
676:   0.4080  0.5920  1
677:   0.4190  0.5810  1
678:   0.4800  0.5200  1
679:   0.5070  0.4930  1
680:   0.4210  0.5790  1
681:   0.6120  0.3880  1
682:   0.3710  0.6290  1
683:   0.4030  0.5970  1
684:   0.6550  0.3450  1
685:   0.4970  0.5030  1
686:   0.5710  0.4290  1
687:   0.5170  0.4830  1
688:   0.4620  0.5380  1
689:   0.4500  0.5500  1
690:   0.5550  0.4450  1
691:   0.6280  0.3720  1
692:   0.4760  0.5240  1
693:   0.4060  0.5940  1
694:   0.5690  0.4310  1
695:   0.4530  0.5470  1
696:   0.5450  0.4550  1
697:   0.5390  0.4610  1
698:   0.4560  0.5440  1
699:   0.5470  0.4530  1
700:   0.3930  0.6070  1
701:   0.5050  0.4950  1
702:   0.5240  0.4760  1
703:   0.4920  0.5080  1
704:   0.3390  0.6610  1
705:   0.5610  0.4390  1
706:   0.4490  0.5510  1
707:   0.4280  0.5720  1
708:   0.5390  0.4610  1
709:   0.5310  0.4690  1
710:   0.5540  0.4460  1
711:   0.5590  0.4410  1
712:   0.5160  0.4840  1
713:   0.4700  0.5300  1
714:   0.4670  0.5330  1
715:   0.5110  0.4890  1
716:   0.5470  0.4530  1
717:   0.5840  0.4160  1
718:   0.4250  0.5750  1
719:   0.3180  0.6820  1
720:   0.5500  0.4500  1
721:   0.4410  0.5590  1
722:   0.5290  0.4710  1
723:   0.4170  0.5830  1
724:   0.5790  0.4210  1
725:   0.4520  0.5480  1
726:   0.4720  0.5280  1
727:   0.5820  0.4180  1
728:   0.4440  0.5560  1
729:   0.4890  0.5110  1
730:   0.5660  0.4340  1
731:   0.5610  0.4390  1
732:   0.5460  0.4540  1
733:   0.5480  0.4520  1
734:   0.4900  0.5100  1
735:   0.4150  0.5850  1
736:   0.4840  0.5160  1
737:   0.5160  0.4840  1
738:   0.4670  0.5330  1
739:   0.6150  0.3850  1
740:   0.5260  0.4740  1
741:   0.5390  0.4610  1
742:   0.4000  0.6000  1
743:   0.5870  0.4130  1
744:   0.5230  0.4770  1
745:   0.3730  0.6270  1
746:   0.3150  0.6850  1
747:   0.5630  0.4370  1
748:   0.4830  0.5170  1
749:   0.4890  0.5110  1
750:   0.4720  0.5280  1
751:   0.5670  0.4330  1
752:   0.4330  0.5670  1
753:   0.5540  0.4460  1
754:   0.5120  0.4880  1
755:   0.5630  0.4370  1
756:   0.3800  0.6200  1
757:   0.5200  0.4800  1
758:   0.6090  0.3910  1
759:   0.4210  0.5790  1
760:   0.3980  0.6020  1
761:   0.4950  0.5050  1
762:   0.6790  0.3210  1
763:   0.4290  0.5710  1
764:   0.4330  0.5670  1
765:   0.3700  0.6300  1
766:   0.5480  0.4520  1
767:   0.6660  0.3340  1
768:   0.5620  0.4380  1
769:   0.4000  0.6000  1
770:   0.3720  0.6280  1
771:   0.4340  0.5660  1
772:   0.3970  0.6030  1
773:   0.6250  0.3750  1
774:   0.5640  0.4360  1
775:   0.3820  0.6180  1
776:   0.4650  0.5350  1
777:   0.5310  0.4690  1
778:   0.5160  0.4840  1
779:   0.5070  0.4930  1
780:   0.4460  0.5540  1
781:   0.5620  0.4380  1

  1:   0.5480  0.4520  1
  2:   0.5450  0.4550  1
  3:   0.4570  0.5430  1
  4:   0.4860  0.5140  1
  5:   0.6180  0.3820  1
  6:   0.4950  0.5050  1
  7:   0.4910  0.5090  1
  8:   0.4440  0.5560  1
  9:   0.4900  0.5100  1
 10:   0.3350  0.6650  1
 11:   0.4840  0.5160  1
 12:   0.4010  0.5990  1
 13:   0.4340  0.5660  1
 14:   0.6200  0.3800  1
 15:   0.6960  0.3040  1
 16:   0.4740  0.5260  1
 17:   0.4770  0.5230  1
 18:   0.6620  0.3380  1
 19:   0.6060  0.3940  1
 20:   0.3860  0.6140  1
 21:   0.4740  0.5260  1
 22:   0.5600  0.4400  1
 23:   0.5210  0.4790  1
 24:   0.3650  0.6350  1
 25:   0.5910  0.4090  1
 26:   0.5380  0.4620  1
 27:   0.5010  0.4990  1
 28:   0.4870  0.5130  1
 29:   0.5840  0.4160  1
 30:   0.4610  0.5390  1
 31:   0.4030  0.5970  1
 32:   0.6140  0.3860  1
 33:   0.5550  0.4450  1
 34:   0.5270  0.4730  1
 35:   0.5450  0.4550  1
 36:   0.6350  0.3650  1
 37:   0.5270  0.4730  1
 38:   0.5120  0.4880  1
 39:   0.4910  0.5090  1
 40:   0.6090  0.3910  1
 41:   0.3760  0.6240  1
 42:   0.5390  0.4610  1
 43:   0.5600  0.4400  1
 44:   0.4710  0.5290  1
 45:   0.5710  0.4290  1
 46:   0.5670  0.4330  1
 47:   0.4790  0.5210  1
 48:   0.7130  0.2870  1
 49:   0.3490  0.6510  1
 50:   0.5470  0.4530  1
 51:   0.4560  0.5440  1
 52:   0.3690  0.6310  1
 53:   0.5180  0.4820  1
 54:   0.4850  0.5150  1
 55:   0.6650  0.3350  1
 56:   0.6130  0.3870  1
 57:   0.4320  0.5680  1
 58:   0.7310  0.2690  1
 59:   0.5900  0.4100  1
 60:   0.4630  0.5370  1
 61:   0.4730  0.5270  1
 62:   0.4910  0.5090  1
 63:   0.4290  0.5710  1
 64:   0.4430  0.5570  1
 65:   0.5240  0.4760  1
 66:   0.4450  0.5550  1
 67:   0.3350  0.6650  1
 68:   0.5220  0.4780  1
 69:   0.4070  0.5930  1
 70:   0.5600  0.4400  1
 71:   0.4020  0.5980  1
 72:   0.3860  0.6140  1
 73:   0.5930  0.4070  1
 74:   0.4460  0.5540  1
 75:   0.4570  0.5430  1
 76:   0.4720  0.5280  1
 77:   0.5380  0.4620  1
 78:   0.4420  0.5580  1
 79:   0.4690  0.5310  1
 80:   0.4180  0.5820  1
 81:   0.3230  0.6770  1
 82:   0.5190  0.4810  1
 83:   0.3620  0.6380  1
 84:   0.5000  0.5000  1
 85:   0.5180  0.4820  1
 86:   0.5710  0.4290  1
 87:   0.3220  0.6780  1
 88:   0.5830  0.4170  1
 89:   0.5080  0.4920  1
 90:   0.5240  0.4760  1
 91:   0.4900  0.5100  1
 92:   0.5090  0.4910  1
 93:   0.3710  0.6290  1
 94:   0.4730  0.5270  1
 95:   0.5450  0.4550  1
 96:   0.4820  0.5180  1
 97:   0.3850  0.6150  1
 98:   0.4390  0.5610  1
 99:   0.3730  0.6270  1
100:   0.4570  0.5430  1
101:   0.4340  0.5660  1
102:   0.6180  0.3820  1
103:   0.6210  0.3790  1
104:   0.4560  0.5440  1
105:   0.4640  0.5360  1
106:   0.4860  0.5140  1
107:   0.5110  0.4890  1
108:   0.4700  0.5300  1
109:   0.4770  0.5230  1
110:   0.4920  0.5080  1
111:   0.5900  0.4100  1
112:   0.5670  0.4330  1
113:   0.5350  0.4650  1
114:   0.5840  0.4160  1
115:   0.4510  0.5490  1
116:   0.5290  0.4710  1
117:   0.6490  0.3510  1
118:   0.4650  0.5350  1
119:   0.6700  0.3300  1
120:   0.6660  0.3340  1
121:   0.4340  0.5660  1
122:   0.2970  0.7030  1
123:   0.6190  0.3810  1
124:   0.4270  0.5730  1
125:   0.5780  0.4220  1
126:   0.5270  0.4730  1
127:   0.4830  0.5170  1
128:   0.5470  0.4530  1
129:   0.4010  0.5990  1
130:   0.3790  0.6210  1
131:   0.4440  0.5560  1
132:   0.6840  0.3160  1
133:   0.5960  0.4040  1
134:   0.5670  0.4330  1
135:   0.4510  0.5490  1
136:   0.5720  0.4280  1
137:   0.4970  0.5030  1
138:   0.6100  0.3900  1
139:   0.5590  0.4410  1
140:   0.3920  0.6080  1
141:   0.5250  0.4750  1
142:   0.6500  0.3500  1
143:   0.4470  0.5530  1
144:   0.5040  0.4960  1
145:   0.6570  0.3430  1
146:   0.4500  0.5500  1
147:   0.5200  0.4800  1
148:   0.4280  0.5720  1
149:   0.5600  0.4400  1
150:   0.4140  0.5860  1
151:   0.4200  0.5800  1
152:   0.4740  0.5260  1
153:   0.4440  0.5560  1
154:   0.4760  0.5240  1
155:   0.6420  0.3580  1
156:   0.4010  0.5990  1
157:   0.5830  0.4170  1
158:   0.5200  0.4800  1
159:   0.5160  0.4840  1
160:   0.5750  0.4250  1
161:   0.6360  0.3640  1
162:   0.5250  0.4750  1
163:   0.5170  0.4830  1
164:   0.5770  0.4230  1
165:   0.4840  0.5160  1
166:   0.4790  0.5210  1
167:   0.6810  0.3190  1
168:   0.4820  0.5180  1
169:   0.4920  0.5080  1
170:   0.3680  0.6320  1
171:   0.5100  0.4900  1
172:   0.4560  0.5440  1
173:   0.5870  0.4130  1
174:   0.5190  0.4810  1
175:   0.4390  0.5610  1
176:   0.4520  0.5480  1
177:   0.3350  0.6650  1
178:   0.4670  0.5330  1
179:   0.5690  0.4310  1
180:   0.4230  0.5770  1
181:   0.5990  0.4010  1
182:   0.3830  0.6170  1
183:   0.5850  0.4150  1
184:   0.4730  0.5270  1
185:   0.5750  0.4250  1
186:   0.5430  0.4570  1
187:   0.5080  0.4920  1
188:   0.6280  0.3720  1
189:   0.4850  0.5150  1
190:   0.4210  0.5790  1
191:   0.5820  0.4180  1
192:   0.5090  0.4910  1
193:   0.5470  0.4530  1
194:   0.6230  0.3770  1
195:   0.4030  0.5970  1
196:   0.5280  0.4720  1
197:   0.6070  0.3930  1
198:   0.5580  0.4420  1
199:   0.4380  0.5620  1
200:   0.5750  0.4250  1
201:   0.3530  0.6470  1
202:   0.5170  0.4830  1
203:   0.4530  0.5470  1
204:   0.3880  0.6120  1
205:   0.4530  0.5470  1
206:   0.4040  0.5960  1
207:   0.5590  0.4410  1
208:   0.4140  0.5860  1
209:   0.5020  0.4980  1
210:   0.4410  0.5590  1
211:   0.3700  0.6300  1
212:   0.6350  0.3650  1
213:   0.5620  0.4380  1
214:   0.3550  0.6450  1
215:   0.5740  0.4260  1
216:   0.4660  0.5340  1
217:   0.5980  0.4020  1
218:   0.6170  0.3830  1
219:   0.4620  0.5380  1
220:   0.4980  0.5020  1
221:   0.4250  0.5750  1
222:   0.5570  0.4430  1
223:   0.5820  0.4180  1
224:   0.4300  0.5700  1
225:   0.3660  0.6340  1
226:   0.5380  0.4620  1
227:   0.4340  0.5660  1
228:   0.5290  0.4710  1
229:   0.4710  0.5290  1
230:   0.5730  0.4270  1
231:   0.4850  0.5150  1
232:   0.4980  0.5020  1
233:   0.5480  0.4520  1
234:   0.5030  0.4970  1
235:   0.4600  0.5400  1
236:   0.6280  0.3720  1
237:   0.4900  0.5100  1
238:   0.4990  0.5010  1
239:   0.4160  0.5840  1
240:   0.5180  0.4820  1
241:   0.3980  0.6020  1
242:   0.4680  0.5320  1
243:   0.5420  0.4580  1
244:   0.4190  0.5810  1
245:   0.4900  0.5100  1
246:   0.5770  0.4230  1
247:   0.4710  0.5290  1
248:   0.5230  0.4770  1
249:   0.4280  0.5720  1
250:   0.6560  0.3440  1
251:   0.5750  0.4250  1
252:   0.3690  0.6310  1
253:   0.4390  0.5610  1
254:   0.5390  0.4610  1
255:   0.4450  0.5550  1
256:   0.5610  0.4390  1
257:   0.4100  0.5900  1
258:   0.4880  0.5120  1
259:   0.4000  0.6000  1
260:   0.4660  0.5340  1
261:   0.4560  0.5440  1
262:   0.4880  0.5120  1
263:   0.4470  0.5530  1
264:   0.5040  0.4960  1
265:   0.4620  0.5380  1
266:   0.5070  0.4930  1
267:   0.4910  0.5090  1
268:   0.5390  0.4610  1
269:   0.3400  0.6600  1
270:   0.4180  0.5820  1
271:   0.5250  0.4750  1
272:   0.4260  0.5740  1
273:   0.4930  0.5070  1
274:   0.4920  0.5080  1
275:   0.3980  0.6020  1
276:   0.5530  0.4470  1
277:   0.3660  0.6340  1
278:   0.2970  0.7030  1
279:   0.6210  0.3790  1
280:   0.5830  0.4170  1
281:   0.4260  0.5740  1
282:   0.3950  0.6050  1
283:   0.5540  0.4460  1
284:   0.4720  0.5280  1
285:   0.4910  0.5090  1
286:   0.4160  0.5840  1
287:   0.6410  0.3590  1
288:   0.3840  0.6160  1
289:   0.5270  0.4730  1
290:   0.5440  0.4560  1
291:   0.6420  0.3580  1
292:   0.4950  0.5050  1
293:   0.5410  0.4590  1
294:   0.4160  0.5840  1
295:   0.6810  0.3190  1
296:   0.4710  0.5290  1
297:   0.4530  0.5470  1
298:   0.4820  0.5180  1
299:   0.6430  0.3570  1
300:   0.4790  0.5210  1
301:   0.5180  0.4820  1
302:   0.7090  0.2910  1
303:   0.5010  0.4990  1
304:   0.4530  0.5470  1
305:   0.5650  0.4350  1
306:   0.5440  0.4560  1
307:   0.4700  0.5300  1
308:   0.5120  0.4880  1
309:   0.4030  0.5970  1
310:   0.4380  0.5620  1
311:   0.4510  0.5490  1
312:   0.4050  0.5950  1
313:   0.4680  0.5320  1
314:   0.5020  0.4980  1
315:   0.4670  0.5330  1
316:   0.4710  0.5290  1
317:   0.3930  0.6070  1
318:   0.4400  0.5600  1
319:   0.5880  0.4120  1
320:   0.5610  0.4390  1
321:   0.5860  0.4140  1
322:   0.5160  0.4840  1
323:   0.4780  0.5220  1
324:   0.4270  0.5730  1
325:   0.5300  0.4700  1
326:   0.3840  0.6160  1
327:   0.4980  0.5020  1
328:   0.4770  0.5230  1
329:   0.4300  0.5700  1
330:   0.4100  0.5900  1
331:   0.4570  0.5430  1
332:   0.3810  0.6190  1
333:   0.4100  0.5900  1
334:   0.4140  0.5860  1
335:   0.4900  0.5100  1
336:   0.4580  0.5420  1
337:   0.5590  0.4410  1
338:   0.3800  0.6200  1
339:   0.5090  0.4910  1
340:   0.4950  0.5050  1
341:   0.6400  0.3600  1
342:   0.3850  0.6150  1
343:   0.3320  0.6680  1
344:   0.4040  0.5960  1
345:   0.3710  0.6290  1
346:   0.5620  0.4380  1
347:   0.4970  0.5030  1
348:   0.5500  0.4500  1
349:   0.5040  0.4960  1
350:   0.5460  0.4540  1
351:   0.5870  0.4130  1
352:   0.5230  0.4770  1
353:   0.5670  0.4330  1
354:   0.3710  0.6290  1
355:   0.4360  0.5640  1
356:   0.4770  0.5230  1
357:   0.5200  0.4800  1
358:   0.4840  0.5160  1
359:   0.5980  0.4020  1
360:   0.6140  0.3860  1
361:   0.5210  0.4790  1
362:   0.5160  0.4840  1
363:   0.4770  0.5230  1
364:   0.4020  0.5980  1
365:   0.5060  0.4940  1
366:   0.5770  0.4230  1
367:   0.5480  0.4520  1
368:   0.5460  0.4540  1
369:   0.5460  0.4540  1
370:   0.5280  0.4720  1
371:   0.4960  0.5040  1
372:   0.5890  0.4110  1
373:   0.5280  0.4720  1
374:   0.5810  0.4190  1
375:   0.4520  0.5480  1
376:   0.5740  0.4260  1
377:   0.6410  0.3590  1
378:   0.5410  0.4590  1
379:   0.6760  0.3240  1
380:   0.6210  0.3790  1
381:   0.4820  0.5180  1
382:   0.4670  0.5330  1
383:   0.4630  0.5370  1
384:   0.6240  0.3760  1
385:   0.3420  0.6580  1
386:   0.7030  0.2970  1
387:   0.5250  0.4750  1
388:   0.6550  0.3450  1
389:   0.4520  0.5480  1
390:   0.4240  0.5760  1
391:   0.5820  0.4180  1
392:   0.4410  0.5590  1
393:   0.6570  0.3430  1
394:   0.3150  0.6850  1
395:   0.4580  0.5420  1
396:   0.4200  0.5800  1
397:   0.3710  0.6290  1
398:   0.4870  0.5130  1
399:   0.5550  0.4450  1
400:   0.5670  0.4330  1
401:   0.5270  0.4730  1
402:   0.4580  0.5420  1
403:   0.3310  0.6690  1
404:   0.3930  0.6070  1
405:   0.4830  0.5170  1
406:   0.4300  0.5700  1
407:   0.7020  0.2980  1
408:   0.5350  0.4650  1
409:   0.4960  0.5040  1
410:   0.4760  0.5240  1
411:   0.3910  0.6090  1
412:   0.5620  0.4380  1
413:   0.3430  0.6570  1
414:   0.5860  0.4140  1
415:   0.5880  0.4120  1
416:   0.5040  0.4960  1
417:   0.4900  0.5100  1
418:   0.5500  0.4500  1
419:   0.4610  0.5390  1
420:   0.4770  0.5230  1
421:   0.4140  0.5860  1
422:   0.4250  0.5750  1
423:   0.4930  0.5070  1
424:   0.3980  0.6020  1
425:   0.5890  0.4110  1
426:   0.5720  0.4280  1
427:   0.5040  0.4960  1
428:   0.5080  0.4920  1
429:   0.5780  0.4220  1
430:   0.4930  0.5070  1
431:   0.4350  0.5650  1
432:   0.6370  0.3630  1
433:   0.5650  0.4350  1
434:   0.4900  0.5100  1
435:   0.4940  0.5060  1
436:   0.5260  0.4740  1
437:   0.5630  0.4370  1
438:   0.6380  0.3620  1
439:   0.4560  0.5440  1
440:   0.4180  0.5820  1
441:   0.5660  0.4340  1
442:   0.3740  0.6260  1
443:   0.5070  0.4930  1
444:   0.5530  0.4470  1
445:   0.4350  0.5650  1
446:   0.4050  0.5950  1
447:   0.4880  0.5120  1
448:   0.5530  0.4470  1
449:   0.5670  0.4330  1
450:   0.4510  0.5490  1
451:   0.5020  0.4980  1
452:   0.3720  0.6280  1
453:   0.5440  0.4560  1
454:   0.4060  0.5940  1
455:   0.4580  0.5420  1
456:   0.4740  0.5260  1
457:   0.6410  0.3590  1
458:   0.4810  0.5190  1
459:   0.5600  0.4400  1
460:   0.4230  0.5770  1
461:   0.5100  0.4900  1
462:   0.3630  0.6370  1
463:   0.5970  0.4030  1
464:   0.4670  0.5330  1
465:   0.4170  0.5830  1
466:   0.6450  0.3550  1
467:   0.4690  0.5310  1
468:   0.5240  0.4760  1
469:   0.5990  0.4010  1
470:   0.5690  0.4310  1
471:   0.3660  0.6340  1
472:   0.6060  0.3940  1
473:   0.5880  0.4120  1
474:   0.4390  0.5610  1
475:   0.4800  0.5200  1
476:   0.4520  0.5480  1
477:   0.5040  0.4960  1
478:   0.5310  0.4690  1
479:   0.4140  0.5860  1
480:   0.5860  0.4140  1
481:   0.4790  0.5210  1
482:   0.5990  0.4010  1
483:   0.4280  0.5720  1
484:   0.3520  0.6480  1
485:   0.3610  0.6390  1
486:   0.5000  0.5000  1
487:   0.5210  0.4790  1
488:   0.5270  0.4730  1
489:   0.4490  0.5510  1
490:   0.5730  0.4270  1
491:   0.6600  0.3400  1
492:   0.5080  0.4920  1
493:   0.5090  0.4910  1
494:   0.5090  0.4910  1
495:   0.4260  0.5740  1
496:   0.3550  0.6450  1
497:   0.5050  0.4950  1
498:   0.5220  0.4780  1
499:   0.5930  0.4070  1
500:   0.5710  0.4290  1
501:   0.4410  0.5590  1
502:   0.4650  0.5350  1
503:   0.5450  0.4550  1
504:   0.4660  0.5340  1
505:   0.5440  0.4560  1
506:   0.4700  0.5300  1
507:   0.4720  0.5280  1
508:   0.3540  0.6460  1
509:   0.4630  0.5370  1
510:   0.4540  0.5460  1
511:   0.6090  0.3910  1
512:   0.5560  0.4440  1
513:   0.3600  0.6400  1
514:   0.4320  0.5680  1
515:   0.6850  0.3150  1
516:   0.4510  0.5490  1
517:   0.4030  0.5970  1
518:   0.4130  0.5870  1
519:   0.4900  0.5100  1
520:   0.5720  0.4280  1
521:   0.4780  0.5220  1
522:   0.4490  0.5510  1
523:   0.5530  0.4470  1
524:   0.3990  0.6010  1
525:   0.5690  0.4310  1
526:   0.5630  0.4370  1
527:   0.4940  0.5060  1
528:   0.6330  0.3670  1
529:   0.5410  0.4590  1
530:   0.5650  0.4350  1
531:   0.4710  0.5290  1
532:   0.3330  0.6670  1
533:   0.5700  0.4300  1
534:   0.5480  0.4520  1
535:   0.6120  0.3880  1
536:   0.5190  0.4810  1
537:   0.6130  0.3870  1
538:   0.4580  0.5420  1
539:   0.5730  0.4270  1
540:   0.4980  0.5020  1
541:   0.4350  0.5650  1
542:   0.6460  0.3540  1
543:   0.6730  0.3270  1
544:   0.6070  0.3930  1
545:   0.5030  0.4970  1
546:   0.6090  0.3910  1
547:   0.4670  0.5330  1
548:   0.4620  0.5380  1
549:   0.4720  0.5280  1
550:   0.5210  0.4790  1
551:   0.6180  0.3820  1
552:   0.5220  0.4780  1
553:   0.4170  0.5830  1
554:   0.7190  0.2810  1
555:   0.4250  0.5750  1
556:   0.4290  0.5710  1
557:   0.5230  0.4770  1
558:   0.5140  0.4860  1
559:   0.4340  0.5660  1
560:   0.6320  0.3680  1
561:   0.4070  0.5930  1
562:   0.6160  0.3840  1
563:   0.4730  0.5270  1
564:   0.4670  0.5330  1
565:   0.5110  0.4890  1
566:   0.3960  0.6040  1
567:   0.4970  0.5030  1
568:   0.6170  0.3830  1
569:   0.4020  0.5980  1
570:   0.5250  0.4750  1
571:   0.4860  0.5140  1
572:   0.5510  0.4490  1
573:   0.4960  0.5040  1
574:   0.4230  0.5770  1
575:   0.4330  0.5670  1
576:   0.4920  0.5080  1
577:   0.4540  0.5460  1
578:   0.5490  0.4510  1
579:   0.4860  0.5140  1
580:   0.4220  0.5780  1
581:   0.6130  0.3870  1
582:   0.4510  0.5490  1
583:   0.5530  0.4470  1
584:   0.5360  0.4640  1
585:   0.4300  0.5700  1
586:   0.4580  0.5420  1
587:   0.4490  0.5510  1
588:   0.3770  0.6230  1
589:   0.5560  0.4440  1
590:   0.4460  0.5540  1
591:   0.5500  0.4500  1
592:   0.4630  0.5370  1
593:   0.5580  0.4420  1
594:   0.6170  0.3830  1
595:   0.5800  0.4200  1
596:   0.5810  0.4190  1
597:   0.5320  0.4680  1
598:   0.5170  0.4830  1
599:   0.5470  0.4530  1
600:   0.5120  0.4880  1
601:   0.4180  0.5820  1
602:   0.4640  0.5360  1
603:   0.4850  0.5150  1
604:   0.6230  0.3770  1
605:   0.4220  0.5780  1
606:   0.5680  0.4320  1
607:   0.3780  0.6220  1
608:   0.5510  0.4490  1
609:   0.4900  0.5100  1
610:   0.3570  0.6430  1
611:   0.4080  0.5920  1
612:   0.4440  0.5560  1
613:   0.4600  0.5400  1
614:   0.5500  0.4500  1
615:   0.3980  0.6020  1
616:   0.3940  0.6060  1
617:   0.5740  0.4260  1
618:   0.3450  0.6550  1
619:   0.4970  0.5030  1
620:   0.5610  0.4390  1
621:   0.5400  0.4600  1
622:   0.4090  0.5910  1
623:   0.3810  0.6190  1
624:   0.3900  0.6100  1
625:   0.4890  0.5110  1
626:   0.3350  0.6650  1
627:   0.5860  0.4140  1
628:   0.5310  0.4690  1
629:   0.4190  0.5810  1
630:   0.5280  0.4720  1
631:   0.6170  0.3830  1
632:   0.6170  0.3830  1
633:   0.4610  0.5390  1
634:   0.3720  0.6280  1
635:   0.3970  0.6030  1
636:   0.4610  0.5390  1
637:   0.5330  0.4670  1
638:   0.3980  0.6020  1
639:   0.5680  0.4320  1
640:   0.4660  0.5340  1
641:   0.4560  0.5440  1
642:   0.4650  0.5350  1
643:   0.5460  0.4540  1
644:   0.2770  0.7230  1
645:   0.6380  0.3620  1
646:   0.4270  0.5730  1
647:   0.5680  0.4320  1
648:   0.5030  0.4970  1
649:   0.5120  0.4880  1
650:   0.4690  0.5310  1
651:   0.6430  0.3570  1
652:   0.6500  0.3500  1
653:   0.6590  0.3410  1
654:   0.5320  0.4680  1
655:   0.4570  0.5430  1
656:   0.4500  0.5500  1
657:   0.5360  0.4640  1
658:   0.5170  0.4830  1
659:   0.5180  0.4820  1
660:   0.6060  0.3940  1
661:   0.4540  0.5460  1
662:   0.3700  0.6300  1
663:   0.4260  0.5740  1
664:   0.5380  0.4620  1
665:   0.5650  0.4350  1
666:   0.5970  0.4030  1
667:   0.4630  0.5370  1
668:   0.4640  0.5360  1
669:   0.5530  0.4470  1
670:   0.5660  0.4340  1
671:   0.5270  0.4730  1
672:   0.6710  0.3290  1
673:   0.4930  0.5070  1
674:   0.5110  0.4890  1
675:   0.5430  0.4570  1
676:   0.4060  0.5940  1
677:   0.4180  0.5820  1
678:   0.4770  0.5230  1
679:   0.5100  0.4900  1
680:   0.4210  0.5790  1
681:   0.6170  0.3830  1
682:   0.3580  0.6420  1
683:   0.3970  0.6030  1
684:   0.6650  0.3350  1
685:   0.4930  0.5070  1
686:   0.5750  0.4250  1
687:   0.5130  0.4870  1
688:   0.4710  0.5290  1
689:   0.4370  0.5630  1
690:   0.5630  0.4370  1
691:   0.6240  0.3760  1
692:   0.4710  0.5290  1
693:   0.3980  0.6020  1
694:   0.5740  0.4260  1
695:   0.4440  0.5560  1
696:   0.5490  0.4510  1
697:   0.5480  0.4520  1
698:   0.4560  0.5440  1
699:   0.5430  0.4570  1
700:   0.3950  0.6050  1
701:   0.5080  0.4920  1
702:   0.5250  0.4750  1
703:   0.4910  0.5090  1
704:   0.3420  0.6580  1
705:   0.5690  0.4310  1
706:   0.4550  0.5450  1
707:   0.4230  0.5770  1
708:   0.5470  0.4530  1
709:   0.5230  0.4770  1
710:   0.5560  0.4440  1
711:   0.5620  0.4380  1
712:   0.5080  0.4920  1
713:   0.4710  0.5290  1
714:   0.4700  0.5300  1
715:   0.5120  0.4880  1
716:   0.5330  0.4670  1
717:   0.5900  0.4100  1
718:   0.4240  0.5760  1
719:   0.3130  0.6870  1
720:   0.5550  0.4450  1
721:   0.4350  0.5650  1
722:   0.5330  0.4670  1
723:   0.4210  0.5790  1
724:   0.5810  0.4190  1
725:   0.4480  0.5520  1
726:   0.4730  0.5270  1
727:   0.5800  0.4200  1
728:   0.4450  0.5550  1
729:   0.4920  0.5080  1
730:   0.5750  0.4250  1
731:   0.5590  0.4410  1
732:   0.5450  0.4550  1
733:   0.5440  0.4560  1
734:   0.4970  0.5030  1
735:   0.4240  0.5760  1
736:   0.4860  0.5140  1
737:   0.5080  0.4920  1
738:   0.4690  0.5310  1
739:   0.6190  0.3810  1
740:   0.5320  0.4680  1
741:   0.5430  0.4570  1
742:   0.3990  0.6010  1
743:   0.5830  0.4170  1
744:   0.5270  0.4730  1
745:   0.3750  0.6250  1
746:   0.3130  0.6870  1
747:   0.5660  0.4340  1
748:   0.4790  0.5210  1
749:   0.4870  0.5130  1
750:   0.4780  0.5220  1
751:   0.5620  0.4380  1
752:   0.4290  0.5710  1
753:   0.5590  0.4410  1
754:   0.5170  0.4830  1
755:   0.5630  0.4370  1
756:   0.3860  0.6140  1
757:   0.5290  0.4710  1
758:   0.6170  0.3830  1
759:   0.4170  0.5830  1
760:   0.3890  0.6110  1
761:   0.4870  0.5130  1
762:   0.6870  0.3130  1
763:   0.4260  0.5740  1
764:   0.4360  0.5640  1
765:   0.3620  0.6380  1
766:   0.5650  0.4350  1
767:   0.6740  0.3260  1
768:   0.5680  0.4320  1
769:   0.4010  0.5990  1
770:   0.3630  0.6370  1
771:   0.4260  0.5740  1
772:   0.3890  0.6110  1
773:   0.6340  0.3660  1
774:   0.5670  0.4330  1
775:   0.3820  0.6180  1
776:   0.4750  0.5250  1
777:   0.5250  0.4750  1
778:   0.5070  0.4930  1
779:   0.5000  0.5000  1
780:   0.4350  0.5650  1
781:   0.5560  0.4440  1

  1:   0.5530  0.4470  1
  2:   0.5520  0.4480  1
  3:   0.4590  0.5410  1
  4:   0.4940  0.5060  1
  5:   0.6070  0.3930  1
  6:   0.4990  0.5010  1
  7:   0.4910  0.5090  1
  8:   0.4520  0.5480  1
  9:   0.4930  0.5070  1
 10:   0.3500  0.6500  1
 11:   0.4820  0.5180  1
 12:   0.4050  0.5950  1
 13:   0.4380  0.5620  1
 14:   0.6160  0.3840  1
 15:   0.6870  0.3130  1
 16:   0.4750  0.5250  1
 17:   0.4760  0.5240  1
 18:   0.6560  0.3440  1
 19:   0.6060  0.3940  1
 20:   0.3940  0.6060  1
 21:   0.4680  0.5320  1
 22:   0.5600  0.4400  1
 23:   0.5140  0.4860  1
 24:   0.3710  0.6290  1
 25:   0.5880  0.4120  1
 26:   0.5430  0.4570  1
 27:   0.5000  0.5000  1
 28:   0.4840  0.5160  1
 29:   0.5880  0.4120  1
 30:   0.4640  0.5360  1
 31:   0.4040  0.5960  1
 32:   0.6120  0.3880  1
 33:   0.5510  0.4490  1
 34:   0.5330  0.4670  1
 35:   0.5470  0.4530  1
 36:   0.6270  0.3730  1
 37:   0.5280  0.4720  1
 38:   0.5150  0.4850  1
 39:   0.4900  0.5100  1
 40:   0.6030  0.3970  1
 41:   0.3830  0.6170  1
 42:   0.5290  0.4710  1
 43:   0.5630  0.4370  1
 44:   0.4820  0.5180  1
 45:   0.5610  0.4390  1
 46:   0.5640  0.4360  1
 47:   0.4810  0.5190  1
 48:   0.7010  0.2990  1
 49:   0.3640  0.6360  1
 50:   0.5480  0.4520  1
 51:   0.4640  0.5360  1
 52:   0.3760  0.6240  1
 53:   0.5190  0.4810  1
 54:   0.4930  0.5070  1
 55:   0.6580  0.3420  1
 56:   0.6060  0.3940  1
 57:   0.4390  0.5610  1
 58:   0.7230  0.2770  1
 59:   0.5780  0.4220  1
 60:   0.4600  0.5400  1
 61:   0.4770  0.5230  1
 62:   0.4870  0.5130  1
 63:   0.4360  0.5640  1
 64:   0.4530  0.5470  1
 65:   0.5210  0.4790  1
 66:   0.4470  0.5530  1
 67:   0.3420  0.6580  1
 68:   0.5170  0.4830  1
 69:   0.4060  0.5940  1
 70:   0.5620  0.4380  1
 71:   0.4040  0.5960  1
 72:   0.3930  0.6070  1
 73:   0.5940  0.4060  1
 74:   0.4500  0.5500  1
 75:   0.4610  0.5390  1
 76:   0.4640  0.5360  1
 77:   0.5350  0.4650  1
 78:   0.4460  0.5540  1
 79:   0.4670  0.5330  1
 80:   0.4230  0.5770  1
 81:   0.3400  0.6600  1
 82:   0.5130  0.4870  1
 83:   0.3680  0.6320  1
 84:   0.5050  0.4950  1
 85:   0.5120  0.4880  1
 86:   0.5610  0.4390  1
 87:   0.3300  0.6700  1
 88:   0.5760  0.4240  1
 89:   0.5070  0.4930  1
 90:   0.5250  0.4750  1
 91:   0.4850  0.5150  1
 92:   0.5100  0.4900  1
 93:   0.3760  0.6240  1
 94:   0.4800  0.5200  1
 95:   0.5410  0.4590  1
 96:   0.4810  0.5190  1
 97:   0.3910  0.6090  1
 98:   0.4380  0.5620  1
 99:   0.3800  0.6200  1
100:   0.4530  0.5470  1
101:   0.4340  0.5660  1
102:   0.6120  0.3880  1
103:   0.6180  0.3820  1
104:   0.4550  0.5450  1
105:   0.4630  0.5370  1
106:   0.4880  0.5120  1
107:   0.5110  0.4890  1
108:   0.4680  0.5320  1
109:   0.4760  0.5240  1
110:   0.5000  0.5000  1
111:   0.5930  0.4070  1
112:   0.5690  0.4310  1
113:   0.5310  0.4690  1
114:   0.5880  0.4120  1
115:   0.4500  0.5500  1
116:   0.5280  0.4720  1
117:   0.6440  0.3560  1
118:   0.4750  0.5250  1
119:   0.6630  0.3370  1
120:   0.6590  0.3410  1
121:   0.4410  0.5590  1
122:   0.3100  0.6900  1
123:   0.6160  0.3840  1
124:   0.4280  0.5720  1
125:   0.5690  0.4310  1
126:   0.5270  0.4730  1
127:   0.4810  0.5190  1
128:   0.5450  0.4550  1
129:   0.4050  0.5950  1
130:   0.3890  0.6110  1
131:   0.4490  0.5510  1
132:   0.6810  0.3190  1
133:   0.5960  0.4040  1
134:   0.5670  0.4330  1
135:   0.4620  0.5380  1
136:   0.5660  0.4340  1
137:   0.4920  0.5080  1
138:   0.6040  0.3960  1
139:   0.5530  0.4470  1
140:   0.3960  0.6040  1
141:   0.5260  0.4740  1
142:   0.6370  0.3630  1
143:   0.4550  0.5450  1
144:   0.5020  0.4980  1
145:   0.6510  0.3490  1
146:   0.4510  0.5490  1
147:   0.5180  0.4820  1
148:   0.4330  0.5670  1
149:   0.5530  0.4470  1
150:   0.4210  0.5790  1
151:   0.4230  0.5770  1
152:   0.4720  0.5280  1
153:   0.4490  0.5510  1
154:   0.4720  0.5280  1
155:   0.6300  0.3700  1
156:   0.4060  0.5940  1
157:   0.5830  0.4170  1
158:   0.5130  0.4870  1
159:   0.5130  0.4870  1
160:   0.5680  0.4320  1
161:   0.6320  0.3680  1
162:   0.5270  0.4730  1
163:   0.5160  0.4840  1
164:   0.5630  0.4370  1
165:   0.4820  0.5180  1
166:   0.4790  0.5210  1
167:   0.6780  0.3220  1
168:   0.4870  0.5130  1
169:   0.5010  0.4990  1
170:   0.3840  0.6160  1
171:   0.5110  0.4890  1
172:   0.4660  0.5340  1
173:   0.5860  0.4140  1
174:   0.5140  0.4860  1
175:   0.4430  0.5570  1
176:   0.4570  0.5430  1
177:   0.3340  0.6660  1
178:   0.4640  0.5360  1
179:   0.5620  0.4380  1
180:   0.4250  0.5750  1
181:   0.5890  0.4110  1
182:   0.3760  0.6240  1
183:   0.5830  0.4170  1
184:   0.4740  0.5260  1
185:   0.5790  0.4210  1
186:   0.5460  0.4540  1
187:   0.5100  0.4900  1
188:   0.6180  0.3820  1
189:   0.4780  0.5220  1
190:   0.4260  0.5740  1
191:   0.5820  0.4180  1
192:   0.5060  0.4940  1
193:   0.5400  0.4600  1
194:   0.6160  0.3840  1
195:   0.4060  0.5940  1
196:   0.5340  0.4660  1
197:   0.5990  0.4010  1
198:   0.5630  0.4370  1
199:   0.4350  0.5650  1
200:   0.5730  0.4270  1
201:   0.3560  0.6440  1
202:   0.5140  0.4860  1
203:   0.4500  0.5500  1
204:   0.3890  0.6110  1
205:   0.4560  0.5440  1
206:   0.4050  0.5950  1
207:   0.5580  0.4420  1
208:   0.4180  0.5820  1
209:   0.4980  0.5020  1
210:   0.4470  0.5530  1
211:   0.3800  0.6200  1
212:   0.6360  0.3640  1
213:   0.5630  0.4370  1
214:   0.3660  0.6340  1
215:   0.5690  0.4310  1
216:   0.4650  0.5350  1
217:   0.5960  0.4040  1
218:   0.6070  0.3930  1
219:   0.4710  0.5290  1
220:   0.4940  0.5060  1
221:   0.4260  0.5740  1
222:   0.5540  0.4460  1
223:   0.5780  0.4220  1
224:   0.4330  0.5670  1
225:   0.3680  0.6320  1
226:   0.5400  0.4600  1
227:   0.4320  0.5680  1
228:   0.5260  0.4740  1
229:   0.4760  0.5240  1
230:   0.5740  0.4260  1
231:   0.4840  0.5160  1
232:   0.4950  0.5050  1
233:   0.5510  0.4490  1
234:   0.4950  0.5050  1
235:   0.4640  0.5360  1
236:   0.6210  0.3790  1
237:   0.4850  0.5150  1
238:   0.5000  0.5000  1
239:   0.4240  0.5760  1
240:   0.5200  0.4800  1
241:   0.4090  0.5910  1
242:   0.4750  0.5250  1
243:   0.5370  0.4630  1
244:   0.4210  0.5790  1
245:   0.4890  0.5110  1
246:   0.5720  0.4280  1
247:   0.4750  0.5250  1
248:   0.5190  0.4810  1
249:   0.4310  0.5690  1
250:   0.6470  0.3530  1
251:   0.5750  0.4250  1
252:   0.3740  0.6260  1
253:   0.4330  0.5670  1
254:   0.5420  0.4580  1
255:   0.4410  0.5590  1
256:   0.5510  0.4490  1
257:   0.4190  0.5810  1
258:   0.4850  0.5150  1
259:   0.4100  0.5900  1
260:   0.4620  0.5380  1
261:   0.4610  0.5390  1
262:   0.4890  0.5110  1
263:   0.4460  0.5540  1
264:   0.5090  0.4910  1
265:   0.4590  0.5410  1
266:   0.5040  0.4960  1
267:   0.4890  0.5110  1
268:   0.5460  0.4540  1
269:   0.3510  0.6490  1
270:   0.4230  0.5770  1
271:   0.5230  0.4770  1
272:   0.4340  0.5660  1
273:   0.4960  0.5040  1
274:   0.5020  0.4980  1
275:   0.4040  0.5960  1
276:   0.5430  0.4570  1
277:   0.3690  0.6310  1
278:   0.3090  0.6910  1
279:   0.6110  0.3890  1
280:   0.5720  0.4280  1
281:   0.4300  0.5700  1
282:   0.4040  0.5960  1
283:   0.5530  0.4470  1
284:   0.4700  0.5300  1
285:   0.4920  0.5080  1
286:   0.4220  0.5780  1
287:   0.6340  0.3660  1
288:   0.3860  0.6140  1
289:   0.5320  0.4680  1
290:   0.5450  0.4550  1
291:   0.6410  0.3590  1
292:   0.4990  0.5010  1
293:   0.5480  0.4520  1
294:   0.4170  0.5830  1
295:   0.6650  0.3350  1
296:   0.4660  0.5340  1
297:   0.4570  0.5430  1
298:   0.4870  0.5130  1
299:   0.6350  0.3650  1
300:   0.4770  0.5230  1
301:   0.5170  0.4830  1
302:   0.6980  0.3020  1
303:   0.4970  0.5030  1
304:   0.4590  0.5410  1
305:   0.5640  0.4360  1
306:   0.5320  0.4680  1
307:   0.4750  0.5250  1
308:   0.5110  0.4890  1
309:   0.4130  0.5870  1
310:   0.4310  0.5690  1
311:   0.4490  0.5510  1
312:   0.4120  0.5880  1
313:   0.4750  0.5250  1
314:   0.5000  0.5000  1
315:   0.4590  0.5410  1
316:   0.4760  0.5240  1
317:   0.3900  0.6100  1
318:   0.4460  0.5540  1
319:   0.5860  0.4140  1
320:   0.5550  0.4450  1
321:   0.5850  0.4150  1
322:   0.5220  0.4780  1
323:   0.4760  0.5240  1
324:   0.4400  0.5600  1
325:   0.5320  0.4680  1
326:   0.3910  0.6090  1
327:   0.4980  0.5020  1
328:   0.4840  0.5160  1
329:   0.4280  0.5720  1
330:   0.4080  0.5920  1
331:   0.4570  0.5430  1
332:   0.3990  0.6010  1
333:   0.4160  0.5840  1
334:   0.4200  0.5800  1
335:   0.4910  0.5090  1
336:   0.4500  0.5500  1
337:   0.5640  0.4360  1
338:   0.3880  0.6120  1
339:   0.5110  0.4890  1
340:   0.5000  0.5000  1
341:   0.6350  0.3650  1
342:   0.3900  0.6100  1
343:   0.3360  0.6640  1
344:   0.4130  0.5870  1
345:   0.3770  0.6230  1
346:   0.5630  0.4370  1
347:   0.4900  0.5100  1
348:   0.5410  0.4590  1
349:   0.5030  0.4970  1
350:   0.5490  0.4510  1
351:   0.5860  0.4140  1
352:   0.5230  0.4770  1
353:   0.5580  0.4420  1
354:   0.3720  0.6280  1
355:   0.4420  0.5580  1
356:   0.4730  0.5270  1
357:   0.5210  0.4790  1
358:   0.4880  0.5120  1
359:   0.5890  0.4110  1
360:   0.6100  0.3900  1
361:   0.5170  0.4830  1
362:   0.5170  0.4830  1
363:   0.4760  0.5240  1
364:   0.4060  0.5940  1
365:   0.5070  0.4930  1
366:   0.5700  0.4300  1
367:   0.5440  0.4560  1
368:   0.5410  0.4590  1
369:   0.5340  0.4660  1
370:   0.5220  0.4780  1
371:   0.4910  0.5090  1
372:   0.5850  0.4150  1
373:   0.5260  0.4740  1
374:   0.5800  0.4200  1
375:   0.4540  0.5460  1
376:   0.5710  0.4290  1
377:   0.6390  0.3610  1
378:   0.5500  0.4500  1
379:   0.6700  0.3300  1
380:   0.6120  0.3880  1
381:   0.4760  0.5240  1
382:   0.4650  0.5350  1
383:   0.4600  0.5400  1
384:   0.6210  0.3790  1
385:   0.3510  0.6490  1
386:   0.6900  0.3100  1
387:   0.5280  0.4720  1
388:   0.6490  0.3510  1
389:   0.4510  0.5490  1
390:   0.4250  0.5750  1
391:   0.5740  0.4260  1
392:   0.4380  0.5620  1
393:   0.6540  0.3460  1
394:   0.3330  0.6670  1
395:   0.4620  0.5380  1
396:   0.4250  0.5750  1
397:   0.3740  0.6260  1
398:   0.4900  0.5100  1
399:   0.5500  0.4500  1
400:   0.5540  0.4460  1
401:   0.5220  0.4780  1
402:   0.4630  0.5370  1
403:   0.3440  0.6560  1
404:   0.3960  0.6040  1
405:   0.4940  0.5060  1
406:   0.4300  0.5700  1
407:   0.6970  0.3030  1
408:   0.5320  0.4680  1
409:   0.4990  0.5010  1
410:   0.4780  0.5220  1
411:   0.3950  0.6050  1
412:   0.5620  0.4380  1
413:   0.3550  0.6450  1
414:   0.5760  0.4240  1
415:   0.5830  0.4170  1
416:   0.5190  0.4810  1
417:   0.4930  0.5070  1
418:   0.5460  0.4540  1
419:   0.4620  0.5380  1
420:   0.4770  0.5230  1
421:   0.4230  0.5770  1
422:   0.4230  0.5770  1
423:   0.5020  0.4980  1
424:   0.3990  0.6010  1
425:   0.5850  0.4150  1
426:   0.5720  0.4280  1
427:   0.5030  0.4970  1
428:   0.5140  0.4860  1
429:   0.5640  0.4360  1
430:   0.4930  0.5070  1
431:   0.4460  0.5540  1
432:   0.6300  0.3700  1
433:   0.5620  0.4380  1
434:   0.4930  0.5070  1
435:   0.4970  0.5030  1
436:   0.5240  0.4760  1
437:   0.5640  0.4360  1
438:   0.6320  0.3680  1
439:   0.4500  0.5500  1
440:   0.4230  0.5770  1
441:   0.5580  0.4420  1
442:   0.3820  0.6180  1
443:   0.5010  0.4990  1
444:   0.5510  0.4490  1
445:   0.4380  0.5620  1
446:   0.4090  0.5910  1
447:   0.4900  0.5100  1
448:   0.5500  0.4500  1
449:   0.5650  0.4350  1
450:   0.4500  0.5500  1
451:   0.4930  0.5070  1
452:   0.3770  0.6230  1
453:   0.5450  0.4550  1
454:   0.4160  0.5840  1
455:   0.4600  0.5400  1
456:   0.4760  0.5240  1
457:   0.6360  0.3640  1
458:   0.4740  0.5260  1
459:   0.5520  0.4480  1
460:   0.4290  0.5710  1
461:   0.5200  0.4800  1
462:   0.3690  0.6310  1
463:   0.5890  0.4110  1
464:   0.4700  0.5300  1
465:   0.4160  0.5840  1
466:   0.6380  0.3620  1
467:   0.4720  0.5280  1
468:   0.5190  0.4810  1
469:   0.5930  0.4070  1
470:   0.5650  0.4350  1
471:   0.3650  0.6350  1
472:   0.6020  0.3980  1
473:   0.5840  0.4160  1
474:   0.4380  0.5620  1
475:   0.4750  0.5250  1
476:   0.4480  0.5520  1
477:   0.5060  0.4940  1
478:   0.5340  0.4660  1
479:   0.4190  0.5810  1
480:   0.5880  0.4120  1
481:   0.4820  0.5180  1
482:   0.5960  0.4040  1
483:   0.4280  0.5720  1
484:   0.3580  0.6420  1
485:   0.3680  0.6320  1
486:   0.5060  0.4940  1
487:   0.5190  0.4810  1
488:   0.5260  0.4740  1
489:   0.4480  0.5520  1
490:   0.5770  0.4230  1
491:   0.6540  0.3460  1
492:   0.5010  0.4990  1
493:   0.5100  0.4900  1
494:   0.5070  0.4930  1
495:   0.4260  0.5740  1
496:   0.3640  0.6360  1
497:   0.5080  0.4920  1
498:   0.5170  0.4830  1
499:   0.5870  0.4130  1
500:   0.5600  0.4400  1
501:   0.4430  0.5570  1
502:   0.4630  0.5370  1
503:   0.5440  0.4560  1
504:   0.4690  0.5310  1
505:   0.5360  0.4640  1
506:   0.4770  0.5230  1
507:   0.4690  0.5310  1
508:   0.3650  0.6350  1
509:   0.4610  0.5390  1
510:   0.4600  0.5400  1
511:   0.5980  0.4020  1
512:   0.5590  0.4410  1
513:   0.3770  0.6230  1
514:   0.4460  0.5540  1
515:   0.6740  0.3260  1
516:   0.4480  0.5520  1
517:   0.3970  0.6030  1
518:   0.4260  0.5740  1
519:   0.4930  0.5070  1
520:   0.5650  0.4350  1
521:   0.4790  0.5210  1
522:   0.4530  0.5470  1
523:   0.5500  0.4500  1
524:   0.4060  0.5940  1
525:   0.5670  0.4330  1
526:   0.5600  0.4400  1
527:   0.5010  0.4990  1
528:   0.6250  0.3750  1
529:   0.5360  0.4640  1
530:   0.5640  0.4360  1
531:   0.4710  0.5290  1
532:   0.3430  0.6570  1
533:   0.5780  0.4220  1
534:   0.5380  0.4620  1
535:   0.6090  0.3910  1
536:   0.5240  0.4760  1
537:   0.6170  0.3830  1
538:   0.4590  0.5410  1
539:   0.5730  0.4270  1
540:   0.4880  0.5120  1
541:   0.4390  0.5610  1
542:   0.6340  0.3660  1
543:   0.6630  0.3370  1
544:   0.5980  0.4020  1
545:   0.5000  0.5000  1
546:   0.6050  0.3950  1
547:   0.4750  0.5250  1
548:   0.4610  0.5390  1
549:   0.4720  0.5280  1
550:   0.5180  0.4820  1
551:   0.6110  0.3890  1
552:   0.5230  0.4770  1
553:   0.4190  0.5810  1
554:   0.7070  0.2930  1
555:   0.4270  0.5730  1
556:   0.4260  0.5740  1
557:   0.5240  0.4760  1
558:   0.5050  0.4950  1
559:   0.4370  0.5630  1
560:   0.6200  0.3800  1
561:   0.4030  0.5970  1
562:   0.6120  0.3880  1
563:   0.4710  0.5290  1
564:   0.4640  0.5360  1
565:   0.5110  0.4890  1
566:   0.4000  0.6000  1
567:   0.4980  0.5020  1
568:   0.6190  0.3810  1
569:   0.4050  0.5950  1
570:   0.5230  0.4770  1
571:   0.4860  0.5140  1
572:   0.5650  0.4350  1
573:   0.4950  0.5050  1
574:   0.4270  0.5730  1
575:   0.4300  0.5700  1
576:   0.4880  0.5120  1
577:   0.4560  0.5440  1
578:   0.5460  0.4540  1
579:   0.4890  0.5110  1
580:   0.4290  0.5710  1
581:   0.6080  0.3920  1
582:   0.4540  0.5460  1
583:   0.5520  0.4480  1
584:   0.5290  0.4710  1
585:   0.4350  0.5650  1
586:   0.4520  0.5480  1
587:   0.4510  0.5490  1
588:   0.3840  0.6160  1
589:   0.5560  0.4440  1
590:   0.4490  0.5510  1
591:   0.5440  0.4560  1
592:   0.4650  0.5350  1
593:   0.5530  0.4470  1
594:   0.6140  0.3860  1
595:   0.5720  0.4280  1
596:   0.5890  0.4110  1
597:   0.5300  0.4700  1
598:   0.5100  0.4900  1
599:   0.5410  0.4590  1
600:   0.5180  0.4820  1
601:   0.4190  0.5810  1
602:   0.4620  0.5380  1
603:   0.4940  0.5060  1
604:   0.6180  0.3820  1
605:   0.4320  0.5680  1
606:   0.5620  0.4380  1
607:   0.3780  0.6220  1
608:   0.5510  0.4490  1
609:   0.4930  0.5070  1
610:   0.3580  0.6420  1
611:   0.4110  0.5890  1
612:   0.4380  0.5620  1
613:   0.4620  0.5380  1
614:   0.5480  0.4520  1
615:   0.4140  0.5860  1
616:   0.3990  0.6010  1
617:   0.5680  0.4320  1
618:   0.3530  0.6470  1
619:   0.4950  0.5050  1
620:   0.5560  0.4440  1
621:   0.5360  0.4640  1
622:   0.4170  0.5830  1
623:   0.3930  0.6070  1
624:   0.3980  0.6020  1
625:   0.4870  0.5130  1
626:   0.3430  0.6570  1
627:   0.5870  0.4130  1
628:   0.5330  0.4670  1
629:   0.4210  0.5790  1
630:   0.5290  0.4710  1
631:   0.6110  0.3890  1
632:   0.6110  0.3890  1
633:   0.4610  0.5390  1
634:   0.3810  0.6190  1
635:   0.4010  0.5990  1
636:   0.4660  0.5340  1
637:   0.5310  0.4690  1
638:   0.4060  0.5940  1
639:   0.5630  0.4370  1
640:   0.4680  0.5320  1
641:   0.4480  0.5520  1
642:   0.4650  0.5350  1
643:   0.5470  0.4530  1
644:   0.2880  0.7120  1
645:   0.6290  0.3710  1
646:   0.4340  0.5660  1
647:   0.5680  0.4320  1
648:   0.5050  0.4950  1
649:   0.5040  0.4960  1
650:   0.4600  0.5400  1
651:   0.6410  0.3590  1
652:   0.6410  0.3590  1
653:   0.6490  0.3510  1
654:   0.5280  0.4720  1
655:   0.4610  0.5390  1
656:   0.4630  0.5370  1
657:   0.5410  0.4590  1
658:   0.5180  0.4820  1
659:   0.5150  0.4850  1
660:   0.6100  0.3900  1
661:   0.4580  0.5420  1
662:   0.3760  0.6240  1
663:   0.4360  0.5640  1
664:   0.5290  0.4710  1
665:   0.5580  0.4420  1
666:   0.5950  0.4050  1
667:   0.4570  0.5430  1
668:   0.4690  0.5310  1
669:   0.5540  0.4460  1
670:   0.5590  0.4410  1
671:   0.5330  0.4670  1
672:   0.6610  0.3390  1
673:   0.4880  0.5120  1
674:   0.5070  0.4930  1
675:   0.5390  0.4610  1
676:   0.4040  0.5960  1
677:   0.4180  0.5820  1
678:   0.4810  0.5190  1
679:   0.5070  0.4930  1
680:   0.4260  0.5740  1
681:   0.6120  0.3880  1
682:   0.3720  0.6280  1
683:   0.4000  0.6000  1
684:   0.6580  0.3420  1
685:   0.4960  0.5040  1
686:   0.5760  0.4240  1
687:   0.5150  0.4850  1
688:   0.4710  0.5290  1
689:   0.4480  0.5520  1
690:   0.5610  0.4390  1
691:   0.6220  0.3780  1
692:   0.4670  0.5330  1
693:   0.4040  0.5960  1
694:   0.5650  0.4350  1
695:   0.4530  0.5470  1
696:   0.5450  0.4550  1
697:   0.5400  0.4600  1
698:   0.4600  0.5400  1
699:   0.5450  0.4550  1
700:   0.3950  0.6050  1
701:   0.5090  0.4910  1
702:   0.5220  0.4780  1
703:   0.4900  0.5100  1
704:   0.3420  0.6580  1
705:   0.5610  0.4390  1
706:   0.4470  0.5530  1
707:   0.4310  0.5690  1
708:   0.5370  0.4630  1
709:   0.5230  0.4770  1
710:   0.5550  0.4450  1
711:   0.5620  0.4380  1
712:   0.5160  0.4840  1
713:   0.4770  0.5230  1
714:   0.4710  0.5290  1
715:   0.5110  0.4890  1
716:   0.5440  0.4560  1
717:   0.5830  0.4170  1
718:   0.4200  0.5800  1
719:   0.3230  0.6770  1
720:   0.5510  0.4490  1
721:   0.4390  0.5610  1
722:   0.5300  0.4700  1
723:   0.4200  0.5800  1
724:   0.5830  0.4170  1
725:   0.4540  0.5460  1
726:   0.4730  0.5270  1
727:   0.5780  0.4220  1
728:   0.4500  0.5500  1
729:   0.4940  0.5060  1
730:   0.5610  0.4390  1
731:   0.5610  0.4390  1
732:   0.5500  0.4500  1
733:   0.5450  0.4550  1
734:   0.4910  0.5090  1
735:   0.4220  0.5780  1
736:   0.4910  0.5090  1
737:   0.5140  0.4860  1
738:   0.4690  0.5310  1
739:   0.6200  0.3800  1
740:   0.5300  0.4700  1
741:   0.5430  0.4570  1
742:   0.4020  0.5980  1
743:   0.5830  0.4170  1
744:   0.5270  0.4730  1
745:   0.3750  0.6250  1
746:   0.3160  0.6840  1
747:   0.5610  0.4390  1
748:   0.4800  0.5200  1
749:   0.4920  0.5080  1
750:   0.4730  0.5270  1
751:   0.5680  0.4320  1
752:   0.4370  0.5630  1
753:   0.5560  0.4440  1
754:   0.5120  0.4880  1
755:   0.5650  0.4350  1
756:   0.3820  0.6180  1
757:   0.5270  0.4730  1
758:   0.6060  0.3940  1
759:   0.4180  0.5820  1
760:   0.3990  0.6010  1
761:   0.4930  0.5070  1
762:   0.6770  0.3230  1
763:   0.4320  0.5680  1
764:   0.4400  0.5600  1
765:   0.3670  0.6330  1
766:   0.5500  0.4500  1
767:   0.6660  0.3340  1
768:   0.5590  0.4410  1
769:   0.4000  0.6000  1
770:   0.3730  0.6270  1
771:   0.4370  0.5630  1
772:   0.3970  0.6030  1
773:   0.6240  0.3760  1
774:   0.5570  0.4430  1
775:   0.3830  0.6170  1
776:   0.4710  0.5290  1
777:   0.5300  0.4700  1
778:   0.5110  0.4890  1
779:   0.4980  0.5020  1
780:   0.4390  0.5610  1
781:   0.5540  0.4460  1

  1:   0.5460  0.4540  1
  2:   0.5490  0.4510  1
  3:   0.4530  0.5470  1
  4:   0.4890  0.5110  1
  5:   0.6230  0.3770  1
  6:   0.4950  0.5050  1
  7:   0.4860  0.5140  1
  8:   0.4490  0.5510  1
  9:   0.4740  0.5260  1
 10:   0.3410  0.6590  1
 11:   0.4920  0.5080  1
 12:   0.4000  0.6000  1
 13:   0.4240  0.5760  1
 14:   0.6100  0.3900  1
 15:   0.7030  0.2970  1
 16:   0.4710  0.5290  1
 17:   0.4710  0.5290  1
 18:   0.6700  0.3300  1
 19:   0.6010  0.3990  1
 20:   0.3710  0.6290  1
 21:   0.4870  0.5130  1
 22:   0.5500  0.4500  1
 23:   0.5280  0.4720  1
 24:   0.3630  0.6370  1
 25:   0.5990  0.4010  1
 26:   0.5410  0.4590  1
 27:   0.4950  0.5050  1
 28:   0.4980  0.5020  1
 29:   0.5840  0.4160  1
 30:   0.4590  0.5410  1
 31:   0.4010  0.5990  1
 32:   0.6180  0.3820  1
 33:   0.5590  0.4410  1
 34:   0.5300  0.4700  1
 35:   0.5410  0.4590  1
 36:   0.6380  0.3620  1
 37:   0.5320  0.4680  1
 38:   0.5080  0.4920  1
 39:   0.5030  0.4970  1
 40:   0.6170  0.3830  1
 41:   0.3690  0.6310  1
 42:   0.5410  0.4590  1
 43:   0.5630  0.4370  1
 44:   0.4610  0.5390  1
 45:   0.5810  0.4190  1
 46:   0.5740  0.4260  1
 47:   0.4750  0.5250  1
 48:   0.7250  0.2750  1
 49:   0.3270  0.6730  1
 50:   0.5340  0.4660  1
 51:   0.4610  0.5390  1
 52:   0.3600  0.6400  1
 53:   0.5100  0.4900  1
 54:   0.4890  0.5110  1
 55:   0.6820  0.3180  1
 56:   0.6320  0.3680  1
 57:   0.4220  0.5780  1
 58:   0.7440  0.2560  1
 59:   0.5990  0.4010  1
 60:   0.4510  0.5490  1
 61:   0.4650  0.5350  1
 62:   0.4970  0.5030  1
 63:   0.4270  0.5730  1
 64:   0.4450  0.5550  1
 65:   0.5270  0.4730  1
 66:   0.4460  0.5540  1
 67:   0.3390  0.6610  1
 68:   0.5170  0.4830  1
 69:   0.4040  0.5960  1
 70:   0.5600  0.4400  1
 71:   0.4000  0.6000  1
 72:   0.3870  0.6130  1
 73:   0.6010  0.3990  1
 74:   0.4360  0.5640  1
 75:   0.4560  0.5440  1
 76:   0.4760  0.5240  1
 77:   0.5440  0.4560  1
 78:   0.4390  0.5610  1
 79:   0.4680  0.5320  1
 80:   0.4120  0.5880  1
 81:   0.3170  0.6830  1
 82:   0.5230  0.4770  1
 83:   0.3470  0.6530  1
 84:   0.5020  0.4980  1
 85:   0.5240  0.4760  1
 86:   0.5830  0.4170  1
 87:   0.3200  0.6800  1
 88:   0.5930  0.4070  1
 89:   0.5000  0.5000  1
 90:   0.5210  0.4790  1
 91:   0.4860  0.5140  1
 92:   0.5120  0.4880  1
 93:   0.3660  0.6340  1
 94:   0.4580  0.5420  1
 95:   0.5470  0.4530  1
 96:   0.4790  0.5210  1
 97:   0.3860  0.6140  1
 98:   0.4270  0.5730  1
 99:   0.3680  0.6320  1
100:   0.4510  0.5490  1
101:   0.4240  0.5760  1
102:   0.6200  0.3800  1
103:   0.6220  0.3780  1
104:   0.4620  0.5380  1
105:   0.4570  0.5430  1
106:   0.4770  0.5230  1
107:   0.5200  0.4800  1
108:   0.4740  0.5260  1
109:   0.4720  0.5280  1
110:   0.4800  0.5200  1
111:   0.5950  0.4050  1
112:   0.5630  0.4370  1
113:   0.5450  0.4550  1
114:   0.5820  0.4180  1
115:   0.4580  0.5420  1
116:   0.5270  0.4730  1
117:   0.6670  0.3330  1
118:   0.4560  0.5440  1
119:   0.6790  0.3210  1
120:   0.6830  0.3170  1
121:   0.4250  0.5750  1
122:   0.2930  0.7070  1
123:   0.6280  0.3720  1
124:   0.4240  0.5760  1
125:   0.5880  0.4120  1
126:   0.5320  0.4680  1
127:   0.4880  0.5120  1
128:   0.5540  0.4460  1
129:   0.4050  0.5950  1
130:   0.3700  0.6300  1
131:   0.4460  0.5540  1
132:   0.6970  0.3030  1
133:   0.5980  0.4020  1
134:   0.5690  0.4310  1
135:   0.4370  0.5630  1
136:   0.5790  0.4210  1
137:   0.5030  0.4970  1
138:   0.6160  0.3840  1
139:   0.5640  0.4360  1
140:   0.3880  0.6120  1
141:   0.5250  0.4750  1
142:   0.6610  0.3390  1
143:   0.4400  0.5600  1
144:   0.5030  0.4970  1
145:   0.6600  0.3400  1
146:   0.4480  0.5520  1
147:   0.5170  0.4830  1
148:   0.4190  0.5810  1
149:   0.5770  0.4230  1
150:   0.3960  0.6040  1
151:   0.4050  0.5950  1
152:   0.4730  0.5270  1
153:   0.4380  0.5620  1
154:   0.4700  0.5300  1
155:   0.6510  0.3490  1
156:   0.3930  0.6070  1
157:   0.5890  0.4110  1
158:   0.5290  0.4710  1
159:   0.5260  0.4740  1
160:   0.5820  0.4180  1
161:   0.6420  0.3580  1
162:   0.5220  0.4780  1
163:   0.5110  0.4890  1
164:   0.5910  0.4090  1
165:   0.4840  0.5160  1
166:   0.4870  0.5130  1
167:   0.6880  0.3120  1
168:   0.4800  0.5200  1
169:   0.4970  0.5030  1
170:   0.3570  0.6430  1
171:   0.5160  0.4840  1
172:   0.4460  0.5540  1
173:   0.5970  0.4030  1
174:   0.5250  0.4750  1
175:   0.4350  0.5650  1
176:   0.4360  0.5640  1
177:   0.3330  0.6670  1
178:   0.4670  0.5330  1
179:   0.5750  0.4250  1
180:   0.4130  0.5870  1
181:   0.6050  0.3950  1
182:   0.3690  0.6310  1
183:   0.5760  0.4240  1
184:   0.4630  0.5370  1
185:   0.5770  0.4230  1
186:   0.5330  0.4670  1
187:   0.5110  0.4890  1
188:   0.6320  0.3680  1
189:   0.4690  0.5310  1
190:   0.4150  0.5850  1
191:   0.5890  0.4110  1
192:   0.5110  0.4890  1
193:   0.5480  0.4520  1
194:   0.6320  0.3680  1
195:   0.4070  0.5930  1
196:   0.5300  0.4700  1
197:   0.6080  0.3920  1
198:   0.5590  0.4410  1
199:   0.4350  0.5650  1
200:   0.5750  0.4250  1
201:   0.3500  0.6500  1
202:   0.5130  0.4870  1
203:   0.4530  0.5470  1
204:   0.3820  0.6180  1
205:   0.4530  0.5470  1
206:   0.4070  0.5930  1
207:   0.5660  0.4340  1
208:   0.4000  0.6000  1
209:   0.5100  0.4900  1
210:   0.4340  0.5660  1
211:   0.3680  0.6320  1
212:   0.6390  0.3610  1
213:   0.5710  0.4290  1
214:   0.3510  0.6490  1
215:   0.5820  0.4180  1
216:   0.4750  0.5250  1
217:   0.6030  0.3970  1
218:   0.6260  0.3740  1
219:   0.4530  0.5470  1
220:   0.5040  0.4960  1
221:   0.4120  0.5880  1
222:   0.5580  0.4420  1
223:   0.5990  0.4010  1
224:   0.4290  0.5710  1
225:   0.3700  0.6300  1
226:   0.5430  0.4570  1
227:   0.4350  0.5650  1
228:   0.5290  0.4710  1
229:   0.4600  0.5400  1
230:   0.5600  0.4400  1
231:   0.4830  0.5170  1
232:   0.5100  0.4900  1
233:   0.5390  0.4610  1
234:   0.5010  0.4990  1
235:   0.4510  0.5490  1
236:   0.6310  0.3690  1
237:   0.4860  0.5140  1
238:   0.4970  0.5030  1
239:   0.4070  0.5930  1
240:   0.5130  0.4870  1
241:   0.4020  0.5980  1
242:   0.4710  0.5290  1
243:   0.5380  0.4620  1
244:   0.4180  0.5820  1
245:   0.4830  0.5170  1
246:   0.5800  0.4200  1
247:   0.4710  0.5290  1
248:   0.5260  0.4740  1
249:   0.4250  0.5750  1
250:   0.6610  0.3390  1
251:   0.5840  0.4160  1
252:   0.3680  0.6320  1
253:   0.4430  0.5570  1
254:   0.5320  0.4680  1
255:   0.4320  0.5680  1
256:   0.5720  0.4280  1
257:   0.4150  0.5850  1
258:   0.4780  0.5220  1
259:   0.4000  0.6000  1
260:   0.4730  0.5270  1
261:   0.4540  0.5460  1
262:   0.4900  0.5100  1
263:   0.4270  0.5730  1
264:   0.5160  0.4840  1
265:   0.4520  0.5480  1
266:   0.5150  0.4850  1
267:   0.4870  0.5130  1
268:   0.5360  0.4640  1
269:   0.3220  0.6780  1
270:   0.4060  0.5940  1
271:   0.5170  0.4830  1
272:   0.4250  0.5750  1
273:   0.4980  0.5020  1
274:   0.4790  0.5210  1
275:   0.3830  0.6170  1
276:   0.5660  0.4340  1
277:   0.3520  0.6480  1
278:   0.2860  0.7140  1
279:   0.6260  0.3740  1
280:   0.5890  0.4110  1
281:   0.4190  0.5810  1
282:   0.3940  0.6060  1
283:   0.5540  0.4460  1
284:   0.4710  0.5290  1
285:   0.5030  0.4970  1
286:   0.4070  0.5930  1
287:   0.6410  0.3590  1
288:   0.3700  0.6300  1
289:   0.5290  0.4710  1
290:   0.5550  0.4450  1
291:   0.6480  0.3520  1
292:   0.4990  0.5010  1
293:   0.5310  0.4690  1
294:   0.4120  0.5880  1
295:   0.6970  0.3030  1
296:   0.4630  0.5370  1
297:   0.4470  0.5530  1
298:   0.4890  0.5110  1
299:   0.6650  0.3350  1
300:   0.4690  0.5310  1
301:   0.5200  0.4800  1
302:   0.7170  0.2830  1
303:   0.4970  0.5030  1
304:   0.4590  0.5410  1
305:   0.5650  0.4350  1
306:   0.5420  0.4580  1
307:   0.4670  0.5330  1
308:   0.5160  0.4840  1
309:   0.3970  0.6030  1
310:   0.4210  0.5790  1
311:   0.4460  0.5540  1
312:   0.3890  0.6110  1
313:   0.4660  0.5340  1
314:   0.5100  0.4900  1
315:   0.4730  0.5270  1
316:   0.4710  0.5290  1
317:   0.3760  0.6240  1
318:   0.4200  0.5800  1
319:   0.5890  0.4110  1
320:   0.5690  0.4310  1
321:   0.5850  0.4150  1
322:   0.5230  0.4770  1
323:   0.4680  0.5320  1
324:   0.4300  0.5700  1
325:   0.5250  0.4750  1
326:   0.3750  0.6250  1
327:   0.4960  0.5040  1
328:   0.4780  0.5220  1
329:   0.4280  0.5720  1
330:   0.4160  0.5840  1
331:   0.4490  0.5510  1
332:   0.3730  0.6270  1
333:   0.4050  0.5950  1
334:   0.3940  0.6060  1
335:   0.4860  0.5140  1
336:   0.4610  0.5390  1
337:   0.5520  0.4480  1
338:   0.3840  0.6160  1
339:   0.5230  0.4770  1
340:   0.4910  0.5090  1
341:   0.6470  0.3530  1
342:   0.3830  0.6170  1
343:   0.3260  0.6740  1
344:   0.3960  0.6040  1
345:   0.3660  0.6340  1
346:   0.5670  0.4330  1
347:   0.5070  0.4930  1
348:   0.5470  0.4530  1
349:   0.4940  0.5060  1
350:   0.5410  0.4590  1
351:   0.5900  0.4100  1
352:   0.5140  0.4860  1
353:   0.5780  0.4220  1
354:   0.3720  0.6280  1
355:   0.4340  0.5660  1
356:   0.4730  0.5270  1
357:   0.5210  0.4790  1
358:   0.4800  0.5200  1
359:   0.6090  0.3910  1
360:   0.6160  0.3840  1
361:   0.5230  0.4770  1
362:   0.5070  0.4930  1
363:   0.4630  0.5370  1
364:   0.3960  0.6040  1
365:   0.5030  0.4970  1
366:   0.5820  0.4180  1
367:   0.5420  0.4580  1
368:   0.5620  0.4380  1
369:   0.5550  0.4450  1
370:   0.5300  0.4700  1
371:   0.4950  0.5050  1
372:   0.5890  0.4110  1
373:   0.5270  0.4730  1
374:   0.5860  0.4140  1
375:   0.4440  0.5560  1
376:   0.5800  0.4200  1
377:   0.6580  0.3420  1
378:   0.5370  0.4630  1
379:   0.6830  0.3170  1
380:   0.6400  0.3600  1
381:   0.4860  0.5140  1
382:   0.4630  0.5370  1
383:   0.4620  0.5380  1
384:   0.6210  0.3790  1
385:   0.3390  0.6610  1
386:   0.7200  0.2800  1
387:   0.5390  0.4610  1
388:   0.6590  0.3410  1
389:   0.4400  0.5600  1
390:   0.4250  0.5750  1
391:   0.5910  0.4090  1
392:   0.4390  0.5610  1
393:   0.6600  0.3400  1
394:   0.3120  0.6880  1
395:   0.4540  0.5460  1
396:   0.4110  0.5890  1
397:   0.3530  0.6470  1
398:   0.4950  0.5050  1
399:   0.5590  0.4410  1
400:   0.5640  0.4360  1
401:   0.5300  0.4700  1
402:   0.4580  0.5420  1
403:   0.3140  0.6860  1
404:   0.3970  0.6030  1
405:   0.4850  0.5150  1
406:   0.4300  0.5700  1
407:   0.7090  0.2910  1
408:   0.5310  0.4690  1
409:   0.4950  0.5050  1
410:   0.4750  0.5250  1
411:   0.3820  0.6180  1
412:   0.5710  0.4290  1
413:   0.3240  0.6760  1
414:   0.5910  0.4090  1
415:   0.6100  0.3900  1
416:   0.4890  0.5110  1
417:   0.5040  0.4960  1
418:   0.5520  0.4480  1
419:   0.4730  0.5270  1
420:   0.4640  0.5360  1
421:   0.4140  0.5860  1
422:   0.4250  0.5750  1
423:   0.4810  0.5190  1
424:   0.3870  0.6130  1
425:   0.5980  0.4020  1
426:   0.5870  0.4130  1
427:   0.5170  0.4830  1
428:   0.5020  0.4980  1
429:   0.5730  0.4270  1
430:   0.4820  0.5180  1
431:   0.4300  0.5700  1
432:   0.6410  0.3590  1
433:   0.5710  0.4290  1
434:   0.4910  0.5090  1
435:   0.4940  0.5060  1
436:   0.5260  0.4740  1
437:   0.5670  0.4330  1
438:   0.6500  0.3500  1
439:   0.4620  0.5380  1
440:   0.4050  0.5950  1
441:   0.5670  0.4330  1
442:   0.3580  0.6420  1
443:   0.4990  0.5010  1
444:   0.5640  0.4360  1
445:   0.4340  0.5660  1
446:   0.4030  0.5970  1
447:   0.4880  0.5120  1
448:   0.5590  0.4410  1
449:   0.5540  0.4460  1
450:   0.4360  0.5640  1
451:   0.4990  0.5010  1
452:   0.3650  0.6350  1
453:   0.5400  0.4600  1
454:   0.3910  0.6090  1
455:   0.4640  0.5360  1
456:   0.4830  0.5170  1
457:   0.6490  0.3510  1
458:   0.4750  0.5250  1
459:   0.5650  0.4350  1
460:   0.4160  0.5840  1
461:   0.5000  0.5000  1
462:   0.3630  0.6370  1
463:   0.6030  0.3970  1
464:   0.4750  0.5250  1
465:   0.4210  0.5790  1
466:   0.6560  0.3440  1
467:   0.4600  0.5400  1
468:   0.5240  0.4760  1
469:   0.6120  0.3880  1
470:   0.5740  0.4260  1
471:   0.3500  0.6500  1
472:   0.6050  0.3950  1
473:   0.5850  0.4150  1
474:   0.4310  0.5690  1
475:   0.4770  0.5230  1
476:   0.4580  0.5420  1
477:   0.5060  0.4940  1
478:   0.5210  0.4790  1
479:   0.4090  0.5910  1
480:   0.5830  0.4170  1
481:   0.4790  0.5210  1
482:   0.6040  0.3960  1
483:   0.4310  0.5690  1
484:   0.3410  0.6590  1
485:   0.3570  0.6430  1
486:   0.4940  0.5060  1
487:   0.5230  0.4770  1
488:   0.5380  0.4620  1
489:   0.4420  0.5580  1
490:   0.5760  0.4240  1
491:   0.6710  0.3290  1
492:   0.5140  0.4860  1
493:   0.5150  0.4850  1
494:   0.5230  0.4770  1
495:   0.4100  0.5900  1
496:   0.3450  0.6550  1
497:   0.4980  0.5020  1
498:   0.5100  0.4900  1
499:   0.5980  0.4020  1
500:   0.5770  0.4230  1
501:   0.4330  0.5670  1
502:   0.4610  0.5390  1
503:   0.5430  0.4570  1
504:   0.4690  0.5310  1
505:   0.5480  0.4520  1
506:   0.4730  0.5270  1
507:   0.4620  0.5380  1
508:   0.3390  0.6610  1
509:   0.4640  0.5360  1
510:   0.4410  0.5590  1
511:   0.6160  0.3840  1
512:   0.5450  0.4550  1
513:   0.3420  0.6580  1
514:   0.4210  0.5790  1
515:   0.6930  0.3070  1
516:   0.4490  0.5510  1
517:   0.3960  0.6040  1
518:   0.4060  0.5940  1
519:   0.4850  0.5150  1
520:   0.5770  0.4230  1
521:   0.4800  0.5200  1
522:   0.4490  0.5510  1
523:   0.5510  0.4490  1
524:   0.3940  0.6060  1
525:   0.5790  0.4210  1
526:   0.5580  0.4420  1
527:   0.4910  0.5090  1
528:   0.6440  0.3560  1
529:   0.5330  0.4670  1
530:   0.5670  0.4330  1
531:   0.4850  0.5150  1
532:   0.3180  0.6820  1
533:   0.5640  0.4360  1
534:   0.5560  0.4440  1
535:   0.6110  0.3890  1
536:   0.5190  0.4810  1
537:   0.6210  0.3790  1
538:   0.4600  0.5400  1
539:   0.5670  0.4330  1
540:   0.4950  0.5050  1
541:   0.4430  0.5570  1
542:   0.6600  0.3400  1
543:   0.6910  0.3090  1
544:   0.6090  0.3910  1
545:   0.5000  0.5000  1
546:   0.6180  0.3820  1
547:   0.4690  0.5310  1
548:   0.4570  0.5430  1
549:   0.4740  0.5260  1
550:   0.5210  0.4790  1
551:   0.6290  0.3710  1
552:   0.5130  0.4870  1
553:   0.4130  0.5870  1
554:   0.7330  0.2670  1
555:   0.4270  0.5730  1
556:   0.4120  0.5880  1
557:   0.5160  0.4840  1
558:   0.5230  0.4770  1
559:   0.4350  0.5650  1
560:   0.6460  0.3540  1
561:   0.4050  0.5950  1
562:   0.6190  0.3810  1
563:   0.4690  0.5310  1
564:   0.4640  0.5360  1
565:   0.5120  0.4880  1
566:   0.3940  0.6060  1
567:   0.5030  0.4970  1
568:   0.6180  0.3820  1
569:   0.3940  0.6060  1
570:   0.5190  0.4810  1
571:   0.4890  0.5110  1
572:   0.5470  0.4530  1
573:   0.5080  0.4920  1
574:   0.4160  0.5840  1
575:   0.4320  0.5680  1
576:   0.4970  0.5030  1
577:   0.4530  0.5470  1
578:   0.5450  0.4550  1
579:   0.4810  0.5190  1
580:   0.4200  0.5800  1
581:   0.6130  0.3870  1
582:   0.4420  0.5580  1
583:   0.5630  0.4370  1
584:   0.5460  0.4540  1
585:   0.4200  0.5800  1
586:   0.4670  0.5330  1
587:   0.4410  0.5590  1
588:   0.3710  0.6290  1
589:   0.5680  0.4320  1
590:   0.4360  0.5640  1
591:   0.5620  0.4380  1
592:   0.4520  0.5480  1
593:   0.5620  0.4380  1
594:   0.6310  0.3690  1
595:   0.5870  0.4130  1
596:   0.5780  0.4220  1
597:   0.5400  0.4600  1
598:   0.5210  0.4790  1
599:   0.5570  0.4430  1
600:   0.5100  0.4900  1
601:   0.4180  0.5820  1
602:   0.4540  0.5460  1
603:   0.4890  0.5110  1
604:   0.6250  0.3750  1
605:   0.4130  0.5870  1
606:   0.5780  0.4220  1
607:   0.3830  0.6170  1
608:   0.5450  0.4550  1
609:   0.4980  0.5020  1
610:   0.3520  0.6480  1
611:   0.4090  0.5910  1
612:   0.4380  0.5620  1
613:   0.4560  0.5440  1
614:   0.5580  0.4420  1
615:   0.3810  0.6190  1
616:   0.3910  0.6090  1
617:   0.5700  0.4300  1
618:   0.3330  0.6670  1
619:   0.4980  0.5020  1
620:   0.5750  0.4250  1
621:   0.5430  0.4570  1
622:   0.4110  0.5890  1
623:   0.3740  0.6260  1
624:   0.3840  0.6160  1
625:   0.4880  0.5120  1
626:   0.3260  0.6740  1
627:   0.5910  0.4090  1
628:   0.5370  0.4630  1
629:   0.4140  0.5860  1
630:   0.5280  0.4720  1
631:   0.6250  0.3750  1
632:   0.6320  0.3680  1
633:   0.4620  0.5380  1
634:   0.3650  0.6350  1
635:   0.3890  0.6110  1
636:   0.4660  0.5340  1
637:   0.5290  0.4710  1
638:   0.3890  0.6110  1
639:   0.5750  0.4250  1
640:   0.4740  0.5260  1
641:   0.4580  0.5420  1
642:   0.4560  0.5440  1
643:   0.5450  0.4550  1
644:   0.2660  0.7340  1
645:   0.6470  0.3530  1
646:   0.4230  0.5770  1
647:   0.5690  0.4310  1
648:   0.5220  0.4780  1
649:   0.5240  0.4760  1
650:   0.4680  0.5320  1
651:   0.6570  0.3430  1
652:   0.6630  0.3370  1
653:   0.6660  0.3340  1
654:   0.5290  0.4710  1
655:   0.4510  0.5490  1
656:   0.4330  0.5670  1
657:   0.5450  0.4550  1
658:   0.5250  0.4750  1
659:   0.5260  0.4740  1
660:   0.5930  0.4070  1
661:   0.4400  0.5600  1
662:   0.3580  0.6420  1
663:   0.4270  0.5730  1
664:   0.5430  0.4570  1
665:   0.5740  0.4260  1
666:   0.6090  0.3910  1
667:   0.4710  0.5290  1
668:   0.4630  0.5370  1
669:   0.5620  0.4380  1
670:   0.5600  0.4400  1
671:   0.5100  0.4900  1
672:   0.6810  0.3190  1
673:   0.4820  0.5180  1
674:   0.4990  0.5010  1
675:   0.5240  0.4760  1
676:   0.4070  0.5930  1
677:   0.4110  0.5890  1
678:   0.4760  0.5240  1
679:   0.5090  0.4910  1
680:   0.4190  0.5810  1
681:   0.6210  0.3790  1
682:   0.3470  0.6530  1
683:   0.3890  0.6110  1
684:   0.6810  0.3190  1
685:   0.4870  0.5130  1
686:   0.5890  0.4110  1
687:   0.5120  0.4880  1
688:   0.4780  0.5220  1
689:   0.4180  0.5820  1
690:   0.5580  0.4420  1
691:   0.6230  0.3770  1
692:   0.4620  0.5380  1
693:   0.4010  0.5990  1
694:   0.5770  0.4230  1
695:   0.4190  0.5810  1
696:   0.5570  0.4430  1
697:   0.5510  0.4490  1
698:   0.4520  0.5480  1
699:   0.5370  0.4630  1
700:   0.3930  0.6070  1
701:   0.5090  0.4910  1
702:   0.5280  0.4720  1
703:   0.5000  0.5000  1
704:   0.3430  0.6570  1
705:   0.5830  0.4170  1
706:   0.4550  0.5450  1
707:   0.4220  0.5780  1
708:   0.5530  0.4470  1
709:   0.5200  0.4800  1
710:   0.5510  0.4490  1
711:   0.5680  0.4320  1
712:   0.4990  0.5010  1
713:   0.4730  0.5270  1
714:   0.4730  0.5270  1
715:   0.5200  0.4800  1
716:   0.5330  0.4670  1
717:   0.6000  0.4000  1
718:   0.4170  0.5830  1
719:   0.3090  0.6910  1
720:   0.5610  0.4390  1
721:   0.4280  0.5720  1
722:   0.5440  0.4560  1
723:   0.4190  0.5810  1
724:   0.5770  0.4230  1
725:   0.4330  0.5670  1
726:   0.4700  0.5300  1
727:   0.5830  0.4170  1
728:   0.4610  0.5390  1
729:   0.4940  0.5060  1
730:   0.5920  0.4080  1
731:   0.5730  0.4270  1
732:   0.5570  0.4430  1
733:   0.5450  0.4550  1
734:   0.4960  0.5040  1
735:   0.4290  0.5710  1
736:   0.4880  0.5120  1
737:   0.4870  0.5130  1
738:   0.4730  0.5270  1
739:   0.6280  0.3720  1
740:   0.5300  0.4700  1
741:   0.5530  0.4470  1
742:   0.3980  0.6020  1
743:   0.5730  0.4270  1
744:   0.5220  0.4780  1
745:   0.3740  0.6260  1
746:   0.3060  0.6940  1
747:   0.5750  0.4250  1
748:   0.4730  0.5270  1
749:   0.4810  0.5190  1
750:   0.4800  0.5200  1
751:   0.5690  0.4310  1
752:   0.4230  0.5770  1
753:   0.5610  0.4390  1
754:   0.5240  0.4760  1
755:   0.5620  0.4380  1
756:   0.3920  0.6080  1
757:   0.5460  0.4540  1
758:   0.6250  0.3750  1
759:   0.4090  0.5910  1
760:   0.3730  0.6270  1
761:   0.4920  0.5080  1
762:   0.7020  0.2980  1
763:   0.4220  0.5780  1
764:   0.4430  0.5570  1
765:   0.3610  0.6390  1
766:   0.5720  0.4280  1
767:   0.6770  0.3230  1
768:   0.5760  0.4240  1
769:   0.4050  0.5950  1
770:   0.3500  0.6500  1
771:   0.4210  0.5790  1
772:   0.3850  0.6150  1
773:   0.6490  0.3510  1
774:   0.5720  0.4280  1
775:   0.3840  0.6160  1
776:   0.4710  0.5290  1
777:   0.5250  0.4750  1
778:   0.5070  0.4930  1
779:   0.4900  0.5100  1
780:   0.4110  0.5890  1
781:   0.5550  0.4450  1

