

----------------------------------------------------
STRUCTURE by Pritchard, Stephens and Donnelly (2000)
     and Falush, Stephens and Pritchard (2003)
       Code by Pritchard, Falush and Hubisz
             Version 2.3.4 (Jul 2012)
----------------------------------------------------



Command line arguments:   /usr/local/bin/structure -m parameter_job_T7_5 
Input File:    /home/martin/bottleneck/structure_analysis/structure_4/data_job_T7_5

Run parameters:
   300 individuals
   13 loci
   7 populations assumed
   10000 Burn-in period
   100000 Reps


--------------------------------------------
Proportion of membership of each pre-defined
 population in each of the 7 clusters

Given    Inferred Clusters                                   Number of
 Pop       1      2      3      4      5      6      7      Individuals

  1:     0.143  0.143  0.143  0.143  0.143  0.143  0.143      300
--------------------------------------------

Allele-freq. divergence among pops (Net nucleotide distance),
computed using point estimates of P.

      1       2       3       4       5       6       7      
 1      -    0.0040  0.0046  0.0019  0.0026  0.0005  0.0049  
 2   0.0040     -    0.0009  0.0012  0.0009  0.0069  0.0014  
 3   0.0046  0.0009     -    0.0012  0.0018  0.0075  0.0011  
 4   0.0019  0.0012  0.0012     -    0.0017  0.0038  0.0021  
 5   0.0026  0.0009  0.0018  0.0017     -    0.0048  0.0025  
 6   0.0005  0.0069  0.0075  0.0038  0.0048     -    0.0081  
 7   0.0049  0.0014  0.0011  0.0021  0.0025  0.0081     -    

Average distances (expected heterozygosity) between individuals in same cluster:
cluster  1  : 0.7691 
cluster  2  : 0.7121 
cluster  3  : 0.7070 
cluster  4  : 0.7332 
cluster  5  : 0.7321 
cluster  6  : 0.7880 
cluster  7  : 0.7013 

--------------------------------------------
Estimated Ln Prob of Data   = -15987.5
Mean value of ln likelihood = -13546.8
Variance of ln likelihood   = 4881.4
Mean value of alpha         = 2.4884

Mean value of Fst_1         = 0.0575
Mean value of Fst_2         = 0.2224
Mean value of Fst_3         = 0.2387
Mean value of Fst_4         = 0.1676
Mean value of Fst_5         = 0.1784
Mean value of Fst_6         = 0.0004
Mean value of Fst_7         = 0.2425


Inferred ancestry of individuals:
        Label (%Miss) Pop:  Inferred clusters
  1        1    (0)    1 :  0.135 0.149 0.151 0.144 0.145 0.130 0.145 
  2        2    (0)    1 :  0.133 0.151 0.150 0.146 0.141 0.125 0.154 
  3        3    (0)    1 :  0.141 0.144 0.142 0.141 0.146 0.143 0.142 
  4        4    (0)    1 :  0.155 0.129 0.129 0.140 0.144 0.170 0.133 
  5        5    (0)    1 :  0.140 0.147 0.145 0.138 0.145 0.138 0.147 
  6        6    (0)    1 :  0.142 0.147 0.144 0.150 0.138 0.138 0.142 
  7        7    (0)    1 :  0.139 0.142 0.145 0.147 0.142 0.137 0.148 
  8        8    (0)    1 :  0.138 0.145 0.145 0.149 0.140 0.135 0.147 
  9        9    (0)    1 :  0.153 0.136 0.136 0.138 0.142 0.163 0.133 
 10       10    (0)    1 :  0.147 0.142 0.139 0.135 0.146 0.150 0.141 
 11       11    (7)    1 :  0.130 0.156 0.152 0.142 0.148 0.122 0.150 
 12       12    (0)    1 :  0.150 0.134 0.137 0.141 0.138 0.162 0.137 
 13       13    (0)    1 :  0.156 0.133 0.129 0.133 0.145 0.174 0.129 
 14       14    (0)    1 :  0.152 0.135 0.137 0.146 0.139 0.158 0.132 
 15       15    (0)    1 :  0.139 0.144 0.149 0.142 0.144 0.140 0.143 
 16       16    (0)    1 :  0.140 0.147 0.146 0.141 0.142 0.141 0.143 
 17       17    (0)    1 :  0.149 0.139 0.135 0.139 0.145 0.153 0.139 
 18       18    (0)    1 :  0.143 0.145 0.137 0.141 0.147 0.143 0.145 
 19       19    (0)    1 :  0.147 0.141 0.145 0.139 0.143 0.146 0.141 
 20       20    (0)    1 :  0.148 0.140 0.140 0.145 0.142 0.148 0.136 
 21       21    (0)    1 :  0.140 0.147 0.150 0.140 0.143 0.131 0.148 
 22       22    (0)    1 :  0.149 0.137 0.140 0.143 0.138 0.154 0.139 
 23       23    (0)    1 :  0.140 0.146 0.140 0.142 0.147 0.134 0.152 
 24       24    (0)    1 :  0.145 0.143 0.141 0.143 0.140 0.146 0.143 
 25       25    (0)    1 :  0.146 0.140 0.142 0.143 0.142 0.147 0.140 
 26       26    (0)    1 :  0.143 0.141 0.144 0.145 0.141 0.143 0.144 
 27       27    (0)    1 :  0.147 0.142 0.137 0.141 0.145 0.149 0.139 
 28       28    (0)    1 :  0.144 0.139 0.143 0.144 0.141 0.143 0.146 
 29       29    (0)    1 :  0.141 0.144 0.145 0.140 0.146 0.141 0.144 
 30       30    (0)    1 :  0.144 0.142 0.144 0.142 0.143 0.146 0.139 
 31       31    (0)    1 :  0.127 0.147 0.158 0.154 0.141 0.122 0.151 
 32       32    (0)    1 :  0.148 0.144 0.141 0.142 0.139 0.142 0.142 
 33       33    (0)    1 :  0.139 0.138 0.152 0.146 0.140 0.144 0.140 
 34       34    (0)    1 :  0.144 0.144 0.142 0.142 0.142 0.141 0.146 
 35       35    (0)    1 :  0.151 0.134 0.131 0.142 0.144 0.159 0.138 
 36       36    (0)    1 :  0.135 0.146 0.152 0.147 0.143 0.130 0.148 
 37       37    (0)    1 :  0.128 0.147 0.162 0.153 0.137 0.119 0.155 
 38       38    (0)    1 :  0.143 0.142 0.141 0.143 0.143 0.142 0.146 
 39       39    (0)    1 :  0.143 0.140 0.143 0.145 0.144 0.146 0.140 
 40       40    (0)    1 :  0.143 0.145 0.145 0.145 0.141 0.136 0.146 
 41       41    (0)    1 :  0.142 0.144 0.148 0.141 0.138 0.138 0.149 
 42       42    (0)    1 :  0.152 0.136 0.133 0.137 0.145 0.163 0.134 
 43       43    (0)    1 :  0.151 0.138 0.135 0.141 0.142 0.155 0.139 
 44       44    (0)    1 :  0.140 0.149 0.144 0.140 0.145 0.134 0.148 
 45       45   (15)    1 :  0.139 0.154 0.140 0.146 0.144 0.133 0.143 
 46       46    (0)    1 :  0.147 0.140 0.139 0.142 0.141 0.150 0.142 
 47       47    (0)    1 :  0.137 0.143 0.156 0.149 0.139 0.126 0.150 
 48       48    (0)    1 :  0.137 0.143 0.148 0.142 0.144 0.136 0.150 
 49       49    (0)    1 :  0.150 0.136 0.136 0.141 0.143 0.156 0.138 
 50       50    (0)    1 :  0.135 0.156 0.149 0.143 0.143 0.125 0.148 
 51       51    (0)    1 :  0.155 0.131 0.134 0.140 0.138 0.173 0.130 
 52       52    (0)    1 :  0.141 0.142 0.143 0.139 0.144 0.145 0.145 
 53       53    (0)    1 :  0.144 0.142 0.136 0.143 0.147 0.144 0.145 
 54       54    (0)    1 :  0.140 0.146 0.145 0.143 0.142 0.133 0.151 
 55       55    (0)    1 :  0.143 0.141 0.141 0.144 0.144 0.144 0.144 
 56       56    (0)    1 :  0.144 0.143 0.140 0.146 0.142 0.142 0.142 
 57       57    (0)    1 :  0.139 0.146 0.149 0.142 0.144 0.131 0.148 
 58       58    (0)    1 :  0.144 0.143 0.139 0.149 0.143 0.142 0.140 
 59       59    (0)    1 :  0.138 0.147 0.148 0.143 0.142 0.132 0.148 
 60       60    (0)    1 :  0.135 0.153 0.148 0.143 0.146 0.128 0.148 
 61       61    (0)    1 :  0.148 0.138 0.138 0.141 0.143 0.152 0.141 
 62       62    (7)    1 :  0.141 0.142 0.147 0.144 0.141 0.145 0.140 
 63       63    (0)    1 :  0.143 0.142 0.147 0.144 0.138 0.141 0.146 
 64       64    (0)    1 :  0.133 0.159 0.146 0.146 0.147 0.120 0.149 
 65       65    (0)    1 :  0.141 0.144 0.147 0.140 0.143 0.141 0.142 
 66       66    (0)    1 :  0.140 0.144 0.142 0.146 0.140 0.141 0.146 
 67       67    (0)    1 :  0.150 0.139 0.138 0.139 0.142 0.152 0.139 
 68       68    (0)    1 :  0.141 0.142 0.145 0.142 0.145 0.138 0.147 
 69       69    (0)    1 :  0.142 0.141 0.143 0.146 0.140 0.143 0.144 
 70       70    (0)    1 :  0.138 0.146 0.143 0.145 0.148 0.136 0.145 
 71       71    (0)    1 :  0.137 0.146 0.148 0.143 0.149 0.132 0.146 
 72       72    (0)    1 :  0.146 0.139 0.140 0.141 0.143 0.151 0.140 
 73       73    (0)    1 :  0.141 0.145 0.150 0.141 0.143 0.131 0.148 
 74       74    (0)    1 :  0.136 0.148 0.145 0.148 0.141 0.138 0.143 
 75       75    (0)    1 :  0.145 0.141 0.141 0.144 0.145 0.142 0.142 
 76       76    (0)    1 :  0.139 0.150 0.142 0.147 0.145 0.130 0.148 
 77       77    (0)    1 :  0.138 0.147 0.145 0.146 0.139 0.136 0.149 
 78       78    (0)    1 :  0.134 0.150 0.155 0.140 0.143 0.125 0.152 
 79       79    (0)    1 :  0.144 0.142 0.140 0.139 0.148 0.144 0.143 
 80       80    (0)    1 :  0.154 0.134 0.132 0.137 0.140 0.170 0.134 
 81       81    (0)    1 :  0.141 0.149 0.142 0.141 0.148 0.135 0.145 
 82       82    (0)    1 :  0.134 0.148 0.158 0.149 0.136 0.124 0.150 
 83       83    (0)    1 :  0.142 0.151 0.146 0.142 0.144 0.134 0.142 
 84       84    (0)    1 :  0.147 0.140 0.141 0.142 0.143 0.147 0.140 
 85       85    (0)    1 :  0.137 0.149 0.148 0.147 0.140 0.129 0.151 
 86       86    (0)    1 :  0.142 0.148 0.144 0.142 0.143 0.137 0.144 
 87       87    (0)    1 :  0.144 0.148 0.146 0.142 0.143 0.138 0.140 
 88       88    (0)    1 :  0.150 0.137 0.139 0.144 0.140 0.150 0.140 
 89       89    (0)    1 :  0.145 0.138 0.141 0.146 0.144 0.152 0.134 
 90       90    (0)    1 :  0.145 0.141 0.143 0.144 0.140 0.146 0.141 
 91       91    (7)    1 :  0.138 0.146 0.146 0.144 0.144 0.132 0.149 
 92       92    (0)    1 :  0.140 0.142 0.149 0.142 0.142 0.136 0.149 
 93       93    (0)    1 :  0.143 0.145 0.147 0.141 0.142 0.139 0.143 
 94       94    (0)    1 :  0.136 0.152 0.151 0.145 0.143 0.129 0.145 
 95       95    (0)    1 :  0.139 0.146 0.146 0.143 0.143 0.135 0.147 
 96       96    (0)    1 :  0.150 0.141 0.138 0.138 0.140 0.152 0.142 
 97       97    (0)    1 :  0.148 0.141 0.139 0.139 0.144 0.149 0.140 
 98       98    (0)    1 :  0.149 0.135 0.141 0.136 0.144 0.154 0.140 
 99       99    (0)    1 :  0.146 0.143 0.142 0.140 0.143 0.145 0.141 
100      100    (0)    1 :  0.144 0.145 0.144 0.139 0.145 0.139 0.145 
101      101    (0)    1 :  0.143 0.143 0.143 0.147 0.142 0.138 0.144 
102      102    (0)    1 :  0.138 0.144 0.149 0.152 0.140 0.131 0.146 
103      103    (0)    1 :  0.150 0.132 0.138 0.142 0.139 0.164 0.135 
104      104    (0)    1 :  0.140 0.146 0.145 0.142 0.141 0.137 0.149 
105      105    (0)    1 :  0.132 0.153 0.152 0.141 0.146 0.122 0.153 
106      106    (0)    1 :  0.146 0.139 0.139 0.143 0.144 0.147 0.143 
107      107    (0)    1 :  0.149 0.139 0.136 0.136 0.145 0.156 0.139 
108      108    (0)    1 :  0.145 0.141 0.142 0.145 0.141 0.143 0.143 
109      109    (0)    1 :  0.150 0.137 0.136 0.137 0.143 0.157 0.140 
110      110    (0)    1 :  0.142 0.145 0.143 0.143 0.146 0.140 0.141 
111      111    (0)    1 :  0.143 0.142 0.145 0.142 0.137 0.145 0.146 
112      112    (0)    1 :  0.149 0.138 0.137 0.142 0.143 0.149 0.141 
113      113    (7)    1 :  0.155 0.127 0.132 0.134 0.140 0.178 0.133 
114      114    (0)    1 :  0.142 0.138 0.145 0.140 0.142 0.146 0.148 
115      115    (0)    1 :  0.150 0.138 0.134 0.140 0.146 0.156 0.137 
116      116    (0)    1 :  0.147 0.138 0.138 0.139 0.147 0.147 0.145 
117      117    (0)    1 :  0.139 0.144 0.146 0.148 0.139 0.135 0.148 
118      118    (0)    1 :  0.138 0.148 0.150 0.140 0.145 0.132 0.148 
119      119    (0)    1 :  0.138 0.147 0.143 0.142 0.147 0.133 0.149 
120      120    (0)    1 :  0.145 0.142 0.137 0.143 0.147 0.145 0.141 
121      121    (0)    1 :  0.150 0.137 0.133 0.143 0.140 0.159 0.138 
122      122    (0)    1 :  0.140 0.140 0.144 0.152 0.141 0.141 0.142 
123      123    (0)    1 :  0.141 0.145 0.143 0.142 0.148 0.137 0.145 
124      124    (7)    1 :  0.140 0.142 0.147 0.144 0.140 0.145 0.142 
125      125    (0)    1 :  0.139 0.146 0.143 0.146 0.145 0.134 0.148 
126      126    (0)    1 :  0.141 0.146 0.144 0.146 0.141 0.140 0.142 
127      127    (0)    1 :  0.141 0.143 0.148 0.141 0.140 0.142 0.145 
128      128    (0)    1 :  0.153 0.135 0.133 0.141 0.144 0.159 0.136 
129      129    (7)    1 :  0.147 0.134 0.138 0.141 0.145 0.154 0.140 
130      130    (0)    1 :  0.143 0.145 0.143 0.146 0.144 0.142 0.138 
131      131    (0)    1 :  0.134 0.146 0.147 0.147 0.145 0.129 0.151 
132      132    (0)    1 :  0.141 0.145 0.149 0.142 0.142 0.136 0.145 
133      133    (0)    1 :  0.137 0.150 0.152 0.143 0.142 0.130 0.147 
134      134    (0)    1 :  0.139 0.143 0.152 0.146 0.137 0.137 0.145 
135      135    (0)    1 :  0.144 0.138 0.144 0.143 0.142 0.145 0.144 
136      136    (0)    1 :  0.142 0.141 0.141 0.143 0.147 0.142 0.145 
137      137    (0)    1 :  0.139 0.148 0.145 0.140 0.146 0.138 0.144 
138      138    (0)    1 :  0.152 0.136 0.133 0.140 0.141 0.161 0.138 
139      139    (0)    1 :  0.138 0.147 0.146 0.145 0.141 0.136 0.149 
140      140    (0)    1 :  0.137 0.144 0.148 0.148 0.142 0.135 0.146 
141      141    (0)    1 :  0.145 0.146 0.141 0.141 0.141 0.141 0.145 
142      142    (0)    1 :  0.136 0.148 0.145 0.150 0.141 0.131 0.149 
143      143    (0)    1 :  0.152 0.140 0.134 0.138 0.143 0.158 0.135 
144      144    (0)    1 :  0.135 0.143 0.155 0.145 0.142 0.134 0.146 
145      145    (0)    1 :  0.147 0.140 0.134 0.143 0.142 0.156 0.139 
146      146    (0)    1 :  0.143 0.145 0.135 0.143 0.143 0.140 0.150 
147      147    (0)    1 :  0.143 0.143 0.143 0.141 0.143 0.143 0.144 
148      148    (0)    1 :  0.150 0.134 0.138 0.140 0.141 0.161 0.135 
149      149    (0)    1 :  0.143 0.138 0.141 0.142 0.144 0.147 0.144 
150      150    (0)    1 :  0.141 0.142 0.146 0.143 0.145 0.139 0.143 
151      151    (0)    1 :  0.143 0.144 0.146 0.138 0.145 0.140 0.144 
152      152    (0)    1 :  0.142 0.146 0.151 0.141 0.143 0.132 0.147 
153      153    (0)    1 :  0.143 0.144 0.141 0.139 0.148 0.140 0.146 
154      154    (0)    1 :  0.146 0.141 0.138 0.140 0.147 0.149 0.139 
155      155    (7)    1 :  0.147 0.135 0.148 0.142 0.139 0.152 0.137 
156      156    (0)    1 :  0.131 0.149 0.158 0.146 0.142 0.123 0.151 
157      157    (0)    1 :  0.134 0.155 0.150 0.148 0.140 0.125 0.147 
158      158    (0)    1 :  0.143 0.146 0.143 0.139 0.144 0.138 0.147 
159      159    (0)    1 :  0.140 0.147 0.144 0.143 0.142 0.138 0.144 
160      160    (0)    1 :  0.138 0.145 0.146 0.148 0.140 0.136 0.146 
161      161    (7)    1 :  0.149 0.139 0.133 0.143 0.144 0.156 0.136 
162      162    (0)    1 :  0.179 0.098 0.100 0.118 0.130 0.281 0.095 
163      163    (0)    1 :  0.128 0.149 0.156 0.150 0.145 0.120 0.152 
164      164    (7)    1 :  0.143 0.144 0.141 0.142 0.146 0.143 0.141 
165      165    (0)    1 :  0.139 0.146 0.148 0.146 0.143 0.131 0.147 
166      166    (7)    1 :  0.142 0.142 0.147 0.145 0.141 0.140 0.142 
167      167    (0)    1 :  0.153 0.133 0.130 0.137 0.143 0.169 0.135 
168      168    (0)    1 :  0.147 0.140 0.142 0.144 0.139 0.149 0.138 
169      169    (0)    1 :  0.136 0.148 0.145 0.151 0.145 0.134 0.141 
170      170    (0)    1 :  0.150 0.140 0.139 0.143 0.140 0.151 0.136 
171      171    (0)    1 :  0.132 0.144 0.155 0.152 0.140 0.131 0.146 
172      172    (0)    1 :  0.142 0.140 0.146 0.143 0.145 0.141 0.143 
173      173    (0)    1 :  0.136 0.145 0.148 0.147 0.141 0.136 0.146 
174      174    (0)    1 :  0.149 0.141 0.136 0.139 0.143 0.154 0.138 
175      175    (0)    1 :  0.150 0.136 0.135 0.142 0.142 0.160 0.136 
176      176    (0)    1 :  0.137 0.154 0.148 0.143 0.146 0.130 0.143 
177      177    (7)    1 :  0.132 0.153 0.152 0.148 0.141 0.120 0.154 
178      178    (0)    1 :  0.131 0.149 0.153 0.149 0.143 0.125 0.150 
179      179    (0)    1 :  0.145 0.144 0.138 0.138 0.145 0.146 0.144 
180      180    (0)    1 :  0.146 0.142 0.142 0.134 0.148 0.147 0.140 
181      181    (0)    1 :  0.138 0.152 0.141 0.148 0.142 0.133 0.145 
182      182    (0)    1 :  0.146 0.143 0.137 0.143 0.141 0.146 0.143 
183      183    (0)    1 :  0.141 0.148 0.143 0.144 0.142 0.138 0.144 
184      184    (0)    1 :  0.142 0.139 0.154 0.148 0.134 0.138 0.146 
185      185    (0)    1 :  0.138 0.142 0.149 0.149 0.142 0.136 0.144 
186      186   (15)    1 :  0.140 0.143 0.146 0.144 0.142 0.140 0.146 
187      187    (0)    1 :  0.138 0.149 0.149 0.145 0.140 0.133 0.145 
188      188    (0)    1 :  0.130 0.146 0.153 0.154 0.141 0.128 0.147 
189      189    (0)    1 :  0.144 0.143 0.143 0.146 0.143 0.142 0.139 
190      190    (0)    1 :  0.145 0.143 0.138 0.141 0.144 0.147 0.141 
191      191    (0)    1 :  0.142 0.142 0.144 0.147 0.143 0.144 0.139 
192      192    (0)    1 :  0.144 0.142 0.145 0.143 0.141 0.143 0.142 
193      193    (0)    1 :  0.141 0.153 0.141 0.140 0.146 0.138 0.142 
194      194    (0)    1 :  0.146 0.141 0.139 0.137 0.144 0.151 0.142 
195      195    (0)    1 :  0.147 0.142 0.132 0.143 0.147 0.147 0.141 
196      196    (7)    1 :  0.152 0.132 0.133 0.141 0.143 0.164 0.135 
197      197    (0)    1 :  0.146 0.145 0.149 0.146 0.138 0.134 0.140 
198      198    (0)    1 :  0.144 0.148 0.137 0.143 0.146 0.142 0.139 
199      199    (0)    1 :  0.141 0.148 0.145 0.141 0.144 0.135 0.145 
200      200    (0)    1 :  0.135 0.153 0.152 0.144 0.139 0.130 0.147 
201      201    (0)    1 :  0.150 0.135 0.141 0.137 0.142 0.157 0.137 
202      202    (0)    1 :  0.136 0.146 0.151 0.146 0.141 0.135 0.145 
203      203    (0)    1 :  0.142 0.143 0.141 0.147 0.145 0.141 0.142 
204      204    (0)    1 :  0.142 0.144 0.142 0.145 0.143 0.140 0.144 
205      205    (0)    1 :  0.147 0.144 0.141 0.140 0.146 0.144 0.139 
206      206    (0)    1 :  0.142 0.143 0.144 0.142 0.141 0.141 0.146 
207      207    (0)    1 :  0.144 0.144 0.143 0.139 0.146 0.143 0.142 
208      208    (0)    1 :  0.143 0.143 0.148 0.143 0.141 0.136 0.146 
209      209    (0)    1 :  0.147 0.137 0.138 0.143 0.137 0.153 0.146 
210      210    (0)    1 :  0.138 0.148 0.147 0.144 0.144 0.135 0.145 
211      211    (0)    1 :  0.137 0.147 0.149 0.144 0.140 0.132 0.151 
212      212    (0)    1 :  0.152 0.134 0.132 0.137 0.144 0.161 0.138 
213      213    (0)    1 :  0.139 0.147 0.148 0.143 0.144 0.136 0.144 
214      214    (0)    1 :  0.142 0.141 0.146 0.144 0.139 0.143 0.145 
215      215    (0)    1 :  0.138 0.146 0.148 0.150 0.140 0.138 0.141 
216      216    (0)    1 :  0.153 0.135 0.133 0.137 0.142 0.161 0.140 
217      217    (0)    1 :  0.135 0.150 0.146 0.149 0.146 0.129 0.145 
218      218    (0)    1 :  0.140 0.143 0.143 0.146 0.144 0.138 0.146 
219      219    (7)    1 :  0.154 0.128 0.129 0.132 0.141 0.182 0.134 
220      220    (0)    1 :  0.144 0.141 0.139 0.142 0.145 0.149 0.141 
221      221    (0)    1 :  0.146 0.137 0.144 0.143 0.142 0.149 0.139 
222      222    (0)    1 :  0.143 0.146 0.145 0.136 0.145 0.141 0.143 
223      223    (0)    1 :  0.138 0.147 0.146 0.145 0.140 0.130 0.154 
224      224    (0)    1 :  0.141 0.148 0.141 0.147 0.142 0.136 0.144 
225      225    (0)    1 :  0.150 0.138 0.137 0.141 0.142 0.153 0.139 
226      226    (0)    1 :  0.153 0.133 0.132 0.136 0.145 0.168 0.132 
227      227    (0)    1 :  0.145 0.142 0.141 0.144 0.141 0.144 0.143 
228      228    (0)    1 :  0.139 0.150 0.144 0.145 0.146 0.135 0.142 
229      229    (0)    1 :  0.140 0.145 0.153 0.141 0.143 0.132 0.147 
230      230    (0)    1 :  0.146 0.143 0.139 0.141 0.141 0.148 0.144 
231      231    (0)    1 :  0.148 0.137 0.138 0.138 0.147 0.154 0.137 
232      232    (0)    1 :  0.133 0.150 0.146 0.150 0.145 0.130 0.146 
233      233    (0)    1 :  0.149 0.140 0.133 0.140 0.148 0.148 0.143 
234      234    (0)    1 :  0.138 0.145 0.149 0.142 0.144 0.131 0.152 
235      235    (0)    1 :  0.136 0.158 0.148 0.146 0.145 0.123 0.144 
236      236    (0)    1 :  0.153 0.136 0.133 0.135 0.144 0.161 0.138 
237      237    (0)    1 :  0.135 0.152 0.147 0.147 0.148 0.124 0.148 
238      238    (0)    1 :  0.136 0.150 0.148 0.144 0.144 0.129 0.149 
239      239    (0)    1 :  0.134 0.153 0.149 0.146 0.145 0.127 0.147 
240      240    (0)    1 :  0.152 0.133 0.133 0.136 0.143 0.164 0.139 
241      241    (0)    1 :  0.147 0.137 0.137 0.139 0.146 0.157 0.138 
242      242    (0)    1 :  0.135 0.154 0.144 0.142 0.152 0.124 0.149 
243      243    (0)    1 :  0.135 0.155 0.149 0.137 0.146 0.126 0.152 
244      244    (0)    1 :  0.141 0.145 0.141 0.145 0.144 0.140 0.145 
245      245    (0)    1 :  0.143 0.138 0.145 0.146 0.141 0.146 0.141 
246      246    (0)    1 :  0.146 0.138 0.139 0.142 0.145 0.153 0.137 
247      247    (0)    1 :  0.150 0.136 0.142 0.140 0.138 0.158 0.136 
248      248    (0)    1 :  0.139 0.149 0.141 0.142 0.148 0.139 0.141 
249      249    (0)    1 :  0.145 0.139 0.140 0.141 0.144 0.152 0.139 
250      250    (0)    1 :  0.144 0.135 0.140 0.145 0.143 0.154 0.138 
251      251    (0)    1 :  0.145 0.140 0.143 0.142 0.142 0.148 0.140 
252      252    (0)    1 :  0.144 0.141 0.142 0.142 0.145 0.144 0.144 
253      253    (0)    1 :  0.139 0.141 0.151 0.143 0.140 0.136 0.148 
254      254    (0)    1 :  0.139 0.144 0.146 0.147 0.139 0.138 0.146 
255      255    (0)    1 :  0.144 0.138 0.148 0.146 0.138 0.147 0.139 
256      256    (0)    1 :  0.151 0.134 0.143 0.139 0.139 0.160 0.135 
257      257    (0)    1 :  0.138 0.144 0.145 0.149 0.143 0.135 0.146 
258      258    (0)    1 :  0.146 0.135 0.138 0.145 0.143 0.157 0.136 
259      259    (7)    1 :  0.143 0.145 0.139 0.143 0.147 0.139 0.145 
260      260    (7)    1 :  0.146 0.141 0.139 0.141 0.146 0.151 0.136 
261      261    (0)    1 :  0.143 0.145 0.139 0.139 0.150 0.141 0.144 
262      262    (0)    1 :  0.129 0.143 0.158 0.156 0.136 0.134 0.144 
263      263    (0)    1 :  0.137 0.149 0.151 0.143 0.144 0.132 0.145 
264      264    (0)    1 :  0.137 0.149 0.146 0.140 0.148 0.133 0.147 
265      265    (0)    1 :  0.143 0.144 0.141 0.143 0.144 0.142 0.144 
266      266    (0)    1 :  0.144 0.144 0.138 0.145 0.143 0.145 0.140 
267      267    (0)    1 :  0.143 0.146 0.142 0.137 0.144 0.140 0.147 
268      268    (0)    1 :  0.149 0.136 0.138 0.142 0.142 0.159 0.134 
269      269    (0)    1 :  0.153 0.133 0.134 0.139 0.141 0.164 0.135 
270      270    (0)    1 :  0.145 0.142 0.143 0.136 0.144 0.144 0.146 
271      271    (0)    1 :  0.146 0.138 0.140 0.142 0.142 0.150 0.141 
272      272    (0)    1 :  0.158 0.133 0.127 0.134 0.143 0.172 0.133 
273      273    (0)    1 :  0.128 0.150 0.156 0.152 0.141 0.120 0.153 
274      274    (0)    1 :  0.135 0.154 0.152 0.144 0.144 0.123 0.147 
275      275    (0)    1 :  0.136 0.147 0.149 0.144 0.144 0.132 0.148 
276      276    (7)    1 :  0.135 0.150 0.152 0.147 0.141 0.131 0.144 
277      277    (0)    1 :  0.136 0.148 0.150 0.143 0.144 0.130 0.149 
278      278    (0)    1 :  0.134 0.148 0.147 0.151 0.146 0.126 0.148 
279      279    (0)    1 :  0.137 0.146 0.146 0.142 0.147 0.134 0.147 
280      280    (7)    1 :  0.144 0.138 0.142 0.142 0.140 0.156 0.136 
281      281    (0)    1 :  0.138 0.149 0.147 0.143 0.144 0.130 0.149 
282      282    (0)    1 :  0.146 0.140 0.141 0.142 0.141 0.148 0.142 
283      283    (0)    1 :  0.133 0.150 0.149 0.149 0.145 0.125 0.149 
284      284    (0)    1 :  0.142 0.140 0.145 0.150 0.140 0.142 0.141 
285      285    (0)    1 :  0.155 0.131 0.134 0.136 0.141 0.171 0.131 
286      286    (0)    1 :  0.141 0.149 0.143 0.138 0.148 0.136 0.145 
287      287    (0)    1 :  0.150 0.144 0.133 0.138 0.143 0.152 0.140 
288      288    (0)    1 :  0.151 0.140 0.131 0.138 0.146 0.156 0.138 
289      289    (0)    1 :  0.143 0.139 0.143 0.143 0.143 0.144 0.144 
290      290    (0)    1 :  0.135 0.146 0.147 0.149 0.143 0.130 0.150 
291      291    (0)    1 :  0.135 0.148 0.154 0.148 0.141 0.127 0.147 
292      292    (0)    1 :  0.140 0.145 0.149 0.146 0.141 0.136 0.143 
293      293    (0)    1 :  0.152 0.138 0.137 0.141 0.141 0.156 0.135 
294      294    (0)    1 :  0.135 0.146 0.151 0.143 0.143 0.129 0.154 
295      295    (0)    1 :  0.145 0.136 0.141 0.140 0.143 0.151 0.143 
296      296    (0)    1 :  0.149 0.137 0.141 0.142 0.139 0.155 0.137 
297      297    (0)    1 :  0.152 0.136 0.136 0.138 0.143 0.160 0.136 
298      298    (0)    1 :  0.156 0.128 0.134 0.137 0.142 0.171 0.132 
299      299    (0)    1 :  0.133 0.144 0.158 0.144 0.140 0.127 0.153 
300      300    (0)    1 :  0.135 0.147 0.153 0.143 0.144 0.127 0.151 


Estimated Allele Frequencies in each cluster
First column gives estimated ancestral frequencies


Locus 1 : 
15 alleles
0.3% missing data
 160   (0.102) 0.096 0.092 0.087 0.092 0.095 0.102 0.076 
 148   (0.337) 0.375 0.428 0.445 0.427 0.378 0.337 0.499 
 152   (0.052) 0.051 0.038 0.032 0.040 0.039 0.052 0.036 
 150   (0.137) 0.149 0.228 0.230 0.198 0.238 0.137 0.183 
 164   (0.023) 0.019 0.008 0.008 0.011 0.012 0.023 0.008 
 174   (0.013) 0.010 0.003 0.003 0.005 0.006 0.013 0.003 
 158   (0.096) 0.095 0.079 0.085 0.080 0.077 0.096 0.072 
 154   (0.043) 0.039 0.028 0.027 0.031 0.030 0.043 0.026 
 166   (0.025) 0.021 0.010 0.009 0.013 0.013 0.025 0.009 
 162   (0.060) 0.056 0.043 0.035 0.046 0.051 0.060 0.043 
 156   (0.039) 0.034 0.019 0.018 0.024 0.025 0.039 0.021 
 168   (0.021) 0.016 0.007 0.006 0.009 0.011 0.021 0.007 
 170   (0.029) 0.023 0.011 0.011 0.014 0.015 0.029 0.011 
 146   (0.016) 0.012 0.005 0.004 0.006 0.007 0.016 0.004 
 172   (0.007) 0.005 0.001 0.001 0.002 0.003 0.007 0.001 

Locus 2 : 
10 alleles
0.0% missing data
 135   (0.664) 0.698 0.793 0.787 0.762 0.751 0.664 0.777 
 147   (0.175) 0.173 0.146 0.158 0.162 0.164 0.175 0.165 
 155   (0.017) 0.012 0.004 0.004 0.007 0.008 0.017 0.004 
 137   (0.027) 0.021 0.010 0.008 0.013 0.014 0.027 0.009 
 145   (0.021) 0.016 0.007 0.007 0.009 0.010 0.021 0.007 
 151   (0.041) 0.035 0.020 0.019 0.023 0.026 0.041 0.019 
 157   (0.033) 0.029 0.016 0.015 0.018 0.021 0.033 0.016 
 161   (0.008) 0.005 0.001 0.001 0.002 0.003 0.008 0.001 
 149   (0.007) 0.005 0.001 0.001 0.002 0.002 0.007 0.001 
 143   (0.007) 0.005 0.001 0.001 0.002 0.002 0.007 0.001 

Locus 3 : 
15 alleles
0.0% missing data
 216   (0.052) 0.055 0.048 0.042 0.050 0.047 0.052 0.038 
 222   (0.169) 0.194 0.225 0.216 0.193 0.251 0.169 0.227 
 224   (0.168) 0.175 0.240 0.288 0.244 0.210 0.168 0.253 
 226   (0.079) 0.077 0.075 0.079 0.078 0.079 0.079 0.080 
 220   (0.100) 0.099 0.082 0.076 0.086 0.091 0.100 0.080 
 230   (0.080) 0.083 0.088 0.079 0.088 0.070 0.080 0.073 
 232   (0.060) 0.055 0.038 0.036 0.042 0.044 0.060 0.040 
 236   (0.042) 0.036 0.020 0.018 0.025 0.026 0.042 0.023 
 238   (0.028) 0.023 0.011 0.010 0.014 0.015 0.028 0.010 
 228   (0.106) 0.110 0.126 0.113 0.121 0.103 0.106 0.129 
 218   (0.031) 0.026 0.015 0.015 0.018 0.017 0.031 0.015 
 234   (0.035) 0.030 0.017 0.016 0.021 0.022 0.035 0.017 
 214   (0.024) 0.019 0.007 0.007 0.011 0.012 0.024 0.007 
 240   (0.013) 0.010 0.003 0.003 0.005 0.006 0.013 0.003 
 242   (0.013) 0.010 0.003 0.003 0.005 0.006 0.013 0.003 

Locus 4 : 
18 alleles
0.3% missing data
 168   (0.086) 0.088 0.168 0.164 0.160 0.134 0.086 0.121 
 164   (0.092) 0.100 0.092 0.087 0.082 0.095 0.092 0.089 
 170   (0.142) 0.167 0.193 0.219 0.196 0.190 0.142 0.278 
 186   (0.087) 0.090 0.096 0.081 0.097 0.094 0.087 0.083 
 192   (0.021) 0.016 0.007 0.006 0.010 0.011 0.021 0.007 
 196   (0.010) 0.007 0.002 0.002 0.003 0.004 0.010 0.002 
 188   (0.056) 0.051 0.046 0.041 0.040 0.045 0.056 0.038 
 172   (0.089) 0.094 0.103 0.101 0.097 0.107 0.089 0.095 
 178   (0.035) 0.031 0.020 0.017 0.022 0.022 0.035 0.019 
 174   (0.050) 0.045 0.031 0.027 0.033 0.038 0.050 0.032 
 176   (0.087) 0.088 0.103 0.116 0.093 0.092 0.087 0.095 
 180   (0.038) 0.032 0.018 0.017 0.023 0.023 0.038 0.017 
 190   (0.039) 0.036 0.023 0.023 0.030 0.028 0.039 0.025 
 162   (0.027) 0.022 0.012 0.010 0.014 0.015 0.027 0.011 
 182   (0.025) 0.020 0.009 0.008 0.012 0.013 0.026 0.009 
 194   (0.020) 0.016 0.008 0.007 0.010 0.010 0.020 0.007 
 166   (0.045) 0.040 0.024 0.021 0.029 0.031 0.045 0.025 
 184   (0.052) 0.056 0.047 0.054 0.051 0.047 0.052 0.046 

Locus 5 : 
15 alleles
2.3% missing data
 186   (0.131) 0.138 0.177 0.156 0.139 0.145 0.131 0.178 
 192   (0.061) 0.055 0.043 0.048 0.053 0.047 0.061 0.040 
 200   (0.085) 0.095 0.149 0.123 0.104 0.151 0.085 0.118 
 202   (0.117) 0.120 0.109 0.119 0.118 0.126 0.117 0.145 
 190   (0.046) 0.041 0.025 0.023 0.031 0.035 0.046 0.029 
 194   (0.073) 0.067 0.065 0.065 0.063 0.068 0.073 0.063 
 196   (0.056) 0.052 0.046 0.039 0.051 0.050 0.056 0.043 
 188   (0.124) 0.122 0.136 0.157 0.163 0.124 0.124 0.132 
 204   (0.086) 0.104 0.090 0.121 0.105 0.077 0.086 0.092 
 198   (0.090) 0.097 0.094 0.088 0.098 0.096 0.090 0.101 
 206   (0.051) 0.047 0.035 0.031 0.035 0.037 0.051 0.030 
 208   (0.030) 0.024 0.013 0.012 0.016 0.018 0.030 0.013 
 180   (0.029) 0.024 0.014 0.013 0.017 0.018 0.028 0.013 
 210   (0.007) 0.005 0.001 0.001 0.002 0.003 0.007 0.001 
 184   (0.013) 0.010 0.003 0.003 0.005 0.006 0.013 0.003 

Locus 6 : 
15 alleles
0.0% missing data
 133   (0.245) 0.256 0.269 0.290 0.289 0.251 0.245 0.324 
 135   (0.191) 0.210 0.268 0.273 0.206 0.310 0.191 0.279 
 145   (0.046) 0.041 0.029 0.032 0.039 0.031 0.046 0.029 
 131   (0.068) 0.069 0.065 0.065 0.069 0.057 0.068 0.051 
 137   (0.101) 0.098 0.108 0.123 0.116 0.088 0.101 0.085 
 141   (0.078) 0.073 0.060 0.054 0.060 0.057 0.078 0.053 
 121   (0.055) 0.050 0.030 0.024 0.034 0.035 0.055 0.028 
 139   (0.088) 0.092 0.105 0.079 0.111 0.090 0.088 0.086 
 143   (0.064) 0.063 0.049 0.046 0.052 0.054 0.064 0.050 
 149   (0.007) 0.005 0.001 0.001 0.002 0.003 0.007 0.001 
 127   (0.023) 0.018 0.009 0.007 0.011 0.012 0.023 0.008 
 147   (0.007) 0.005 0.001 0.001 0.002 0.002 0.007 0.001 
 117   (0.011) 0.008 0.002 0.002 0.004 0.004 0.010 0.002 
 129   (0.007) 0.005 0.001 0.001 0.002 0.003 0.007 0.001 
 123   (0.010) 0.007 0.002 0.002 0.003 0.004 0.010 0.002 

Locus 7 : 
8 alleles
0.3% missing data
 133   (0.238) 0.257 0.320 0.296 0.272 0.328 0.238 0.276 
 135   (0.471) 0.484 0.500 0.522 0.516 0.466 0.471 0.549 
 137   (0.062) 0.055 0.039 0.034 0.042 0.043 0.062 0.037 
 131   (0.121) 0.112 0.081 0.079 0.096 0.096 0.121 0.084 
 129   (0.022) 0.017 0.007 0.006 0.009 0.011 0.022 0.006 
 141   (0.018) 0.014 0.006 0.005 0.008 0.009 0.018 0.006 
 139   (0.058) 0.053 0.046 0.056 0.053 0.042 0.058 0.041 
 143   (0.011) 0.007 0.002 0.002 0.003 0.004 0.011 0.002 

Locus 8 : 
13 alleles
2.7% missing data
 108   (0.294) 0.310 0.357 0.377 0.349 0.343 0.294 0.371 
 110   (0.121) 0.130 0.151 0.150 0.125 0.149 0.121 0.153 
 112   (0.120) 0.132 0.168 0.154 0.157 0.137 0.120 0.160 
 102   (0.050) 0.048 0.032 0.030 0.037 0.037 0.050 0.035 
 104   (0.072) 0.070 0.055 0.049 0.062 0.064 0.072 0.060 
 106   (0.128) 0.130 0.139 0.152 0.149 0.142 0.128 0.125 
 116   (0.032) 0.027 0.016 0.013 0.017 0.018 0.032 0.014 
  98   (0.051) 0.044 0.025 0.023 0.029 0.033 0.051 0.025 
 122   (0.026) 0.020 0.010 0.010 0.013 0.014 0.026 0.010 
 114   (0.058) 0.052 0.033 0.031 0.042 0.040 0.058 0.034 
 100   (0.013) 0.010 0.004 0.003 0.005 0.006 0.013 0.003 
 118   (0.016) 0.013 0.005 0.004 0.007 0.008 0.016 0.004 
 120   (0.018) 0.014 0.006 0.005 0.008 0.009 0.018 0.005 

Locus 9 : 
13 alleles
0.0% missing data
 104   (0.181) 0.213 0.277 0.237 0.238 0.260 0.181 0.255 
 116   (0.044) 0.038 0.024 0.023 0.026 0.028 0.044 0.022 
 102   (0.115) 0.109 0.137 0.138 0.163 0.132 0.115 0.105 
 112   (0.048) 0.043 0.030 0.030 0.035 0.036 0.048 0.028 
 106   (0.235) 0.237 0.222 0.245 0.224 0.230 0.235 0.243 
 114   (0.067) 0.064 0.043 0.042 0.045 0.047 0.067 0.043 
 110   (0.143) 0.155 0.180 0.202 0.169 0.165 0.143 0.221 
 120   (0.018) 0.014 0.006 0.005 0.008 0.008 0.018 0.006 
  98   (0.018) 0.014 0.006 0.005 0.008 0.009 0.018 0.005 
 100   (0.054) 0.049 0.034 0.032 0.035 0.036 0.054 0.034 
 108   (0.047) 0.043 0.033 0.034 0.037 0.036 0.047 0.031 
 118   (0.022) 0.017 0.007 0.006 0.009 0.011 0.022 0.007 
 107   (0.007) 0.005 0.001 0.001 0.002 0.003 0.007 0.001 

Locus 10 : 
14 alleles
0.7% missing data
 156   (0.371) 0.398 0.464 0.527 0.450 0.445 0.371 0.498 
 172   (0.110) 0.106 0.111 0.103 0.107 0.134 0.110 0.097 
 174   (0.036) 0.031 0.018 0.015 0.020 0.022 0.036 0.016 
 168   (0.096) 0.097 0.083 0.079 0.079 0.082 0.096 0.083 
 160   (0.115) 0.116 0.121 0.096 0.125 0.109 0.115 0.100 
 158   (0.107) 0.112 0.117 0.099 0.119 0.101 0.107 0.123 
 170   (0.045) 0.040 0.026 0.025 0.030 0.032 0.045 0.031 
 162   (0.059) 0.057 0.045 0.042 0.049 0.052 0.059 0.039 
 176   (0.016) 0.012 0.005 0.004 0.007 0.007 0.016 0.004 
 178   (0.011) 0.007 0.002 0.002 0.004 0.004 0.011 0.002 
 150   (0.007) 0.005 0.001 0.001 0.002 0.002 0.007 0.001 
 154   (0.007) 0.005 0.001 0.001 0.002 0.003 0.007 0.001 
 164   (0.013) 0.009 0.003 0.003 0.005 0.006 0.013 0.003 
 166   (0.007) 0.005 0.001 0.001 0.002 0.003 0.007 0.001 

Locus 11 : 
8 alleles
0.0% missing data
 162   (0.279) 0.288 0.268 0.276 0.284 0.272 0.279 0.269 
 168   (0.433) 0.458 0.569 0.561 0.526 0.534 0.433 0.563 
 160   (0.074) 0.067 0.046 0.041 0.049 0.056 0.074 0.046 
 170   (0.052) 0.048 0.034 0.039 0.040 0.037 0.052 0.036 
 172   (0.057) 0.052 0.036 0.038 0.042 0.040 0.057 0.036 
 164   (0.028) 0.023 0.012 0.010 0.014 0.015 0.028 0.011 
 166   (0.069) 0.059 0.035 0.033 0.043 0.042 0.069 0.038 
 180   (0.007) 0.005 0.001 0.001 0.002 0.003 0.007 0.001 

Locus 12 : 
8 alleles
0.0% missing data
 108   (0.642) 0.669 0.732 0.721 0.688 0.721 0.642 0.749 
 110   (0.249) 0.244 0.229 0.244 0.260 0.224 0.249 0.214 
 112   (0.048) 0.041 0.022 0.020 0.027 0.028 0.048 0.022 
 114   (0.027) 0.021 0.010 0.009 0.013 0.014 0.027 0.010 
 106   (0.010) 0.007 0.002 0.002 0.004 0.004 0.010 0.002 
 100   (0.007) 0.005 0.001 0.001 0.002 0.003 0.007 0.001 
 104   (0.007) 0.005 0.001 0.001 0.002 0.003 0.007 0.001 
 116   (0.010) 0.007 0.002 0.002 0.004 0.004 0.010 0.002 

Locus 13 : 
13 alleles
0.3% missing data
 132   (0.341) 0.373 0.487 0.437 0.412 0.451 0.341 0.464 
 134   (0.101) 0.099 0.090 0.131 0.121 0.098 0.101 0.110 
 146   (0.101) 0.093 0.072 0.069 0.078 0.078 0.101 0.071 
 144   (0.132) 0.134 0.131 0.135 0.142 0.133 0.132 0.147 
 136   (0.076) 0.077 0.068 0.065 0.070 0.069 0.076 0.059 
 122   (0.023) 0.019 0.009 0.007 0.010 0.012 0.023 0.008 
 148   (0.101) 0.103 0.092 0.109 0.102 0.089 0.101 0.091 
 152   (0.021) 0.017 0.007 0.006 0.010 0.010 0.021 0.007 
 142   (0.057) 0.052 0.033 0.031 0.038 0.042 0.057 0.034 
 150   (0.018) 0.014 0.006 0.005 0.008 0.008 0.018 0.006 
 154   (0.007) 0.005 0.001 0.001 0.002 0.003 0.007 0.001 
 130   (0.013) 0.010 0.003 0.002 0.005 0.005 0.013 0.002 
 128   (0.007) 0.005 0.001 0.001 0.002 0.002 0.007 0.001 

Values of parameters used in structure:
DATAFILE=/home/martin/bottleneck/structure_analysis/structure_4/data_job_T7_5,	OUTFILE=/home/martin/bottleneck/structure_analysis/structure_4/structure_results/hooded_seal/results_job_T7_5,	NUMINDS=300,	NUMLOCI=13,	MISSING=-9,	LABEL=1,	POPDATA=1,	POPFLAG=0,	PHENOTYPE=0,	EXTRACOLS=0,	MAXPOPS=7,	BURNIN=10000,	NUMREPS=100000,	USEPOPINFO=0,	INFERALPHA=1,	INFERLAMBDA=0,	POPSPECIFICLAMBDA=0,	POPALPHAS=0,	COMPUTEPROB=1,	NOADMIX=0,	ADMBURNIN=2500,	UPDATEFREQ=1,	PRINTLIKES=0,	INTERMEDSAVE=0,	PRINTKLD=0,	PRINTNET=0,	PRINTLAMBDA=0,	ANCESTDIST=0,	NUMBOXES=1000,	ANCESTPINT=0.90000,	GENSBACK=2,	MIGRPRIOR=0.05000,	PRINTQHAT=1,	PRINTQSUM=0,	ALPHA=1.0000,	FREQSCORR=1,	FPRIORMEAN=0.0100,	FPRIORSD=0.0500,	ONEFST=0,	LAMBDA=1.0000,	UNIFPRIORALPHA=1,	ALPHAMAX=10.0000,	ALPHAPRIORA=1.0000,	ALPHAPRIORB=2.0000,	ALPHAPROPSD=0.0250,	STARTATPOPINFO=0,	RANDOMIZE=1,	LINKAGE=0,	METROFREQ=10,	REPORTHITRATE=0,	MARKOVPHASE=-1,	PHASED=0,	PLOIDY=2,	PHASEINFO=0	LOCPRIOR=0, 	LOCPRIORINIT=1.000000, 	LOCDATA=0, 	LOCISPOP=0, 	LOCPRIORSTEP=0.100000, 	MAXLOCPRIOR=20.000000, 	SEED=1470453583,	
[STRAT parameters]:    NUMSIMSTATS=1000,	PHENOTYPECOL=-9,	POOLFREQ=10,	LOCUSxONLY=0,	EMERROR=0.00100,	MISSINGPHENO=-9,	