           1  1 0.4233 0.5767 
           2  1 0.4084 0.5916 
           3  1 0.4575 0.5425 
           4  1 0.6367 0.3633 
           5  1 0.4803 0.5197 
           6  1 0.4729 0.5271 
           7  1 0.5299 0.4701 
           8  1 0.4693 0.5307 
           9  1 0.6004 0.3996 
          10  1 0.5679 0.4321 
          11  1 0.3880 0.6120 
          12  1 0.5884 0.4116 
          13  1 0.6272 0.3728 
          14  1 0.5952 0.4048 
          15  1 0.4466 0.5534 
          16  1 0.5035 0.4965 
          17  1 0.5824 0.4176 
          18  1 0.5051 0.4949 
          19  1 0.5320 0.4680 
          20  1 0.5378 0.4622 
          21  1 0.4472 0.5528 
          22  1 0.5521 0.4479 
          23  1 0.4690 0.5310 
          24  1 0.5362 0.4638 
          25  1 0.4962 0.5038 
          26  1 0.5129 0.4871 
          27  1 0.5438 0.4562 
          28  1 0.5157 0.4843 
          29  1 0.4746 0.5254 
          30  1 0.4770 0.5230 
          31  1 0.3989 0.6011 
          32  1 0.5390 0.4610 
          33  1 0.4863 0.5137 
          34  1 0.5057 0.4943 
          35  1 0.6052 0.3948 
          36  1 0.4245 0.5755 
          37  1 0.3862 0.6138 
          38  1 0.4892 0.5108 
          39  1 0.4823 0.5177 
          40  1 0.5053 0.4947 
          41  1 0.5008 0.4992 
          42  1 0.5759 0.4241 
          43  1 0.5480 0.4520 
          44  1 0.4206 0.5794 
          45  1 0.4487 0.5513 
          46  1 0.5442 0.4558 
          47  1 0.4120 0.5880 
          48  1 0.4474 0.5526 
          49  1 0.5552 0.4448 
          50  1 0.4266 0.5734 
          51  1 0.6277 0.3723 
          52  1 0.4834 0.5166 
          53  1 0.5380 0.4620 
          54  1 0.4536 0.5464 
          55  1 0.5116 0.4884 
          56  1 0.5068 0.4932 
          57  1 0.4555 0.5445 
          58  1 0.5084 0.4916 
          59  1 0.4421 0.5579 
          60  1 0.4246 0.5754 
          61  1 0.5489 0.4511 
          62  1 0.5201 0.4799 
          63  1 0.4993 0.5007 
          64  1 0.3461 0.6539 
          65  1 0.4621 0.5379 
          66  1 0.5066 0.4934 
          67  1 0.5703 0.4297 
          68  1 0.4447 0.5553 
          69  1 0.5168 0.4832 
          70  1 0.4521 0.5479 
          71  1 0.4232 0.5768 
          72  1 0.5146 0.4854 
          73  1 0.4473 0.5527 
          74  1 0.4248 0.5752 
          75  1 0.4780 0.5220 
          76  1 0.4348 0.5652 
          77  1 0.4667 0.5333 
          78  1 0.4259 0.5741 
          79  1 0.5040 0.4960 
          80  1 0.6163 0.3837 
          81  1 0.4537 0.5463 
          82  1 0.4185 0.5815 
          83  1 0.4418 0.5582 
          84  1 0.5658 0.4342 
          85  1 0.4054 0.5946 
          86  1 0.4842 0.5158 
          87  1 0.4643 0.5357 
          88  1 0.5881 0.4119 
          89  1 0.5191 0.4809 
          90  1 0.5431 0.4569 
          91  1 0.4153 0.5847 
          92  1 0.4695 0.5305 
          93  1 0.4739 0.5261 
          94  1 0.4158 0.5842 
          95  1 0.4467 0.5533 
          96  1 0.5509 0.4491 
          97  1 0.5310 0.4690 
          98  1 0.5656 0.4344 
          99  1 0.5343 0.4657 
         100  1 0.5126 0.4874 
         101  1 0.4942 0.5058 
         102  1 0.4396 0.5604 
         103  1 0.5754 0.4246 
         104  1 0.4695 0.5305 
         105  1 0.3818 0.6182 
         106  1 0.5105 0.4895 
         107  1 0.5173 0.4827 
         108  1 0.5032 0.4968 
         109  1 0.5955 0.4045 
         110  1 0.4612 0.5388 
         111  1 0.4828 0.5172 
         112  1 0.5275 0.4725 
         113  1 0.5990 0.4010 
         114  1 0.5011 0.4989 
         115  1 0.5462 0.4538 
         116  1 0.5332 0.4668 
         117  1 0.4844 0.5156 
         118  1 0.4250 0.5750 
         119  1 0.4466 0.5534 
         120  1 0.5112 0.4888 
         121  1 0.5880 0.4120 
         122  1 0.5265 0.4735 
         123  1 0.4722 0.5278 
         124  1 0.4773 0.5227 
         125  1 0.4355 0.5645 
         126  1 0.4662 0.5338 
         127  1 0.5095 0.4905 
         128  1 0.5967 0.4033 
         129  1 0.5651 0.4349 
         130  1 0.4775 0.5225 
         131  1 0.4157 0.5843 
         132  1 0.4567 0.5433 
         133  1 0.4179 0.5821 
         134  1 0.4937 0.5063 
         135  1 0.4898 0.5102 
         136  1 0.4890 0.5110 
         137  1 0.4791 0.5209 
         138  1 0.5912 0.4088 
         139  1 0.4540 0.5460 
         140  1 0.4745 0.5255 
         141  1 0.4966 0.5034 
         142  1 0.4266 0.5734 
         143  1 0.5737 0.4263 
         144  1 0.4608 0.5392 
         145  1 0.5550 0.4450 
         146  1 0.5426 0.4574 
         147  1 0.5049 0.4951 
         148  1 0.5692 0.4308 
         149  1 0.5687 0.4313 
         150  1 0.4690 0.5310 
         151  1 0.4875 0.5125 
         152  1 0.4410 0.5590 
         153  1 0.4625 0.5375 
         154  1 0.5141 0.4859 
         155  1 0.5738 0.4262 
         156  1 0.4050 0.5950 
         157  1 0.4190 0.5810 
         158  1 0.4480 0.5520 
         159  1 0.4775 0.5225 
         160  1 0.4761 0.5239 
         161  1 0.5965 0.4035 
         162  1 0.7846 0.2154 
         163  1 0.3647 0.6353 
         164  1 0.5276 0.4724 
         165  1 0.3975 0.6025 
         166  1 0.5057 0.4943 
         167  1 0.5847 0.4153 
         168  1 0.5796 0.4204 
         169  1 0.4479 0.5521 
         170  1 0.5361 0.4639 
         171  1 0.4651 0.5349 
         172  1 0.4777 0.5223 
         173  1 0.4656 0.5344 
         174  1 0.5672 0.4328 
         175  1 0.5691 0.4309 
         176  1 0.4132 0.5868 
         177  1 0.3614 0.6386 
         178  1 0.4075 0.5925 
         179  1 0.5207 0.4793 
         180  1 0.5369 0.4631 
         181  1 0.4477 0.5523 
         182  1 0.5440 0.4560 
         183  1 0.4717 0.5283 
         184  1 0.5416 0.4584 
         185  1 0.4547 0.5453 
         186  1 0.4874 0.5126 
         187  1 0.4387 0.5613 
         188  1 0.4293 0.5707 
         189  1 0.4852 0.5148 
         190  1 0.5314 0.4686 
         191  1 0.5396 0.4604 
         192  1 0.5179 0.4821 
         193  1 0.5147 0.4853 
         194  1 0.5310 0.4690 
         195  1 0.5771 0.4229 
         196  1 0.6280 0.3720 
         197  1 0.4759 0.5241 
         198  1 0.4815 0.5185 
         199  1 0.4689 0.5311 
         200  1 0.4303 0.5697 
         201  1 0.5742 0.4258 
         202  1 0.4328 0.5672 
         203  1 0.4950 0.5050 
         204  1 0.4809 0.5191 
         205  1 0.5170 0.4830 
         206  1 0.4994 0.5006 
         207  1 0.4917 0.5083 
         208  1 0.5025 0.4975 
         209  1 0.5528 0.4472 
         210  1 0.4426 0.5574 
         211  1 0.4287 0.5713 
         212  1 0.6197 0.3803 
         213  1 0.4501 0.5499 
         214  1 0.5031 0.4969 
         215  1 0.4613 0.5387 
         216  1 0.5907 0.4093 
         217  1 0.3940 0.6060 
         218  1 0.4964 0.5036 
         219  1 0.6062 0.3938 
         220  1 0.5361 0.4639 
         221  1 0.5406 0.4594 
         222  1 0.4957 0.5043 
         223  1 0.4385 0.5615 
         224  1 0.4348 0.5652 
         225  1 0.5473 0.4527 
         226  1 0.6011 0.3989 
         227  1 0.4825 0.5175 
         228  1 0.4261 0.5739 
         229  1 0.4411 0.5589 
         230  1 0.5254 0.4746 
         231  1 0.5310 0.4690 
         232  1 0.4139 0.5861 
         233  1 0.5632 0.4368 
         234  1 0.4299 0.5701 
         235  1 0.4015 0.5985 
         236  1 0.6106 0.3894 
         237  1 0.3732 0.6268 
         238  1 0.3901 0.6099 
         239  1 0.4059 0.5941 
         240  1 0.6108 0.3892 
         241  1 0.5939 0.4061 
         242  1 0.3960 0.6040 
         243  1 0.4017 0.5983 
         244  1 0.4697 0.5303 
         245  1 0.5242 0.4758 
         246  1 0.5158 0.4842 
         247  1 0.5515 0.4485 
         248  1 0.4824 0.5176 
         249  1 0.5471 0.4529 
         250  1 0.5359 0.4641 
         251  1 0.5130 0.4870 
         252  1 0.4976 0.5024 
         253  1 0.5085 0.4915 
         254  1 0.5153 0.4847 
         255  1 0.5589 0.4411 
         256  1 0.5859 0.4141 
         257  1 0.5028 0.4972 
         258  1 0.5655 0.4345 
         259  1 0.4599 0.5401 
         260  1 0.5352 0.4648 
         261  1 0.5092 0.4908 
         262  1 0.4582 0.5418 
         263  1 0.4292 0.5708 
         264  1 0.4308 0.5692 
         265  1 0.4982 0.5018 
         266  1 0.4928 0.5072 
         267  1 0.4988 0.5012 
         268  1 0.5773 0.4227 
         269  1 0.6172 0.3828 
         270  1 0.5313 0.4687 
         271  1 0.5454 0.4546 
         272  1 0.6310 0.3690 
         273  1 0.3893 0.6107 
         274  1 0.3990 0.6010 
         275  1 0.4518 0.5482 
         276  1 0.4538 0.5462 
         277  1 0.4357 0.5643 
         278  1 0.3929 0.6071 
         279  1 0.4255 0.5745 
         280  1 0.5193 0.4807 
         281  1 0.4302 0.5698 
         282  1 0.5101 0.4899 
         283  1 0.4012 0.5988 
         284  1 0.5013 0.4987 
         285  1 0.6221 0.3779 
         286  1 0.4781 0.5219 
         287  1 0.5763 0.4237 
         288  1 0.5823 0.4177 
         289  1 0.5042 0.4958 
         290  1 0.4380 0.5620 
         291  1 0.4062 0.5938 
         292  1 0.4677 0.5323 
         293  1 0.5635 0.4365 
         294  1 0.4150 0.5850 
         295  1 0.5527 0.4473 
         296  1 0.5735 0.4265 
         297  1 0.5846 0.4154 
         298  1 0.6273 0.3727 
         299  1 0.4317 0.5683 
         300  1 0.4279 0.5721 
