

----------------------------------------------------
STRUCTURE by Pritchard, Stephens and Donnelly (2000)
     and Falush, Stephens and Pritchard (2003)
       Code by Pritchard, Falush and Hubisz
             Version 2.3.4 (Jul 2012)
----------------------------------------------------



Command line arguments:   /usr/local/bin/structure -m parameter_job_T5_5 
Input File:    /home/martin/bottleneck/structure_analysis/structure_4/data_job_T5_5

Run parameters:
   259 individuals
   15 loci
   5 populations assumed
   10000 Burn-in period
   100000 Reps


--------------------------------------------
Proportion of membership of each pre-defined
 population in each of the 5 clusters

Given    Inferred Clusters                     Number of
 Pop       1      2      3      4      5      Individuals

  1:     0.177  0.215  0.182  0.212  0.214      259
--------------------------------------------

Allele-freq. divergence among pops (Net nucleotide distance),
computed using point estimates of P.

      1       2       3       4       5      
 1      -    0.0353  0.0356  0.0342  0.0332  
 2   0.0353     -    0.0401  0.0004  0.0001  
 3   0.0356  0.0401     -    0.0399  0.0388  
 4   0.0342  0.0004  0.0399     -    0.0002  
 5   0.0332  0.0001  0.0388  0.0002     -    

Average distances (expected heterozygosity) between individuals in same cluster:
cluster  1  : 0.4486 
cluster  2  : 0.4798 
cluster  3  : 0.4228 
cluster  4  : 0.4936 
cluster  5  : 0.4886 

--------------------------------------------
Estimated Ln Prob of Data   = -6983.1
Mean value of ln likelihood = -6455.2
Variance of ln likelihood   = 1055.7
Mean value of alpha         = 0.0635

Mean value of Fst_1         = 0.1708
Mean value of Fst_2         = 0.0455
Mean value of Fst_3         = 0.1520
Mean value of Fst_4         = 0.0299
Mean value of Fst_5         = 0.0358


Inferred ancestry of individuals:
        Label (%Miss) Pop:  Inferred clusters
  1        1    (0)    1 :  0.064 0.346 0.053 0.248 0.289 
  2        2    (0)    1 :  0.014 0.344 0.027 0.296 0.319 
  3        3    (0)    1 :  0.058 0.316 0.013 0.285 0.327 
  4        4    (0)    1 :  0.013 0.333 0.011 0.301 0.342 
  5        5    (0)    1 :  0.045 0.270 0.016 0.340 0.329 
  6        6    (0)    1 :  0.051 0.133 0.539 0.121 0.156 
  7        7    (0)    1 :  0.016 0.324 0.095 0.282 0.283 
  8        8    (0)    1 :  0.014 0.325 0.011 0.334 0.315 
  9        9    (0)    1 :  0.446 0.140 0.072 0.169 0.173 
 10       10    (0)    1 :  0.018 0.294 0.046 0.341 0.300 
 11       11    (0)    1 :  0.161 0.199 0.220 0.230 0.191 
 12       12    (0)    1 :  0.028 0.305 0.044 0.308 0.315 
 13       13    (0)    1 :  0.099 0.126 0.504 0.119 0.152 
 14       14    (0)    1 :  0.043 0.301 0.142 0.227 0.286 
 15       15    (0)    1 :  0.031 0.311 0.042 0.303 0.313 
 16       16    (0)    1 :  0.041 0.293 0.035 0.313 0.318 
 17       17    (0)    1 :  0.017 0.376 0.019 0.276 0.311 
 18       18    (0)    1 :  0.269 0.215 0.063 0.205 0.249 
 19       19    (0)    1 :  0.016 0.312 0.044 0.357 0.270 
 20       20    (0)    1 :  0.056 0.315 0.027 0.275 0.328 
 21       21    (0)    1 :  0.030 0.266 0.198 0.221 0.285 
 22       22    (0)    1 :  0.014 0.306 0.037 0.343 0.300 
 23       23    (0)    1 :  0.039 0.286 0.011 0.325 0.338 
 24       24    (0)    1 :  0.040 0.333 0.072 0.233 0.322 
 25       25    (0)    1 :  0.038 0.356 0.014 0.304 0.287 
 26       26    (0)    1 :  0.026 0.175 0.403 0.211 0.185 
 27       27    (0)    1 :  0.021 0.375 0.030 0.274 0.299 
 28       28    (0)    1 :  0.032 0.258 0.049 0.352 0.309 
 29       29    (0)    1 :  0.032 0.322 0.054 0.289 0.303 
 30       30    (0)    1 :  0.214 0.206 0.073 0.263 0.243 
 31       31    (0)    1 :  0.172 0.308 0.030 0.216 0.273 
 32       32    (0)    1 :  0.028 0.324 0.030 0.284 0.335 
 33       33    (0)    1 :  0.027 0.301 0.065 0.287 0.320 
 34       34    (0)    1 :  0.160 0.232 0.015 0.311 0.282 
 35       35    (0)    1 :  0.025 0.396 0.025 0.221 0.333 
 36       36    (0)    1 :  0.248 0.177 0.251 0.150 0.173 
 37       37    (0)    1 :  0.017 0.383 0.013 0.286 0.302 
 38       38    (0)    1 :  0.066 0.264 0.066 0.306 0.297 
 39       39    (0)    1 :  0.057 0.242 0.084 0.360 0.257 
 40       40    (0)    1 :  0.087 0.380 0.015 0.194 0.324 
 41       41    (0)    1 :  0.509 0.119 0.156 0.102 0.113 
 42       42    (0)    1 :  0.076 0.278 0.116 0.252 0.278 
 43       43    (0)    1 :  0.013 0.373 0.049 0.269 0.296 
 44       44    (0)    1 :  0.038 0.324 0.028 0.290 0.321 
 45       45    (0)    1 :  0.024 0.368 0.032 0.281 0.294 
 46       46    (0)    1 :  0.040 0.369 0.027 0.245 0.320 
 47       47    (0)    1 :  0.134 0.228 0.031 0.317 0.289 
 48       48    (0)    1 :  0.023 0.283 0.082 0.308 0.305 
 49       49    (0)    1 :  0.043 0.340 0.058 0.276 0.283 
 50       50    (0)    1 :  0.030 0.305 0.065 0.307 0.293 
 51       51    (0)    1 :  0.087 0.236 0.073 0.351 0.254 
 52       52    (0)    1 :  0.033 0.286 0.016 0.311 0.354 
 53       53    (0)    1 :  0.053 0.362 0.037 0.285 0.263 
 54       54    (0)    1 :  0.103 0.211 0.257 0.218 0.210 
 55       55    (0)    1 :  0.033 0.338 0.038 0.249 0.343 
 56       56    (0)    1 :  0.060 0.254 0.026 0.396 0.264 
 57       57    (0)    1 :  0.073 0.367 0.026 0.242 0.292 
 58       58    (0)    1 :  0.033 0.306 0.018 0.350 0.292 
 59       59    (0)    1 :  0.029 0.175 0.188 0.314 0.294 
 60       60    (0)    1 :  0.019 0.405 0.012 0.216 0.348 
 61       61    (0)    1 :  0.083 0.264 0.166 0.214 0.272 
 62       62    (0)    1 :  0.052 0.293 0.019 0.347 0.289 
 63       63    (0)    1 :  0.013 0.335 0.024 0.307 0.322 
 64       64    (0)    1 :  0.027 0.317 0.038 0.323 0.295 
 65       65    (0)    1 :  0.127 0.306 0.086 0.208 0.273 
 66       66    (0)    1 :  0.024 0.349 0.042 0.277 0.308 
 67       67    (0)    1 :  0.572 0.056 0.245 0.065 0.062 
 68       68    (0)    1 :  0.033 0.322 0.058 0.251 0.336 
 69       69    (0)    1 :  0.025 0.326 0.018 0.311 0.319 
 70       70    (0)    1 :  0.023 0.361 0.033 0.270 0.313 
 71       71    (0)    1 :  0.028 0.281 0.064 0.360 0.267 
 72       72    (0)    1 :  0.140 0.206 0.180 0.269 0.206 
 73       73    (0)    1 :  0.035 0.249 0.056 0.374 0.286 
 74       74    (0)    1 :  0.013 0.311 0.032 0.313 0.330 
 75       75    (0)    1 :  0.078 0.313 0.126 0.239 0.244 
 76       76    (0)    1 :  0.039 0.305 0.024 0.320 0.311 
 77       77    (0)    1 :  0.013 0.371 0.014 0.294 0.308 
 78       78    (0)    1 :  0.014 0.233 0.051 0.398 0.304 
 79       79    (0)    1 :  0.021 0.329 0.013 0.313 0.325 
 80       80    (0)    1 :  0.016 0.351 0.024 0.314 0.296 
 81       81    (0)    1 :  0.059 0.303 0.106 0.270 0.263 
 82       82    (0)    1 :  0.037 0.256 0.040 0.368 0.299 
 83       83    (0)    1 :  0.029 0.278 0.124 0.258 0.311 
 84       84    (0)    1 :  0.042 0.342 0.026 0.286 0.304 
 85       85    (0)    1 :  0.037 0.242 0.016 0.408 0.298 
 86       86    (0)    1 :  0.071 0.184 0.019 0.448 0.279 
 87       87    (0)    1 :  0.038 0.235 0.173 0.333 0.221 
 88       88    (0)    1 :  0.015 0.344 0.032 0.284 0.325 
 89       89    (0)    1 :  0.022 0.244 0.029 0.414 0.291 
 90       90    (0)    1 :  0.035 0.370 0.031 0.255 0.309 
 91       91    (0)    1 :  0.041 0.342 0.016 0.306 0.295 
 92       92    (0)    1 :  0.051 0.371 0.020 0.252 0.306 
 93       93    (0)    1 :  0.036 0.273 0.120 0.307 0.263 
 94       94    (0)    1 :  0.023 0.213 0.018 0.446 0.300 
 95       95    (0)    1 :  0.013 0.343 0.047 0.326 0.271 
 96       96    (0)    1 :  0.318 0.137 0.112 0.226 0.207 
 97       97    (0)    1 :  0.022 0.321 0.015 0.284 0.357 
 98       98    (0)    1 :  0.032 0.322 0.054 0.277 0.314 
 99       99    (0)    1 :  0.030 0.365 0.032 0.248 0.324 
100      100    (0)    1 :  0.056 0.364 0.029 0.263 0.288 
101      101    (0)    1 :  0.019 0.282 0.015 0.367 0.317 
102      102    (0)    1 :  0.011 0.307 0.022 0.380 0.280 
103      103    (0)    1 :  0.013 0.231 0.019 0.455 0.282 
104      104    (0)    1 :  0.018 0.368 0.021 0.288 0.304 
105      105    (0)    1 :  0.306 0.190 0.071 0.218 0.215 
106      106    (0)    1 :  0.017 0.301 0.014 0.346 0.324 
107      107    (0)    1 :  0.143 0.251 0.192 0.194 0.221 
108      108    (0)    1 :  0.022 0.274 0.049 0.334 0.322 
109      109    (0)    1 :  0.018 0.361 0.012 0.309 0.299 
110      110    (0)    1 :  0.012 0.365 0.012 0.303 0.307 
111      111    (0)    1 :  0.010 0.269 0.087 0.324 0.309 
112      112    (0)    1 :  0.037 0.380 0.019 0.283 0.281 
113      113    (0)    1 :  0.020 0.279 0.017 0.391 0.294 
114      114    (0)    1 :  0.049 0.256 0.217 0.243 0.236 
115      115    (0)    1 :  0.045 0.295 0.038 0.281 0.340 
116      116    (0)    1 :  0.053 0.278 0.030 0.325 0.314 
117      117    (0)    1 :  0.029 0.401 0.033 0.234 0.303 
118      118    (0)    1 :  0.021 0.365 0.015 0.276 0.323 
119      119    (0)    1 :  0.108 0.255 0.134 0.265 0.238 
120      120    (0)    1 :  0.033 0.277 0.066 0.330 0.293 
121      121    (0)    1 :  0.037 0.329 0.015 0.325 0.294 
122      122    (0)    1 :  0.120 0.259 0.034 0.295 0.292 
123      123    (0)    1 :  0.145 0.208 0.193 0.229 0.226 
124      124    (0)    1 :  0.046 0.337 0.036 0.274 0.308 
125      125    (0)    1 :  0.021 0.333 0.014 0.350 0.282 
126      126    (0)    1 :  0.103 0.216 0.139 0.303 0.239 
127      127    (0)    1 :  0.112 0.340 0.023 0.258 0.268 
128      128    (0)    1 :  0.030 0.363 0.040 0.226 0.341 
129      129    (0)    1 :  0.020 0.225 0.313 0.225 0.217 
130      130   (13)    1 :  0.231 0.054 0.611 0.050 0.054 
131      131    (0)    1 :  0.017 0.365 0.032 0.290 0.296 
132      132    (0)    1 :  0.028 0.351 0.026 0.295 0.300 
133      133    (0)    1 :  0.112 0.295 0.057 0.242 0.293 
134      134    (0)    1 :  0.029 0.271 0.024 0.333 0.343 
135      135    (0)    1 :  0.014 0.343 0.027 0.329 0.287 
136      136    (0)    1 :  0.048 0.387 0.041 0.218 0.306 
137      137    (0)    1 :  0.076 0.308 0.049 0.235 0.332 
138      138    (0)    1 :  0.282 0.200 0.026 0.244 0.248 
139      139    (0)    1 :  0.048 0.348 0.020 0.235 0.349 
140      140    (0)    1 :  0.308 0.196 0.116 0.167 0.213 
141      141    (0)    1 :  0.115 0.033 0.773 0.040 0.039 
142      142    (0)    1 :  0.042 0.248 0.039 0.370 0.301 
143      143    (0)    1 :  0.545 0.081 0.154 0.119 0.101 
144      144    (0)    1 :  0.014 0.177 0.042 0.453 0.314 
145      145    (0)    1 :  0.033 0.223 0.036 0.420 0.288 
146      146    (0)    1 :  0.031 0.220 0.070 0.352 0.327 
147      147    (0)    1 :  0.106 0.243 0.149 0.230 0.272 
148      148    (0)    1 :  0.018 0.168 0.033 0.486 0.296 
149      149    (0)    1 :  0.047 0.315 0.051 0.283 0.304 
150      150    (0)    1 :  0.012 0.176 0.013 0.499 0.299 
151      151    (0)    1 :  0.056 0.369 0.023 0.223 0.329 
152      152    (0)    1 :  0.048 0.318 0.043 0.250 0.342 
153      153    (0)    1 :  0.328 0.198 0.042 0.203 0.229 
154      154    (0)    1 :  0.019 0.418 0.015 0.214 0.334 
155      155    (0)    1 :  0.036 0.353 0.033 0.268 0.310 
156      156    (0)    1 :  0.114 0.207 0.056 0.339 0.284 
157      157    (0)    1 :  0.026 0.228 0.031 0.395 0.321 
158      158    (0)    1 :  0.026 0.292 0.071 0.298 0.312 
159      159    (0)    1 :  0.042 0.351 0.012 0.266 0.329 
160      160    (0)    1 :  0.053 0.318 0.032 0.262 0.335 
161      161    (0)    1 :  0.026 0.406 0.018 0.206 0.344 
162      162    (0)    1 :  0.033 0.291 0.055 0.321 0.301 
163      163    (0)    1 :  0.037 0.372 0.031 0.235 0.324 
164      164    (0)    1 :  0.017 0.388 0.016 0.263 0.316 
165      165    (0)    1 :  0.064 0.284 0.013 0.355 0.284 
166      166    (0)    1 :  0.165 0.236 0.080 0.276 0.243 
167      167    (0)    1 :  0.035 0.335 0.018 0.251 0.361 
168      168    (0)    1 :  0.022 0.350 0.043 0.277 0.308 
169      169    (0)    1 :  0.132 0.307 0.051 0.237 0.272 
170      170    (0)    1 :  0.415 0.168 0.036 0.186 0.194 
171      171    (0)    1 :  0.114 0.284 0.017 0.264 0.320 
172      172    (0)    1 :  0.069 0.274 0.203 0.199 0.255 
173      173    (0)    1 :  0.018 0.380 0.041 0.241 0.321 
174      174    (0)    1 :  0.017 0.405 0.019 0.246 0.312 
175      175    (0)    1 :  0.042 0.310 0.095 0.261 0.293 
176      176    (0)    1 :  0.119 0.318 0.052 0.209 0.302 
177      177    (0)    1 :  0.716 0.034 0.167 0.042 0.041 
178      178    (0)    1 :  0.720 0.065 0.081 0.074 0.060 
179      179    (0)    1 :  0.902 0.029 0.016 0.026 0.027 
180      180    (0)    1 :  0.053 0.226 0.018 0.423 0.281 
181      181    (0)    1 :  0.891 0.031 0.026 0.024 0.028 
182      182    (0)    1 :  0.822 0.033 0.075 0.035 0.034 
183      183    (0)    1 :  0.612 0.095 0.126 0.077 0.090 
184      184    (0)    1 :  0.582 0.079 0.168 0.084 0.088 
185      185    (0)    1 :  0.525 0.067 0.271 0.062 0.075 
186      186    (0)    1 :  0.677 0.051 0.133 0.075 0.063 
187      187    (0)    1 :  0.100 0.190 0.380 0.161 0.169 
188      188    (0)    1 :  0.145 0.136 0.252 0.287 0.180 
189      189    (0)    1 :  0.907 0.021 0.024 0.023 0.025 
190      190    (6)    1 :  0.515 0.137 0.014 0.175 0.158 
191      191    (0)    1 :  0.252 0.116 0.342 0.167 0.122 
192      192    (0)    1 :  0.941 0.012 0.022 0.012 0.012 
193      193    (0)    1 :  0.950 0.011 0.016 0.012 0.011 
194      194    (0)    1 :  0.924 0.016 0.024 0.018 0.017 
195      195    (0)    1 :  0.937 0.016 0.016 0.016 0.015 
196      196    (0)    1 :  0.833 0.026 0.090 0.026 0.025 
197      197    (0)    1 :  0.944 0.014 0.015 0.013 0.013 
198      198    (0)    1 :  0.846 0.048 0.017 0.043 0.046 
199      199    (0)    1 :  0.908 0.025 0.014 0.028 0.025 
200      200    (0)    1 :  0.724 0.046 0.074 0.081 0.075 
201      201    (0)    1 :  0.111 0.163 0.409 0.163 0.154 
202      202    (0)    1 :  0.928 0.020 0.012 0.021 0.019 
203      203    (0)    1 :  0.826 0.039 0.059 0.036 0.041 
204      204    (0)    1 :  0.924 0.014 0.035 0.013 0.015 
205      205    (0)    1 :  0.889 0.030 0.026 0.026 0.029 
206      206    (0)    1 :  0.746 0.034 0.142 0.037 0.041 
207      207    (0)    1 :  0.221 0.079 0.535 0.091 0.074 
208      208    (0)    1 :  0.012 0.014 0.949 0.012 0.012 
209      209    (0)    1 :  0.125 0.081 0.579 0.106 0.109 
210      210    (0)    1 :  0.160 0.015 0.793 0.016 0.016 
211      211    (0)    1 :  0.021 0.036 0.863 0.037 0.042 
212      212    (0)    1 :  0.831 0.042 0.045 0.041 0.040 
213      213    (0)    1 :  0.020 0.023 0.908 0.024 0.024 
214      214    (0)    1 :  0.168 0.025 0.750 0.029 0.028 
215      215    (0)    1 :  0.889 0.012 0.071 0.015 0.013 
216      216    (0)    1 :  0.514 0.038 0.368 0.040 0.039 
217      217    (0)    1 :  0.684 0.033 0.228 0.027 0.028 
218      218    (0)    1 :  0.895 0.029 0.021 0.027 0.028 
219      219    (0)    1 :  0.195 0.022 0.728 0.032 0.024 
220      220    (0)    1 :  0.135 0.038 0.734 0.052 0.041 
221      221    (0)    1 :  0.047 0.145 0.534 0.128 0.146 
222      222    (0)    1 :  0.042 0.019 0.902 0.018 0.019 
223      223    (0)    1 :  0.907 0.020 0.034 0.019 0.020 
224      224    (0)    1 :  0.144 0.234 0.080 0.303 0.239 
225      225    (0)    1 :  0.647 0.073 0.078 0.112 0.089 
226      226    (0)    1 :  0.911 0.017 0.033 0.019 0.020 
227      227    (0)    1 :  0.597 0.093 0.144 0.084 0.083 
228      228    (0)    1 :  0.833 0.044 0.036 0.045 0.043 
229      229    (0)    1 :  0.020 0.019 0.923 0.019 0.019 
230      230    (0)    1 :  0.020 0.026 0.903 0.026 0.026 
231      231    (0)    1 :  0.868 0.021 0.071 0.020 0.021 
232      232    (0)    1 :  0.023 0.016 0.926 0.016 0.019 
233      233    (0)    1 :  0.025 0.024 0.902 0.024 0.024 
234      234    (0)    1 :  0.049 0.359 0.045 0.254 0.293 
235      235    (0)    1 :  0.040 0.053 0.807 0.049 0.051 
236      236    (0)    1 :  0.019 0.026 0.905 0.024 0.025 
237      237    (0)    1 :  0.065 0.026 0.839 0.037 0.033 
238      238    (0)    1 :  0.404 0.036 0.483 0.037 0.040 
239      239    (0)    1 :  0.028 0.048 0.811 0.057 0.056 
240      240    (0)    1 :  0.034 0.036 0.820 0.059 0.051 
241      241    (0)    1 :  0.073 0.347 0.058 0.223 0.298 
242      242    (0)    1 :  0.149 0.093 0.604 0.073 0.081 
243      243    (0)    1 :  0.020 0.025 0.905 0.027 0.021 
244      244    (0)    1 :  0.213 0.143 0.358 0.131 0.154 
245      245    (0)    1 :  0.025 0.011 0.939 0.012 0.012 
246      246    (0)    1 :  0.165 0.055 0.673 0.056 0.051 
247      247    (0)    1 :  0.091 0.046 0.754 0.052 0.056 
248      248    (0)    1 :  0.069 0.034 0.828 0.035 0.034 
249      249    (0)    1 :  0.041 0.069 0.714 0.097 0.079 
250      250    (0)    1 :  0.144 0.169 0.325 0.171 0.192 
251      251    (0)    1 :  0.066 0.018 0.878 0.019 0.020 
252      252    (0)    1 :  0.015 0.015 0.935 0.020 0.015 
253      253    (0)    1 :  0.194 0.039 0.687 0.039 0.042 
254      254    (0)    1 :  0.072 0.062 0.724 0.075 0.067 
255      255    (0)    1 :  0.146 0.017 0.801 0.017 0.019 
256      256    (0)    1 :  0.028 0.013 0.934 0.013 0.013 
257      257    (0)    1 :  0.092 0.016 0.863 0.014 0.015 
258      258    (0)    1 :  0.083 0.045 0.764 0.059 0.050 
259      259    (0)    1 :  0.097 0.036 0.790 0.039 0.038 


Estimated Allele Frequencies in each cluster
First column gives estimated ancestral frequencies


Locus 1 : 
3 alleles
0.0% missing data
 286   (0.583) 0.384 0.600 0.743 0.596 0.590 
 288   (0.406) 0.615 0.397 0.250 0.400 0.407 
 290   (0.010) 0.001 0.003 0.007 0.004 0.004 

Locus 2 : 
3 alleles
0.0% missing data
 101   (0.913) 0.992 0.912 0.983 0.918 0.914 
 105   (0.060) 0.006 0.071 0.009 0.062 0.067 
 103   (0.028) 0.002 0.016 0.009 0.020 0.018 

Locus 3 : 
7 alleles
0.0% missing data
 255   (0.124) 0.663 0.083 0.708 0.094 0.090 
 249   (0.574) 0.290 0.633 0.239 0.611 0.611 
 253   (0.115) 0.010 0.118 0.020 0.123 0.117 
 251   (0.093) 0.026 0.094 0.018 0.090 0.101 
 257   (0.063) 0.009 0.056 0.011 0.061 0.063 
 245   (0.021) 0.001 0.011 0.002 0.014 0.014 
 259   (0.011) 0.001 0.004 0.001 0.006 0.005 

Locus 4 : 
7 alleles
0.0% missing data
 288   (0.487) 0.318 0.523 0.347 0.535 0.516 
 303   (0.042) 0.003 0.046 0.004 0.044 0.043 
 283   (0.315) 0.642 0.305 0.416 0.299 0.316 
 293   (0.077) 0.020 0.067 0.209 0.063 0.065 
 278   (0.025) 0.002 0.024 0.002 0.020 0.022 
 308   (0.041) 0.014 0.032 0.007 0.035 0.033 
 298   (0.012) 0.002 0.003 0.016 0.005 0.004 

Locus 5 : 
4 alleles
0.0% missing data
 109   (0.177) 0.194 0.186 0.036 0.190 0.181 
 113   (0.664) 0.673 0.696 0.852 0.662 0.689 
 115   (0.132) 0.131 0.097 0.111 0.127 0.109 
 111   (0.027) 0.002 0.021 0.002 0.021 0.020 

Locus 6 : 
6 alleles
0.0% missing data
 173   (0.608) 0.492 0.652 0.749 0.613 0.632 
 177   (0.130) 0.015 0.158 0.064 0.145 0.154 
 171   (0.090) 0.048 0.072 0.070 0.075 0.076 
 169   (0.014) 0.001 0.007 0.001 0.008 0.007 
 175   (0.144) 0.122 0.107 0.113 0.153 0.124 
 179   (0.015) 0.322 0.004 0.003 0.006 0.005 

Locus 7 : 
4 alleles
0.0% missing data
 135   (0.682) 0.642 0.706 0.684 0.706 0.700 
 133   (0.268) 0.347 0.235 0.312 0.250 0.243 
 137   (0.036) 0.007 0.053 0.003 0.036 0.048 
 139   (0.014) 0.003 0.006 0.001 0.008 0.008 

Locus 8 : 
7 alleles
0.0% missing data
 172   (0.132) 0.206 0.149 0.060 0.129 0.144 
 176   (0.328) 0.454 0.344 0.331 0.326 0.332 
 178   (0.210) 0.243 0.199 0.308 0.215 0.206 
 170   (0.275) 0.093 0.279 0.255 0.294 0.286 
 166   (0.014) 0.001 0.007 0.005 0.008 0.008 
 174   (0.021) 0.001 0.016 0.002 0.018 0.015 
 180   (0.020) 0.002 0.007 0.040 0.011 0.010 

Locus 9 : 
5 alleles
0.4% missing data
 143   (0.017) 0.001 0.011 0.001 0.010 0.011 
 149   (0.827) 0.859 0.885 0.845 0.854 0.871 
 141   (0.087) 0.133 0.065 0.014 0.075 0.070 
 147   (0.054) 0.006 0.034 0.107 0.054 0.040 
 151   (0.015) 0.001 0.005 0.033 0.007 0.006 

Locus 10 : 
7 alleles
0.0% missing data
 234   (0.094) 0.017 0.120 0.012 0.102 0.113 
 238   (0.380) 0.342 0.407 0.245 0.420 0.398 
 240   (0.379) 0.493 0.363 0.695 0.356 0.373 
 242   (0.029) 0.002 0.022 0.002 0.027 0.023 
 236   (0.076) 0.132 0.062 0.022 0.065 0.065 
 230   (0.027) 0.002 0.021 0.002 0.022 0.022 
 232   (0.016) 0.013 0.004 0.021 0.007 0.006 

Locus 11 : 
6 alleles
0.0% missing data
 183   (0.370) 0.278 0.393 0.533 0.379 0.378 
 177   (0.556) 0.717 0.566 0.459 0.564 0.573 
 179   (0.030) 0.002 0.023 0.004 0.025 0.024 
 185   (0.014) 0.001 0.006 0.001 0.009 0.007 
 175   (0.010) 0.001 0.004 0.001 0.005 0.005 
 189   (0.020) 0.001 0.009 0.002 0.017 0.012 

Locus 12 : 
5 alleles
0.4% missing data
 315   (0.691) 0.775 0.723 0.811 0.697 0.708 
 305   (0.037) 0.003 0.034 0.003 0.031 0.033 
 313   (0.194) 0.200 0.174 0.179 0.198 0.183 
 317   (0.068) 0.016 0.066 0.007 0.071 0.073 
 319   (0.010) 0.007 0.003 0.001 0.004 0.004 

Locus 13 : 
4 alleles
0.0% missing data
 136   (0.295) 0.282 0.316 0.147 0.313 0.310 
 134   (0.614) 0.598 0.624 0.801 0.621 0.624 
 132   (0.068) 0.087 0.049 0.050 0.053 0.052 
 138   (0.022) 0.033 0.011 0.002 0.013 0.013 

Locus 14 : 
5 alleles
0.0% missing data
 161   (0.740) 0.743 0.780 0.525 0.771 0.767 
 167   (0.225) 0.255 0.208 0.455 0.209 0.217 
 163   (0.010) 0.001 0.004 0.001 0.005 0.005 
 155   (0.013) 0.001 0.005 0.001 0.010 0.007 
 159   (0.011) 0.001 0.003 0.019 0.004 0.004 

Locus 15 : 
4 alleles
0.4% missing data
 165   (0.658) 0.721 0.683 0.567 0.679 0.686 
 167   (0.270) 0.231 0.277 0.254 0.261 0.266 
 163   (0.055) 0.047 0.033 0.178 0.047 0.038 
 161   (0.017) 0.001 0.007 0.001 0.013 0.009 

Values of parameters used in structure:
DATAFILE=/home/martin/bottleneck/structure_analysis/structure_4/data_job_T5_5,	OUTFILE=/home/martin/bottleneck/structure_analysis/structure_4/structure_results/harbour_seal_waddensee/results_job_T5_5,	NUMINDS=259,	NUMLOCI=15,	MISSING=-9,	LABEL=1,	POPDATA=1,	POPFLAG=0,	PHENOTYPE=0,	EXTRACOLS=0,	MAXPOPS=5,	BURNIN=10000,	NUMREPS=100000,	USEPOPINFO=0,	INFERALPHA=1,	INFERLAMBDA=0,	POPSPECIFICLAMBDA=0,	POPALPHAS=0,	COMPUTEPROB=1,	NOADMIX=0,	ADMBURNIN=2500,	UPDATEFREQ=1,	PRINTLIKES=0,	INTERMEDSAVE=0,	PRINTKLD=0,	PRINTNET=0,	PRINTLAMBDA=0,	ANCESTDIST=0,	NUMBOXES=1000,	ANCESTPINT=0.90000,	GENSBACK=2,	MIGRPRIOR=0.05000,	PRINTQHAT=1,	PRINTQSUM=0,	ALPHA=1.0000,	FREQSCORR=1,	FPRIORMEAN=0.0100,	FPRIORSD=0.0500,	ONEFST=0,	LAMBDA=1.0000,	UNIFPRIORALPHA=1,	ALPHAMAX=10.0000,	ALPHAPRIORA=1.0000,	ALPHAPRIORB=2.0000,	ALPHAPROPSD=0.0250,	STARTATPOPINFO=0,	RANDOMIZE=1,	LINKAGE=0,	METROFREQ=10,	REPORTHITRATE=0,	MARKOVPHASE=-1,	PHASED=0,	PLOIDY=2,	PHASEINFO=0	LOCPRIOR=0, 	LOCPRIORINIT=1.000000, 	LOCDATA=0, 	LOCISPOP=0, 	LOCPRIORSTEP=0.100000, 	MAXLOCPRIOR=20.000000, 	SEED=1470445776,	
[STRAT parameters]:    NUMSIMSTATS=1000,	PHENOTYPECOL=-9,	POOLFREQ=10,	LOCUSxONLY=0,	EMERROR=0.00100,	MISSINGPHENO=-9,	