

----------------------------------------------------
STRUCTURE by Pritchard, Stephens and Donnelly (2000)
     and Falush, Stephens and Pritchard (2003)
       Code by Pritchard, Falush and Hubisz
             Version 2.3.4 (Jul 2012)
----------------------------------------------------



Command line arguments:   /usr/local/bin/structure -m parameter_job_T4_4 
Input File:    /home/martin/bottleneck/structure_analysis/structure_4/data_job_T4_4

Run parameters:
   259 individuals
   15 loci
   4 populations assumed
   10000 Burn-in period
   100000 Reps


--------------------------------------------
Proportion of membership of each pre-defined
 population in each of the 4 clusters

Given    Inferred Clusters              Number of
 Pop       1      2      3      4      Individuals

  1:     0.236  0.239  0.236  0.289      259
--------------------------------------------

Allele-freq. divergence among pops (Net nucleotide distance),
computed using point estimates of P.

      1       2       3       4      
 1      -    0.0002  0.0001  0.0309  
 2   0.0002     -    0.0001  0.0330  
 3   0.0001  0.0001     -    0.0320  
 4   0.0309  0.0330  0.0320     -    

Average distances (expected heterozygosity) between individuals in same cluster:
cluster  1  : 0.4937 
cluster  2  : 0.4853 
cluster  3  : 0.4839 
cluster  4  : 0.4443 

--------------------------------------------
Estimated Ln Prob of Data   = -7007.9
Mean value of ln likelihood = -6551.5
Variance of ln likelihood   = 912.8
Mean value of alpha         = 0.0747

Mean value of Fst_1         = 0.0281
Mean value of Fst_2         = 0.0383
Mean value of Fst_3         = 0.0402
Mean value of Fst_4         = 0.1374


Inferred ancestry of individuals:
        Label (%Miss) Pop:  Inferred clusters
  1        1    (0)    1 :  0.273 0.349 0.315 0.063 
  2        2    (0)    1 :  0.298 0.365 0.318 0.020 
  3        3    (0)    1 :  0.373 0.299 0.301 0.027 
  4        4    (0)    1 :  0.366 0.336 0.285 0.012 
  5        5    (0)    1 :  0.371 0.292 0.309 0.028 
  6        6    (0)    1 :  0.239 0.214 0.201 0.346 
  7        7    (0)    1 :  0.311 0.355 0.293 0.041 
  8        8    (0)    1 :  0.407 0.316 0.263 0.014 
  9        9    (0)    1 :  0.263 0.234 0.231 0.273 
 10       10    (0)    1 :  0.359 0.293 0.318 0.030 
 11       11    (0)    1 :  0.235 0.253 0.225 0.287 
 12       12    (0)    1 :  0.372 0.317 0.271 0.040 
 13       13    (0)    1 :  0.200 0.170 0.186 0.443 
 14       14    (0)    1 :  0.287 0.323 0.292 0.098 
 15       15    (0)    1 :  0.333 0.344 0.286 0.037 
 16       16    (0)    1 :  0.325 0.328 0.306 0.041 
 17       17    (0)    1 :  0.252 0.392 0.338 0.019 
 18       18    (0)    1 :  0.234 0.207 0.229 0.330 
 19       19    (0)    1 :  0.305 0.362 0.305 0.029 
 20       20    (0)    1 :  0.326 0.350 0.287 0.037 
 21       21    (0)    1 :  0.285 0.317 0.325 0.072 
 22       22    (0)    1 :  0.301 0.349 0.322 0.027 
 23       23    (0)    1 :  0.354 0.328 0.298 0.020 
 24       24    (0)    1 :  0.303 0.303 0.327 0.067 
 25       25    (0)    1 :  0.356 0.320 0.302 0.023 
 26       26    (0)    1 :  0.280 0.308 0.271 0.141 
 27       27    (0)    1 :  0.280 0.373 0.314 0.032 
 28       28    (0)    1 :  0.379 0.293 0.285 0.044 
 29       29    (0)    1 :  0.302 0.312 0.341 0.044 
 30       30    (0)    1 :  0.292 0.275 0.256 0.177 
 31       31    (0)    1 :  0.282 0.308 0.344 0.066 
 32       32    (0)    1 :  0.318 0.331 0.320 0.032 
 33       33    (0)    1 :  0.329 0.279 0.353 0.040 
 34       34    (0)    1 :  0.352 0.304 0.303 0.041 
 35       35    (0)    1 :  0.274 0.336 0.364 0.027 
 36       36    (0)    1 :  0.212 0.198 0.207 0.383 
 37       37    (0)    1 :  0.267 0.379 0.337 0.017 
 38       38    (0)    1 :  0.315 0.304 0.304 0.077 
 39       39    (0)    1 :  0.318 0.291 0.319 0.071 
 40       40    (0)    1 :  0.272 0.319 0.376 0.034 
 41       41    (0)    1 :  0.157 0.169 0.171 0.503 
 42       42    (0)    1 :  0.290 0.291 0.310 0.108 
 43       43    (0)    1 :  0.255 0.391 0.326 0.028 
 44       44    (0)    1 :  0.328 0.304 0.337 0.032 
 45       45    (0)    1 :  0.256 0.397 0.315 0.032 
 46       46    (0)    1 :  0.282 0.336 0.350 0.032 
 47       47    (0)    1 :  0.343 0.293 0.299 0.066 
 48       48    (0)    1 :  0.301 0.335 0.333 0.031 
 49       49    (0)    1 :  0.308 0.311 0.319 0.062 
 50       50    (0)    1 :  0.308 0.324 0.325 0.044 
 51       51    (0)    1 :  0.299 0.316 0.313 0.071 
 52       52    (0)    1 :  0.380 0.323 0.275 0.022 
 53       53    (0)    1 :  0.252 0.372 0.330 0.045 
 54       54    (0)    1 :  0.218 0.246 0.225 0.311 
 55       55    (0)    1 :  0.326 0.320 0.319 0.035 
 56       56    (0)    1 :  0.337 0.331 0.288 0.044 
 57       57    (0)    1 :  0.274 0.328 0.349 0.048 
 58       58    (0)    1 :  0.334 0.309 0.331 0.027 
 59       59    (0)    1 :  0.400 0.237 0.274 0.089 
 60       60    (0)    1 :  0.297 0.325 0.363 0.015 
 61       61    (0)    1 :  0.254 0.283 0.305 0.158 
 62       62    (0)    1 :  0.289 0.357 0.322 0.031 
 63       63    (0)    1 :  0.310 0.359 0.313 0.018 
 64       64    (0)    1 :  0.296 0.343 0.329 0.031 
 65       65    (0)    1 :  0.276 0.285 0.311 0.128 
 66       66    (0)    1 :  0.308 0.326 0.334 0.032 
 67       67    (0)    1 :  0.084 0.080 0.085 0.750 
 68       68    (0)    1 :  0.320 0.289 0.343 0.048 
 69       69    (0)    1 :  0.341 0.295 0.344 0.019 
 70       70    (0)    1 :  0.273 0.330 0.364 0.032 
 71       71    (0)    1 :  0.294 0.338 0.324 0.044 
 72       72    (0)    1 :  0.264 0.281 0.252 0.203 
 73       73    (0)    1 :  0.303 0.334 0.320 0.043 
 74       74    (0)    1 :  0.286 0.357 0.336 0.021 
 75       75    (0)    1 :  0.243 0.367 0.278 0.113 
 76       76    (0)    1 :  0.342 0.303 0.323 0.032 
 77       77    (0)    1 :  0.280 0.376 0.331 0.014 
 78       78    (0)    1 :  0.396 0.291 0.287 0.026 
 79       79    (0)    1 :  0.320 0.359 0.305 0.016 
 80       80    (0)    1 :  0.274 0.388 0.319 0.020 
 81       81    (0)    1 :  0.270 0.352 0.305 0.073 
 82       82    (0)    1 :  0.299 0.334 0.322 0.045 
 83       83    (0)    1 :  0.297 0.328 0.310 0.066 
 84       84    (0)    1 :  0.339 0.341 0.286 0.034 
 85       85    (0)    1 :  0.372 0.320 0.283 0.025 
 86       86    (0)    1 :  0.420 0.268 0.274 0.038 
 87       87    (0)    1 :  0.280 0.318 0.322 0.079 
 88       88    (0)    1 :  0.302 0.368 0.304 0.027 
 89       89    (0)    1 :  0.327 0.323 0.319 0.031 
 90       90    (0)    1 :  0.302 0.318 0.341 0.039 
 91       91    (0)    1 :  0.295 0.348 0.332 0.025 
 92       92    (0)    1 :  0.298 0.313 0.356 0.033 
 93       93    (0)    1 :  0.344 0.330 0.257 0.069 
 94       94    (0)    1 :  0.401 0.283 0.296 0.020 
 95       95    (0)    1 :  0.314 0.351 0.307 0.028 
 96       96    (0)    1 :  0.267 0.191 0.181 0.360 
 97       97    (0)    1 :  0.321 0.306 0.355 0.019 
 98       98    (0)    1 :  0.337 0.297 0.326 0.040 
 99       99    (0)    1 :  0.309 0.338 0.319 0.034 
100      100    (0)    1 :  0.308 0.331 0.323 0.038 
101      101    (0)    1 :  0.386 0.307 0.289 0.018 
102      102    (0)    1 :  0.297 0.367 0.322 0.015 
103      103    (0)    1 :  0.361 0.323 0.298 0.018 
104      104    (0)    1 :  0.257 0.383 0.341 0.019 
105      105    (0)    1 :  0.274 0.254 0.285 0.188 
106      106    (0)    1 :  0.315 0.335 0.335 0.015 
107      107    (0)    1 :  0.255 0.280 0.282 0.183 
108      108    (0)    1 :  0.389 0.272 0.309 0.029 
109      109    (0)    1 :  0.315 0.324 0.343 0.018 
110      110    (0)    1 :  0.278 0.385 0.324 0.014 
111      111    (0)    1 :  0.364 0.304 0.296 0.035 
112      112    (0)    1 :  0.301 0.342 0.327 0.030 
113      113    (0)    1 :  0.368 0.333 0.280 0.019 
114      114    (0)    1 :  0.251 0.317 0.284 0.148 
115      115    (0)    1 :  0.299 0.338 0.320 0.043 
116      116    (0)    1 :  0.353 0.271 0.327 0.049 
117      117    (0)    1 :  0.272 0.363 0.326 0.038 
118      118    (0)    1 :  0.273 0.385 0.322 0.019 
119      119    (0)    1 :  0.262 0.290 0.284 0.164 
120      120    (0)    1 :  0.310 0.334 0.306 0.050 
121      121    (0)    1 :  0.278 0.366 0.333 0.023 
122      122    (0)    1 :  0.325 0.310 0.295 0.071 
123      123    (0)    1 :  0.259 0.286 0.262 0.193 
124      124    (0)    1 :  0.291 0.343 0.328 0.038 
125      125    (0)    1 :  0.308 0.369 0.302 0.020 
126      126    (0)    1 :  0.278 0.309 0.297 0.117 
127      127    (0)    1 :  0.258 0.370 0.328 0.044 
128      128    (0)    1 :  0.282 0.318 0.365 0.034 
129      129    (0)    1 :  0.297 0.298 0.326 0.079 
130      130   (13)    1 :  0.073 0.072 0.070 0.785 
131      131    (0)    1 :  0.261 0.376 0.339 0.024 
132      132    (0)    1 :  0.267 0.362 0.341 0.030 
133      133    (0)    1 :  0.300 0.287 0.328 0.085 
134      134    (0)    1 :  0.379 0.290 0.302 0.029 
135      135    (0)    1 :  0.279 0.384 0.315 0.022 
136      136    (0)    1 :  0.274 0.336 0.347 0.043 
137      137    (0)    1 :  0.325 0.282 0.341 0.053 
138      138    (0)    1 :  0.332 0.274 0.304 0.090 
139      139    (0)    1 :  0.331 0.286 0.354 0.029 
140      140    (0)    1 :  0.262 0.232 0.265 0.241 
141      141    (0)    1 :  0.062 0.052 0.055 0.831 
142      142    (0)    1 :  0.371 0.279 0.311 0.039 
143      143    (0)    1 :  0.156 0.131 0.132 0.581 
144      144    (0)    1 :  0.411 0.309 0.256 0.024 
145      145    (0)    1 :  0.339 0.308 0.313 0.040 
146      146    (0)    1 :  0.382 0.271 0.289 0.058 
147      147    (0)    1 :  0.303 0.255 0.313 0.129 
148      148    (0)    1 :  0.413 0.297 0.263 0.027 
149      149    (0)    1 :  0.313 0.324 0.291 0.072 
150      150    (0)    1 :  0.436 0.286 0.265 0.014 
151      151    (0)    1 :  0.273 0.321 0.371 0.036 
152      152    (0)    1 :  0.337 0.290 0.331 0.043 
153      153    (0)    1 :  0.298 0.250 0.291 0.161 
154      154    (0)    1 :  0.273 0.337 0.374 0.017 
155      155    (0)    1 :  0.294 0.342 0.327 0.037 
156      156    (0)    1 :  0.341 0.298 0.287 0.074 
157      157    (0)    1 :  0.382 0.301 0.284 0.033 
158      158    (0)    1 :  0.322 0.300 0.337 0.041 
159      159    (0)    1 :  0.302 0.326 0.352 0.019 
160      160    (0)    1 :  0.322 0.311 0.324 0.043 
161      161    (0)    1 :  0.278 0.331 0.370 0.022 
162      162    (0)    1 :  0.303 0.325 0.319 0.053 
163      163    (0)    1 :  0.310 0.307 0.348 0.035 
164      164    (0)    1 :  0.316 0.320 0.345 0.019 
165      165    (0)    1 :  0.323 0.340 0.310 0.027 
166      166    (0)    1 :  0.273 0.300 0.307 0.120 
167      167    (0)    1 :  0.341 0.283 0.351 0.025 
168      168    (0)    1 :  0.329 0.350 0.287 0.034 
169      169    (0)    1 :  0.308 0.297 0.314 0.081 
170      170    (0)    1 :  0.294 0.246 0.264 0.197 
171      171    (0)    1 :  0.332 0.302 0.332 0.034 
172      172    (0)    1 :  0.258 0.276 0.326 0.140 
173      173    (0)    1 :  0.301 0.328 0.344 0.027 
174      174    (0)    1 :  0.285 0.348 0.349 0.019 
175      175    (0)    1 :  0.300 0.304 0.319 0.077 
176      176    (0)    1 :  0.279 0.305 0.336 0.080 
177      177    (0)    1 :  0.039 0.032 0.032 0.896 
178      178    (0)    1 :  0.068 0.077 0.078 0.777 
179      179    (0)    1 :  0.075 0.079 0.077 0.769 
180      180    (0)    1 :  0.341 0.330 0.302 0.028 
181      181    (0)    1 :  0.048 0.048 0.051 0.853 
182      182    (0)    1 :  0.060 0.055 0.054 0.831 
183      183    (0)    1 :  0.143 0.136 0.153 0.568 
184      184    (0)    1 :  0.141 0.131 0.131 0.597 
185      185    (0)    1 :  0.057 0.054 0.058 0.831 
186      186    (0)    1 :  0.121 0.118 0.114 0.647 
187      187    (0)    1 :  0.221 0.254 0.242 0.283 
188      188    (0)    1 :  0.230 0.191 0.176 0.403 
189      189    (0)    1 :  0.042 0.043 0.046 0.869 
190      190    (6)    1 :  0.325 0.275 0.315 0.085 
191      191    (0)    1 :  0.161 0.184 0.184 0.470 
192      192    (0)    1 :  0.021 0.019 0.020 0.940 
193      193    (0)    1 :  0.021 0.020 0.020 0.939 
194      194    (0)    1 :  0.029 0.028 0.028 0.914 
195      195    (0)    1 :  0.031 0.031 0.027 0.910 
196      196    (0)    1 :  0.029 0.027 0.027 0.916 
197      197    (0)    1 :  0.029 0.027 0.029 0.915 
198      198    (0)    1 :  0.166 0.177 0.206 0.450 
199      199    (0)    1 :  0.064 0.056 0.053 0.827 
200      200    (0)    1 :  0.143 0.105 0.115 0.636 
201      201    (0)    1 :  0.195 0.211 0.199 0.395 
202      202    (0)    1 :  0.073 0.064 0.070 0.793 
203      203    (0)    1 :  0.092 0.094 0.107 0.706 
204      204    (0)    1 :  0.019 0.019 0.019 0.942 
205      205    (0)    1 :  0.061 0.054 0.056 0.829 
206      206    (0)    1 :  0.072 0.054 0.062 0.813 
207      207    (0)    1 :  0.078 0.085 0.091 0.747 
208      208    (0)    1 :  0.035 0.035 0.036 0.895 
209      209    (0)    1 :  0.145 0.130 0.122 0.604 
210      210    (0)    1 :  0.018 0.016 0.016 0.950 
211      211    (0)    1 :  0.121 0.104 0.120 0.655 
212      212    (0)    1 :  0.057 0.058 0.058 0.827 
213      213    (0)    1 :  0.061 0.064 0.068 0.808 
214      214    (0)    1 :  0.032 0.031 0.034 0.903 
215      215    (0)    1 :  0.014 0.013 0.014 0.959 
216      216    (0)    1 :  0.035 0.038 0.035 0.893 
217      217    (0)    1 :  0.021 0.019 0.021 0.940 
218      218    (0)    1 :  0.042 0.040 0.043 0.876 
219      219    (0)    1 :  0.029 0.028 0.036 0.906 
220      220    (0)    1 :  0.103 0.072 0.074 0.752 
221      221    (0)    1 :  0.215 0.231 0.245 0.309 
222      222    (0)    1 :  0.028 0.024 0.025 0.923 
223      223    (0)    1 :  0.022 0.022 0.022 0.934 
224      224    (0)    1 :  0.313 0.291 0.265 0.131 
225      225    (0)    1 :  0.179 0.152 0.148 0.521 
226      226    (0)    1 :  0.029 0.027 0.026 0.918 
227      227    (0)    1 :  0.105 0.122 0.128 0.646 
228      228    (0)    1 :  0.063 0.068 0.066 0.802 
229      229    (0)    1 :  0.041 0.039 0.041 0.879 
230      230    (0)    1 :  0.066 0.066 0.066 0.801 
231      231    (0)    1 :  0.021 0.018 0.019 0.942 
232      232    (0)    1 :  0.043 0.036 0.038 0.884 
233      233    (0)    1 :  0.065 0.060 0.062 0.813 
234      234    (0)    1 :  0.277 0.328 0.346 0.050 
235      235    (0)    1 :  0.123 0.136 0.131 0.610 
236      236    (0)    1 :  0.058 0.075 0.081 0.785 
237      237    (0)    1 :  0.057 0.055 0.051 0.837 
238      238    (0)    1 :  0.041 0.041 0.049 0.869 
239      239    (0)    1 :  0.168 0.122 0.109 0.600 
240      240    (0)    1 :  0.140 0.095 0.086 0.679 
241      241    (0)    1 :  0.293 0.305 0.312 0.090 
242      242    (0)    1 :  0.100 0.125 0.107 0.667 
243      243    (0)    1 :  0.065 0.074 0.074 0.787 
244      244    (0)    1 :  0.204 0.198 0.238 0.360 
245      245    (0)    1 :  0.023 0.021 0.019 0.936 
246      246    (0)    1 :  0.066 0.078 0.075 0.782 
247      247    (0)    1 :  0.096 0.083 0.087 0.734 
248      248    (0)    1 :  0.070 0.071 0.070 0.790 
249      249    (0)    1 :  0.211 0.160 0.166 0.462 
250      250    (0)    1 :  0.229 0.224 0.249 0.297 
251      251    (0)    1 :  0.023 0.021 0.023 0.933 
252      252    (0)    1 :  0.060 0.047 0.051 0.842 
253      253    (0)    1 :  0.043 0.042 0.047 0.868 
254      254    (0)    1 :  0.112 0.117 0.116 0.655 
255      255    (0)    1 :  0.019 0.020 0.020 0.942 
256      256    (0)    1 :  0.020 0.019 0.020 0.941 
257      257    (0)    1 :  0.022 0.023 0.025 0.929 
258      258    (0)    1 :  0.065 0.068 0.059 0.809 
259      259    (0)    1 :  0.070 0.059 0.065 0.806 


Estimated Allele Frequencies in each cluster
First column gives estimated ancestral frequencies


Locus 1 : 
3 alleles
0.0% missing data
 286   (0.583) 0.584 0.601 0.592 0.567 
 288   (0.407) 0.412 0.396 0.405 0.429 
 290   (0.010) 0.005 0.003 0.003 0.004 

Locus 2 : 
3 alleles
0.0% missing data
 101   (0.916) 0.922 0.917 0.922 0.992 
 105   (0.057) 0.058 0.066 0.063 0.004 
 103   (0.027) 0.019 0.017 0.015 0.003 

Locus 3 : 
7 alleles
0.0% missing data
 255   (0.141) 0.119 0.116 0.111 0.760 
 249   (0.566) 0.593 0.611 0.613 0.212 
 253   (0.114) 0.114 0.113 0.111 0.009 
 251   (0.088) 0.095 0.088 0.093 0.012 
 257   (0.061) 0.059 0.058 0.056 0.006 
 245   (0.020) 0.014 0.011 0.012 0.001 
 259   (0.010) 0.006 0.004 0.004 0.000 

Locus 4 : 
7 alleles
0.0% missing data
 288   (0.486) 0.507 0.527 0.512 0.308 
 303   (0.042) 0.042 0.041 0.041 0.002 
 283   (0.317) 0.325 0.309 0.329 0.545 
 293   (0.078) 0.066 0.067 0.062 0.130 
 278   (0.024) 0.021 0.020 0.021 0.001 
 308   (0.040) 0.033 0.032 0.031 0.007 
 298   (0.013) 0.006 0.004 0.004 0.007 

Locus 5 : 
4 alleles
0.0% missing data
 109   (0.181) 0.177 0.185 0.181 0.112 
 113   (0.661) 0.680 0.686 0.692 0.771 
 115   (0.130) 0.121 0.110 0.109 0.115 
 111   (0.028) 0.022 0.019 0.018 0.001 

Locus 6 : 
6 alleles
0.0% missing data
 173   (0.611) 0.630 0.633 0.641 0.614 
 177   (0.131) 0.140 0.153 0.148 0.030 
 171   (0.086) 0.078 0.074 0.073 0.052 
 169   (0.014) 0.008 0.006 0.006 0.001 
 175   (0.143) 0.137 0.129 0.128 0.107 
 179   (0.015) 0.007 0.005 0.005 0.196 

Locus 7 : 
4 alleles
0.0% missing data
 135   (0.684) 0.694 0.709 0.701 0.661 
 133   (0.267) 0.257 0.242 0.246 0.335 
 137   (0.035) 0.040 0.042 0.047 0.002 
 139   (0.014) 0.008 0.007 0.006 0.002 

Locus 8 : 
7 alleles
0.0% missing data
 172   (0.131) 0.139 0.138 0.144 0.131 
 176   (0.335) 0.337 0.348 0.339 0.385 
 178   (0.204) 0.207 0.207 0.209 0.289 
 170   (0.275) 0.281 0.275 0.279 0.170 
 166   (0.014) 0.008 0.007 0.006 0.002 
 174   (0.021) 0.016 0.016 0.013 0.001 
 180   (0.022) 0.013 0.009 0.009 0.022 

Locus 9 : 
5 alleles
0.4% missing data
 143   (0.017) 0.011 0.010 0.010 0.001 
 149   (0.819) 0.855 0.870 0.875 0.851 
 141   (0.091) 0.077 0.069 0.067 0.073 
 147   (0.056) 0.048 0.044 0.042 0.058 
 151   (0.017) 0.009 0.007 0.007 0.017 

Locus 10 : 
7 alleles
0.0% missing data
 234   (0.090) 0.102 0.105 0.106 0.009 
 238   (0.379) 0.395 0.413 0.405 0.275 
 240   (0.385) 0.384 0.369 0.379 0.616 
 242   (0.030) 0.023 0.023 0.022 0.002 
 236   (0.076) 0.066 0.065 0.064 0.076 
 230   (0.027) 0.022 0.021 0.019 0.001 
 232   (0.014) 0.007 0.004 0.004 0.022 

Locus 11 : 
6 alleles
0.0% missing data
 183   (0.371) 0.368 0.395 0.383 0.415 
 177   (0.556) 0.579 0.562 0.573 0.582 
 179   (0.030) 0.024 0.021 0.023 0.002 
 185   (0.014) 0.009 0.007 0.006 0.001 
 175   (0.010) 0.006 0.004 0.004 0.000 
 189   (0.019) 0.014 0.011 0.010 0.001 

Locus 12 : 
5 alleles
0.4% missing data
 315   (0.694) 0.707 0.714 0.725 0.798 
 305   (0.038) 0.032 0.031 0.028 0.002 
 313   (0.191) 0.185 0.189 0.177 0.191 
 317   (0.066) 0.071 0.063 0.067 0.006 
 319   (0.010) 0.005 0.003 0.003 0.003 

Locus 13 : 
4 alleles
0.0% missing data
 136   (0.290) 0.300 0.313 0.304 0.207 
 134   (0.623) 0.629 0.625 0.632 0.709 
 132   (0.063) 0.055 0.048 0.050 0.071 
 138   (0.024) 0.016 0.014 0.014 0.013 

Locus 14 : 
5 alleles
0.0% missing data
 161   (0.738) 0.754 0.774 0.760 0.625 
 167   (0.226) 0.226 0.212 0.227 0.365 
 163   (0.010) 0.005 0.004 0.004 0.001 
 155   (0.013) 0.009 0.006 0.006 0.001 
 159   (0.012) 0.006 0.004 0.004 0.010 

Locus 15 : 
4 alleles
0.4% missing data
 165   (0.659) 0.679 0.678 0.682 0.642 
 167   (0.270) 0.265 0.272 0.267 0.235 
 163   (0.055) 0.045 0.042 0.042 0.122 
 161   (0.016) 0.011 0.008 0.008 0.001 

Values of parameters used in structure:
DATAFILE=/home/martin/bottleneck/structure_analysis/structure_4/data_job_T4_4,	OUTFILE=/home/martin/bottleneck/structure_analysis/structure_4/structure_results/harbour_seal_waddensee/results_job_T4_4,	NUMINDS=259,	NUMLOCI=15,	MISSING=-9,	LABEL=1,	POPDATA=1,	POPFLAG=0,	PHENOTYPE=0,	EXTRACOLS=0,	MAXPOPS=4,	BURNIN=10000,	NUMREPS=100000,	USEPOPINFO=0,	INFERALPHA=1,	INFERLAMBDA=0,	POPSPECIFICLAMBDA=0,	POPALPHAS=0,	COMPUTEPROB=1,	NOADMIX=0,	ADMBURNIN=2500,	UPDATEFREQ=1,	PRINTLIKES=0,	INTERMEDSAVE=0,	PRINTKLD=0,	PRINTNET=0,	PRINTLAMBDA=0,	ANCESTDIST=0,	NUMBOXES=1000,	ANCESTPINT=0.90000,	GENSBACK=2,	MIGRPRIOR=0.05000,	PRINTQHAT=1,	PRINTQSUM=0,	ALPHA=1.0000,	FREQSCORR=1,	FPRIORMEAN=0.0100,	FPRIORSD=0.0500,	ONEFST=0,	LAMBDA=1.0000,	UNIFPRIORALPHA=1,	ALPHAMAX=10.0000,	ALPHAPRIORA=1.0000,	ALPHAPRIORB=2.0000,	ALPHAPROPSD=0.0250,	STARTATPOPINFO=0,	RANDOMIZE=1,	LINKAGE=0,	METROFREQ=10,	REPORTHITRATE=0,	MARKOVPHASE=-1,	PHASED=0,	PLOIDY=2,	PHASEINFO=0	LOCPRIOR=0, 	LOCPRIORINIT=1.000000, 	LOCDATA=0, 	LOCISPOP=0, 	LOCPRIORSTEP=0.100000, 	MAXLOCPRIOR=20.000000, 	SEED=1470445502,	
[STRAT parameters]:    NUMSIMSTATS=1000,	PHENOTYPECOL=-9,	POOLFREQ=10,	LOCUSxONLY=0,	EMERROR=0.00100,	MISSINGPHENO=-9,	