

----------------------------------------------------
STRUCTURE by Pritchard, Stephens and Donnelly (2000)
     and Falush, Stephens and Pritchard (2003)
       Code by Pritchard, Falush and Hubisz
             Version 2.3.4 (Jul 2012)
----------------------------------------------------



Command line arguments:   /usr/local/bin/structure -m parameter_job_T10_2 
Input File:    /home/martin/bottleneck/structure_analysis/structure_4/data_job_T10_2

Run parameters:
   259 individuals
   15 loci
   10 populations assumed
   10000 Burn-in period
   100000 Reps


--------------------------------------------
Proportion of membership of each pre-defined
 population in each of the 10 clusters

Given    Inferred Clusters                                                        Number of
 Pop       1      2      3      4      5      6      7      8      9     10      Individuals

  1:     0.096  0.120  0.095  0.096  0.096  0.095  0.095  0.095  0.096  0.117      259
--------------------------------------------

Allele-freq. divergence among pops (Net nucleotide distance),
computed using point estimates of P.

      1       2       3       4       5       6       7       8       9      10      
 1      -    0.0495  0.0001  0.0001  0.0003  0.0002  0.0003  0.0002  0.0000  0.0482  
 2   0.0495     -    0.0489  0.0517  0.0479  0.0466  0.0489  0.0490  0.0487  0.0585  
 3   0.0001  0.0489     -    0.0002  0.0003  0.0003  0.0003  0.0001  0.0001  0.0468  
 4   0.0001  0.0517  0.0002     -    0.0004  0.0004  0.0005  0.0003  0.0002  0.0489  
 5   0.0003  0.0479  0.0003  0.0004     -    0.0005  0.0001  0.0001  0.0003  0.0453  
 6   0.0002  0.0466  0.0003  0.0004  0.0005     -    0.0006  0.0004  0.0003  0.0466  
 7   0.0003  0.0489  0.0003  0.0005  0.0001  0.0006     -    0.0002  0.0002  0.0459  
 8   0.0002  0.0490  0.0001  0.0003  0.0001  0.0004  0.0002     -    0.0001  0.0462  
 9   0.0000  0.0487  0.0001  0.0002  0.0003  0.0003  0.0002  0.0001     -    0.0479  
10   0.0482  0.0585  0.0468  0.0489  0.0453  0.0466  0.0459  0.0462  0.0479     -    

Average distances (expected heterozygosity) between individuals in same cluster:
cluster  1  : 0.4882 
cluster  2  : 0.3932 
cluster  3  : 0.4959 
cluster  4  : 0.4847 
cluster  5  : 0.4837 
cluster  6  : 0.4859 
cluster  7  : 0.4855 
cluster  8  : 0.4899 
cluster  9  : 0.4881 
cluster 10  : 0.4262 

--------------------------------------------
Estimated Ln Prob of Data   = -8188.1
Mean value of ln likelihood = -6399.0
Variance of ln likelihood   = 3578.0
Mean value of alpha         = 0.0568

Mean value of Fst_1         = 0.0466
Mean value of Fst_2         = 0.2098
Mean value of Fst_3         = 0.0224
Mean value of Fst_4         = 0.0481
Mean value of Fst_5         = 0.0768
Mean value of Fst_6         = 0.0731
Mean value of Fst_7         = 0.0757
Mean value of Fst_8         = 0.0558
Mean value of Fst_9         = 0.0521
Mean value of Fst_10         = 0.2221


Inferred ancestry of individuals:
        Label (%Miss) Pop:  Inferred clusters
  1        1    (0)    1 :  0.135 0.026 0.123 0.117 0.111 0.117 0.116 0.102 0.123 0.031 
  2        2    (0)    1 :  0.137 0.017 0.133 0.122 0.101 0.122 0.107 0.098 0.155 0.009 
  3        3    (0)    1 :  0.118 0.009 0.145 0.130 0.105 0.110 0.103 0.120 0.119 0.041 
  4        4    (0)    1 :  0.107 0.008 0.144 0.129 0.112 0.098 0.124 0.128 0.140 0.010 
  5        5    (0)    1 :  0.128 0.011 0.139 0.127 0.111 0.096 0.113 0.118 0.131 0.026 
  6        6    (0)    1 :  0.086 0.306 0.096 0.076 0.078 0.072 0.083 0.086 0.087 0.032 
  7        7    (0)    1 :  0.132 0.043 0.128 0.135 0.093 0.114 0.095 0.114 0.134 0.011 
  8        8    (0)    1 :  0.113 0.008 0.156 0.139 0.106 0.114 0.101 0.112 0.138 0.012 
  9        9    (0)    1 :  0.103 0.030 0.093 0.093 0.118 0.133 0.129 0.095 0.096 0.111 
 10       10    (0)    1 :  0.143 0.033 0.145 0.128 0.110 0.093 0.099 0.114 0.121 0.013 
 11       11    (0)    1 :  0.116 0.075 0.102 0.085 0.107 0.136 0.097 0.110 0.110 0.064 
 12       12    (0)    1 :  0.127 0.025 0.139 0.131 0.100 0.117 0.115 0.105 0.124 0.016 
 13       13    (0)    1 :  0.073 0.274 0.083 0.067 0.085 0.098 0.090 0.081 0.081 0.069 
 14       14    (0)    1 :  0.111 0.080 0.113 0.107 0.114 0.101 0.120 0.106 0.122 0.025 
 15       15    (0)    1 :  0.130 0.024 0.133 0.117 0.111 0.131 0.124 0.086 0.126 0.018 
 16       16    (0)    1 :  0.118 0.019 0.110 0.109 0.118 0.136 0.154 0.106 0.114 0.016 
 17       17    (0)    1 :  0.125 0.014 0.101 0.132 0.127 0.123 0.132 0.101 0.132 0.013 
 18       18    (0)    1 :  0.108 0.039 0.116 0.102 0.093 0.090 0.087 0.099 0.103 0.164 
 19       19    (0)    1 :  0.135 0.024 0.128 0.130 0.108 0.121 0.107 0.110 0.125 0.012 
 20       20    (0)    1 :  0.115 0.015 0.104 0.108 0.119 0.139 0.157 0.085 0.123 0.035 
 21       21    (0)    1 :  0.109 0.090 0.112 0.109 0.099 0.098 0.117 0.124 0.124 0.019 
 22       22    (0)    1 :  0.125 0.022 0.111 0.112 0.120 0.155 0.118 0.116 0.112 0.010 
 23       23    (0)    1 :  0.109 0.008 0.148 0.129 0.109 0.128 0.117 0.117 0.114 0.021 
 24       24    (0)    1 :  0.102 0.038 0.105 0.097 0.145 0.086 0.156 0.124 0.120 0.027 
 25       25    (0)    1 :  0.133 0.011 0.125 0.134 0.111 0.109 0.101 0.117 0.137 0.022 
 26       26    (0)    1 :  0.112 0.155 0.122 0.112 0.094 0.102 0.089 0.097 0.103 0.015 
 27       27    (0)    1 :  0.119 0.018 0.104 0.123 0.120 0.158 0.114 0.100 0.131 0.014 
 28       28    (0)    1 :  0.131 0.032 0.184 0.123 0.100 0.094 0.076 0.127 0.114 0.018 
 29       29    (0)    1 :  0.125 0.034 0.112 0.124 0.139 0.116 0.108 0.113 0.109 0.020 
 30       30    (0)    1 :  0.108 0.042 0.117 0.118 0.101 0.114 0.104 0.117 0.110 0.069 
 31       31    (0)    1 :  0.102 0.020 0.090 0.145 0.120 0.112 0.098 0.122 0.102 0.091 
 32       32    (0)    1 :  0.127 0.023 0.135 0.131 0.114 0.115 0.099 0.120 0.120 0.016 
 33       33    (0)    1 :  0.129 0.039 0.096 0.110 0.151 0.089 0.129 0.131 0.105 0.021 
 34       34    (0)    1 :  0.117 0.011 0.125 0.127 0.116 0.118 0.112 0.120 0.103 0.051 
 35       35    (0)    1 :  0.112 0.021 0.102 0.156 0.130 0.129 0.114 0.114 0.105 0.016 
 36       36    (0)    1 :  0.096 0.152 0.097 0.091 0.094 0.094 0.096 0.085 0.097 0.100 
 37       37    (0)    1 :  0.114 0.010 0.086 0.125 0.120 0.167 0.118 0.101 0.147 0.013 
 38       38    (0)    1 :  0.123 0.037 0.116 0.121 0.116 0.112 0.120 0.117 0.111 0.029 
 39       39    (0)    1 :  0.118 0.043 0.100 0.106 0.105 0.122 0.115 0.148 0.123 0.021 
 40       40    (0)    1 :  0.110 0.012 0.085 0.161 0.142 0.128 0.110 0.117 0.089 0.047 
 41       41    (0)    1 :  0.086 0.076 0.086 0.081 0.075 0.078 0.071 0.082 0.081 0.284 
 42       42    (0)    1 :  0.121 0.068 0.116 0.127 0.101 0.108 0.090 0.114 0.115 0.040 
 43       43    (0)    1 :  0.117 0.031 0.112 0.131 0.107 0.112 0.132 0.111 0.137 0.009 
 44       44    (0)    1 :  0.137 0.017 0.127 0.134 0.121 0.116 0.090 0.125 0.114 0.020 
 45       45    (0)    1 :  0.122 0.021 0.105 0.142 0.108 0.135 0.124 0.110 0.120 0.014 
 46       46    (0)    1 :  0.102 0.020 0.103 0.114 0.129 0.105 0.151 0.114 0.136 0.026 
 47       47    (0)    1 :  0.113 0.017 0.128 0.125 0.107 0.105 0.112 0.115 0.110 0.069 
 48       48    (0)    1 :  0.110 0.029 0.110 0.097 0.125 0.120 0.138 0.136 0.124 0.012 
 49       49    (0)    1 :  0.128 0.042 0.130 0.136 0.105 0.102 0.098 0.109 0.126 0.024 
 50       50    (0)    1 :  0.120 0.030 0.123 0.112 0.104 0.123 0.129 0.121 0.117 0.021 
 51       51    (0)    1 :  0.117 0.026 0.105 0.110 0.112 0.139 0.113 0.140 0.111 0.027 
 52       52    (0)    1 :  0.118 0.011 0.124 0.119 0.112 0.140 0.148 0.096 0.114 0.018 
 53       53    (0)    1 :  0.129 0.018 0.105 0.125 0.115 0.134 0.112 0.110 0.128 0.023 
 54       54    (0)    1 :  0.106 0.112 0.112 0.110 0.097 0.113 0.095 0.097 0.107 0.049 
 55       55    (0)    1 :  0.112 0.025 0.140 0.144 0.129 0.123 0.084 0.109 0.114 0.020 
 56       56    (0)    1 :  0.115 0.011 0.123 0.120 0.114 0.133 0.121 0.129 0.105 0.029 
 57       57    (0)    1 :  0.116 0.017 0.101 0.124 0.127 0.128 0.114 0.124 0.114 0.037 
 58       58    (0)    1 :  0.135 0.014 0.138 0.124 0.105 0.104 0.104 0.126 0.126 0.025 
 59       59    (0)    1 :  0.109 0.088 0.133 0.106 0.115 0.099 0.110 0.111 0.110 0.019 
 60       60    (0)    1 :  0.109 0.010 0.122 0.147 0.135 0.119 0.107 0.126 0.110 0.015 
 61       61    (0)    1 :  0.105 0.092 0.109 0.098 0.103 0.099 0.119 0.117 0.110 0.048 
 62       62    (0)    1 :  0.124 0.014 0.108 0.133 0.112 0.134 0.118 0.123 0.111 0.023 
 63       63    (0)    1 :  0.130 0.013 0.129 0.134 0.098 0.114 0.127 0.120 0.127 0.009 
 64       64    (0)    1 :  0.110 0.019 0.099 0.125 0.121 0.138 0.123 0.118 0.128 0.019 
 65       65    (0)    1 :  0.115 0.043 0.110 0.128 0.119 0.127 0.089 0.103 0.100 0.066 
 66       66    (0)    1 :  0.122 0.023 0.097 0.119 0.151 0.098 0.132 0.128 0.116 0.014 
 67       67    (0)    1 :  0.063 0.222 0.063 0.051 0.066 0.084 0.061 0.071 0.070 0.250 
 68       68    (0)    1 :  0.114 0.033 0.087 0.100 0.175 0.092 0.137 0.130 0.107 0.026 
 69       69    (0)    1 :  0.126 0.012 0.110 0.138 0.129 0.119 0.117 0.129 0.103 0.016 
 70       70    (0)    1 :  0.141 0.026 0.106 0.146 0.129 0.118 0.103 0.112 0.106 0.014 
 71       71    (0)    1 :  0.151 0.043 0.114 0.099 0.090 0.115 0.119 0.117 0.140 0.011 
 72       72    (0)    1 :  0.121 0.077 0.101 0.087 0.106 0.117 0.116 0.101 0.128 0.048 
 73       73    (0)    1 :  0.132 0.032 0.114 0.113 0.106 0.112 0.117 0.135 0.127 0.012 
 74       74    (0)    1 :  0.119 0.023 0.116 0.117 0.111 0.112 0.139 0.120 0.135 0.009 
 75       75    (0)    1 :  0.117 0.043 0.093 0.109 0.127 0.135 0.122 0.096 0.127 0.031 
 76       76    (0)    1 :  0.118 0.015 0.125 0.110 0.132 0.099 0.128 0.123 0.131 0.019 
 77       77    (0)    1 :  0.124 0.009 0.105 0.141 0.123 0.133 0.125 0.109 0.120 0.009 
 78       78    (0)    1 :  0.130 0.035 0.188 0.104 0.090 0.086 0.094 0.126 0.137 0.008 
 79       79    (0)    1 :  0.141 0.009 0.113 0.114 0.118 0.126 0.144 0.089 0.136 0.011 
 80       80    (0)    1 :  0.132 0.016 0.100 0.134 0.115 0.134 0.117 0.103 0.139 0.011 
 81       81    (0)    1 :  0.125 0.038 0.112 0.113 0.115 0.119 0.136 0.094 0.128 0.021 
 82       82    (0)    1 :  0.124 0.025 0.115 0.118 0.104 0.122 0.125 0.124 0.126 0.017 
 83       83    (0)    1 :  0.119 0.075 0.119 0.109 0.098 0.101 0.127 0.122 0.113 0.017 
 84       84    (0)    1 :  0.121 0.015 0.162 0.125 0.099 0.103 0.106 0.107 0.136 0.026 
 85       85    (0)    1 :  0.140 0.010 0.153 0.114 0.113 0.101 0.094 0.128 0.125 0.022 
 86       86    (0)    1 :  0.123 0.013 0.154 0.122 0.097 0.114 0.083 0.149 0.119 0.027 
 87       87    (0)    1 :  0.125 0.049 0.094 0.092 0.108 0.154 0.099 0.135 0.130 0.015 
 88       88    (0)    1 :  0.128 0.020 0.124 0.120 0.115 0.128 0.128 0.099 0.126 0.012 
 89       89    (0)    1 :  0.131 0.019 0.137 0.113 0.116 0.110 0.107 0.129 0.124 0.014 
 90       90    (0)    1 :  0.126 0.021 0.111 0.148 0.124 0.116 0.098 0.119 0.116 0.022 
 91       91    (0)    1 :  0.135 0.012 0.129 0.128 0.106 0.127 0.107 0.117 0.121 0.019 
 92       92    (0)    1 :  0.135 0.014 0.109 0.140 0.126 0.127 0.097 0.112 0.105 0.035 
 93       93    (0)    1 :  0.128 0.067 0.151 0.123 0.094 0.107 0.086 0.101 0.126 0.018 
 94       94    (0)    1 :  0.125 0.013 0.138 0.120 0.112 0.122 0.112 0.127 0.118 0.012 
 95       95    (0)    1 :  0.122 0.032 0.125 0.138 0.102 0.121 0.104 0.110 0.137 0.009 
 96       96    (0)    1 :  0.126 0.072 0.163 0.103 0.069 0.090 0.075 0.107 0.111 0.085 
 97       97    (0)    1 :  0.094 0.010 0.091 0.085 0.174 0.089 0.173 0.156 0.112 0.015 
 98       98    (0)    1 :  0.123 0.030 0.143 0.125 0.119 0.096 0.104 0.112 0.129 0.020 
 99       99    (0)    1 :  0.124 0.020 0.126 0.147 0.131 0.118 0.091 0.114 0.110 0.018 
100      100    (0)    1 :  0.128 0.018 0.114 0.135 0.109 0.114 0.107 0.117 0.123 0.035 
101      101    (0)    1 :  0.151 0.011 0.157 0.135 0.093 0.119 0.091 0.107 0.125 0.012 
102      102    (0)    1 :  0.132 0.015 0.139 0.130 0.105 0.110 0.114 0.116 0.132 0.007 
103      103    (0)    1 :  0.118 0.012 0.114 0.121 0.126 0.141 0.112 0.142 0.105 0.009 
104      104    (0)    1 :  0.135 0.013 0.105 0.128 0.109 0.143 0.127 0.101 0.126 0.012 
105      105    (0)    1 :  0.100 0.042 0.111 0.095 0.117 0.084 0.125 0.131 0.108 0.086 
106      106    (0)    1 :  0.124 0.009 0.123 0.129 0.120 0.124 0.122 0.118 0.121 0.011 
107      107    (0)    1 :  0.111 0.069 0.102 0.123 0.116 0.121 0.098 0.105 0.103 0.052 
108      108    (0)    1 :  0.134 0.028 0.147 0.129 0.114 0.091 0.099 0.122 0.123 0.014 
109      109    (0)    1 :  0.155 0.009 0.117 0.136 0.104 0.125 0.103 0.122 0.117 0.012 
110      110    (0)    1 :  0.125 0.008 0.104 0.140 0.121 0.151 0.121 0.092 0.129 0.009 
111      111    (0)    1 :  0.124 0.055 0.159 0.116 0.100 0.103 0.104 0.113 0.118 0.008 
112      112    (0)    1 :  0.129 0.013 0.112 0.137 0.111 0.137 0.103 0.108 0.133 0.017 
113      113    (0)    1 :  0.139 0.011 0.188 0.127 0.091 0.094 0.094 0.117 0.126 0.014 
114      114    (0)    1 :  0.124 0.113 0.090 0.087 0.099 0.119 0.126 0.105 0.116 0.021 
115      115    (0)    1 :  0.117 0.026 0.117 0.127 0.119 0.116 0.123 0.115 0.112 0.027 
116      116    (0)    1 :  0.143 0.021 0.138 0.128 0.103 0.098 0.092 0.135 0.110 0.033 
117      117    (0)    1 :  0.124 0.023 0.100 0.128 0.116 0.112 0.133 0.112 0.133 0.019 
118      118    (0)    1 :  0.133 0.010 0.106 0.133 0.112 0.113 0.128 0.119 0.132 0.014 
119      119    (0)    1 :  0.110 0.063 0.132 0.116 0.093 0.108 0.108 0.120 0.116 0.034 
120      120    (0)    1 :  0.124 0.027 0.119 0.113 0.122 0.130 0.127 0.108 0.109 0.021 
121      121    (0)    1 :  0.130 0.010 0.100 0.138 0.117 0.138 0.119 0.114 0.115 0.019 
122      122    (0)    1 :  0.114 0.019 0.118 0.110 0.113 0.129 0.127 0.107 0.110 0.053 
123      123    (0)    1 :  0.123 0.078 0.116 0.109 0.098 0.115 0.102 0.101 0.114 0.044 
124      124    (0)    1 :  0.124 0.018 0.117 0.124 0.111 0.130 0.120 0.103 0.127 0.026 
125      125    (0)    1 :  0.134 0.012 0.142 0.118 0.115 0.104 0.107 0.117 0.135 0.017 
126      126    (0)    1 :  0.132 0.038 0.108 0.104 0.108 0.127 0.121 0.125 0.105 0.032 
127      127    (0)    1 :  0.127 0.014 0.093 0.128 0.120 0.133 0.121 0.110 0.113 0.041 
128      128    (0)    1 :  0.114 0.029 0.106 0.137 0.128 0.106 0.119 0.132 0.112 0.017 
129      129    (0)    1 :  0.113 0.154 0.107 0.094 0.082 0.115 0.095 0.120 0.107 0.013 
130      130   (13)    1 :  0.064 0.370 0.060 0.065 0.070 0.072 0.070 0.055 0.055 0.118 
131      131    (0)    1 :  0.126 0.018 0.097 0.139 0.126 0.134 0.122 0.100 0.125 0.012 
132      132    (0)    1 :  0.131 0.017 0.101 0.130 0.128 0.134 0.118 0.109 0.118 0.015 
133      133    (0)    1 :  0.102 0.036 0.112 0.116 0.125 0.087 0.123 0.110 0.114 0.075 
134      134    (0)    1 :  0.122 0.018 0.164 0.120 0.109 0.090 0.102 0.136 0.125 0.015 
135      135    (0)    1 :  0.136 0.015 0.117 0.129 0.107 0.137 0.104 0.107 0.137 0.010 
136      136    (0)    1 :  0.115 0.025 0.094 0.157 0.145 0.134 0.089 0.117 0.098 0.026 
137      137    (0)    1 :  0.081 0.027 0.076 0.067 0.190 0.061 0.206 0.152 0.120 0.021 
138      138    (0)    1 :  0.092 0.016 0.091 0.085 0.153 0.092 0.169 0.131 0.104 0.068 
139      139    (0)    1 :  0.085 0.015 0.096 0.093 0.170 0.067 0.190 0.142 0.120 0.023 
140      140    (0)    1 :  0.095 0.069 0.095 0.080 0.108 0.076 0.097 0.114 0.093 0.172 
141      141    (0)    1 :  0.043 0.640 0.052 0.037 0.037 0.036 0.034 0.047 0.041 0.032 
142      142    (0)    1 :  0.139 0.025 0.149 0.130 0.100 0.093 0.090 0.135 0.117 0.022 
143      143    (0)    1 :  0.080 0.136 0.082 0.079 0.088 0.085 0.101 0.101 0.094 0.154 
144      144    (0)    1 :  0.138 0.019 0.155 0.124 0.117 0.109 0.092 0.133 0.104 0.010 
145      145    (0)    1 :  0.132 0.019 0.122 0.125 0.128 0.118 0.117 0.121 0.099 0.020 
146      146    (0)    1 :  0.121 0.038 0.149 0.122 0.124 0.090 0.096 0.131 0.107 0.021 
147      147    (0)    1 :  0.093 0.064 0.100 0.100 0.142 0.094 0.139 0.120 0.114 0.035 
148      148    (0)    1 :  0.125 0.017 0.130 0.125 0.129 0.122 0.112 0.129 0.099 0.011 
149      149    (0)    1 :  0.115 0.029 0.145 0.135 0.096 0.123 0.102 0.114 0.119 0.022 
150      150    (0)    1 :  0.137 0.010 0.143 0.133 0.123 0.099 0.089 0.144 0.115 0.008 
151      151    (0)    1 :  0.121 0.019 0.111 0.160 0.123 0.104 0.113 0.114 0.109 0.027 
152      152    (0)    1 :  0.094 0.025 0.113 0.089 0.158 0.070 0.173 0.133 0.123 0.021 
153      153    (0)    1 :  0.097 0.025 0.129 0.114 0.101 0.077 0.099 0.106 0.103 0.151 
154      154    (0)    1 :  0.104 0.012 0.089 0.169 0.151 0.143 0.103 0.120 0.096 0.012 
155      155    (0)    1 :  0.123 0.021 0.116 0.130 0.104 0.107 0.122 0.121 0.132 0.025 
156      156    (0)    1 :  0.105 0.029 0.116 0.123 0.128 0.116 0.100 0.123 0.121 0.040 
157      157    (0)    1 :  0.121 0.020 0.155 0.121 0.109 0.098 0.115 0.124 0.121 0.016 
158      158    (0)    1 :  0.121 0.034 0.092 0.106 0.161 0.106 0.129 0.126 0.109 0.017 
159      159    (0)    1 :  0.118 0.008 0.112 0.158 0.124 0.120 0.108 0.114 0.112 0.026 
160      160    (0)    1 :  0.133 0.021 0.143 0.123 0.106 0.089 0.113 0.125 0.123 0.024 
161      161    (0)    1 :  0.115 0.014 0.090 0.167 0.143 0.132 0.109 0.121 0.089 0.020 
162      162    (0)    1 :  0.127 0.029 0.126 0.111 0.102 0.113 0.113 0.123 0.133 0.023 
163      163    (0)    1 :  0.092 0.022 0.107 0.103 0.153 0.074 0.175 0.112 0.140 0.021 
164      164    (0)    1 :  0.097 0.012 0.106 0.107 0.137 0.084 0.177 0.118 0.150 0.012 
165      165    (0)    1 :  0.113 0.009 0.107 0.134 0.115 0.133 0.119 0.129 0.116 0.025 
166      166    (0)    1 :  0.112 0.031 0.117 0.116 0.102 0.116 0.117 0.126 0.115 0.048 
167      167    (0)    1 :  0.091 0.012 0.097 0.088 0.177 0.068 0.186 0.138 0.124 0.018 
168      168    (0)    1 :  0.117 0.023 0.151 0.131 0.095 0.098 0.114 0.115 0.139 0.016 
169      169    (0)    1 :  0.103 0.030 0.123 0.111 0.109 0.095 0.115 0.130 0.118 0.065 
170      170    (0)    1 :  0.107 0.029 0.126 0.102 0.091 0.095 0.085 0.100 0.107 0.157 
171      171    (0)    1 :  0.083 0.011 0.080 0.079 0.180 0.075 0.197 0.157 0.109 0.030 
172      172    (0)    1 :  0.104 0.087 0.108 0.100 0.099 0.108 0.120 0.124 0.109 0.041 
173      173    (0)    1 :  0.106 0.032 0.105 0.110 0.134 0.085 0.156 0.112 0.147 0.011 
174      174    (0)    1 :  0.102 0.016 0.108 0.108 0.142 0.082 0.168 0.122 0.140 0.011 
175      175    (0)    1 :  0.109 0.042 0.108 0.114 0.122 0.109 0.135 0.115 0.116 0.029 
176      176    (0)    1 :  0.116 0.031 0.113 0.127 0.115 0.105 0.116 0.111 0.112 0.053 
177      177    (0)    1 :  0.061 0.166 0.059 0.054 0.047 0.051 0.049 0.053 0.055 0.406 
178      178    (0)    1 :  0.077 0.064 0.059 0.054 0.062 0.075 0.061 0.082 0.074 0.392 
179      179    (0)    1 :  0.027 0.014 0.028 0.029 0.029 0.029 0.028 0.029 0.025 0.760 
180      180    (0)    1 :  0.119 0.008 0.107 0.131 0.132 0.124 0.133 0.130 0.096 0.020 
181      181    (0)    1 :  0.025 0.022 0.025 0.029 0.025 0.028 0.027 0.026 0.028 0.765 
182      182    (0)    1 :  0.050 0.071 0.056 0.052 0.055 0.064 0.060 0.052 0.052 0.488 
183      183    (0)    1 :  0.067 0.059 0.071 0.068 0.068 0.069 0.067 0.076 0.070 0.386 
184      184    (0)    1 :  0.076 0.090 0.080 0.087 0.087 0.098 0.094 0.077 0.076 0.236 
185      185    (0)    1 :  0.048 0.147 0.051 0.049 0.047 0.049 0.047 0.049 0.053 0.460 
186      186    (0)    1 :  0.072 0.075 0.065 0.076 0.090 0.104 0.098 0.083 0.070 0.268 
187      187    (0)    1 :  0.107 0.126 0.103 0.108 0.110 0.102 0.089 0.109 0.104 0.042 
188      188    (0)    1 :  0.102 0.065 0.100 0.109 0.121 0.121 0.119 0.121 0.082 0.059 
189      189    (0)    1 :  0.023 0.023 0.021 0.020 0.025 0.024 0.022 0.023 0.023 0.797 
190      190    (6)    1 :  0.100 0.010 0.101 0.111 0.097 0.079 0.089 0.106 0.092 0.215 
191      191    (0)    1 :  0.117 0.126 0.075 0.061 0.106 0.131 0.119 0.111 0.111 0.044 
192      192    (0)    1 :  0.012 0.018 0.011 0.012 0.013 0.014 0.012 0.014 0.012 0.881 
193      193    (0)    1 :  0.011 0.014 0.012 0.011 0.011 0.011 0.012 0.012 0.011 0.895 
194      194    (0)    1 :  0.021 0.022 0.022 0.022 0.024 0.027 0.022 0.022 0.022 0.797 
195      195    (0)    1 :  0.015 0.014 0.016 0.016 0.014 0.014 0.013 0.015 0.016 0.868 
196      196    (0)    1 :  0.027 0.083 0.028 0.028 0.029 0.030 0.031 0.024 0.034 0.686 
197      197    (0)    1 :  0.012 0.011 0.011 0.012 0.012 0.012 0.011 0.012 0.012 0.895 
198      198    (0)    1 :  0.045 0.016 0.036 0.047 0.047 0.048 0.039 0.043 0.037 0.640 
199      199    (0)    1 :  0.029 0.011 0.031 0.036 0.035 0.038 0.036 0.030 0.031 0.723 
200      200    (0)    1 :  0.079 0.075 0.104 0.067 0.055 0.068 0.055 0.076 0.083 0.338 
201      201    (0)    1 :  0.095 0.206 0.095 0.093 0.094 0.100 0.085 0.098 0.098 0.037 
202      202    (0)    1 :  0.019 0.009 0.018 0.020 0.019 0.019 0.016 0.020 0.018 0.840 
203      203    (0)    1 :  0.035 0.042 0.035 0.039 0.043 0.036 0.039 0.039 0.039 0.654 
204      204    (0)    1 :  0.012 0.028 0.013 0.013 0.014 0.013 0.013 0.014 0.012 0.868 
205      205    (0)    1 :  0.026 0.016 0.024 0.026 0.026 0.025 0.025 0.024 0.024 0.783 
206      206    (0)    1 :  0.039 0.085 0.039 0.038 0.050 0.057 0.048 0.042 0.037 0.565 
207      207    (0)    1 :  0.087 0.226 0.066 0.054 0.091 0.129 0.082 0.090 0.094 0.082 
208      208    (0)    1 :  0.013 0.893 0.012 0.012 0.013 0.014 0.012 0.011 0.012 0.009 
209      209    (0)    1 :  0.087 0.209 0.103 0.093 0.085 0.092 0.082 0.090 0.087 0.072 
210      210    (0)    1 :  0.019 0.793 0.018 0.018 0.019 0.019 0.017 0.019 0.023 0.054 
211      211    (0)    1 :  0.037 0.713 0.036 0.034 0.030 0.034 0.029 0.035 0.038 0.014 
212      212    (0)    1 :  0.047 0.038 0.056 0.056 0.049 0.056 0.059 0.046 0.056 0.537 
213      213    (0)    1 :  0.031 0.670 0.033 0.026 0.051 0.069 0.040 0.032 0.032 0.017 
214      214    (0)    1 :  0.039 0.485 0.034 0.033 0.057 0.091 0.059 0.050 0.043 0.110 
215      215    (0)    1 :  0.017 0.105 0.015 0.015 0.016 0.018 0.016 0.017 0.020 0.762 
216      216    (0)    1 :  0.045 0.299 0.047 0.041 0.045 0.049 0.041 0.047 0.050 0.336 
217      217    (0)    1 :  0.024 0.173 0.023 0.024 0.027 0.027 0.023 0.023 0.023 0.632 
218      218    (0)    1 :  0.023 0.014 0.024 0.025 0.022 0.024 0.019 0.022 0.022 0.806 
219      219    (0)    1 :  0.046 0.470 0.035 0.030 0.057 0.095 0.062 0.062 0.058 0.084 
220      220    (0)    1 :  0.072 0.279 0.077 0.061 0.079 0.087 0.082 0.073 0.069 0.120 
221      221    (0)    1 :  0.077 0.336 0.082 0.077 0.081 0.076 0.072 0.087 0.081 0.033 
222      222    (0)    1 :  0.019 0.778 0.021 0.019 0.030 0.027 0.024 0.019 0.021 0.042 
223      223    (0)    1 :  0.018 0.028 0.017 0.015 0.018 0.018 0.018 0.019 0.019 0.831 
224      224    (0)    1 :  0.116 0.033 0.129 0.124 0.107 0.098 0.104 0.105 0.122 0.061 
225      225    (0)    1 :  0.072 0.054 0.083 0.087 0.089 0.102 0.090 0.080 0.086 0.256 
226      226    (0)    1 :  0.021 0.039 0.020 0.020 0.024 0.027 0.021 0.025 0.028 0.776 
227      227    (0)    1 :  0.083 0.082 0.071 0.070 0.082 0.100 0.078 0.083 0.091 0.260 
228      228    (0)    1 :  0.049 0.029 0.056 0.051 0.048 0.051 0.054 0.047 0.059 0.556 
229      229    (0)    1 :  0.019 0.833 0.020 0.018 0.017 0.018 0.019 0.018 0.021 0.016 
230      230    (0)    1 :  0.028 0.683 0.033 0.031 0.046 0.066 0.039 0.030 0.031 0.014 
231      231    (0)    1 :  0.019 0.055 0.018 0.019 0.019 0.019 0.019 0.019 0.020 0.793 
232      232    (0)    1 :  0.019 0.766 0.018 0.017 0.041 0.056 0.024 0.019 0.018 0.023 
233      233    (0)    1 :  0.036 0.638 0.030 0.033 0.049 0.073 0.043 0.033 0.033 0.031 
234      234    (0)    1 :  0.118 0.023 0.099 0.128 0.140 0.109 0.123 0.118 0.118 0.025 
235      235    (0)    1 :  0.051 0.588 0.048 0.050 0.047 0.051 0.043 0.042 0.049 0.030 
236      236    (0)    1 :  0.049 0.663 0.028 0.024 0.027 0.058 0.042 0.053 0.043 0.013 
237      237    (0)    1 :  0.046 0.490 0.043 0.042 0.057 0.097 0.068 0.062 0.045 0.050 
238      238    (0)    1 :  0.036 0.390 0.035 0.042 0.056 0.055 0.045 0.040 0.041 0.261 
239      239    (0)    1 :  0.054 0.522 0.065 0.049 0.064 0.075 0.042 0.047 0.055 0.026 
240      240    (0)    1 :  0.071 0.426 0.095 0.060 0.062 0.082 0.060 0.051 0.062 0.031 
241      241    (0)    1 :  0.116 0.033 0.126 0.130 0.111 0.110 0.098 0.110 0.114 0.054 
242      242    (0)    1 :  0.073 0.282 0.074 0.087 0.082 0.105 0.073 0.066 0.081 0.078 
243      243    (0)    1 :  0.032 0.685 0.028 0.028 0.036 0.056 0.044 0.041 0.029 0.020 
244      244    (0)    1 :  0.089 0.154 0.077 0.088 0.112 0.108 0.106 0.097 0.095 0.075 
245      245    (0)    1 :  0.015 0.753 0.015 0.014 0.039 0.065 0.038 0.017 0.023 0.020 
246      246    (0)    1 :  0.071 0.355 0.054 0.049 0.062 0.076 0.065 0.079 0.076 0.113 
247      247    (0)    1 :  0.051 0.464 0.059 0.057 0.068 0.071 0.057 0.056 0.053 0.065 
248      248    (0)    1 :  0.040 0.557 0.046 0.044 0.053 0.061 0.043 0.046 0.044 0.065 
249      249    (0)    1 :  0.092 0.249 0.085 0.069 0.082 0.121 0.088 0.098 0.089 0.027 
250      250    (0)    1 :  0.090 0.128 0.091 0.071 0.121 0.092 0.118 0.120 0.111 0.058 
251      251    (0)    1 :  0.016 0.770 0.015 0.015 0.037 0.048 0.026 0.015 0.016 0.043 
252      252    (0)    1 :  0.023 0.680 0.023 0.021 0.042 0.083 0.051 0.040 0.024 0.013 
253      253    (0)    1 :  0.038 0.543 0.036 0.038 0.043 0.050 0.038 0.038 0.036 0.141 
254      254    (0)    1 :  0.069 0.316 0.067 0.073 0.083 0.105 0.090 0.077 0.070 0.051 
255      255    (0)    1 :  0.020 0.769 0.020 0.018 0.018 0.023 0.019 0.020 0.026 0.068 
256      256    (0)    1 :  0.012 0.844 0.012 0.012 0.027 0.033 0.016 0.012 0.013 0.019 
257      257    (0)    1 :  0.018 0.739 0.017 0.016 0.035 0.049 0.028 0.027 0.029 0.043 
258      258    (0)    1 :  0.052 0.531 0.060 0.056 0.047 0.053 0.051 0.055 0.047 0.047 
259      259    (0)    1 :  0.039 0.512 0.044 0.041 0.064 0.086 0.067 0.045 0.048 0.055 


Estimated Allele Frequencies in each cluster
First column gives estimated ancestral frequencies


Locus 1 : 
3 alleles
0.0% missing data
 286   (0.595) 0.606 0.779 0.592 0.593 0.585 0.608 0.593 0.584 0.608 0.305 
 288   (0.397) 0.390 0.217 0.402 0.403 0.412 0.388 0.404 0.412 0.388 0.694 
 290   (0.008) 0.005 0.004 0.006 0.004 0.003 0.004 0.003 0.004 0.004 0.001 

Locus 2 : 
3 alleles
0.0% missing data
 101   (0.921) 0.925 0.987 0.923 0.917 0.929 0.927 0.932 0.929 0.926 0.994 
 105   (0.056) 0.058 0.007 0.056 0.065 0.056 0.058 0.054 0.055 0.058 0.005 
 103   (0.022) 0.017 0.006 0.021 0.018 0.015 0.015 0.015 0.017 0.017 0.002 

Locus 3 : 
7 alleles
0.0% missing data
 255   (0.159) 0.147 0.781 0.148 0.132 0.155 0.190 0.151 0.146 0.150 0.750 
 249   (0.579) 0.592 0.191 0.588 0.617 0.571 0.566 0.571 0.583 0.584 0.228 
 253   (0.104) 0.109 0.010 0.103 0.107 0.105 0.109 0.099 0.105 0.108 0.008 
 251   (0.075) 0.081 0.009 0.084 0.073 0.103 0.070 0.109 0.097 0.087 0.008 
 257   (0.057) 0.054 0.007 0.056 0.054 0.052 0.052 0.057 0.053 0.054 0.005 
 245   (0.017) 0.013 0.001 0.015 0.013 0.011 0.010 0.010 0.012 0.012 0.001 
 259   (0.008) 0.005 0.000 0.006 0.005 0.003 0.003 0.003 0.004 0.005 0.000 

Locus 4 : 
7 alleles
0.0% missing data
 288   (0.502) 0.519 0.275 0.505 0.519 0.504 0.531 0.509 0.509 0.513 0.260 
 303   (0.038) 0.037 0.003 0.042 0.036 0.038 0.030 0.042 0.037 0.045 0.003 
 283   (0.318) 0.316 0.469 0.320 0.319 0.340 0.303 0.335 0.336 0.316 0.711 
 293   (0.074) 0.067 0.240 0.071 0.066 0.067 0.079 0.065 0.063 0.069 0.017 
 278   (0.022) 0.020 0.002 0.020 0.022 0.019 0.019 0.015 0.019 0.018 0.002 
 308   (0.037) 0.033 0.005 0.034 0.031 0.027 0.031 0.028 0.029 0.033 0.006 
 298   (0.010) 0.007 0.006 0.008 0.006 0.005 0.006 0.006 0.006 0.006 0.001 

Locus 5 : 
4 alleles
0.0% missing data
 109   (0.179) 0.185 0.023 0.174 0.176 0.171 0.182 0.166 0.172 0.177 0.205 
 113   (0.675) 0.682 0.873 0.683 0.691 0.700 0.682 0.699 0.685 0.690 0.682 
 115   (0.123) 0.113 0.102 0.121 0.113 0.113 0.119 0.118 0.126 0.113 0.111 
 111   (0.023) 0.019 0.002 0.021 0.020 0.015 0.016 0.016 0.017 0.020 0.002 

Locus 6 : 
6 alleles
0.0% missing data
 173   (0.626) 0.631 0.807 0.630 0.645 0.643 0.626 0.630 0.632 0.635 0.413 
 177   (0.128) 0.138 0.047 0.133 0.136 0.133 0.143 0.146 0.133 0.141 0.013 
 171   (0.084) 0.076 0.058 0.080 0.075 0.079 0.071 0.079 0.076 0.075 0.023 
 169   (0.011) 0.007 0.001 0.009 0.007 0.005 0.005 0.006 0.007 0.007 0.001 
 175   (0.139) 0.140 0.084 0.137 0.129 0.134 0.148 0.134 0.145 0.133 0.082 
 179   (0.013) 0.008 0.003 0.010 0.007 0.006 0.006 0.005 0.007 0.008 0.468 

Locus 7 : 
4 alleles
0.0% missing data
 135   (0.690) 0.702 0.701 0.692 0.694 0.705 0.710 0.712 0.696 0.709 0.590 
 133   (0.266) 0.252 0.296 0.262 0.248 0.246 0.243 0.250 0.259 0.251 0.405 
 137   (0.033) 0.038 0.003 0.036 0.051 0.043 0.041 0.032 0.038 0.034 0.004 
 139   (0.011) 0.008 0.001 0.009 0.007 0.005 0.005 0.005 0.007 0.007 0.001 

Locus 8 : 
7 alleles
0.0% missing data
 172   (0.131) 0.135 0.055 0.135 0.146 0.135 0.127 0.125 0.137 0.132 0.237 
 176   (0.347) 0.347 0.289 0.343 0.352 0.342 0.369 0.344 0.330 0.348 0.463 
 178   (0.206) 0.214 0.357 0.211 0.197 0.215 0.217 0.226 0.229 0.224 0.206 
 170   (0.269) 0.270 0.260 0.271 0.271 0.280 0.256 0.276 0.272 0.263 0.090 
 166   (0.010) 0.007 0.002 0.009 0.007 0.005 0.006 0.006 0.007 0.007 0.001 
 174   (0.019) 0.015 0.002 0.016 0.015 0.011 0.012 0.012 0.013 0.015 0.001 
 180   (0.018) 0.012 0.035 0.015 0.012 0.012 0.012 0.011 0.012 0.011 0.002 

Locus 9 : 
5 alleles
0.4% missing data
 143   (0.013) 0.010 0.001 0.012 0.010 0.008 0.009 0.008 0.010 0.009 0.001 
 149   (0.840) 0.865 0.842 0.852 0.863 0.877 0.863 0.873 0.865 0.872 0.869 
 141   (0.085) 0.072 0.013 0.079 0.075 0.064 0.070 0.067 0.070 0.072 0.124 
 147   (0.050) 0.046 0.098 0.048 0.045 0.046 0.053 0.047 0.049 0.040 0.005 
 151   (0.012) 0.007 0.046 0.009 0.007 0.005 0.005 0.005 0.006 0.007 0.001 

Locus 10 : 
7 alleles
0.0% missing data
 234   (0.089) 0.095 0.009 0.099 0.094 0.100 0.082 0.112 0.096 0.105 0.010 
 238   (0.390) 0.414 0.162 0.395 0.411 0.402 0.425 0.396 0.418 0.410 0.304 
 240   (0.384) 0.374 0.776 0.378 0.377 0.392 0.381 0.381 0.374 0.369 0.543 
 242   (0.026) 0.023 0.002 0.024 0.022 0.019 0.019 0.019 0.020 0.021 0.002 
 236   (0.074) 0.066 0.019 0.070 0.069 0.065 0.066 0.066 0.066 0.066 0.134 
 230   (0.024) 0.019 0.002 0.022 0.019 0.017 0.019 0.019 0.017 0.020 0.002 
 232   (0.014) 0.009 0.030 0.011 0.008 0.006 0.007 0.006 0.008 0.008 0.006 

Locus 11 : 
6 alleles
0.0% missing data
 183   (0.394) 0.394 0.579 0.388 0.391 0.363 0.397 0.365 0.379 0.396 0.255 
 177   (0.546) 0.558 0.415 0.560 0.563 0.598 0.566 0.599 0.575 0.562 0.741 
 179   (0.026) 0.024 0.003 0.024 0.022 0.019 0.018 0.018 0.022 0.021 0.002 
 185   (0.011) 0.007 0.001 0.009 0.007 0.006 0.005 0.005 0.007 0.007 0.001 
 175   (0.008) 0.005 0.001 0.006 0.005 0.003 0.004 0.003 0.004 0.004 0.000 
 189   (0.015) 0.012 0.001 0.014 0.012 0.011 0.010 0.009 0.013 0.010 0.001 

Locus 12 : 
5 alleles
0.4% missing data
 315   (0.703) 0.717 0.832 0.705 0.715 0.712 0.707 0.705 0.718 0.716 0.819 
 305   (0.033) 0.029 0.003 0.033 0.030 0.025 0.026 0.025 0.027 0.031 0.003 
 313   (0.200) 0.192 0.160 0.195 0.190 0.187 0.209 0.196 0.181 0.190 0.169 
 317   (0.057) 0.058 0.005 0.062 0.060 0.072 0.054 0.071 0.070 0.058 0.006 
 319   (0.007) 0.004 0.001 0.006 0.004 0.003 0.003 0.003 0.004 0.004 0.003 

Locus 13 : 
4 alleles
0.0% missing data
 136   (0.289) 0.301 0.114 0.298 0.289 0.291 0.284 0.316 0.300 0.309 0.307 
 134   (0.631) 0.634 0.833 0.626 0.642 0.642 0.659 0.616 0.631 0.624 0.569 
 132   (0.061) 0.052 0.051 0.060 0.055 0.056 0.046 0.058 0.056 0.055 0.086 
 138   (0.019) 0.013 0.001 0.016 0.014 0.011 0.011 0.010 0.013 0.012 0.038 

Locus 14 : 
5 alleles
0.0% missing data
 161   (0.755) 0.764 0.494 0.755 0.783 0.747 0.758 0.747 0.744 0.753 0.733 
 167   (0.219) 0.219 0.485 0.223 0.201 0.239 0.228 0.241 0.239 0.231 0.265 
 163   (0.007) 0.004 0.001 0.006 0.004 0.003 0.003 0.003 0.004 0.004 0.000 
 155   (0.010) 0.007 0.001 0.009 0.007 0.006 0.006 0.006 0.008 0.007 0.001 
 159   (0.009) 0.005 0.020 0.007 0.005 0.005 0.005 0.004 0.005 0.005 0.001 

Locus 15 : 
4 alleles
0.4% missing data
 165   (0.662) 0.671 0.558 0.669 0.680 0.693 0.671 0.699 0.677 0.670 0.715 
 167   (0.275) 0.267 0.214 0.272 0.271 0.259 0.270 0.249 0.260 0.269 0.261 
 163   (0.051) 0.052 0.227 0.049 0.040 0.041 0.051 0.045 0.053 0.052 0.023 
 161   (0.012) 0.010 0.001 0.011 0.009 0.008 0.007 0.007 0.010 0.008 0.001 

Values of parameters used in structure:
DATAFILE=/home/martin/bottleneck/structure_analysis/structure_4/data_job_T10_2,	OUTFILE=/home/martin/bottleneck/structure_analysis/structure_4/structure_results/harbour_seal_waddensee/results_job_T10_2,	NUMINDS=259,	NUMLOCI=15,	MISSING=-9,	LABEL=1,	POPDATA=1,	POPFLAG=0,	PHENOTYPE=0,	EXTRACOLS=0,	MAXPOPS=10,	BURNIN=10000,	NUMREPS=100000,	USEPOPINFO=0,	INFERALPHA=1,	INFERLAMBDA=0,	POPSPECIFICLAMBDA=0,	POPALPHAS=0,	COMPUTEPROB=1,	NOADMIX=0,	ADMBURNIN=2500,	UPDATEFREQ=1,	PRINTLIKES=0,	INTERMEDSAVE=0,	PRINTKLD=0,	PRINTNET=0,	PRINTLAMBDA=0,	ANCESTDIST=0,	NUMBOXES=1000,	ANCESTPINT=0.90000,	GENSBACK=2,	MIGRPRIOR=0.05000,	PRINTQHAT=1,	PRINTQSUM=0,	ALPHA=1.0000,	FREQSCORR=1,	FPRIORMEAN=0.0100,	FPRIORSD=0.0500,	ONEFST=0,	LAMBDA=1.0000,	UNIFPRIORALPHA=1,	ALPHAMAX=10.0000,	ALPHAPRIORA=1.0000,	ALPHAPRIORB=2.0000,	ALPHAPROPSD=0.0250,	STARTATPOPINFO=0,	RANDOMIZE=1,	LINKAGE=0,	METROFREQ=10,	REPORTHITRATE=0,	MARKOVPHASE=-1,	PHASED=0,	PLOIDY=2,	PHASEINFO=0	LOCPRIOR=0, 	LOCPRIORINIT=1.000000, 	LOCDATA=0, 	LOCISPOP=0, 	LOCPRIORSTEP=0.100000, 	MAXLOCPRIOR=20.000000, 	SEED=1470446755,	
[STRAT parameters]:    NUMSIMSTATS=1000,	PHENOTYPECOL=-9,	POOLFREQ=10,	LOCUSxONLY=0,	EMERROR=0.00100,	MISSINGPHENO=-9,	