

----------------------------------------------------
STRUCTURE by Pritchard, Stephens and Donnelly (2000)
     and Falush, Stephens and Pritchard (2003)
       Code by Pritchard, Falush and Hubisz
             Version 2.3.4 (Jul 2012)
----------------------------------------------------



Command line arguments:   /usr/local/bin/structure -m parameter_job_T9_2 
Input File:    /home/martin/bottleneck/structure_analysis/structure_4/data_job_T9_2

Run parameters:
   259 individuals
   15 loci
   9 populations assumed
   10000 Burn-in period
   100000 Reps


--------------------------------------------
Proportion of membership of each pre-defined
 population in each of the 9 clusters

Given    Inferred Clusters                                                 Number of
 Pop       1      2      3      4      5      6      7      8      9      Individuals

  1:     0.106  0.105  0.106  0.106  0.126  0.134  0.106  0.106  0.106      259
--------------------------------------------

Allele-freq. divergence among pops (Net nucleotide distance),
computed using point estimates of P.

      1       2       3       4       5       6       7       8       9      
 1      -    0.0002  0.0007  0.0003  0.0467  0.0497  0.0012  0.0004  0.0002  
 2   0.0002     -    0.0006  0.0002  0.0441  0.0488  0.0010  0.0005  0.0003  
 3   0.0007  0.0006     -    0.0004  0.0437  0.0485  0.0001  0.0004  0.0002  
 4   0.0003  0.0002  0.0004     -    0.0437  0.0475  0.0007  0.0006  0.0002  
 5   0.0467  0.0441  0.0437  0.0437     -    0.0533  0.0438  0.0460  0.0447  
 6   0.0497  0.0488  0.0485  0.0475  0.0533     -    0.0494  0.0498  0.0478  
 7   0.0012  0.0010  0.0001  0.0007  0.0438  0.0494     -    0.0007  0.0006  
 8   0.0004  0.0005  0.0004  0.0006  0.0460  0.0498  0.0007     -    0.0001  
 9   0.0002  0.0003  0.0002  0.0002  0.0447  0.0478  0.0006  0.0001     -    

Average distances (expected heterozygosity) between individuals in same cluster:
cluster  1  : 0.4888 
cluster  2  : 0.4926 
cluster  3  : 0.4865 
cluster  4  : 0.4940 
cluster  5  : 0.4307 
cluster  6  : 0.3974 
cluster  7  : 0.4794 
cluster  8  : 0.4844 
cluster  9  : 0.4857 

--------------------------------------------
Estimated Ln Prob of Data   = -7650.8
Mean value of ln likelihood = -6417.0
Variance of ln likelihood   = 2467.5
Mean value of alpha         = 0.0562

Mean value of Fst_1         = 0.0397
Mean value of Fst_2         = 0.0352
Mean value of Fst_3         = 0.0514
Mean value of Fst_4         = 0.0126
Mean value of Fst_5         = 0.2120
Mean value of Fst_6         = 0.1960
Mean value of Fst_7         = 0.0682
Mean value of Fst_8         = 0.0779
Mean value of Fst_9         = 0.0554


Inferred ancestry of individuals:
        Label (%Miss) Pop:  Inferred clusters
  1        1    (0)    1 :  0.149 0.123 0.131 0.142 0.030 0.026 0.116 0.134 0.149 
  2        2    (0)    1 :  0.163 0.133 0.136 0.136 0.010 0.019 0.122 0.144 0.137 
  3        3    (0)    1 :  0.153 0.137 0.135 0.183 0.044 0.010 0.121 0.093 0.124 
  4        4    (0)    1 :  0.150 0.111 0.158 0.141 0.011 0.008 0.168 0.121 0.132 
  5        5    (0)    1 :  0.151 0.144 0.145 0.181 0.029 0.011 0.120 0.101 0.119 
  6        6    (0)    1 :  0.092 0.086 0.100 0.117 0.033 0.331 0.083 0.076 0.082 
  7        7    (0)    1 :  0.143 0.129 0.130 0.149 0.011 0.048 0.111 0.150 0.129 
  8        8    (0)    1 :  0.193 0.149 0.124 0.176 0.013 0.009 0.116 0.092 0.130 
  9        9    (0)    1 :  0.125 0.155 0.113 0.104 0.136 0.035 0.091 0.123 0.117 
 10       10    (0)    1 :  0.156 0.151 0.120 0.194 0.014 0.028 0.117 0.089 0.130 
 11       11    (0)    1 :  0.125 0.127 0.109 0.115 0.074 0.099 0.089 0.142 0.122 
 12       12    (0)    1 :  0.177 0.154 0.118 0.152 0.017 0.026 0.104 0.111 0.140 
 13       13    (0)    1 :  0.082 0.090 0.091 0.087 0.074 0.330 0.085 0.081 0.081 
 14       14    (0)    1 :  0.116 0.114 0.150 0.119 0.028 0.083 0.138 0.132 0.121 
 15       15    (0)    1 :  0.163 0.159 0.127 0.142 0.019 0.023 0.107 0.121 0.139 
 16       16    (0)    1 :  0.161 0.183 0.120 0.110 0.020 0.021 0.110 0.145 0.131 
 17       17    (0)    1 :  0.146 0.141 0.131 0.119 0.013 0.013 0.151 0.153 0.134 
 18       18    (0)    1 :  0.112 0.120 0.107 0.147 0.178 0.039 0.104 0.090 0.103 
 19       19    (0)    1 :  0.157 0.121 0.121 0.149 0.012 0.027 0.126 0.125 0.162 
 20       20    (0)    1 :  0.167 0.181 0.123 0.112 0.036 0.015 0.111 0.127 0.128 
 21       21    (0)    1 :  0.108 0.104 0.150 0.111 0.021 0.088 0.154 0.130 0.134 
 22       22    (0)    1 :  0.136 0.146 0.119 0.097 0.009 0.024 0.105 0.219 0.145 
 23       23    (0)    1 :  0.155 0.172 0.132 0.164 0.023 0.008 0.134 0.104 0.108 
 24       24    (0)    1 :  0.104 0.090 0.185 0.093 0.025 0.036 0.184 0.154 0.128 
 25       25    (0)    1 :  0.168 0.137 0.140 0.166 0.023 0.012 0.128 0.096 0.131 
 26       26    (0)    1 :  0.133 0.128 0.116 0.140 0.017 0.160 0.092 0.099 0.115 
 27       27    (0)    1 :  0.181 0.154 0.117 0.098 0.015 0.019 0.127 0.164 0.124 
 28       28    (0)    1 :  0.147 0.172 0.117 0.218 0.018 0.030 0.102 0.088 0.107 
 29       29    (0)    1 :  0.141 0.138 0.120 0.138 0.021 0.034 0.156 0.120 0.133 
 30       30    (0)    1 :  0.127 0.159 0.101 0.146 0.080 0.045 0.133 0.106 0.103 
 31       31    (0)    1 :  0.109 0.121 0.134 0.131 0.091 0.020 0.170 0.110 0.113 
 32       32    (0)    1 :  0.150 0.163 0.132 0.147 0.016 0.022 0.132 0.110 0.130 
 33       33    (0)    1 :  0.119 0.133 0.130 0.103 0.021 0.041 0.168 0.140 0.144 
 34       34    (0)    1 :  0.136 0.148 0.130 0.140 0.052 0.011 0.128 0.129 0.127 
 35       35    (0)    1 :  0.117 0.124 0.141 0.128 0.019 0.019 0.195 0.130 0.127 
 36       36    (0)    1 :  0.098 0.096 0.114 0.114 0.120 0.163 0.105 0.089 0.100 
 37       37    (0)    1 :  0.190 0.132 0.118 0.080 0.014 0.010 0.112 0.207 0.139 
 38       38    (0)    1 :  0.137 0.151 0.118 0.132 0.032 0.038 0.135 0.132 0.124 
 39       39    (0)    1 :  0.134 0.119 0.116 0.095 0.025 0.047 0.121 0.192 0.151 
 40       40    (0)    1 :  0.109 0.114 0.135 0.127 0.051 0.013 0.215 0.116 0.119 
 41       41    (0)    1 :  0.089 0.094 0.089 0.088 0.308 0.084 0.080 0.082 0.084 
 42       42    (0)    1 :  0.132 0.136 0.114 0.149 0.041 0.070 0.134 0.105 0.119 
 43       43    (0)    1 :  0.142 0.100 0.150 0.106 0.009 0.028 0.150 0.165 0.149 
 44       44    (0)    1 :  0.129 0.139 0.132 0.160 0.021 0.018 0.140 0.116 0.145 
 45       45    (0)    1 :  0.179 0.139 0.120 0.120 0.017 0.019 0.127 0.142 0.137 
 46       46    (0)    1 :  0.116 0.102 0.170 0.102 0.026 0.018 0.182 0.154 0.131 
 47       47    (0)    1 :  0.131 0.154 0.128 0.148 0.067 0.018 0.120 0.106 0.129 
 48       48    (0)    1 :  0.132 0.120 0.146 0.088 0.013 0.032 0.145 0.175 0.149 
 49       49    (0)    1 :  0.153 0.130 0.139 0.157 0.027 0.037 0.117 0.106 0.134 
 50       50    (0)    1 :  0.142 0.132 0.142 0.123 0.022 0.031 0.130 0.140 0.137 
 51       51    (0)    1 :  0.144 0.130 0.121 0.122 0.028 0.028 0.104 0.176 0.147 
 52       52    (0)    1 :  0.156 0.178 0.129 0.132 0.019 0.011 0.125 0.125 0.125 
 53       53    (0)    1 :  0.161 0.120 0.119 0.122 0.025 0.020 0.139 0.147 0.147 
 54       54    (0)    1 :  0.130 0.131 0.103 0.122 0.054 0.135 0.104 0.119 0.101 
 55       55    (0)    1 :  0.134 0.137 0.144 0.179 0.019 0.024 0.150 0.097 0.116 
 56       56    (0)    1 :  0.149 0.151 0.125 0.123 0.033 0.012 0.110 0.151 0.146 
 57       57    (0)    1 :  0.130 0.112 0.140 0.114 0.041 0.018 0.173 0.132 0.140 
 58       58    (0)    1 :  0.141 0.149 0.134 0.155 0.027 0.015 0.135 0.113 0.131 
 59       59    (0)    1 :  0.127 0.146 0.099 0.168 0.018 0.105 0.114 0.110 0.113 
 60       60    (0)    1 :  0.108 0.118 0.171 0.154 0.015 0.011 0.189 0.111 0.122 
 61       61    (0)    1 :  0.105 0.114 0.152 0.112 0.050 0.074 0.140 0.129 0.124 
 62       62    (0)    1 :  0.144 0.136 0.127 0.125 0.024 0.014 0.135 0.160 0.135 
 63       63    (0)    1 :  0.143 0.116 0.140 0.149 0.010 0.013 0.150 0.127 0.152 
 64       64    (0)    1 :  0.158 0.137 0.124 0.096 0.019 0.021 0.124 0.181 0.140 
 65       65    (0)    1 :  0.112 0.124 0.131 0.143 0.070 0.050 0.158 0.097 0.116 
 66       66    (0)    1 :  0.122 0.118 0.146 0.112 0.015 0.024 0.168 0.160 0.135 
 67       67    (0)    1 :  0.072 0.075 0.058 0.063 0.294 0.252 0.054 0.060 0.073 
 68       68    (0)    1 :  0.125 0.112 0.150 0.092 0.026 0.034 0.181 0.141 0.138 
 69       69    (0)    1 :  0.117 0.121 0.130 0.135 0.018 0.013 0.171 0.160 0.135 
 70       70    (0)    1 :  0.129 0.134 0.130 0.142 0.014 0.026 0.160 0.130 0.136 
 71       71    (0)    1 :  0.147 0.117 0.116 0.115 0.012 0.037 0.108 0.175 0.173 
 72       72    (0)    1 :  0.131 0.111 0.109 0.100 0.049 0.098 0.084 0.161 0.158 
 73       73    (0)    1 :  0.152 0.135 0.119 0.115 0.014 0.032 0.105 0.178 0.150 
 74       74    (0)    1 :  0.132 0.130 0.154 0.122 0.010 0.023 0.141 0.141 0.148 
 75       75    (0)    1 :  0.164 0.119 0.116 0.108 0.037 0.047 0.092 0.171 0.147 
 76       76    (0)    1 :  0.119 0.124 0.148 0.116 0.021 0.016 0.156 0.162 0.137 
 77       77    (0)    1 :  0.145 0.127 0.140 0.126 0.009 0.010 0.148 0.157 0.138 
 78       78    (0)    1 :  0.143 0.142 0.139 0.175 0.009 0.037 0.111 0.109 0.135 
 79       79    (0)    1 :  0.169 0.178 0.135 0.116 0.012 0.009 0.110 0.131 0.140 
 80       80    (0)    1 :  0.154 0.144 0.128 0.111 0.011 0.016 0.108 0.190 0.139 
 81       81    (0)    1 :  0.151 0.133 0.119 0.118 0.024 0.046 0.109 0.149 0.150 
 82       82    (0)    1 :  0.149 0.149 0.123 0.118 0.019 0.024 0.102 0.166 0.150 
 83       83    (0)    1 :  0.134 0.161 0.124 0.130 0.017 0.068 0.124 0.114 0.128 
 84       84    (0)    1 :  0.166 0.142 0.138 0.182 0.027 0.016 0.106 0.102 0.120 
 85       85    (0)    1 :  0.145 0.156 0.134 0.189 0.024 0.010 0.110 0.106 0.125 
 86       86    (0)    1 :  0.162 0.161 0.101 0.165 0.031 0.013 0.095 0.148 0.124 
 87       87    (0)    1 :  0.147 0.113 0.106 0.085 0.019 0.069 0.100 0.211 0.150 
 88       88    (0)    1 :  0.149 0.174 0.134 0.129 0.012 0.021 0.123 0.134 0.126 
 89       89    (0)    1 :  0.143 0.150 0.130 0.153 0.014 0.020 0.106 0.143 0.141 
 90       90    (0)    1 :  0.138 0.126 0.133 0.139 0.024 0.022 0.151 0.127 0.139 
 91       91    (0)    1 :  0.155 0.152 0.126 0.163 0.020 0.012 0.125 0.116 0.132 
 92       92    (0)    1 :  0.134 0.127 0.128 0.141 0.034 0.013 0.169 0.123 0.131 
 93       93    (0)    1 :  0.158 0.135 0.111 0.184 0.021 0.072 0.099 0.087 0.134 
 94       94    (0)    1 :  0.140 0.153 0.124 0.148 0.014 0.012 0.112 0.158 0.139 
 95       95    (0)    1 :  0.176 0.122 0.125 0.164 0.009 0.029 0.107 0.120 0.148 
 96       96    (0)    1 :  0.131 0.148 0.110 0.203 0.089 0.063 0.088 0.067 0.100 
 97       97    (0)    1 :  0.090 0.106 0.183 0.065 0.014 0.011 0.206 0.191 0.135 
 98       98    (0)    1 :  0.142 0.128 0.136 0.156 0.021 0.032 0.131 0.122 0.133 
 99       99    (0)    1 :  0.129 0.138 0.135 0.169 0.018 0.022 0.160 0.104 0.124 
100      100    (0)    1 :  0.146 0.129 0.142 0.166 0.034 0.018 0.153 0.094 0.118 
101      101    (0)    1 :  0.165 0.151 0.146 0.192 0.012 0.011 0.105 0.100 0.118 
102      102    (0)    1 :  0.159 0.129 0.132 0.150 0.008 0.016 0.118 0.139 0.149 
103      103    (0)    1 :  0.134 0.156 0.119 0.108 0.010 0.013 0.114 0.204 0.142 
104      104    (0)    1 :  0.167 0.121 0.126 0.113 0.013 0.014 0.119 0.164 0.162 
105      105    (0)    1 :  0.095 0.093 0.141 0.098 0.097 0.040 0.159 0.152 0.124 
106      106    (0)    1 :  0.136 0.153 0.131 0.148 0.012 0.009 0.146 0.136 0.129 
107      107    (0)    1 :  0.127 0.118 0.122 0.136 0.060 0.076 0.139 0.102 0.119 
108      108    (0)    1 :  0.141 0.156 0.133 0.183 0.015 0.029 0.122 0.097 0.125 
109      109    (0)    1 :  0.151 0.148 0.134 0.141 0.011 0.009 0.130 0.126 0.151 
110      110    (0)    1 :  0.185 0.155 0.118 0.106 0.010 0.009 0.113 0.170 0.134 
111      111    (0)    1 :  0.138 0.157 0.136 0.169 0.008 0.058 0.115 0.106 0.114 
112      112    (0)    1 :  0.150 0.137 0.131 0.143 0.021 0.013 0.142 0.129 0.133 
113      113    (0)    1 :  0.168 0.146 0.125 0.203 0.013 0.012 0.098 0.097 0.138 
114      114    (0)    1 :  0.144 0.146 0.100 0.095 0.024 0.112 0.095 0.151 0.133 
115      115    (0)    1 :  0.134 0.154 0.137 0.132 0.031 0.024 0.144 0.128 0.116 
116      116    (0)    1 :  0.138 0.153 0.131 0.156 0.036 0.021 0.133 0.102 0.130 
117      117    (0)    1 :  0.126 0.098 0.167 0.124 0.020 0.024 0.172 0.131 0.139 
118      118    (0)    1 :  0.143 0.127 0.139 0.129 0.014 0.011 0.156 0.144 0.138 
119      119    (0)    1 :  0.132 0.122 0.126 0.137 0.038 0.058 0.121 0.129 0.137 
120      120    (0)    1 :  0.143 0.157 0.128 0.114 0.022 0.033 0.106 0.153 0.142 
121      121    (0)    1 :  0.157 0.133 0.124 0.123 0.020 0.011 0.136 0.150 0.147 
122      122    (0)    1 :  0.148 0.171 0.117 0.127 0.057 0.020 0.129 0.119 0.114 
123      123    (0)    1 :  0.134 0.130 0.114 0.136 0.051 0.088 0.106 0.105 0.136 
124      124    (0)    1 :  0.163 0.142 0.125 0.121 0.028 0.020 0.129 0.136 0.134 
125      125    (0)    1 :  0.165 0.120 0.135 0.156 0.016 0.011 0.128 0.123 0.147 
126      126    (0)    1 :  0.143 0.137 0.115 0.112 0.037 0.047 0.103 0.156 0.151 
127      127    (0)    1 :  0.139 0.116 0.132 0.115 0.048 0.014 0.143 0.149 0.143 
128      128    (0)    1 :  0.110 0.112 0.150 0.119 0.017 0.029 0.177 0.145 0.140 
129      129    (0)    1 :  0.115 0.115 0.119 0.114 0.014 0.166 0.113 0.120 0.124 
130      130   (13)    1 :  0.059 0.067 0.056 0.067 0.134 0.446 0.056 0.052 0.064 
131      131    (0)    1 :  0.161 0.137 0.120 0.117 0.013 0.019 0.134 0.148 0.151 
132      132    (0)    1 :  0.149 0.118 0.130 0.121 0.017 0.016 0.149 0.149 0.150 
133      133    (0)    1 :  0.116 0.110 0.138 0.130 0.073 0.034 0.162 0.120 0.117 
134      134    (0)    1 :  0.153 0.168 0.127 0.186 0.016 0.016 0.115 0.104 0.113 
135      135    (0)    1 :  0.161 0.133 0.129 0.130 0.011 0.016 0.113 0.165 0.143 
136      136    (0)    1 :  0.119 0.114 0.136 0.136 0.026 0.025 0.184 0.119 0.140 
137      137    (0)    1 :  0.048 0.060 0.212 0.031 0.020 0.024 0.260 0.209 0.136 
138      138    (0)    1 :  0.092 0.100 0.155 0.077 0.081 0.017 0.191 0.162 0.125 
139      139    (0)    1 :  0.060 0.080 0.196 0.070 0.024 0.015 0.241 0.185 0.128 
140      140    (0)    1 :  0.086 0.095 0.127 0.101 0.193 0.075 0.126 0.104 0.092 
141      141    (0)    1 :  0.044 0.046 0.041 0.056 0.038 0.653 0.037 0.033 0.053 
142      142    (0)    1 :  0.145 0.159 0.131 0.181 0.025 0.023 0.113 0.094 0.128 
143      143    (0)    1 :  0.087 0.099 0.088 0.089 0.186 0.139 0.102 0.101 0.109 
144      144    (0)    1 :  0.140 0.157 0.128 0.181 0.011 0.022 0.104 0.127 0.131 
145      145    (0)    1 :  0.123 0.158 0.134 0.156 0.022 0.021 0.118 0.130 0.138 
146      146    (0)    1 :  0.111 0.158 0.136 0.165 0.021 0.040 0.128 0.124 0.118 
147      147    (0)    1 :  0.101 0.110 0.129 0.101 0.040 0.073 0.171 0.151 0.125 
148      148    (0)    1 :  0.124 0.184 0.118 0.136 0.012 0.018 0.107 0.153 0.148 
149      149    (0)    1 :  0.163 0.154 0.125 0.174 0.022 0.027 0.111 0.113 0.113 
150      150    (0)    1 :  0.136 0.178 0.121 0.184 0.009 0.010 0.102 0.120 0.140 
151      151    (0)    1 :  0.106 0.114 0.145 0.147 0.032 0.018 0.188 0.118 0.133 
152      152    (0)    1 :  0.087 0.089 0.197 0.081 0.022 0.025 0.211 0.165 0.124 
153      153    (0)    1 :  0.100 0.113 0.126 0.148 0.169 0.027 0.119 0.090 0.108 
154      154    (0)    1 :  0.115 0.124 0.153 0.134 0.013 0.011 0.205 0.121 0.124 
155      155    (0)    1 :  0.136 0.128 0.145 0.145 0.025 0.023 0.142 0.128 0.128 
156      156    (0)    1 :  0.133 0.155 0.127 0.142 0.044 0.035 0.131 0.120 0.113 
157      157    (0)    1 :  0.151 0.141 0.141 0.163 0.016 0.021 0.120 0.121 0.127 
158      158    (0)    1 :  0.132 0.122 0.132 0.103 0.017 0.042 0.166 0.146 0.141 
159      159    (0)    1 :  0.123 0.149 0.124 0.165 0.026 0.008 0.161 0.118 0.128 
160      160    (0)    1 :  0.126 0.134 0.157 0.171 0.025 0.020 0.139 0.100 0.127 
161      161    (0)    1 :  0.109 0.123 0.146 0.130 0.021 0.014 0.210 0.121 0.126 
162      162    (0)    1 :  0.135 0.120 0.130 0.145 0.024 0.030 0.146 0.127 0.144 
163      163    (0)    1 :  0.101 0.076 0.192 0.090 0.023 0.022 0.197 0.164 0.135 
164      164    (0)    1 :  0.105 0.066 0.202 0.078 0.012 0.012 0.207 0.171 0.147 
165      165    (0)    1 :  0.144 0.159 0.126 0.122 0.029 0.010 0.122 0.149 0.139 
166      166    (0)    1 :  0.130 0.123 0.129 0.127 0.061 0.039 0.127 0.132 0.133 
167      167    (0)    1 :  0.072 0.073 0.210 0.062 0.018 0.012 0.234 0.193 0.126 
168      168    (0)    1 :  0.154 0.117 0.155 0.157 0.016 0.024 0.128 0.117 0.132 
169      169    (0)    1 :  0.115 0.110 0.152 0.133 0.071 0.030 0.149 0.120 0.120 
170      170    (0)    1 :  0.107 0.130 0.110 0.149 0.175 0.030 0.106 0.086 0.108 
171      171    (0)    1 :  0.064 0.077 0.197 0.056 0.033 0.011 0.243 0.192 0.125 
172      172    (0)    1 :  0.099 0.103 0.148 0.110 0.043 0.097 0.155 0.129 0.117 
173      173    (0)    1 :  0.118 0.086 0.171 0.097 0.012 0.031 0.179 0.163 0.143 
174      174    (0)    1 :  0.108 0.079 0.189 0.089 0.012 0.016 0.200 0.167 0.140 
175      175    (0)    1 :  0.128 0.124 0.146 0.111 0.029 0.042 0.153 0.135 0.133 
176      176    (0)    1 :  0.116 0.119 0.141 0.139 0.057 0.034 0.148 0.115 0.132 
177      177    (0)    1 :  0.057 0.068 0.050 0.076 0.458 0.150 0.045 0.040 0.057 
178      178    (0)    1 :  0.070 0.069 0.058 0.057 0.449 0.069 0.054 0.089 0.086 
179      179    (0)    1 :  0.025 0.030 0.029 0.029 0.793 0.012 0.028 0.026 0.029 
180      180    (0)    1 :  0.124 0.160 0.134 0.109 0.024 0.008 0.110 0.180 0.152 
181      181    (0)    1 :  0.025 0.027 0.027 0.030 0.791 0.022 0.029 0.024 0.025 
182      182    (0)    1 :  0.052 0.059 0.050 0.056 0.563 0.072 0.047 0.046 0.054 
183      183    (0)    1 :  0.071 0.071 0.080 0.084 0.423 0.064 0.074 0.062 0.071 
184      184    (0)    1 :  0.085 0.115 0.082 0.095 0.289 0.098 0.076 0.080 0.080 
185      185    (0)    1 :  0.055 0.052 0.060 0.053 0.482 0.142 0.054 0.048 0.053 
186      186    (0)    1 :  0.082 0.095 0.079 0.068 0.335 0.089 0.066 0.095 0.092 
187      187    (0)    1 :  0.117 0.106 0.120 0.119 0.046 0.162 0.114 0.107 0.108 
188      188    (0)    1 :  0.100 0.150 0.114 0.109 0.073 0.090 0.102 0.125 0.137 
189      189    (0)    1 :  0.019 0.020 0.022 0.020 0.831 0.020 0.022 0.023 0.022 
190      190    (6)    1 :  0.100 0.108 0.096 0.129 0.240 0.010 0.113 0.092 0.113 
191      191    (0)    1 :  0.114 0.113 0.086 0.072 0.060 0.157 0.073 0.185 0.141 
192      192    (0)    1 :  0.012 0.012 0.010 0.012 0.896 0.021 0.013 0.012 0.013 
193      193    (0)    1 :  0.011 0.012 0.011 0.010 0.909 0.014 0.011 0.011 0.011 
194      194    (0)    1 :  0.020 0.023 0.023 0.018 0.831 0.021 0.018 0.021 0.026 
195      195    (0)    1 :  0.013 0.015 0.013 0.015 0.887 0.013 0.016 0.014 0.014 
196      196    (0)    1 :  0.028 0.029 0.028 0.027 0.714 0.091 0.028 0.027 0.029 
197      197    (0)    1 :  0.011 0.011 0.010 0.012 0.907 0.011 0.014 0.011 0.012 
198      198    (0)    1 :  0.035 0.042 0.045 0.040 0.696 0.015 0.049 0.035 0.044 
199      199    (0)    1 :  0.031 0.035 0.032 0.029 0.768 0.011 0.025 0.031 0.039 
200      200    (0)    1 :  0.084 0.089 0.081 0.128 0.367 0.077 0.055 0.048 0.071 
201      201    (0)    1 :  0.106 0.106 0.098 0.107 0.044 0.252 0.086 0.092 0.110 
202      202    (0)    1 :  0.018 0.016 0.018 0.022 0.863 0.010 0.018 0.018 0.018 
203      203    (0)    1 :  0.032 0.037 0.042 0.032 0.691 0.046 0.043 0.041 0.037 
204      204    (0)    1 :  0.013 0.013 0.014 0.014 0.886 0.024 0.012 0.011 0.013 
205      205    (0)    1 :  0.025 0.025 0.026 0.027 0.798 0.017 0.027 0.028 0.026 
206      206    (0)    1 :  0.038 0.043 0.040 0.041 0.623 0.100 0.040 0.035 0.040 
207      207    (0)    1 :  0.083 0.079 0.069 0.065 0.103 0.320 0.056 0.127 0.097 
208      208    (0)    1 :  0.011 0.012 0.011 0.013 0.009 0.902 0.012 0.011 0.018 
209      209    (0)    1 :  0.098 0.105 0.086 0.125 0.072 0.272 0.076 0.074 0.092 
210      210    (0)    1 :  0.016 0.021 0.018 0.020 0.066 0.800 0.017 0.017 0.024 
211      211    (0)    1 :  0.032 0.031 0.036 0.041 0.014 0.745 0.033 0.031 0.038 
212      212    (0)    1 :  0.053 0.054 0.046 0.056 0.608 0.040 0.041 0.046 0.056 
213      213    (0)    1 :  0.030 0.033 0.029 0.029 0.018 0.777 0.022 0.028 0.034 
214      214    (0)    1 :  0.035 0.039 0.036 0.038 0.124 0.609 0.030 0.041 0.047 
215      215    (0)    1 :  0.015 0.017 0.013 0.016 0.794 0.097 0.014 0.015 0.018 
216      216    (0)    1 :  0.042 0.042 0.040 0.045 0.364 0.332 0.041 0.042 0.052 
217      217    (0)    1 :  0.024 0.025 0.025 0.028 0.644 0.181 0.024 0.023 0.026 
218      218    (0)    1 :  0.023 0.022 0.023 0.026 0.821 0.014 0.025 0.024 0.022 
219      219    (0)    1 :  0.034 0.038 0.030 0.028 0.108 0.621 0.029 0.057 0.054 
220      220    (0)    1 :  0.068 0.077 0.061 0.094 0.140 0.371 0.057 0.058 0.075 
221      221    (0)    1 :  0.082 0.084 0.096 0.088 0.033 0.344 0.087 0.083 0.103 
222      222    (0)    1 :  0.019 0.018 0.022 0.021 0.042 0.811 0.023 0.020 0.024 
223      223    (0)    1 :  0.018 0.017 0.018 0.017 0.852 0.025 0.017 0.018 0.018 
224      224    (0)    1 :  0.139 0.150 0.128 0.147 0.069 0.036 0.100 0.102 0.130 
225      225    (0)    1 :  0.098 0.107 0.073 0.091 0.328 0.055 0.077 0.086 0.084 
226      226    (0)    1 :  0.022 0.022 0.021 0.023 0.811 0.035 0.021 0.019 0.025 
227      227    (0)    1 :  0.091 0.080 0.073 0.070 0.324 0.089 0.066 0.110 0.098 
228      228    (0)    1 :  0.056 0.058 0.048 0.048 0.619 0.029 0.042 0.045 0.055 
229      229    (0)    1 :  0.018 0.019 0.020 0.022 0.017 0.840 0.019 0.019 0.025 
230      230    (0)    1 :  0.029 0.032 0.031 0.030 0.015 0.775 0.028 0.029 0.031 
231      231    (0)    1 :  0.018 0.019 0.018 0.017 0.816 0.054 0.018 0.019 0.020 
232      232    (0)    1 :  0.018 0.018 0.018 0.020 0.020 0.858 0.016 0.013 0.017 
233      233    (0)    1 :  0.030 0.031 0.030 0.029 0.027 0.766 0.027 0.029 0.031 
234      234    (0)    1 :  0.115 0.106 0.154 0.111 0.029 0.025 0.179 0.142 0.140 
235      235    (0)    1 :  0.055 0.055 0.048 0.057 0.029 0.616 0.044 0.043 0.052 
236      236    (0)    1 :  0.031 0.034 0.025 0.024 0.013 0.740 0.022 0.059 0.052 
237      237    (0)    1 :  0.041 0.048 0.040 0.041 0.051 0.631 0.038 0.059 0.051 
238      238    (0)    1 :  0.033 0.037 0.040 0.036 0.274 0.455 0.044 0.039 0.043 
239      239    (0)    1 :  0.059 0.055 0.051 0.076 0.025 0.606 0.046 0.033 0.051 
240      240    (0)    1 :  0.065 0.071 0.062 0.101 0.031 0.524 0.045 0.042 0.058 
241      241    (0)    1 :  0.131 0.126 0.143 0.156 0.053 0.034 0.152 0.091 0.116 
242      242    (0)    1 :  0.090 0.087 0.077 0.087 0.093 0.344 0.071 0.072 0.079 
243      243    (0)    1 :  0.028 0.030 0.025 0.028 0.019 0.775 0.029 0.033 0.033 
244      244    (0)    1 :  0.088 0.087 0.110 0.087 0.092 0.201 0.118 0.109 0.107 
245      245    (0)    1 :  0.014 0.014 0.015 0.014 0.017 0.877 0.013 0.019 0.015 
246      246    (0)    1 :  0.060 0.056 0.053 0.050 0.114 0.446 0.052 0.090 0.078 
247      247    (0)    1 :  0.054 0.058 0.053 0.068 0.067 0.541 0.055 0.049 0.054 
248      248    (0)    1 :  0.045 0.048 0.044 0.045 0.074 0.618 0.042 0.039 0.046 
249      249    (0)    1 :  0.097 0.091 0.084 0.102 0.027 0.337 0.061 0.099 0.102 
250      250    (0)    1 :  0.089 0.087 0.132 0.083 0.063 0.164 0.135 0.129 0.119 
251      251    (0)    1 :  0.012 0.015 0.017 0.014 0.047 0.843 0.018 0.016 0.018 
252      252    (0)    1 :  0.019 0.023 0.020 0.019 0.012 0.831 0.024 0.026 0.027 
253      253    (0)    1 :  0.041 0.040 0.041 0.037 0.158 0.575 0.037 0.032 0.039 
254      254    (0)    1 :  0.073 0.086 0.064 0.072 0.056 0.431 0.059 0.079 0.080 
255      255    (0)    1 :  0.017 0.020 0.016 0.019 0.068 0.799 0.016 0.020 0.025 
256      256    (0)    1 :  0.013 0.012 0.012 0.012 0.021 0.895 0.013 0.011 0.011 
257      257    (0)    1 :  0.015 0.018 0.018 0.016 0.044 0.827 0.015 0.023 0.024 
258      258    (0)    1 :  0.058 0.064 0.054 0.070 0.056 0.547 0.051 0.041 0.059 
259      259    (0)    1 :  0.048 0.043 0.047 0.044 0.068 0.609 0.044 0.049 0.048 


Estimated Allele Frequencies in each cluster
First column gives estimated ancestral frequencies


Locus 1 : 
3 alleles
0.0% missing data
 286   (0.594) 0.612 0.592 0.584 0.590 0.321 0.767 0.571 0.605 0.607 
 288   (0.398) 0.383 0.404 0.412 0.403 0.678 0.229 0.426 0.393 0.390 
 290   (0.008) 0.005 0.005 0.004 0.007 0.001 0.004 0.003 0.003 0.004 

Locus 2 : 
3 alleles
0.0% missing data
 101   (0.921) 0.922 0.923 0.926 0.917 0.994 0.988 0.924 0.931 0.927 
 105   (0.056) 0.060 0.060 0.057 0.062 0.005 0.006 0.060 0.056 0.056 
 103   (0.023) 0.018 0.018 0.017 0.021 0.002 0.006 0.016 0.013 0.016 

Locus 3 : 
7 alleles
0.0% missing data
 255   (0.156) 0.141 0.148 0.127 0.148 0.740 0.790 0.109 0.133 0.149 
 249   (0.583) 0.590 0.580 0.600 0.602 0.237 0.182 0.610 0.582 0.592 
 253   (0.103) 0.120 0.112 0.098 0.100 0.007 0.011 0.100 0.117 0.106 
 251   (0.075) 0.074 0.079 0.104 0.070 0.008 0.009 0.112 0.104 0.086 
 257   (0.059) 0.057 0.063 0.055 0.058 0.006 0.007 0.055 0.052 0.052 
 245   (0.017) 0.013 0.014 0.011 0.016 0.001 0.001 0.010 0.009 0.011 
 259   (0.008) 0.005 0.005 0.004 0.007 0.000 0.000 0.003 0.003 0.004 

Locus 4 : 
7 alleles
0.0% missing data
 288   (0.501) 0.534 0.526 0.495 0.502 0.274 0.297 0.487 0.533 0.521 
 303   (0.038) 0.038 0.032 0.045 0.036 0.003 0.003 0.043 0.041 0.039 
 283   (0.320) 0.298 0.314 0.340 0.325 0.696 0.445 0.358 0.315 0.320 
 293   (0.074) 0.070 0.067 0.066 0.071 0.018 0.241 0.060 0.063 0.065 
 278   (0.021) 0.019 0.020 0.019 0.023 0.002 0.002 0.020 0.017 0.019 
 308   (0.036) 0.035 0.035 0.029 0.035 0.006 0.005 0.027 0.027 0.031 
 298   (0.010) 0.006 0.007 0.005 0.008 0.001 0.008 0.004 0.004 0.006 

Locus 5 : 
4 alleles
0.0% missing data
 109   (0.175) 0.189 0.184 0.166 0.174 0.203 0.022 0.160 0.185 0.180 
 113   (0.678) 0.672 0.673 0.705 0.687 0.680 0.868 0.714 0.682 0.686 
 115   (0.124) 0.117 0.123 0.111 0.117 0.115 0.108 0.110 0.119 0.116 
 111   (0.024) 0.022 0.020 0.018 0.023 0.002 0.002 0.016 0.013 0.017 

Locus 6 : 
6 alleles
0.0% missing data
 173   (0.620) 0.622 0.612 0.643 0.635 0.428 0.793 0.661 0.619 0.633 
 177   (0.129) 0.150 0.146 0.140 0.127 0.013 0.046 0.136 0.149 0.139 
 171   (0.085) 0.075 0.080 0.079 0.081 0.027 0.061 0.077 0.075 0.074 
 169   (0.010) 0.008 0.008 0.006 0.010 0.001 0.001 0.006 0.004 0.006 
 175   (0.144) 0.138 0.148 0.125 0.137 0.088 0.097 0.115 0.149 0.142 
 179   (0.011) 0.007 0.008 0.006 0.010 0.443 0.002 0.005 0.004 0.006 

Locus 7 : 
4 alleles
0.0% missing data
 135   (0.689) 0.717 0.703 0.698 0.685 0.600 0.699 0.693 0.717 0.707 
 133   (0.266) 0.242 0.251 0.254 0.260 0.395 0.297 0.249 0.245 0.249 
 137   (0.033) 0.034 0.038 0.041 0.045 0.004 0.002 0.052 0.034 0.038 
 139   (0.011) 0.007 0.008 0.007 0.010 0.001 0.001 0.006 0.004 0.006 

Locus 8 : 
7 alleles
0.0% missing data
 172   (0.135) 0.129 0.130 0.142 0.146 0.228 0.053 0.155 0.128 0.134 
 176   (0.342) 0.359 0.357 0.334 0.346 0.468 0.302 0.325 0.334 0.343 
 178   (0.205) 0.207 0.206 0.216 0.196 0.210 0.347 0.213 0.241 0.219 
 170   (0.271) 0.270 0.274 0.277 0.269 0.091 0.255 0.280 0.272 0.272 
 166   (0.011) 0.008 0.007 0.007 0.010 0.001 0.002 0.006 0.005 0.007 
 174   (0.018) 0.017 0.014 0.013 0.017 0.001 0.001 0.011 0.011 0.015 
 180   (0.018) 0.012 0.013 0.011 0.016 0.002 0.039 0.009 0.009 0.011 

Locus 9 : 
5 alleles
0.4% missing data
 143   (0.014) 0.010 0.010 0.010 0.013 0.001 0.001 0.009 0.007 0.009 
 149   (0.839) 0.860 0.848 0.875 0.848 0.866 0.838 0.887 0.881 0.870 
 141   (0.086) 0.079 0.083 0.068 0.082 0.127 0.012 0.062 0.060 0.068 
 147   (0.050) 0.044 0.051 0.041 0.046 0.005 0.108 0.037 0.047 0.047 
 151   (0.011) 0.007 0.007 0.006 0.010 0.001 0.041 0.005 0.004 0.006 

Locus 10 : 
7 alleles
0.0% missing data
 234   (0.089) 0.093 0.085 0.116 0.090 0.010 0.009 0.113 0.105 0.100 
 238   (0.391) 0.420 0.404 0.395 0.394 0.311 0.187 0.389 0.437 0.420 
 240   (0.384) 0.365 0.384 0.377 0.387 0.535 0.758 0.392 0.354 0.369 
 242   (0.027) 0.023 0.023 0.021 0.026 0.002 0.002 0.019 0.019 0.021 
 236   (0.072) 0.069 0.071 0.064 0.070 0.134 0.017 0.065 0.064 0.064 
 230   (0.023) 0.022 0.023 0.019 0.022 0.002 0.002 0.016 0.016 0.018 
 232   (0.014) 0.008 0.010 0.008 0.012 0.006 0.026 0.006 0.005 0.008 

Locus 11 : 
6 alleles
0.0% missing data
 183   (0.392) 0.406 0.386 0.372 0.394 0.261 0.553 0.362 0.380 0.389 
 177   (0.550) 0.549 0.565 0.585 0.552 0.735 0.442 0.599 0.584 0.569 
 179   (0.025) 0.022 0.023 0.021 0.024 0.002 0.003 0.021 0.018 0.021 
 185   (0.010) 0.007 0.007 0.006 0.009 0.001 0.001 0.005 0.005 0.006 
 175   (0.007) 0.005 0.005 0.004 0.006 0.000 0.000 0.003 0.003 0.004 
 189   (0.016) 0.011 0.014 0.011 0.014 0.001 0.001 0.009 0.011 0.012 

Locus 12 : 
5 alleles
0.4% missing data
 315   (0.702) 0.704 0.687 0.719 0.712 0.810 0.827 0.730 0.709 0.720 
 305   (0.034) 0.032 0.029 0.029 0.034 0.003 0.002 0.028 0.023 0.026 
 313   (0.200) 0.206 0.219 0.177 0.191 0.177 0.165 0.161 0.193 0.190 
 317   (0.058) 0.053 0.060 0.071 0.058 0.007 0.005 0.077 0.073 0.060 
 319   (0.007) 0.004 0.005 0.004 0.006 0.003 0.001 0.003 0.003 0.004 

Locus 13 : 
4 alleles
0.0% missing data
 136   (0.290) 0.305 0.288 0.312 0.285 0.301 0.111 0.304 0.318 0.308 
 134   (0.630) 0.632 0.645 0.615 0.640 0.575 0.839 0.627 0.621 0.626 
 132   (0.061) 0.050 0.053 0.060 0.058 0.087 0.048 0.058 0.052 0.054 
 138   (0.019) 0.013 0.014 0.012 0.018 0.037 0.001 0.011 0.010 0.012 

Locus 14 : 
5 alleles
0.0% missing data
 161   (0.761) 0.781 0.782 0.746 0.774 0.730 0.485 0.752 0.752 0.761 
 167   (0.212) 0.201 0.199 0.239 0.203 0.268 0.493 0.236 0.236 0.224 
 163   (0.007) 0.004 0.005 0.004 0.006 0.000 0.001 0.003 0.003 0.004 
 155   (0.010) 0.008 0.008 0.006 0.009 0.001 0.001 0.005 0.006 0.007 
 159   (0.009) 0.005 0.006 0.005 0.008 0.001 0.021 0.003 0.003 0.004 

Locus 15 : 
4 alleles
0.4% missing data
 165   (0.661) 0.665 0.679 0.687 0.666 0.718 0.567 0.701 0.680 0.675 
 167   (0.276) 0.278 0.262 0.264 0.277 0.255 0.219 0.256 0.260 0.263 
 163   (0.051) 0.047 0.047 0.040 0.046 0.026 0.213 0.035 0.053 0.053 
 161   (0.013) 0.010 0.011 0.009 0.012 0.001 0.001 0.007 0.007 0.009 

Values of parameters used in structure:
DATAFILE=/home/martin/bottleneck/structure_analysis/structure_4/data_job_T9_2,	OUTFILE=/home/martin/bottleneck/structure_analysis/structure_4/structure_results/harbour_seal_waddensee/results_job_T9_2,	NUMINDS=259,	NUMLOCI=15,	MISSING=-9,	LABEL=1,	POPDATA=1,	POPFLAG=0,	PHENOTYPE=0,	EXTRACOLS=0,	MAXPOPS=9,	BURNIN=10000,	NUMREPS=100000,	USEPOPINFO=0,	INFERALPHA=1,	INFERLAMBDA=0,	POPSPECIFICLAMBDA=0,	POPALPHAS=0,	COMPUTEPROB=1,	NOADMIX=0,	ADMBURNIN=2500,	UPDATEFREQ=1,	PRINTLIKES=0,	INTERMEDSAVE=0,	PRINTKLD=0,	PRINTNET=0,	PRINTLAMBDA=0,	ANCESTDIST=0,	NUMBOXES=1000,	ANCESTPINT=0.90000,	GENSBACK=2,	MIGRPRIOR=0.05000,	PRINTQHAT=1,	PRINTQSUM=0,	ALPHA=1.0000,	FREQSCORR=1,	FPRIORMEAN=0.0100,	FPRIORSD=0.0500,	ONEFST=0,	LAMBDA=1.0000,	UNIFPRIORALPHA=1,	ALPHAMAX=10.0000,	ALPHAPRIORA=1.0000,	ALPHAPRIORB=2.0000,	ALPHAPROPSD=0.0250,	STARTATPOPINFO=0,	RANDOMIZE=1,	LINKAGE=0,	METROFREQ=10,	REPORTHITRATE=0,	MARKOVPHASE=-1,	PHASED=0,	PLOIDY=2,	PHASEINFO=0	LOCPRIOR=0, 	LOCPRIORINIT=1.000000, 	LOCDATA=0, 	LOCISPOP=0, 	LOCPRIORSTEP=0.100000, 	MAXLOCPRIOR=20.000000, 	SEED=1470446763,	
[STRAT parameters]:    NUMSIMSTATS=1000,	PHENOTYPECOL=-9,	POOLFREQ=10,	LOCUSxONLY=0,	EMERROR=0.00100,	MISSINGPHENO=-9,	