1:    0.133 0.250 0.068 0.250 0.132 0.166 1    
2:    0.306 0.212 0.076 0.210 0.045 0.151 1    
3:    0.302 0.212 0.078 0.210 0.047 0.152 1    
4:    0.060 0.116 0.209 0.113 0.297 0.204 1    
5:    0.357 0.054 0.099 0.042 0.188 0.260 1    
6:    0.224 0.298 0.044 0.320 0.045 0.069 1    
7:    0.078 0.070 0.552 0.073 0.096 0.132 1    
8:    0.203 0.271 0.063 0.298 0.078 0.087 1    
9:    0.151 0.109 0.054 0.082 0.434 0.170 1    
10:   0.404 0.195 0.053 0.121 0.114 0.113 1    
11:   0.366 0.063 0.105 0.041 0.200 0.224 1    
12:   0.064 0.357 0.042 0.413 0.055 0.068 1    
13:   0.043 0.333 0.065 0.373 0.095 0.090 1    
14:   0.275 0.225 0.058 0.236 0.088 0.118 1    
15:   0.072 0.059 0.054 0.053 0.519 0.245 1    
16:   0.156 0.179 0.121 0.175 0.156 0.212 1    
17:   0.050 0.087 0.629 0.095 0.036 0.103 1    
18:   0.070 0.316 0.062 0.331 0.117 0.104 1    
19:   0.102 0.258 0.071 0.281 0.159 0.129 1    
20:   0.060 0.065 0.526 0.065 0.109 0.175 1    
21:   0.055 0.154 0.345 0.169 0.121 0.156 1    
22:   0.136 0.233 0.128 0.235 0.090 0.179 1    
23:   0.080 0.117 0.065 0.100 0.413 0.224 1    
24:   0.070 0.231 0.171 0.279 0.101 0.148 1    
25:   0.554 0.114 0.046 0.063 0.082 0.142 1    
26:   0.306 0.095 0.083 0.063 0.277 0.177 1    
27:   0.386 0.146 0.124 0.111 0.100 0.133 1    
28:   0.187 0.127 0.111 0.124 0.202 0.250 1    
29:   0.335 0.200 0.072 0.135 0.116 0.142 1    
30:   0.368 0.190 0.062 0.152 0.092 0.135 1    
31:   0.079 0.172 0.307 0.196 0.082 0.164 1    
32:   0.096 0.285 0.052 0.324 0.083 0.160 1    
33:   0.191 0.076 0.413 0.059 0.122 0.139 1    
34:   0.353 0.121 0.098 0.101 0.145 0.182 1    
35:   0.080 0.256 0.090 0.333 0.051 0.190 1    
36:   0.118 0.148 0.090 0.142 0.301 0.202 1    
37:   0.129 0.277 0.122 0.255 0.091 0.126 1    
38:   0.467 0.141 0.098 0.074 0.087 0.133 1    
39:   0.086 0.120 0.075 0.103 0.346 0.270 1    
40:   0.382 0.181 0.066 0.142 0.105 0.124 1    
41:   0.046 0.379 0.043 0.425 0.063 0.044 1    
42:   0.104 0.259 0.084 0.267 0.117 0.169 1    
43:   0.313 0.115 0.203 0.091 0.105 0.173 1    
44:   0.126 0.208 0.157 0.253 0.081 0.176 1    
45:   0.149 0.155 0.370 0.155 0.043 0.128 1    
46:   0.318 0.109 0.125 0.102 0.129 0.216 1    
47:   0.071 0.329 0.130 0.309 0.062 0.099 1    
48:   0.362 0.214 0.072 0.142 0.089 0.120 1    
49:   0.345 0.116 0.080 0.096 0.186 0.177 1    
50:   0.380 0.072 0.082 0.045 0.198 0.223 1    
51:   0.037 0.144 0.532 0.142 0.049 0.097 1    
52:   0.075 0.080 0.067 0.070 0.480 0.228 1    
53:   0.077 0.280 0.146 0.314 0.055 0.128 1    
54:   0.243 0.205 0.058 0.209 0.114 0.171 1    
55:   0.317 0.080 0.103 0.059 0.228 0.213 1    
56:   0.326 0.106 0.094 0.075 0.165 0.234 1    
57:   0.437 0.144 0.101 0.139 0.030 0.148 1    
58:   0.217 0.148 0.319 0.107 0.085 0.124 1    
59:   0.088 0.120 0.080 0.118 0.342 0.253 1    
60:   0.289 0.196 0.078 0.185 0.095 0.158 1    
61:   0.089 0.266 0.103 0.296 0.111 0.134 1    
62:   0.343 0.067 0.098 0.041 0.216 0.235 1    
63:   0.065 0.280 0.043 0.342 0.064 0.206 1    
64:   0.125 0.132 0.088 0.128 0.248 0.280 1    
65:   0.238 0.219 0.125 0.227 0.089 0.104 1    
66:   0.045 0.148 0.062 0.152 0.436 0.159 1    
67:   0.060 0.152 0.115 0.150 0.353 0.170 1    
68:   0.087 0.122 0.193 0.116 0.277 0.205 1    
69:   0.060 0.107 0.469 0.111 0.099 0.154 1    
70:   0.125 0.083 0.078 0.082 0.330 0.302 1    
71:   0.334 0.200 0.067 0.124 0.141 0.135 1    
72:   0.185 0.087 0.081 0.076 0.295 0.277 1    
73:   0.477 0.089 0.137 0.042 0.122 0.133 1    
74:   0.126 0.192 0.238 0.200 0.088 0.157 1    
75:   0.439 0.058 0.053 0.055 0.154 0.242 1    
76:   0.076 0.046 0.587 0.041 0.115 0.136 1    
77:   0.055 0.083 0.470 0.079 0.159 0.153 1    
78:   0.521 0.064 0.052 0.057 0.093 0.213 1    
79:   0.613 0.074 0.040 0.043 0.077 0.152 1    
80:   0.095 0.061 0.090 0.054 0.380 0.321 1    
81:   0.078 0.322 0.049 0.343 0.085 0.124 1    
82:   0.330 0.093 0.100 0.069 0.209 0.200 1    
83:   0.324 0.045 0.057 0.040 0.294 0.240 1    
84:   0.273 0.246 0.058 0.185 0.110 0.127 1    
85:   0.062 0.355 0.044 0.393 0.082 0.064 1    
86:   0.128 0.224 0.286 0.231 0.048 0.083 1    
87:   0.127 0.061 0.101 0.057 0.363 0.291 1    
88:   0.331 0.186 0.061 0.164 0.105 0.153 1    
89:   0.057 0.280 0.201 0.331 0.060 0.072 1    
90:   0.465 0.172 0.033 0.147 0.063 0.120 1    
91:   0.056 0.350 0.032 0.414 0.051 0.097 1    
92:   0.274 0.142 0.211 0.128 0.085 0.160 1    
93:   0.138 0.178 0.254 0.210 0.069 0.150 1    
94:   0.060 0.272 0.081 0.358 0.041 0.188 1    
95:   0.149 0.139 0.094 0.128 0.237 0.252 1    
96:   0.054 0.221 0.074 0.230 0.255 0.165 1    
97:   0.035 0.069 0.040 0.061 0.581 0.214 1    
98:   0.195 0.178 0.073 0.155 0.215 0.183 1    
99:   0.072 0.116 0.396 0.123 0.139 0.155 1    
100:  0.198 0.075 0.245 0.062 0.232 0.188 1    
101:  0.085 0.138 0.079 0.142 0.349 0.207 1    
102:  0.071 0.216 0.072 0.255 0.218 0.168 1    
103:  0.087 0.147 0.059 0.144 0.356 0.207 1    
104:  0.057 0.120 0.223 0.143 0.256 0.201 1    
105:  0.330 0.120 0.067 0.106 0.131 0.246 1    
106:  0.320 0.049 0.058 0.040 0.301 0.232 1    
107:  0.051 0.055 0.052 0.050 0.557 0.236 1    
108:  0.072 0.234 0.099 0.266 0.182 0.148 1    
109:  0.258 0.084 0.313 0.053 0.115 0.176 1    
110:  0.051 0.195 0.319 0.211 0.099 0.124 1    
111:  0.063 0.375 0.034 0.424 0.037 0.068 1    
112:  0.161 0.325 0.044 0.338 0.065 0.067 1    
113:  0.065 0.214 0.226 0.222 0.110 0.163 1    
114:  0.313 0.236 0.049 0.193 0.077 0.132 1    
115:  0.058 0.280 0.082 0.295 0.152 0.132 1    
116:  0.232 0.248 0.116 0.188 0.097 0.118 1    
117:  0.073 0.257 0.154 0.304 0.044 0.168 1    
118:  0.355 0.090 0.070 0.062 0.230 0.193 1    
119:  0.053 0.168 0.259 0.199 0.165 0.155 1    
120:  0.114 0.164 0.247 0.156 0.139 0.180 1    
121:  0.192 0.157 0.282 0.141 0.077 0.151 1    
122:  0.091 0.147 0.222 0.144 0.224 0.172 1    
123:  0.213 0.073 0.071 0.062 0.380 0.200 1    
124:  0.053 0.207 0.210 0.234 0.136 0.160 1    
125:  0.062 0.099 0.066 0.083 0.457 0.233 1    
126:  0.078 0.149 0.432 0.153 0.075 0.114 1    
127:  0.083 0.053 0.610 0.059 0.068 0.125 1    
128:  0.107 0.087 0.050 0.076 0.485 0.195 1    
129:  0.331 0.065 0.394 0.040 0.047 0.123 1    
130:  0.127 0.255 0.072 0.280 0.124 0.142 1    
131:  0.099 0.049 0.619 0.056 0.055 0.123 1    
132:  0.126 0.247 0.087 0.228 0.154 0.159 1    
133:  0.074 0.194 0.290 0.175 0.143 0.124 1    
134:  0.086 0.204 0.064 0.190 0.299 0.157 1    
135:  0.090 0.312 0.134 0.324 0.062 0.079 1    
136:  0.207 0.268 0.068 0.305 0.061 0.090 1    
137:  0.051 0.115 0.098 0.103 0.418 0.214 1    
138:  0.067 0.180 0.160 0.207 0.197 0.189 1    
139:  0.038 0.088 0.054 0.083 0.536 0.200 1    
140:  0.060 0.089 0.054 0.081 0.515 0.200 1    
141:  0.050 0.199 0.190 0.238 0.153 0.170 1    
142:  0.054 0.312 0.041 0.339 0.150 0.104 1    
143:  0.115 0.127 0.112 0.079 0.365 0.201 1    
144:  0.359 0.105 0.213 0.094 0.075 0.153 1    
145:  0.101 0.119 0.149 0.108 0.323 0.201 1    
146:  0.311 0.058 0.100 0.046 0.183 0.303 1    
147:  0.067 0.096 0.066 0.097 0.408 0.266 1    
148:  0.107 0.324 0.042 0.338 0.091 0.098 1    
149:  0.087 0.146 0.257 0.181 0.148 0.182 1    
150:  0.047 0.262 0.077 0.358 0.052 0.204 1    
151:  0.083 0.082 0.069 0.067 0.508 0.191 1    
152:  0.110 0.148 0.092 0.151 0.281 0.219 1    
153:  0.635 0.063 0.033 0.033 0.090 0.145 1    
154:  0.044 0.325 0.088 0.396 0.057 0.089 1    
155:  0.569 0.089 0.062 0.045 0.095 0.141 1    
156:  0.120 0.138 0.078 0.125 0.276 0.262 1    
157:  0.069 0.112 0.299 0.102 0.254 0.164 1    
158:  0.359 0.149 0.060 0.101 0.190 0.141 1    
159:  0.080 0.298 0.117 0.339 0.084 0.082 1    
160:  0.319 0.233 0.065 0.187 0.104 0.092 1    
161:  0.274 0.076 0.337 0.074 0.082 0.157 1    
162:  0.248 0.204 0.076 0.211 0.103 0.158 1    
163:  0.186 0.150 0.116 0.128 0.200 0.221 1    
164:  0.074 0.262 0.116 0.326 0.050 0.172 1    
165:  0.166 0.203 0.174 0.200 0.100 0.157 1    
166:  0.335 0.200 0.056 0.189 0.091 0.128 1    
167:  0.334 0.162 0.060 0.143 0.110 0.191 1    
168:  0.056 0.344 0.033 0.411 0.047 0.109 1    
169:  0.048 0.376 0.057 0.419 0.049 0.051 1    
170:  0.048 0.230 0.167 0.303 0.085 0.167 1    
171:  0.118 0.355 0.053 0.378 0.045 0.052 1    
172:  0.091 0.117 0.518 0.124 0.037 0.114 1    
173:  0.048 0.258 0.184 0.290 0.101 0.120 1    
174:  0.073 0.049 0.052 0.046 0.511 0.269 1    
175:  0.146 0.209 0.138 0.233 0.109 0.165 1    
176:  0.083 0.069 0.084 0.065 0.496 0.203 1    
177:  0.135 0.170 0.248 0.211 0.068 0.167 1    
178:  0.262 0.231 0.085 0.188 0.089 0.146 1    
179:  0.089 0.311 0.045 0.317 0.115 0.123 1    
180:  0.325 0.075 0.099 0.055 0.207 0.240 1    
181:  0.120 0.155 0.108 0.136 0.266 0.215 1    
182:  0.100 0.132 0.383 0.143 0.093 0.149 1    
183:  0.029 0.064 0.641 0.071 0.083 0.112 1    
184:  0.114 0.238 0.148 0.200 0.146 0.155 1    
185:  0.204 0.212 0.069 0.230 0.104 0.180 1    
186:  0.128 0.298 0.074 0.281 0.077 0.141 1    
187:  0.488 0.092 0.131 0.073 0.071 0.146 1    
188:  0.055 0.199 0.351 0.225 0.056 0.113 1    
189:  0.049 0.374 0.039 0.411 0.068 0.059 1    
190:  0.089 0.069 0.395 0.061 0.172 0.214 1    
191:  0.119 0.135 0.210 0.120 0.228 0.187 1    
192:  0.153 0.216 0.217 0.245 0.056 0.112 1    
193:  0.132 0.067 0.084 0.070 0.335 0.311 1    
194:  0.101 0.047 0.167 0.036 0.404 0.245 1    
195:  0.438 0.090 0.085 0.058 0.168 0.160 1    
196:  0.069 0.182 0.285 0.222 0.082 0.159 1    
197:  0.144 0.050 0.533 0.045 0.094 0.135 1    
198:  0.043 0.246 0.156 0.336 0.049 0.170 1    
199:  0.093 0.257 0.046 0.320 0.086 0.197 1    
200:  0.043 0.388 0.047 0.443 0.038 0.041 1    
201:  0.403 0.095 0.081 0.077 0.108 0.235 1    
202:  0.077 0.249 0.214 0.278 0.061 0.121 1    
203:  0.131 0.152 0.148 0.152 0.175 0.242 1    
204:  0.169 0.292 0.088 0.277 0.087 0.087 1    
205:  0.081 0.267 0.071 0.275 0.159 0.146 1    
206:  0.061 0.047 0.086 0.040 0.507 0.260 1    
207:  0.045 0.065 0.049 0.063 0.569 0.208 1    
208:  0.156 0.088 0.116 0.066 0.310 0.264 1    
209:  0.053 0.071 0.435 0.068 0.198 0.175 1    
210:  0.109 0.048 0.276 0.049 0.285 0.235 1    
211:  0.320 0.054 0.093 0.049 0.178 0.307 1    
212:  0.128 0.165 0.115 0.181 0.180 0.231 1    
213:  0.053 0.034 0.702 0.033 0.062 0.116 1    
214:  0.059 0.066 0.053 0.066 0.513 0.243 1    
215:  0.047 0.136 0.127 0.163 0.312 0.215 1    
216:  0.198 0.230 0.112 0.237 0.067 0.156 1    
217:  0.200 0.239 0.127 0.259 0.067 0.108 1    
218:  0.269 0.222 0.050 0.208 0.084 0.167 1    
219:  0.141 0.097 0.368 0.095 0.103 0.195 1    
220:  0.077 0.125 0.063 0.114 0.417 0.204 1    
221:  0.144 0.124 0.430 0.113 0.068 0.122 1    
222:  0.142 0.041 0.077 0.037 0.364 0.339 1    
223:  0.071 0.166 0.248 0.201 0.109 0.205 1    
224:  0.243 0.087 0.277 0.079 0.101 0.214 1    
225:  0.383 0.054 0.077 0.047 0.185 0.254 1    
226:  0.096 0.179 0.289 0.195 0.095 0.146 1    
227:  0.059 0.249 0.147 0.287 0.097 0.161 1    
228:  0.076 0.072 0.569 0.071 0.086 0.126 1    
229:  0.342 0.199 0.095 0.164 0.081 0.120 1    
230:  0.257 0.201 0.085 0.196 0.123 0.138 1    
231:  0.082 0.229 0.165 0.252 0.120 0.151 1    
232:  0.198 0.207 0.084 0.183 0.140 0.187 1    
233:  0.458 0.124 0.160 0.081 0.051 0.126 1    
234:  0.058 0.113 0.530 0.102 0.078 0.118 1    
235:  0.076 0.113 0.434 0.105 0.141 0.131 1    
236:  0.087 0.102 0.461 0.104 0.112 0.135 1    
237:  0.046 0.054 0.256 0.049 0.397 0.199 1    
238:  0.058 0.250 0.097 0.326 0.093 0.176 1    
239:  0.069 0.323 0.038 0.364 0.071 0.134 1    
240:  0.353 0.198 0.069 0.159 0.084 0.137 1    
241:  0.076 0.285 0.058 0.351 0.048 0.182 1    
242:  0.150 0.219 0.163 0.248 0.071 0.149 1    
243:  0.057 0.065 0.261 0.065 0.342 0.210 1    
244:  0.110 0.281 0.129 0.283 0.059 0.138 1    
245:  0.313 0.069 0.381 0.058 0.048 0.130 1    
246:  0.471 0.129 0.085 0.130 0.060 0.124 1    
247:  0.054 0.368 0.051 0.411 0.053 0.063 1    
248:  0.027 0.129 0.478 0.174 0.066 0.126 1    
249:  0.338 0.076 0.141 0.050 0.214 0.180 1    
250:  0.094 0.170 0.047 0.147 0.362 0.180 1    
251:  0.143 0.223 0.108 0.278 0.063 0.186 1    
252:  0.211 0.071 0.068 0.055 0.387 0.208 1    
253:  0.077 0.237 0.185 0.251 0.111 0.139 1    
254:  0.067 0.073 0.084 0.065 0.428 0.283 1    
255:  0.358 0.061 0.123 0.052 0.173 0.233 1    
256:  0.030 0.047 0.685 0.049 0.071 0.118 1    
257:  0.160 0.087 0.125 0.066 0.259 0.302 1    
258:  0.054 0.081 0.403 0.075 0.228 0.160 1    
259:  0.044 0.127 0.049 0.146 0.420 0.213 1    
260:  0.069 0.062 0.068 0.061 0.483 0.257 1    
                       
                       
1:    0.111 0.057 0.104 0.231 0.179 0.318 1    
2:    0.054 0.076 0.041 0.202 0.094 0.534 1    
3:    0.054 0.075 0.043 0.200 0.090 0.539 1    
4:    0.037 0.204 0.307 0.101 0.202 0.149 1    
5:    0.045 0.083 0.198 0.290 0.312 0.073 1    
6:    0.565 0.040 0.039 0.150 0.087 0.119 1    
7:    0.047 0.620 0.081 0.069 0.085 0.098 1    
8:    0.485 0.056 0.064 0.139 0.113 0.143 1    
9:    0.083 0.043 0.404 0.122 0.245 0.104 1    
10:   0.150 0.044 0.086 0.260 0.188 0.272 1    
11:   0.044 0.082 0.201 0.304 0.287 0.082 1    
12:   0.681 0.037 0.044 0.073 0.066 0.098 1    
13:   0.675 0.066 0.102 0.059 0.061 0.036 1    
14:   0.374 0.046 0.070 0.205 0.161 0.144 1    
15:   0.047 0.044 0.614 0.079 0.164 0.051 1    
16:   0.138 0.115 0.174 0.216 0.188 0.168 1    
17:   0.061 0.688 0.025 0.059 0.058 0.110 1    
18:   0.493 0.048 0.107 0.104 0.133 0.115 1    
19:   0.418 0.059 0.142 0.107 0.146 0.129 1    
20:   0.038 0.577 0.105 0.086 0.121 0.073 1    
21:   0.154 0.367 0.114 0.108 0.135 0.122 1    
22:   0.078 0.128 0.067 0.136 0.143 0.448 1    
23:   0.119 0.046 0.479 0.095 0.188 0.073 1    
24:   0.186 0.157 0.072 0.169 0.135 0.281 1    
25:   0.030 0.038 0.098 0.389 0.216 0.229 1    
26:   0.060 0.060 0.188 0.206 0.402 0.084 1    
27:   0.161 0.126 0.094 0.270 0.245 0.103 1    
28:   0.153 0.094 0.215 0.187 0.260 0.090 1    
29:   0.098 0.053 0.072 0.262 0.294 0.221 1    
30:   0.089 0.052 0.078 0.239 0.146 0.395 1    
31:   0.167 0.325 0.076 0.139 0.123 0.170 1    
32:   0.183 0.039 0.063 0.228 0.133 0.354 1    
33:   0.073 0.464 0.129 0.148 0.096 0.090 1    
34:   0.142 0.084 0.121 0.253 0.247 0.153 1    
35:   0.065 0.078 0.035 0.219 0.080 0.522 1    
36:   0.154 0.072 0.328 0.131 0.209 0.106 1    
37:   0.155 0.101 0.030 0.093 0.225 0.396 1    
38:   0.086 0.088 0.090 0.349 0.254 0.133 1    
39:   0.150 0.063 0.455 0.097 0.177 0.060 1    
40:   0.206 0.059 0.100 0.269 0.173 0.194 1    
41:   0.744 0.038 0.042 0.049 0.081 0.046 1    
42:   0.248 0.059 0.082 0.222 0.206 0.183 1    
43:   0.030 0.213 0.116 0.224 0.148 0.268 1    
44:   0.069 0.142 0.063 0.195 0.086 0.445 1    
45:   0.066 0.408 0.040 0.118 0.070 0.299 1    
46:   0.146 0.119 0.136 0.267 0.250 0.083 1    
47:   0.473 0.131 0.049 0.058 0.064 0.225 1    
48:   0.125 0.058 0.053 0.234 0.217 0.313 1    
49:   0.102 0.056 0.128 0.229 0.391 0.094 1    
50:   0.039 0.050 0.117 0.290 0.433 0.071 1    
51:   0.207 0.599 0.043 0.045 0.045 0.061 1    
52:   0.066 0.049 0.527 0.086 0.208 0.065 1    
53:   0.351 0.153 0.049 0.125 0.066 0.255 1    
54:   0.057 0.049 0.089 0.240 0.133 0.431 1    
55:   0.053 0.088 0.264 0.249 0.238 0.108 1    
56:   0.065 0.072 0.132 0.278 0.331 0.122 1    
57:   0.050 0.096 0.041 0.285 0.099 0.429 1    
58:   0.094 0.321 0.059 0.147 0.150 0.229 1    
59:   0.096 0.053 0.436 0.131 0.185 0.100 1    
60:   0.150 0.066 0.079 0.266 0.188 0.251 1    
61:   0.347 0.086 0.088 0.152 0.160 0.167 1    
62:   0.028 0.075 0.236 0.297 0.279 0.085 1    
63:   0.056 0.030 0.043 0.260 0.099 0.512 1    
64:   0.121 0.060 0.304 0.176 0.234 0.105 1    
65:   0.375 0.126 0.087 0.175 0.141 0.096 1    
66:   0.238 0.058 0.448 0.056 0.139 0.060 1    
67:   0.206 0.097 0.319 0.080 0.243 0.055 1    
68:   0.151 0.191 0.311 0.114 0.178 0.055 1    
69:   0.140 0.545 0.110 0.067 0.076 0.062 1    
70:   0.091 0.052 0.484 0.131 0.179 0.064 1    
71:   0.064 0.050 0.070 0.223 0.335 0.259 1    
72:   0.082 0.060 0.373 0.185 0.223 0.076 1    
73:   0.038 0.125 0.094 0.299 0.345 0.099 1    
74:   0.098 0.236 0.062 0.184 0.166 0.254 1    
75:   0.043 0.037 0.191 0.359 0.247 0.123 1    
76:   0.038 0.659 0.114 0.065 0.083 0.042 1    
77:   0.049 0.434 0.101 0.084 0.270 0.062 1    
78:   0.073 0.047 0.134 0.391 0.243 0.112 1    
79:   0.036 0.033 0.114 0.447 0.227 0.143 1    
80:   0.064 0.061 0.515 0.133 0.185 0.041 1    
81:   0.434 0.041 0.075 0.178 0.107 0.166 1    
82:   0.052 0.092 0.236 0.243 0.245 0.131 1    
83:   0.035 0.050 0.343 0.268 0.225 0.079 1    
84:   0.227 0.047 0.076 0.182 0.183 0.285 1    
85:   0.657 0.038 0.058 0.067 0.086 0.093 1    
86:   0.359 0.301 0.031 0.089 0.119 0.101 1    
87:   0.069 0.078 0.467 0.140 0.202 0.045 1    
88:   0.059 0.049 0.088 0.269 0.150 0.384 1    
89:   0.512 0.199 0.033 0.059 0.124 0.073 1    
90:   0.179 0.027 0.067 0.297 0.131 0.299 1    
91:   0.565 0.026 0.048 0.133 0.059 0.169 1    
92:   0.045 0.218 0.080 0.183 0.134 0.340 1    
93:   0.112 0.269 0.051 0.173 0.097 0.298 1    
94:   0.084 0.070 0.032 0.234 0.065 0.515 1    
95:   0.062 0.066 0.281 0.232 0.231 0.128 1    
96:   0.304 0.064 0.296 0.107 0.141 0.087 1    
97:   0.062 0.035 0.659 0.048 0.144 0.052 1    
98:   0.071 0.054 0.212 0.233 0.234 0.196 1    
99:   0.069 0.433 0.153 0.114 0.098 0.133 1    
100:  0.074 0.265 0.249 0.174 0.177 0.060 1    
101:  0.125 0.055 0.387 0.132 0.197 0.103 1    
102:  0.305 0.059 0.228 0.123 0.153 0.132 1    
103:  0.137 0.045 0.413 0.106 0.175 0.124 1    
104:  0.091 0.233 0.318 0.112 0.115 0.131 1    
105:  0.217 0.053 0.141 0.280 0.224 0.085 1    
106:  0.034 0.053 0.343 0.262 0.228 0.080 1    
107:  0.062 0.046 0.656 0.054 0.153 0.030 1    
108:  0.402 0.089 0.205 0.108 0.120 0.075 1    
109:  0.036 0.344 0.110 0.205 0.151 0.153 1    
110:  0.243 0.364 0.095 0.090 0.079 0.129 1    
111:  0.657 0.026 0.029 0.097 0.060 0.131 1    
112:  0.609 0.037 0.056 0.117 0.085 0.096 1    
113:  0.312 0.246 0.094 0.089 0.141 0.118 1    
114:  0.179 0.040 0.063 0.209 0.141 0.368 1    
115:  0.489 0.075 0.183 0.094 0.101 0.058 1    
116:  0.173 0.100 0.054 0.212 0.226 0.235 1    
117:  0.093 0.148 0.030 0.210 0.079 0.441 1    
118:  0.069 0.063 0.265 0.268 0.215 0.121 1    
119:  0.058 0.284 0.138 0.138 0.126 0.255 1    
120:  0.029 0.238 0.112 0.188 0.226 0.207 1    
121:  0.039 0.282 0.050 0.208 0.202 0.219 1    
122:  0.080 0.226 0.206 0.110 0.171 0.209 1    
123:  0.088 0.071 0.406 0.176 0.181 0.079 1    
124:  0.250 0.226 0.141 0.109 0.123 0.151 1    
125:  0.071 0.038 0.516 0.090 0.216 0.068 1    
126:  0.186 0.460 0.056 0.086 0.114 0.099 1    
127:  0.027 0.681 0.068 0.070 0.064 0.090 1    
128:  0.059 0.043 0.501 0.105 0.191 0.101 1    
129:  0.026 0.421 0.060 0.231 0.156 0.106 1    
130:  0.490 0.071 0.138 0.134 0.120 0.048 1    
131:  0.027 0.679 0.060 0.088 0.063 0.084 1    
132:  0.100 0.061 0.088 0.185 0.287 0.278 1    
133:  0.077 0.253 0.071 0.125 0.283 0.190 1    
134:  0.276 0.054 0.328 0.088 0.159 0.095 1    
135:  0.500 0.136 0.049 0.073 0.070 0.172 1    
136:  0.524 0.061 0.059 0.148 0.109 0.100 1    
137:  0.105 0.066 0.446 0.079 0.246 0.058 1    
138:  0.062 0.173 0.212 0.133 0.115 0.305 1    
139:  0.109 0.050 0.601 0.049 0.142 0.047 1    
140:  0.105 0.049 0.548 0.071 0.164 0.063 1    
141:  0.091 0.199 0.159 0.150 0.124 0.277 1    
142:  0.489 0.037 0.157 0.083 0.099 0.135 1    
143:  0.036 0.066 0.271 0.120 0.410 0.098 1    
144:  0.029 0.214 0.077 0.287 0.174 0.220 1    
145:  0.066 0.150 0.367 0.131 0.191 0.095 1    
146:  0.058 0.075 0.243 0.286 0.269 0.069 1    
147:  0.036 0.048 0.520 0.126 0.155 0.116 1    
148:  0.493 0.037 0.081 0.112 0.082 0.195 1    
149:  0.067 0.261 0.159 0.155 0.132 0.226 1    
150:  0.043 0.066 0.047 0.247 0.059 0.538 1    
151:  0.055 0.048 0.491 0.089 0.250 0.067 1    
152:  0.076 0.071 0.340 0.152 0.191 0.169 1    
153:  0.029 0.029 0.109 0.447 0.256 0.130 1    
154:  0.497 0.076 0.031 0.098 0.118 0.179 1    
155:  0.035 0.062 0.124 0.395 0.203 0.181 1    
156:  0.091 0.048 0.337 0.156 0.238 0.131 1    
157:  0.071 0.344 0.262 0.074 0.125 0.123 1    
158:  0.086 0.054 0.164 0.243 0.224 0.229 1    
159:  0.585 0.112 0.076 0.075 0.110 0.042 1    
160:  0.302 0.059 0.081 0.199 0.170 0.190 1    
161:  0.049 0.351 0.074 0.204 0.200 0.122 1    
162:  0.179 0.069 0.097 0.263 0.169 0.222 1    
163:  0.111 0.089 0.203 0.225 0.269 0.103 1    
164:  0.147 0.117 0.040 0.168 0.074 0.454 1    
165:  0.108 0.180 0.079 0.154 0.145 0.334 1    
166:  0.236 0.046 0.068 0.233 0.177 0.240 1    
167:  0.052 0.045 0.085 0.268 0.215 0.335 1    
168:  0.487 0.026 0.037 0.166 0.058 0.225 1    
169:  0.733 0.045 0.038 0.061 0.078 0.045 1    
170:  0.084 0.171 0.070 0.203 0.069 0.403 1    
171:  0.676 0.049 0.032 0.088 0.069 0.087 1    
172:  0.131 0.555 0.025 0.088 0.094 0.107 1    
173:  0.502 0.185 0.099 0.075 0.111 0.028 1    
174:  0.026 0.040 0.620 0.086 0.167 0.061 1    
175:  0.047 0.130 0.069 0.176 0.160 0.418 1    
176:  0.085 0.088 0.527 0.079 0.167 0.055 1    
177:  0.050 0.249 0.051 0.185 0.110 0.355 1    
178:  0.172 0.076 0.059 0.258 0.204 0.230 1    
179:  0.388 0.037 0.086 0.105 0.094 0.291 1    
180:  0.049 0.076 0.226 0.277 0.291 0.081 1    
181:  0.173 0.084 0.290 0.129 0.248 0.077 1    
182:  0.109 0.410 0.089 0.124 0.124 0.143 1    
183:  0.056 0.702 0.077 0.044 0.062 0.059 1    
184:  0.173 0.120 0.076 0.192 0.317 0.123 1    
185:  0.083 0.059 0.093 0.285 0.122 0.358 1    
186:  0.286 0.061 0.066 0.228 0.146 0.214 1    
187:  0.107 0.130 0.073 0.329 0.242 0.119 1    
188:  0.238 0.401 0.044 0.105 0.070 0.143 1    
189:  0.707 0.033 0.053 0.069 0.096 0.042 1    
190:  0.076 0.443 0.228 0.092 0.112 0.048 1    
191:  0.150 0.200 0.210 0.134 0.243 0.063 1    
192:  0.312 0.214 0.046 0.136 0.109 0.183 1    
193:  0.046 0.063 0.449 0.168 0.208 0.066 1    
194:  0.030 0.153 0.488 0.101 0.190 0.039 1    
195:  0.063 0.084 0.181 0.320 0.197 0.154 1    
196:  0.039 0.296 0.078 0.185 0.085 0.317 1    
197:  0.038 0.590 0.097 0.113 0.094 0.069 1    
198:  0.076 0.134 0.036 0.218 0.085 0.452 1    
199:  0.076 0.035 0.065 0.203 0.111 0.510 1    
200:  0.788 0.040 0.026 0.047 0.049 0.050 1    
201:  0.076 0.076 0.109 0.324 0.240 0.175 1    
202:  0.292 0.202 0.033 0.132 0.151 0.191 1    
203:  0.133 0.133 0.175 0.196 0.244 0.120 1    
204:  0.477 0.073 0.055 0.132 0.139 0.124 1    
205:  0.273 0.066 0.180 0.165 0.124 0.192 1    
206:  0.049 0.086 0.635 0.064 0.140 0.026 1    
207:  0.045 0.044 0.637 0.061 0.145 0.069 1    
208:  0.066 0.106 0.386 0.145 0.216 0.082 1    
209:  0.035 0.480 0.224 0.072 0.112 0.076 1    
210:  0.028 0.300 0.338 0.126 0.152 0.056 1    
211:  0.067 0.071 0.243 0.291 0.259 0.069 1    
212:  0.315 0.119 0.230 0.144 0.160 0.033 1    
213:  0.027 0.781 0.064 0.042 0.050 0.036 1    
214:  0.039 0.044 0.607 0.082 0.160 0.068 1    
215:  0.045 0.111 0.376 0.123 0.136 0.209 1    
216:  0.051 0.107 0.033 0.144 0.135 0.531 1    
217:  0.415 0.124 0.060 0.158 0.147 0.096 1    
218:  0.086 0.036 0.070 0.310 0.180 0.318 1    
219:  0.039 0.398 0.092 0.151 0.167 0.152 1    
220:  0.079 0.046 0.466 0.099 0.194 0.117 1    
221:  0.072 0.444 0.051 0.132 0.160 0.141 1    
222:  0.034 0.046 0.517 0.155 0.206 0.042 1    
223:  0.064 0.260 0.133 0.192 0.118 0.234 1    
224:  0.070 0.313 0.109 0.213 0.164 0.131 1    
225:  0.052 0.065 0.232 0.317 0.253 0.080 1    
226:  0.098 0.303 0.069 0.147 0.130 0.254 1    
227:  0.144 0.141 0.081 0.189 0.125 0.321 1    
228:  0.068 0.618 0.080 0.076 0.092 0.065 1    
229:  0.269 0.091 0.071 0.245 0.224 0.099 1    
230:  0.249 0.075 0.094 0.195 0.214 0.172 1    
231:  0.129 0.164 0.081 0.159 0.198 0.269 1    
232:  0.125 0.050 0.093 0.236 0.332 0.164 1    
233:  0.053 0.157 0.067 0.309 0.123 0.291 1    
234:  0.084 0.607 0.061 0.050 0.082 0.115 1    
235:  0.076 0.473 0.125 0.082 0.120 0.124 1    
236:  0.032 0.483 0.098 0.099 0.134 0.154 1    
237:  0.029 0.291 0.458 0.051 0.109 0.062 1    
238:  0.101 0.085 0.083 0.216 0.078 0.437 1    
239:  0.408 0.031 0.066 0.182 0.071 0.243 1    
240:  0.165 0.055 0.058 0.241 0.195 0.286 1    
241:  0.057 0.049 0.037 0.227 0.057 0.573 1    
242:  0.145 0.157 0.049 0.167 0.134 0.349 1    
243:  0.031 0.293 0.397 0.075 0.118 0.086 1    
244:  0.188 0.121 0.041 0.108 0.092 0.451 1    
245:  0.049 0.405 0.057 0.221 0.137 0.131 1    
246:  0.198 0.088 0.083 0.324 0.186 0.121 1    
247:  0.656 0.047 0.044 0.095 0.068 0.090 1    
248:  0.067 0.550 0.067 0.085 0.051 0.180 1    
249:  0.061 0.126 0.195 0.261 0.281 0.076 1    
250:  0.201 0.038 0.419 0.100 0.153 0.089 1    
251:  0.046 0.100 0.052 0.202 0.073 0.528 1    
252:  0.023 0.057 0.433 0.180 0.193 0.113 1    
253:  0.263 0.197 0.101 0.105 0.092 0.242 1    
254:  0.085 0.078 0.568 0.081 0.144 0.044 1    
255:  0.061 0.122 0.218 0.296 0.218 0.085 1    
256:  0.038 0.749 0.066 0.040 0.066 0.040 1    
257:  0.109 0.108 0.296 0.167 0.280 0.041 1    
258:  0.065 0.437 0.242 0.065 0.122 0.068 1    
259:  0.071 0.036 0.482 0.123 0.132 0.157 1    
260:  0.081 0.059 0.589 0.080 0.152 0.040 1    
                       
                       
1:    0.177 0.114 0.264 0.218 0.116 0.111 1    
2:    0.235 0.304 0.259 0.098 0.064 0.039 1    
3:    0.230 0.309 0.260 0.099 0.062 0.039 1    
4:    0.184 0.048 0.184 0.240 0.044 0.300 1    
5:    0.089 0.369 0.060 0.214 0.050 0.219 1    
6:    0.061 0.259 0.064 0.083 0.499 0.035 1    
7:    0.389 0.078 0.280 0.095 0.056 0.102 1    
8:    0.078 0.214 0.086 0.127 0.429 0.066 1    
9:    0.071 0.145 0.087 0.257 0.098 0.342 1    
10:   0.090 0.404 0.095 0.170 0.152 0.089 1    
11:   0.091 0.378 0.063 0.192 0.054 0.222 1    
12:   0.065 0.070 0.094 0.084 0.639 0.047 1    
13:   0.072 0.044 0.057 0.065 0.646 0.117 1    
14:   0.067 0.302 0.070 0.188 0.305 0.068 1    
15:   0.055 0.073 0.060 0.095 0.062 0.655 1    
16:   0.158 0.159 0.187 0.162 0.152 0.183 1    
17:   0.416 0.054 0.355 0.073 0.073 0.029 1    
18:   0.086 0.061 0.126 0.157 0.473 0.097 1    
19:   0.091 0.095 0.105 0.188 0.367 0.154 1    
20:   0.369 0.055 0.275 0.133 0.046 0.121 1    
21:   0.248 0.052 0.234 0.177 0.154 0.134 1    
22:   0.246 0.115 0.287 0.189 0.090 0.073 1    
23:   0.072 0.078 0.085 0.176 0.146 0.443 1    
24:   0.203 0.062 0.278 0.187 0.194 0.076 1    
25:   0.074 0.595 0.088 0.131 0.036 0.076 1    
26:   0.070 0.207 0.065 0.406 0.062 0.189 1    
27:   0.114 0.408 0.081 0.165 0.156 0.077 1    
28:   0.103 0.174 0.093 0.265 0.148 0.216 1    
29:   0.103 0.268 0.129 0.338 0.103 0.059 1    
30:   0.156 0.359 0.191 0.119 0.104 0.072 1    
31:   0.273 0.078 0.270 0.130 0.167 0.082 1    
32:   0.190 0.077 0.299 0.178 0.189 0.067 1    
33:   0.307 0.246 0.189 0.059 0.073 0.127 1    
34:   0.097 0.342 0.081 0.243 0.114 0.123 1    
35:   0.279 0.064 0.418 0.120 0.077 0.041 1    
36:   0.095 0.105 0.112 0.171 0.177 0.340 1    
37:   0.185 0.072 0.205 0.342 0.166 0.031 1    
38:   0.092 0.494 0.086 0.170 0.100 0.059 1    
39:   0.082 0.070 0.069 0.153 0.178 0.448 1    
40:   0.086 0.418 0.089 0.132 0.194 0.080 1    
41:   0.050 0.053 0.051 0.126 0.674 0.046 1    
42:   0.127 0.077 0.186 0.280 0.247 0.082 1    
43:   0.218 0.324 0.177 0.130 0.034 0.116 1    
44:   0.270 0.113 0.360 0.106 0.082 0.070 1    
45:   0.358 0.148 0.293 0.085 0.076 0.040 1    
46:   0.120 0.341 0.087 0.152 0.163 0.137 1    
47:   0.172 0.047 0.165 0.088 0.475 0.054 1    
48:   0.131 0.317 0.141 0.240 0.126 0.046 1    
49:   0.064 0.247 0.066 0.407 0.098 0.118 1    
50:   0.057 0.244 0.051 0.503 0.045 0.100 1    
51:   0.375 0.039 0.261 0.058 0.219 0.048 1    
52:   0.067 0.064 0.078 0.183 0.079 0.530 1    
53:   0.198 0.079 0.242 0.093 0.334 0.054 1    
54:   0.194 0.212 0.274 0.154 0.068 0.097 1    
55:   0.094 0.320 0.083 0.184 0.059 0.260 1    
56:   0.087 0.302 0.076 0.337 0.074 0.123 1    
57:   0.178 0.497 0.184 0.063 0.054 0.024 1    
58:   0.267 0.211 0.196 0.169 0.097 0.060 1    
59:   0.093 0.076 0.116 0.207 0.119 0.390 1    
60:   0.128 0.282 0.181 0.193 0.146 0.071 1    
61:   0.134 0.072 0.166 0.218 0.317 0.093 1    
62:   0.085 0.373 0.071 0.151 0.036 0.283 1    
63:   0.237 0.042 0.418 0.197 0.063 0.043 1    
64:   0.101 0.106 0.127 0.250 0.135 0.281 1    
65:   0.114 0.277 0.090 0.105 0.331 0.083 1    
66:   0.076 0.050 0.084 0.102 0.272 0.415 1    
67:   0.097 0.056 0.084 0.303 0.177 0.284 1    
68:   0.167 0.079 0.125 0.152 0.167 0.311 1    
69:   0.337 0.060 0.238 0.084 0.156 0.126 1    
70:   0.072 0.119 0.073 0.128 0.101 0.507 1    
71:   0.087 0.237 0.107 0.453 0.061 0.056 1    
72:   0.075 0.170 0.074 0.134 0.091 0.456 1    
73:   0.099 0.448 0.069 0.287 0.041 0.056 1    
74:   0.243 0.118 0.264 0.210 0.111 0.054 1    
75:   0.064 0.502 0.065 0.092 0.052 0.225 1    
76:   0.396 0.083 0.257 0.088 0.044 0.132 1    
77:   0.240 0.039 0.178 0.396 0.050 0.097 1    
78:   0.059 0.633 0.047 0.066 0.084 0.111 1    
79:   0.046 0.729 0.049 0.058 0.042 0.075 1    
80:   0.066 0.061 0.061 0.100 0.080 0.633 1    
81:   0.109 0.073 0.168 0.148 0.417 0.085 1    
82:   0.106 0.353 0.093 0.144 0.060 0.243 1    
83:   0.056 0.342 0.049 0.085 0.039 0.429 1    
84:   0.106 0.241 0.116 0.228 0.242 0.067 1    
85:   0.065 0.061 0.083 0.135 0.592 0.064 1    
86:   0.218 0.139 0.154 0.142 0.319 0.027 1    
87:   0.081 0.119 0.059 0.099 0.088 0.553 1    
88:   0.156 0.311 0.220 0.159 0.071 0.083 1    
89:   0.165 0.060 0.136 0.176 0.428 0.036 1    
90:   0.087 0.501 0.088 0.089 0.180 0.055 1    
91:   0.096 0.059 0.179 0.079 0.528 0.058 1    
92:   0.231 0.274 0.221 0.145 0.050 0.079 1    
93:   0.264 0.139 0.297 0.121 0.123 0.055 1    
94:   0.276 0.055 0.435 0.098 0.102 0.033 1    
95:   0.108 0.130 0.156 0.225 0.073 0.308 1    
96:   0.091 0.049 0.118 0.147 0.307 0.288 1    
97:   0.056 0.041 0.064 0.084 0.089 0.666 1    
98:   0.118 0.196 0.165 0.223 0.086 0.213 1    
99:   0.302 0.071 0.270 0.106 0.082 0.169 1    
100:  0.211 0.211 0.136 0.109 0.085 0.247 1    
101:  0.089 0.075 0.121 0.230 0.142 0.343 1    
102:  0.098 0.065 0.134 0.170 0.289 0.244 1    
103:  0.082 0.083 0.103 0.166 0.174 0.392 1    
104:  0.188 0.055 0.210 0.110 0.102 0.334 1    
105:  0.065 0.368 0.043 0.166 0.210 0.148 1    
106:  0.056 0.344 0.048 0.085 0.042 0.426 1    
107:  0.048 0.065 0.040 0.084 0.080 0.683 1    
108:  0.099 0.064 0.109 0.113 0.390 0.225 1    
109:  0.277 0.289 0.174 0.108 0.043 0.109 1    
110:  0.251 0.051 0.250 0.095 0.247 0.106 1    
111:  0.079 0.067 0.119 0.072 0.632 0.031 1    
112:  0.053 0.188 0.055 0.090 0.554 0.060 1    
113:  0.200 0.061 0.162 0.173 0.310 0.094 1    
114:  0.135 0.290 0.181 0.158 0.174 0.062 1    
115:  0.089 0.058 0.091 0.106 0.484 0.173 1    
116:  0.150 0.184 0.159 0.298 0.161 0.049 1    
117:  0.300 0.062 0.402 0.102 0.104 0.031 1    
118:  0.068 0.405 0.059 0.116 0.078 0.275 1    
119:  0.259 0.043 0.328 0.146 0.066 0.157 1    
120:  0.223 0.088 0.251 0.284 0.032 0.121 1    
121:  0.254 0.172 0.234 0.257 0.042 0.040 1    
122:  0.214 0.078 0.210 0.207 0.093 0.197 1    
123:  0.073 0.245 0.059 0.079 0.091 0.452 1    
124:  0.194 0.046 0.214 0.153 0.247 0.145 1    
125:  0.067 0.050 0.086 0.220 0.091 0.486 1    
126:  0.280 0.079 0.228 0.154 0.199 0.060 1    
127:  0.425 0.097 0.297 0.064 0.032 0.085 1    
128:  0.072 0.123 0.093 0.134 0.076 0.502 1    
129:  0.284 0.388 0.178 0.087 0.030 0.033 1    
130:  0.079 0.142 0.059 0.090 0.463 0.167 1    
131:  0.425 0.127 0.300 0.051 0.030 0.066 1    
132:  0.142 0.076 0.199 0.399 0.103 0.080 1    
133:  0.202 0.046 0.200 0.403 0.080 0.070 1    
134:  0.080 0.081 0.082 0.164 0.295 0.299 1    
135:  0.151 0.085 0.143 0.089 0.480 0.051 1    
136:  0.073 0.244 0.069 0.102 0.457 0.055 1    
137:  0.082 0.037 0.082 0.270 0.128 0.401 1    
138:  0.233 0.050 0.288 0.124 0.075 0.231 1    
139:  0.067 0.041 0.072 0.088 0.143 0.589 1    
140:  0.066 0.070 0.074 0.117 0.134 0.540 1    
141:  0.232 0.041 0.305 0.157 0.107 0.158 1    
142:  0.085 0.052 0.128 0.128 0.473 0.134 1    
143:  0.075 0.066 0.080 0.546 0.039 0.194 1    
144:  0.192 0.392 0.192 0.133 0.033 0.059 1    
145:  0.141 0.086 0.142 0.199 0.075 0.357 1    
146:  0.085 0.337 0.064 0.146 0.070 0.297 1    
147:  0.088 0.053 0.126 0.137 0.041 0.554 1    
148:  0.102 0.098 0.128 0.099 0.489 0.085 1    
149:  0.252 0.084 0.277 0.141 0.074 0.172 1    
150:  0.281 0.039 0.467 0.103 0.053 0.057 1    
151:  0.065 0.076 0.078 0.294 0.068 0.420 1    
152:  0.119 0.093 0.175 0.197 0.091 0.325 1    
153:  0.036 0.712 0.036 0.102 0.036 0.078 1    
154:  0.139 0.041 0.180 0.202 0.402 0.036 1    
155:  0.075 0.638 0.059 0.087 0.038 0.104 1    
156:  0.093 0.104 0.118 0.308 0.104 0.273 1    
157:  0.240 0.061 0.206 0.143 0.080 0.270 1    
158:  0.096 0.360 0.114 0.195 0.089 0.145 1    
159:  0.105 0.090 0.071 0.129 0.523 0.083 1    
160:  0.081 0.316 0.079 0.159 0.292 0.073 1    
161:  0.239 0.282 0.160 0.213 0.052 0.053 1    
162:  0.136 0.243 0.182 0.161 0.183 0.095 1    
163:  0.116 0.176 0.119 0.252 0.125 0.212 1    
164:  0.270 0.062 0.351 0.105 0.169 0.042 1    
165:  0.220 0.147 0.231 0.200 0.120 0.082 1    
166:  0.094 0.318 0.117 0.209 0.195 0.067 1    
167:  0.123 0.311 0.169 0.264 0.055 0.077 1    
168:  0.126 0.053 0.205 0.086 0.489 0.041 1    
169:  0.058 0.054 0.059 0.106 0.681 0.043 1    
170:  0.277 0.043 0.393 0.103 0.095 0.088 1    
171:  0.063 0.138 0.059 0.082 0.623 0.035 1    
172:  0.368 0.104 0.272 0.102 0.133 0.022 1    
173:  0.152 0.052 0.098 0.117 0.477 0.104 1    
174:  0.058 0.065 0.068 0.097 0.030 0.681 1    
175:  0.233 0.117 0.295 0.229 0.054 0.072 1    
176:  0.089 0.100 0.073 0.095 0.099 0.545 1    
177:  0.279 0.126 0.338 0.144 0.057 0.056 1    
178:  0.134 0.226 0.180 0.242 0.164 0.054 1    
179:  0.128 0.072 0.184 0.121 0.408 0.087 1    
180:  0.094 0.310 0.079 0.208 0.058 0.251 1    
181:  0.090 0.105 0.085 0.281 0.177 0.263 1    
182:  0.295 0.102 0.255 0.139 0.115 0.094 1    
183:  0.415 0.031 0.302 0.085 0.065 0.101 1    
184:  0.121 0.067 0.136 0.448 0.162 0.067 1    
185:  0.196 0.190 0.298 0.130 0.089 0.096 1    
186:  0.146 0.114 0.204 0.171 0.299 0.065 1    
187:  0.115 0.526 0.073 0.152 0.091 0.044 1    
188:  0.301 0.058 0.266 0.082 0.246 0.047 1    
189:  0.046 0.055 0.050 0.154 0.635 0.060 1    
190:  0.293 0.087 0.186 0.091 0.079 0.265 1    
191:  0.162 0.104 0.118 0.262 0.160 0.195 1    
192:  0.204 0.182 0.169 0.119 0.283 0.043 1    
193:  0.079 0.099 0.088 0.093 0.055 0.587 1    
194:  0.121 0.078 0.082 0.150 0.033 0.537 1    
195:  0.095 0.493 0.066 0.093 0.071 0.182 1    
196:  0.312 0.064 0.375 0.110 0.047 0.092 1    
197:  0.364 0.178 0.233 0.075 0.046 0.103 1    
198:  0.281 0.037 0.435 0.124 0.084 0.040 1    
199:  0.223 0.074 0.359 0.177 0.094 0.072 1    
200:  0.055 0.051 0.056 0.072 0.737 0.030 1    
201:  0.107 0.428 0.084 0.213 0.080 0.088 1    
202:  0.214 0.070 0.208 0.215 0.260 0.032 1    
203:  0.146 0.107 0.161 0.269 0.131 0.186 1    
204:  0.089 0.187 0.085 0.162 0.421 0.056 1    
205:  0.134 0.075 0.210 0.138 0.287 0.156 1    
206:  0.076 0.057 0.052 0.064 0.056 0.696 1    
207:  0.074 0.053 0.092 0.088 0.062 0.630 1    
208:  0.107 0.146 0.083 0.180 0.076 0.408 1    
209:  0.294 0.046 0.228 0.121 0.045 0.266 1    
210:  0.196 0.092 0.139 0.088 0.033 0.452 1    
211:  0.081 0.345 0.055 0.140 0.076 0.303 1    
212:  0.116 0.113 0.075 0.082 0.340 0.275 1    
213:  0.470 0.062 0.299 0.054 0.033 0.082 1    
214:  0.070 0.068 0.086 0.128 0.054 0.594 1    
215:  0.165 0.041 0.234 0.125 0.053 0.382 1    
216:  0.252 0.161 0.295 0.191 0.062 0.039 1    
217:  0.118 0.231 0.092 0.148 0.362 0.049 1    
218:  0.145 0.235 0.241 0.234 0.086 0.059 1    
219:  0.294 0.143 0.247 0.181 0.043 0.091 1    
220:  0.091 0.064 0.124 0.182 0.093 0.446 1    
221:  0.308 0.137 0.253 0.179 0.081 0.043 1    
222:  0.057 0.113 0.052 0.089 0.042 0.647 1    
223:  0.264 0.066 0.328 0.113 0.075 0.154 1    
224:  0.243 0.288 0.174 0.110 0.075 0.109 1    
225:  0.071 0.431 0.054 0.113 0.064 0.267 1    
226:  0.270 0.086 0.290 0.176 0.102 0.076 1    
227:  0.227 0.056 0.325 0.162 0.146 0.083 1    
228:  0.378 0.083 0.257 0.111 0.082 0.090 1    
229:  0.094 0.354 0.075 0.166 0.252 0.059 1    
230:  0.097 0.246 0.099 0.266 0.200 0.092 1    
231:  0.202 0.059 0.260 0.253 0.143 0.083 1    
232:  0.099 0.157 0.140 0.413 0.111 0.080 1    
233:  0.174 0.521 0.126 0.074 0.055 0.051 1    
234:  0.393 0.044 0.281 0.112 0.098 0.072 1    
235:  0.316 0.073 0.248 0.150 0.087 0.126 1    
236:  0.301 0.082 0.292 0.177 0.038 0.109 1    
237:  0.185 0.050 0.143 0.065 0.036 0.521 1    
238:  0.254 0.052 0.404 0.097 0.110 0.083 1    
239:  0.126 0.068 0.219 0.097 0.420 0.070 1    
240:  0.108 0.330 0.133 0.225 0.150 0.053 1    
241:  0.291 0.061 0.456 0.077 0.072 0.043 1    
242:  0.226 0.151 0.278 0.157 0.140 0.048 1    
243:  0.191 0.058 0.165 0.080 0.035 0.471 1    
244:  0.253 0.073 0.291 0.127 0.211 0.045 1    
245:  0.285 0.364 0.185 0.077 0.054 0.035 1    
246:  0.084 0.529 0.058 0.083 0.194 0.052 1    
247:  0.078 0.058 0.100 0.093 0.622 0.050 1    
248:  0.378 0.026 0.368 0.070 0.080 0.079 1    
249:  0.118 0.344 0.072 0.186 0.067 0.213 1    
250:  0.064 0.095 0.077 0.133 0.234 0.398 1    
251:  0.271 0.120 0.405 0.093 0.056 0.055 1    
252:  0.078 0.240 0.085 0.155 0.028 0.413 1    
253:  0.219 0.066 0.217 0.117 0.268 0.114 1    
254:  0.082 0.065 0.065 0.093 0.100 0.595 1    
255:  0.117 0.400 0.078 0.084 0.072 0.249 1    
256:  0.458 0.033 0.304 0.082 0.048 0.074 1    
257:  0.114 0.129 0.065 0.275 0.123 0.294 1    
258:  0.285 0.050 0.211 0.123 0.079 0.252 1    
259:  0.110 0.044 0.209 0.099 0.091 0.447 1    
260:  0.061 0.061 0.060 0.063 0.096 0.659 1    
                       
                       
1:    0.189 0.097 0.147 0.171 0.091 0.305 1    
2:    0.325 0.190 0.041 0.148 0.048 0.248 1    
3:    0.321 0.195 0.042 0.147 0.046 0.250 1    
4:    0.170 0.136 0.332 0.209 0.037 0.116 1    
5:    0.065 0.429 0.145 0.074 0.040 0.246 1    
6:    0.083 0.123 0.042 0.057 0.572 0.124 1    
7:    0.335 0.084 0.072 0.396 0.047 0.067 1    
8:    0.101 0.124 0.069 0.070 0.510 0.125 1    
9:    0.089 0.212 0.428 0.096 0.070 0.105 1    
10:   0.235 0.232 0.091 0.103 0.122 0.217 1    
11:   0.069 0.432 0.149 0.075 0.043 0.231 1    
12:   0.067 0.053 0.047 0.060 0.704 0.070 1    
13:   0.051 0.060 0.082 0.063 0.702 0.042 1    
14:   0.100 0.164 0.081 0.085 0.404 0.166 1    
15:   0.046 0.221 0.552 0.072 0.044 0.065 1    
16:   0.143 0.156 0.178 0.155 0.121 0.248 1    
17:   0.349 0.042 0.032 0.453 0.058 0.065 1    
18:   0.084 0.078 0.131 0.089 0.516 0.102 1    
19:   0.102 0.116 0.158 0.095 0.427 0.103 1    
20:   0.309 0.066 0.100 0.416 0.035 0.074 1    
21:   0.229 0.073 0.122 0.301 0.149 0.126 1    
22:   0.305 0.158 0.085 0.195 0.068 0.190 1    
23:   0.062 0.162 0.491 0.096 0.102 0.087 1    
24:   0.199 0.070 0.114 0.197 0.179 0.240 1    
25:   0.155 0.368 0.079 0.074 0.030 0.294 1    
26:   0.074 0.367 0.218 0.086 0.062 0.194 1    
27:   0.104 0.309 0.096 0.098 0.170 0.223 1    
28:   0.098 0.212 0.236 0.127 0.151 0.176 1    
29:   0.192 0.223 0.125 0.122 0.099 0.239 1    
30:   0.250 0.231 0.084 0.119 0.077 0.239 1    
31:   0.221 0.088 0.089 0.260 0.157 0.186 1    
32:   0.176 0.072 0.116 0.171 0.146 0.319 1    
33:   0.270 0.161 0.099 0.281 0.078 0.112 1    
34:   0.134 0.250 0.130 0.114 0.160 0.212 1    
35:   0.243 0.077 0.078 0.210 0.061 0.331 1    
36:   0.101 0.198 0.318 0.107 0.139 0.137 1    
37:   0.323 0.137 0.085 0.166 0.148 0.142 1    
38:   0.094 0.378 0.078 0.096 0.077 0.277 1    
39:   0.069 0.182 0.434 0.091 0.139 0.085 1    
40:   0.129 0.265 0.098 0.083 0.198 0.227 1    
41:   0.042 0.042 0.057 0.042 0.773 0.045 1    
42:   0.144 0.068 0.146 0.151 0.203 0.288 1    
43:   0.292 0.208 0.097 0.180 0.028 0.195 1    
44:   0.272 0.104 0.084 0.219 0.061 0.261 1    
45:   0.355 0.124 0.046 0.259 0.060 0.156 1    
46:   0.086 0.356 0.099 0.090 0.136 0.234 1    
47:   0.207 0.108 0.060 0.115 0.419 0.090 1    
48:   0.264 0.196 0.081 0.122 0.121 0.216 1    
49:   0.075 0.351 0.163 0.091 0.095 0.226 1    
50:   0.067 0.405 0.165 0.094 0.038 0.231 1    
51:   0.300 0.039 0.042 0.358 0.211 0.050 1    
52:   0.064 0.200 0.519 0.086 0.060 0.071 1    
53:   0.176 0.070 0.059 0.156 0.361 0.179 1    
54:   0.246 0.158 0.110 0.156 0.049 0.281 1    
55:   0.095 0.308 0.225 0.111 0.051 0.210 1    
56:   0.121 0.314 0.156 0.122 0.060 0.227 1    
57:   0.277 0.230 0.031 0.119 0.052 0.292 1    
58:   0.330 0.151 0.069 0.222 0.086 0.142 1    
59:   0.076 0.166 0.434 0.113 0.089 0.122 1    
60:   0.154 0.220 0.101 0.120 0.129 0.276 1    
61:   0.129 0.095 0.119 0.134 0.310 0.213 1    
62:   0.065 0.437 0.171 0.072 0.025 0.231 1    
63:   0.227 0.041 0.105 0.203 0.041 0.382 1    
64:   0.094 0.186 0.306 0.125 0.119 0.170 1    
65:   0.104 0.170 0.077 0.087 0.425 0.138 1    
66:   0.055 0.155 0.420 0.084 0.239 0.048 1    
67:   0.088 0.125 0.377 0.116 0.232 0.061 1    
68:   0.121 0.182 0.272 0.172 0.148 0.105 1    
69:   0.270 0.072 0.089 0.364 0.142 0.063 1    
70:   0.057 0.205 0.433 0.093 0.095 0.117 1    
71:   0.252 0.215 0.128 0.124 0.059 0.222 1    
72:   0.066 0.307 0.311 0.087 0.075 0.154 1    
73:   0.095 0.425 0.099 0.099 0.036 0.246 1    
74:   0.228 0.094 0.107 0.228 0.093 0.250 1    
75:   0.060 0.442 0.120 0.066 0.038 0.274 1    
76:   0.322 0.081 0.092 0.414 0.036 0.054 1    
77:   0.262 0.064 0.149 0.402 0.046 0.076 1    
78:   0.055 0.441 0.070 0.050 0.071 0.313 1    
79:   0.048 0.478 0.060 0.043 0.034 0.337 1    
80:   0.050 0.285 0.409 0.091 0.055 0.110 1    
81:   0.118 0.060 0.108 0.122 0.338 0.254 1    
82:   0.109 0.326 0.203 0.098 0.050 0.213 1    
83:   0.047 0.435 0.219 0.056 0.034 0.209 1    
84:   0.246 0.177 0.101 0.121 0.178 0.176 1    
85:   0.070 0.061 0.072 0.061 0.670 0.066 1    
86:   0.205 0.085 0.048 0.171 0.400 0.091 1    
87:   0.060 0.296 0.385 0.082 0.063 0.113 1    
88:   0.230 0.202 0.102 0.135 0.055 0.276 1    
89:   0.133 0.043 0.056 0.119 0.595 0.054 1    
90:   0.212 0.250 0.058 0.084 0.147 0.249 1    
91:   0.097 0.050 0.067 0.104 0.505 0.179 1    
92:   0.323 0.191 0.079 0.185 0.038 0.184 1    
93:   0.254 0.096 0.074 0.243 0.108 0.225 1    
94:   0.220 0.059 0.077 0.212 0.063 0.369 1    
95:   0.107 0.234 0.258 0.129 0.053 0.219 1    
96:   0.082 0.115 0.283 0.120 0.281 0.120 1    
97:   0.039 0.212 0.583 0.073 0.053 0.040 1    
98:   0.145 0.187 0.234 0.130 0.067 0.237 1    
99:   0.249 0.091 0.142 0.332 0.065 0.121 1    
100:  0.149 0.251 0.193 0.191 0.074 0.142 1    
101:  0.091 0.169 0.375 0.122 0.113 0.130 1    
102:  0.088 0.142 0.214 0.113 0.285 0.158 1    
103:  0.097 0.170 0.410 0.098 0.132 0.093 1    
104:  0.156 0.131 0.285 0.212 0.080 0.136 1    
105:  0.065 0.289 0.119 0.086 0.216 0.225 1    
106:  0.047 0.430 0.221 0.059 0.033 0.210 1    
107:  0.036 0.224 0.567 0.069 0.059 0.044 1    
108:  0.086 0.135 0.176 0.108 0.389 0.106 1    
109:  0.289 0.216 0.087 0.211 0.038 0.159 1    
110:  0.204 0.070 0.098 0.283 0.234 0.111 1    
111:  0.087 0.048 0.045 0.079 0.612 0.130 1    
112:  0.066 0.099 0.057 0.051 0.630 0.097 1    
113:  0.188 0.089 0.114 0.205 0.303 0.101 1    
114:  0.261 0.172 0.077 0.127 0.139 0.224 1    
115:  0.071 0.092 0.165 0.096 0.495 0.082 1    
116:  0.216 0.148 0.106 0.160 0.148 0.221 1    
117:  0.230 0.070 0.073 0.234 0.078 0.314 1    
118:  0.096 0.349 0.201 0.074 0.073 0.206 1    
119:  0.222 0.092 0.157 0.296 0.052 0.180 1    
120:  0.231 0.110 0.152 0.270 0.025 0.211 1    
121:  0.261 0.129 0.087 0.250 0.034 0.239 1    
122:  0.219 0.143 0.227 0.216 0.073 0.122 1    
123:  0.071 0.297 0.333 0.075 0.084 0.140 1    
124:  0.172 0.084 0.151 0.209 0.251 0.134 1    
125:  0.063 0.180 0.533 0.091 0.061 0.072 1    
126:  0.249 0.069 0.069 0.337 0.185 0.091 1    
127:  0.336 0.095 0.056 0.414 0.024 0.075 1    
128:  0.071 0.219 0.467 0.093 0.055 0.096 1    
129:  0.245 0.234 0.041 0.271 0.025 0.185 1    
130:  0.061 0.151 0.108 0.072 0.512 0.096 1    
131:  0.330 0.097 0.044 0.413 0.025 0.092 1    
132:  0.197 0.112 0.189 0.168 0.091 0.243 1    
133:  0.242 0.077 0.155 0.273 0.068 0.186 1    
134:  0.087 0.150 0.341 0.084 0.261 0.077 1    
135:  0.163 0.083 0.055 0.111 0.508 0.081 1    
136:  0.073 0.129 0.054 0.063 0.553 0.128 1    
137:  0.069 0.158 0.488 0.114 0.104 0.068 1    
138:  0.210 0.124 0.214 0.216 0.056 0.180 1    
139:  0.046 0.189 0.544 0.080 0.101 0.040 1    
140:  0.055 0.197 0.513 0.082 0.089 0.065 1    
141:  0.194 0.092 0.185 0.219 0.089 0.221 1    
142:  0.074 0.075 0.159 0.080 0.524 0.088 1    
143:  0.125 0.156 0.417 0.148 0.034 0.120 1    
144:  0.200 0.276 0.065 0.184 0.029 0.247 1    
145:  0.120 0.164 0.356 0.163 0.063 0.134 1    
146:  0.057 0.417 0.167 0.079 0.047 0.232 1    
147:  0.084 0.190 0.471 0.108 0.030 0.118 1    
148:  0.131 0.090 0.084 0.086 0.480 0.129 1    
149:  0.199 0.120 0.158 0.254 0.067 0.203 1    
150:  0.229 0.048 0.091 0.220 0.036 0.376 1    
151:  0.062 0.182 0.539 0.094 0.050 0.073 1    
152:  0.118 0.169 0.336 0.138 0.072 0.166 1    
153:  0.042 0.498 0.065 0.036 0.027 0.332 1    
154:  0.107 0.046 0.070 0.118 0.518 0.142 1    
155:  0.152 0.380 0.078 0.073 0.032 0.285 1    
156:  0.107 0.149 0.375 0.131 0.085 0.154 1    
157:  0.213 0.134 0.246 0.253 0.073 0.079 1    
158:  0.191 0.242 0.181 0.103 0.075 0.208 1    
159:  0.077 0.064 0.078 0.072 0.653 0.056 1    
160:  0.180 0.185 0.093 0.088 0.297 0.158 1    
161:  0.223 0.223 0.068 0.258 0.048 0.180 1    
162:  0.141 0.175 0.115 0.129 0.153 0.287 1    
163:  0.110 0.260 0.183 0.127 0.111 0.209 1    
164:  0.233 0.080 0.071 0.200 0.139 0.276 1    
165:  0.271 0.146 0.103 0.197 0.098 0.185 1    
166:  0.171 0.180 0.088 0.105 0.251 0.205 1    
167:  0.228 0.224 0.113 0.134 0.044 0.258 1    
168:  0.116 0.043 0.070 0.116 0.407 0.247 1    
169:  0.044 0.035 0.045 0.049 0.781 0.045 1    
170:  0.213 0.075 0.096 0.224 0.072 0.320 1    
171:  0.070 0.084 0.038 0.051 0.684 0.073 1    
172:  0.318 0.063 0.037 0.353 0.133 0.097 1    
173:  0.110 0.069 0.095 0.126 0.552 0.047 1    
174:  0.047 0.257 0.524 0.075 0.022 0.075 1    
175:  0.282 0.128 0.112 0.212 0.043 0.223 1    
176:  0.063 0.230 0.457 0.087 0.086 0.076 1    
177:  0.265 0.097 0.071 0.268 0.044 0.255 1    
178:  0.194 0.150 0.097 0.141 0.160 0.257 1    
179:  0.180 0.103 0.107 0.113 0.369 0.127 1    
180:  0.069 0.416 0.159 0.085 0.044 0.228 1    
181:  0.094 0.157 0.326 0.127 0.178 0.118 1    
182:  0.257 0.090 0.097 0.314 0.113 0.129 1    
183:  0.334 0.052 0.072 0.452 0.048 0.042 1    
184:  0.180 0.073 0.165 0.195 0.147 0.240 1    
185:  0.189 0.131 0.113 0.162 0.062 0.344 1    
186:  0.148 0.080 0.121 0.151 0.202 0.298 1    
187:  0.112 0.350 0.059 0.103 0.123 0.253 1    
188:  0.237 0.060 0.071 0.260 0.234 0.138 1    
189:  0.039 0.042 0.063 0.050 0.759 0.048 1    
190:  0.225 0.130 0.185 0.307 0.077 0.076 1    
191:  0.145 0.171 0.228 0.178 0.158 0.119 1    
192:  0.188 0.113 0.052 0.165 0.340 0.142 1    
193:  0.056 0.340 0.324 0.090 0.039 0.150 1    
194:  0.091 0.246 0.398 0.154 0.028 0.084 1    
195:  0.146 0.346 0.126 0.089 0.063 0.230 1    
196:  0.244 0.072 0.101 0.296 0.036 0.251 1    
197:  0.297 0.123 0.074 0.375 0.036 0.096 1    
198:  0.217 0.049 0.084 0.236 0.073 0.341 1    
199:  0.233 0.089 0.115 0.180 0.079 0.303 1    
200:  0.042 0.033 0.032 0.043 0.813 0.038 1    
201:  0.149 0.301 0.093 0.113 0.078 0.266 1    
202:  0.204 0.051 0.075 0.196 0.300 0.174 1    
203:  0.138 0.163 0.189 0.172 0.115 0.224 1    
204:  0.130 0.129 0.079 0.088 0.458 0.116 1    
205:  0.126 0.094 0.201 0.151 0.225 0.204 1    
206:  0.054 0.225 0.550 0.082 0.046 0.045 1    
207:  0.051 0.207 0.566 0.084 0.039 0.052 1    
208:  0.104 0.217 0.365 0.133 0.060 0.120 1    
209:  0.248 0.105 0.194 0.361 0.032 0.060 1    
210:  0.160 0.257 0.243 0.209 0.026 0.106 1    
211:  0.059 0.388 0.172 0.083 0.061 0.237 1    
212:  0.074 0.223 0.163 0.097 0.327 0.116 1    
213:  0.365 0.055 0.051 0.462 0.026 0.041 1    
214:  0.052 0.197 0.561 0.085 0.041 0.063 1    
215:  0.137 0.146 0.355 0.171 0.043 0.148 1    
216:  0.356 0.169 0.058 0.177 0.042 0.197 1    
217:  0.108 0.120 0.070 0.102 0.478 0.122 1    
218:  0.190 0.135 0.112 0.153 0.062 0.346 1    
219:  0.277 0.115 0.093 0.333 0.038 0.144 1    
220:  0.089 0.178 0.465 0.102 0.068 0.097 1    
221:  0.294 0.085 0.076 0.339 0.070 0.137 1    
222:  0.040 0.342 0.387 0.072 0.030 0.129 1    
223:  0.207 0.099 0.135 0.251 0.052 0.255 1    
224:  0.220 0.199 0.088 0.231 0.072 0.189 1    
225:  0.054 0.432 0.154 0.067 0.049 0.244 1    
226:  0.248 0.099 0.098 0.272 0.088 0.196 1    
227:  0.198 0.071 0.122 0.206 0.120 0.282 1    
228:  0.313 0.068 0.074 0.414 0.065 0.065 1    
229:  0.096 0.245 0.081 0.089 0.289 0.200 1    
230:  0.136 0.174 0.115 0.109 0.293 0.172 1    
231:  0.223 0.084 0.141 0.212 0.136 0.204 1    
232:  0.146 0.155 0.157 0.134 0.138 0.269 1    
233:  0.289 0.262 0.042 0.123 0.051 0.233 1    
234:  0.339 0.075 0.074 0.370 0.083 0.059 1    
235:  0.273 0.089 0.129 0.345 0.076 0.088 1    
236:  0.280 0.087 0.099 0.402 0.030 0.102 1    
237:  0.144 0.180 0.387 0.209 0.028 0.052 1    
238:  0.195 0.069 0.116 0.204 0.085 0.330 1    
239:  0.130 0.056 0.083 0.126 0.360 0.246 1    
240:  0.222 0.192 0.077 0.120 0.160 0.228 1    
241:  0.249 0.089 0.070 0.215 0.043 0.333 1    
242:  0.254 0.121 0.076 0.182 0.154 0.212 1    
243:  0.163 0.179 0.317 0.234 0.028 0.077 1    
244:  0.311 0.135 0.054 0.166 0.173 0.161 1    
245:  0.257 0.208 0.044 0.261 0.048 0.182 1    
246:  0.084 0.315 0.050 0.066 0.250 0.236 1    
247:  0.067 0.046 0.057 0.074 0.648 0.107 1    
248:  0.279 0.057 0.074 0.405 0.057 0.128 1    
249:  0.088 0.374 0.169 0.098 0.063 0.208 1    
250:  0.070 0.182 0.398 0.080 0.188 0.082 1    
251:  0.294 0.113 0.069 0.201 0.043 0.280 1    
252:  0.085 0.250 0.407 0.093 0.022 0.143 1    
253:  0.204 0.104 0.110 0.187 0.247 0.148 1    
254:  0.062 0.186 0.511 0.094 0.084 0.064 1    
255:  0.084 0.386 0.134 0.093 0.066 0.237 1    
256:  0.358 0.039 0.059 0.472 0.038 0.035 1    
257:  0.089 0.218 0.315 0.137 0.105 0.136 1    
258:  0.229 0.114 0.247 0.286 0.063 0.061 1    
259:  0.091 0.154 0.435 0.123 0.064 0.132 1    
260:  0.047 0.263 0.457 0.078 0.074 0.080 1    
                       
                       
1:    0.092 0.253 0.269 0.045 0.071 0.270 1    
2:    0.023 0.172 0.534 0.049 0.040 0.182 1    
3:    0.022 0.173 0.533 0.047 0.039 0.185 1    
4:    0.399 0.082 0.113 0.232 0.109 0.067 1    
5:    0.086 0.031 0.054 0.051 0.690 0.088 1    
6:    0.024 0.372 0.154 0.032 0.076 0.341 1    
7:    0.063 0.047 0.093 0.704 0.050 0.044 1    
8:    0.053 0.338 0.177 0.044 0.068 0.321 1    
9:    0.555 0.067 0.151 0.032 0.108 0.087 1    
10:   0.067 0.150 0.441 0.031 0.097 0.215 1    
11:   0.098 0.029 0.066 0.054 0.664 0.088 1    
12:   0.032 0.441 0.116 0.027 0.038 0.345 1    
13:   0.085 0.446 0.033 0.049 0.060 0.327 1    
14:   0.042 0.296 0.203 0.034 0.131 0.293 1    
15:   0.752 0.032 0.037 0.030 0.115 0.035 1    
16:   0.155 0.197 0.152 0.100 0.195 0.201 1    
17:   0.017 0.062 0.072 0.771 0.025 0.053 1    
18:   0.118 0.360 0.120 0.035 0.060 0.307 1    
19:   0.154 0.295 0.147 0.050 0.105 0.250 1    
20:   0.069 0.047 0.052 0.700 0.093 0.040 1    
21:   0.089 0.176 0.089 0.455 0.074 0.117 1    
22:   0.053 0.169 0.432 0.128 0.084 0.134 1    
23:   0.643 0.073 0.061 0.033 0.121 0.068 1    
24:   0.070 0.254 0.211 0.162 0.052 0.252 1    
25:   0.050 0.075 0.303 0.030 0.332 0.211 1    
26:   0.173 0.054 0.108 0.051 0.506 0.108 1    
27:   0.064 0.133 0.123 0.103 0.376 0.201 1    
28:   0.197 0.144 0.098 0.071 0.359 0.131 1    
29:   0.051 0.140 0.367 0.047 0.164 0.231 1    
30:   0.054 0.160 0.415 0.040 0.109 0.221 1    
31:   0.048 0.212 0.132 0.344 0.101 0.162 1    
32:   0.047 0.286 0.273 0.027 0.052 0.315 1    
33:   0.104 0.066 0.104 0.506 0.143 0.077 1    
34:   0.095 0.140 0.212 0.089 0.279 0.185 1    
35:   0.026 0.256 0.343 0.068 0.039 0.269 1    
36:   0.381 0.113 0.108 0.070 0.212 0.115 1    
37:   0.021 0.190 0.500 0.083 0.049 0.157 1    
38:   0.031 0.080 0.159 0.074 0.449 0.207 1    
39:   0.565 0.082 0.056 0.043 0.191 0.063 1    
40:   0.083 0.175 0.230 0.047 0.211 0.254 1    
41:   0.034 0.478 0.068 0.024 0.033 0.363 1    
42:   0.059 0.292 0.206 0.049 0.107 0.288 1    
43:   0.077 0.085 0.313 0.240 0.171 0.113 1    
44:   0.056 0.219 0.335 0.138 0.041 0.212 1    
45:   0.023 0.139 0.329 0.356 0.039 0.114 1    
46:   0.067 0.096 0.055 0.093 0.566 0.122 1    
47:   0.042 0.305 0.301 0.089 0.029 0.234 1    
48:   0.030 0.157 0.461 0.052 0.076 0.225 1    
49:   0.090 0.075 0.119 0.045 0.529 0.141 1    
50:   0.048 0.035 0.089 0.036 0.702 0.090 1    
51:   0.032 0.178 0.059 0.603 0.032 0.095 1    
52:   0.683 0.050 0.056 0.042 0.118 0.051 1    
53:   0.036 0.356 0.187 0.125 0.038 0.258 1    
54:   0.081 0.192 0.396 0.036 0.072 0.223 1    
55:   0.237 0.055 0.103 0.089 0.410 0.106 1    
56:   0.079 0.072 0.182 0.067 0.486 0.113 1    
57:   0.014 0.158 0.435 0.080 0.096 0.217 1    
58:   0.040 0.109 0.326 0.334 0.078 0.114 1    
59:   0.559 0.082 0.070 0.051 0.160 0.078 1    
60:   0.045 0.190 0.237 0.056 0.229 0.244 1    
61:   0.071 0.300 0.186 0.072 0.092 0.279 1    
62:   0.124 0.024 0.072 0.042 0.647 0.090 1    
63:   0.039 0.282 0.309 0.021 0.036 0.313 1    
64:   0.318 0.117 0.093 0.058 0.296 0.119 1    
65:   0.063 0.289 0.113 0.103 0.148 0.284 1    
66:   0.651 0.123 0.042 0.042 0.042 0.101 1    
67:   0.460 0.181 0.056 0.078 0.088 0.136 1    
68:   0.346 0.118 0.054 0.191 0.196 0.095 1    
69:   0.074 0.111 0.051 0.618 0.077 0.070 1    
70:   0.518 0.074 0.044 0.047 0.242 0.075 1    
71:   0.041 0.126 0.446 0.043 0.163 0.181 1    
72:   0.335 0.062 0.066 0.052 0.412 0.072 1    
73:   0.036 0.035 0.103 0.110 0.571 0.145 1    
74:   0.047 0.208 0.223 0.232 0.069 0.222 1    
75:   0.083 0.036 0.084 0.025 0.656 0.116 1    
76:   0.086 0.037 0.037 0.737 0.069 0.034 1    
77:   0.078 0.058 0.067 0.635 0.116 0.047 1    
78:   0.046 0.050 0.076 0.032 0.653 0.144 1    
79:   0.043 0.037 0.106 0.025 0.611 0.177 1    
80:   0.476 0.049 0.027 0.050 0.352 0.046 1    
81:   0.060 0.353 0.177 0.028 0.057 0.325 1    
82:   0.216 0.057 0.127 0.079 0.399 0.122 1    
83:   0.244 0.030 0.055 0.039 0.548 0.084 1    
84:   0.062 0.192 0.421 0.033 0.091 0.202 1    
85:   0.049 0.429 0.120 0.028 0.039 0.336 1    
86:   0.019 0.296 0.128 0.256 0.057 0.244 1    
87:   0.439 0.042 0.031 0.056 0.385 0.047 1    
88:   0.070 0.163 0.380 0.038 0.114 0.236 1    
89:   0.026 0.429 0.062 0.151 0.033 0.299 1    
90:   0.040 0.182 0.377 0.019 0.138 0.243 1    
91:   0.039 0.411 0.136 0.019 0.039 0.356 1    
92:   0.047 0.117 0.385 0.206 0.097 0.148 1    
93:   0.040 0.187 0.261 0.259 0.053 0.201 1    
94:   0.020 0.281 0.334 0.054 0.030 0.282 1    
95:   0.236 0.116 0.123 0.062 0.323 0.140 1    
96:   0.410 0.209 0.080 0.058 0.075 0.168 1    
97:   0.841 0.034 0.039 0.023 0.030 0.032 1    
98:   0.216 0.140 0.217 0.048 0.196 0.182 1    
99:   0.143 0.105 0.099 0.485 0.069 0.099 1    
100:  0.224 0.058 0.053 0.266 0.316 0.083 1    
101:  0.496 0.114 0.089 0.046 0.142 0.113 1    
102:  0.230 0.242 0.115 0.054 0.135 0.224 1    
103:  0.549 0.106 0.130 0.034 0.093 0.089 1    
104:  0.361 0.119 0.103 0.234 0.080 0.103 1    
105:  0.078 0.152 0.082 0.034 0.516 0.139 1    
106:  0.241 0.029 0.052 0.041 0.555 0.082 1    
107:  0.796 0.038 0.024 0.037 0.070 0.035 1    
108:  0.198 0.288 0.076 0.092 0.131 0.215 1    
109:  0.069 0.054 0.195 0.340 0.267 0.076 1    
110:  0.083 0.209 0.096 0.418 0.050 0.144 1    
111:  0.019 0.433 0.150 0.022 0.039 0.338 1    
112:  0.047 0.378 0.140 0.026 0.058 0.351 1    
113:  0.079 0.249 0.128 0.259 0.108 0.178 1    
114:  0.045 0.199 0.452 0.029 0.052 0.222 1    
115:  0.183 0.368 0.051 0.065 0.087 0.246 1    
116:  0.032 0.198 0.354 0.081 0.093 0.242 1    
117:  0.019 0.246 0.321 0.130 0.038 0.246 1    
118:  0.228 0.063 0.149 0.048 0.389 0.124 1    
119:  0.151 0.144 0.168 0.364 0.047 0.125 1    
120:  0.096 0.127 0.195 0.302 0.122 0.158 1    
121:  0.023 0.135 0.241 0.296 0.122 0.184 1    
122:  0.252 0.107 0.203 0.252 0.087 0.099 1    
123:  0.432 0.064 0.070 0.059 0.294 0.081 1    
124:  0.136 0.258 0.120 0.232 0.077 0.178 1    
125:  0.689 0.052 0.055 0.029 0.130 0.046 1    
126:  0.042 0.158 0.081 0.534 0.065 0.121 1    
127:  0.044 0.035 0.071 0.751 0.064 0.035 1    
128:  0.659 0.055 0.102 0.032 0.089 0.063 1    
129:  0.017 0.037 0.103 0.490 0.244 0.108 1    
130:  0.105 0.356 0.050 0.048 0.183 0.258 1    
131:  0.032 0.038 0.058 0.728 0.099 0.045 1    
132:  0.095 0.193 0.318 0.059 0.110 0.225 1    
133:  0.074 0.144 0.238 0.328 0.063 0.153 1    
134:  0.443 0.168 0.124 0.045 0.079 0.141 1    
135:  0.044 0.361 0.193 0.106 0.030 0.266 1    
136:  0.034 0.364 0.096 0.049 0.125 0.331 1    
137:  0.606 0.073 0.055 0.064 0.137 0.065 1    
138:  0.226 0.167 0.233 0.179 0.062 0.132 1    
139:  0.806 0.055 0.028 0.032 0.039 0.039 1    
140:  0.735 0.056 0.051 0.033 0.071 0.054 1    
141:  0.177 0.184 0.229 0.177 0.044 0.188 1    
142:  0.203 0.364 0.088 0.026 0.037 0.282 1    
143:  0.437 0.060 0.155 0.085 0.192 0.070 1    
144:  0.037 0.090 0.195 0.241 0.276 0.162 1    
145:  0.438 0.088 0.109 0.140 0.121 0.104 1    
146:  0.103 0.035 0.046 0.052 0.688 0.077 1    
147:  0.610 0.062 0.088 0.040 0.125 0.074 1    
148:  0.076 0.363 0.215 0.027 0.044 0.276 1    
149:  0.144 0.169 0.147 0.290 0.116 0.134 1    
150:  0.039 0.280 0.305 0.052 0.026 0.298 1    
151:  0.684 0.043 0.068 0.038 0.117 0.050 1    
152:  0.406 0.102 0.155 0.070 0.138 0.129 1    
153:  0.045 0.025 0.103 0.021 0.632 0.174 1    
154:  0.022 0.439 0.137 0.056 0.032 0.315 1    
155:  0.066 0.061 0.226 0.050 0.422 0.174 1    
156:  0.418 0.108 0.131 0.041 0.205 0.097 1    
157:  0.293 0.072 0.125 0.384 0.060 0.067 1    
158:  0.199 0.111 0.318 0.043 0.145 0.183 1    
159:  0.060 0.437 0.041 0.078 0.063 0.321 1    
160:  0.073 0.227 0.311 0.047 0.074 0.268 1    
161:  0.027 0.067 0.120 0.415 0.261 0.109 1    
162:  0.062 0.231 0.204 0.056 0.176 0.271 1    
163:  0.140 0.134 0.122 0.069 0.382 0.153 1    
164:  0.029 0.275 0.317 0.101 0.043 0.236 1    
165:  0.067 0.173 0.365 0.161 0.071 0.164 1    
166:  0.049 0.221 0.334 0.036 0.108 0.251 1    
167:  0.053 0.135 0.402 0.039 0.183 0.188 1    
168:  0.028 0.376 0.183 0.018 0.034 0.361 1    
169:  0.025 0.501 0.040 0.034 0.033 0.368 1    
170:  0.056 0.234 0.296 0.133 0.032 0.249 1    
171:  0.021 0.431 0.119 0.033 0.043 0.353 1    
172:  0.014 0.133 0.102 0.594 0.052 0.105 1    
173:  0.074 0.375 0.030 0.162 0.098 0.262 1    
174:  0.705 0.027 0.039 0.030 0.165 0.034 1    
175:  0.061 0.161 0.404 0.136 0.065 0.173 1    
176:  0.671 0.052 0.042 0.061 0.116 0.058 1    
177:  0.034 0.167 0.271 0.281 0.063 0.184 1    
178:  0.037 0.215 0.286 0.062 0.114 0.286 1    
179:  0.110 0.306 0.283 0.027 0.034 0.241 1    
180:  0.123 0.035 0.065 0.059 0.627 0.091 1    
181:  0.338 0.144 0.104 0.078 0.209 0.127 1    
182:  0.067 0.141 0.125 0.478 0.078 0.111 1    
183:  0.061 0.054 0.040 0.779 0.031 0.036 1    
184:  0.069 0.224 0.225 0.112 0.111 0.260 1    
185:  0.063 0.231 0.294 0.044 0.097 0.270 1    
186:  0.041 0.295 0.251 0.040 0.074 0.298 1    
187:  0.023 0.101 0.135 0.108 0.442 0.190 1    
188:  0.034 0.247 0.133 0.357 0.037 0.192 1    
189:  0.038 0.508 0.035 0.021 0.042 0.356 1    
190:  0.185 0.068 0.045 0.506 0.149 0.047 1    
191:  0.237 0.119 0.079 0.221 0.233 0.111 1    
192:  0.026 0.291 0.181 0.187 0.074 0.241 1    
193:  0.343 0.044 0.048 0.047 0.466 0.052 1    
194:  0.493 0.026 0.040 0.179 0.224 0.038 1    
195:  0.120 0.063 0.202 0.072 0.402 0.141 1    
196:  0.058 0.184 0.191 0.341 0.052 0.173 1    
197:  0.068 0.035 0.050 0.670 0.119 0.057 1    
198:  0.027 0.278 0.269 0.130 0.029 0.267 1    
199:  0.063 0.240 0.358 0.025 0.056 0.258 1    
200:  0.017 0.503 0.058 0.026 0.028 0.368 1    
201:  0.050 0.094 0.197 0.065 0.455 0.139 1    
202:  0.022 0.325 0.167 0.187 0.057 0.241 1    
203:  0.126 0.164 0.134 0.139 0.273 0.165 1    
204:  0.039 0.316 0.200 0.052 0.101 0.291 1    
205:  0.211 0.257 0.180 0.047 0.065 0.240 1    
206:  0.734 0.030 0.022 0.069 0.113 0.032 1    
207:  0.818 0.034 0.044 0.029 0.038 0.036 1    
208:  0.411 0.056 0.102 0.106 0.256 0.069 1    
209:  0.194 0.036 0.054 0.600 0.080 0.035 1    
210:  0.264 0.036 0.046 0.315 0.297 0.043 1    
211:  0.122 0.044 0.044 0.053 0.655 0.080 1    
212:  0.164 0.213 0.028 0.082 0.369 0.145 1    
213:  0.039 0.022 0.026 0.847 0.043 0.024 1    
214:  0.780 0.035 0.040 0.035 0.073 0.036 1    
215:  0.476 0.113 0.128 0.125 0.066 0.092 1    
216:  0.021 0.164 0.554 0.070 0.048 0.142 1    
217:  0.035 0.374 0.088 0.093 0.107 0.303 1    
218:  0.036 0.220 0.300 0.027 0.112 0.305 1    
219:  0.056 0.075 0.117 0.524 0.150 0.077 1    
220:  0.637 0.069 0.103 0.040 0.081 0.070 1    
221:  0.029 0.108 0.151 0.532 0.070 0.110 1    
222:  0.427 0.026 0.028 0.034 0.447 0.037 1    
223:  0.087 0.174 0.164 0.280 0.117 0.177 1    
224:  0.059 0.099 0.142 0.326 0.274 0.098 1    
225:  0.116 0.034 0.050 0.043 0.660 0.096 1    
226:  0.053 0.166 0.260 0.293 0.050 0.178 1    
227:  0.079 0.253 0.253 0.112 0.054 0.249 1    
228:  0.055 0.051 0.058 0.717 0.068 0.051 1    
229:  0.039 0.226 0.136 0.082 0.257 0.259 1    
230:  0.068 0.250 0.227 0.059 0.154 0.244 1    
231:  0.089 0.233 0.252 0.169 0.061 0.196 1    
232:  0.057 0.231 0.220 0.047 0.212 0.233 1    
233:  0.024 0.099 0.397 0.134 0.182 0.164 1    
234:  0.052 0.093 0.127 0.632 0.040 0.056 1    
235:  0.129 0.078 0.109 0.559 0.052 0.073 1    
236:  0.073 0.056 0.103 0.642 0.066 0.061 1    
237:  0.529 0.032 0.050 0.313 0.045 0.031 1    
238:  0.088 0.275 0.260 0.079 0.028 0.270 1    
239:  0.060 0.362 0.183 0.022 0.043 0.330 1    
240:  0.034 0.180 0.404 0.048 0.095 0.239 1    
241:  0.029 0.269 0.385 0.036 0.027 0.254 1    
242:  0.035 0.226 0.346 0.140 0.062 0.191 1    
243:  0.428 0.045 0.071 0.337 0.076 0.043 1    
244:  0.028 0.221 0.468 0.083 0.031 0.170 1    
245:  0.022 0.059 0.114 0.481 0.223 0.102 1    
246:  0.033 0.175 0.102 0.068 0.378 0.244 1    
247:  0.034 0.453 0.087 0.035 0.039 0.352 1    
248:  0.052 0.111 0.108 0.608 0.030 0.092 1    
249:  0.141 0.046 0.082 0.110 0.513 0.108 1    
250:  0.548 0.126 0.092 0.028 0.103 0.104 1    
251:  0.041 0.211 0.408 0.091 0.036 0.213 1    
252:  0.538 0.040 0.107 0.059 0.175 0.081 1    
253:  0.097 0.242 0.244 0.173 0.064 0.180 1    
254:  0.694 0.051 0.034 0.061 0.116 0.045 1    
255:  0.126 0.044 0.055 0.099 0.571 0.104 1    
256:  0.044 0.033 0.026 0.837 0.034 0.027 1    
257:  0.281 0.070 0.049 0.108 0.430 0.063 1    
258:  0.286 0.059 0.063 0.477 0.069 0.046 1    
259:  0.651 0.090 0.086 0.030 0.054 0.089 1    
260:  0.630 0.048 0.027 0.048 0.202 0.045 1    
