           1  1 0.0136 0.4194 0.1127 0.4542 
           2  1 0.7526 0.0952 0.0532 0.0990 
           3  1 0.4991 0.1588 0.1671 0.1751 
           4  1 0.8920 0.0368 0.0350 0.0361 
           5  1 0.7847 0.0931 0.0346 0.0875 
           6  1 0.8769 0.0418 0.0373 0.0440 
           7  1 0.8632 0.0471 0.0393 0.0504 
           8  1 0.8352 0.0610 0.0452 0.0585 
           9  1 0.9181 0.0276 0.0265 0.0279 
          10  1 0.1926 0.2501 0.2810 0.2764 
          11  1 0.9219 0.0267 0.0244 0.0271 
          12  1 0.7411 0.0948 0.0665 0.0976 
          13  1 0.9205 0.0279 0.0249 0.0267 
          14  1 0.3203 0.2167 0.2331 0.2300 
          15  1 0.8300 0.0547 0.0561 0.0592 
          16  1 0.3070 0.2476 0.2124 0.2330 
          17  1 0.8159 0.0650 0.0523 0.0668 
          18  1 0.6347 0.1338 0.1124 0.1191 
          19  1 0.6800 0.1179 0.1034 0.0988 
          20  1 0.8189 0.0618 0.0532 0.0661 
          21  1 0.7515 0.0985 0.0521 0.0979 
          22  1 0.2503 0.2489 0.2504 0.2504 
          23  1 0.7139 0.1223 0.0469 0.1169 
          24  1 0.8041 0.0749 0.0449 0.0761 
          25  1 0.3640 0.2521 0.1315 0.2524 
          26  1 0.7258 0.0854 0.0924 0.0964 
          27  1 0.6658 0.1226 0.0939 0.1176 
          28  1 0.2119 0.2596 0.2628 0.2657 
          29  1 0.7854 0.0796 0.0567 0.0782 
          30  1 0.8230 0.0682 0.0350 0.0737 
          31  1 0.9284 0.0243 0.0228 0.0246 
          32  1 0.6854 0.1190 0.0766 0.1189 
          33  1 0.6988 0.1091 0.0819 0.1102 
          34  1 0.7862 0.0844 0.0531 0.0763 
          35  1 0.5161 0.1690 0.1494 0.1655 
          36  1 0.3992 0.2179 0.1670 0.2160 
          37  1 0.2641 0.2399 0.2556 0.2404 
          38  1 0.0929 0.2942 0.3185 0.2944 
          39  1 0.9049 0.0328 0.0285 0.0338 
          40  1 0.8560 0.0494 0.0403 0.0544 
          41  1 0.5374 0.1619 0.1491 0.1516 
          42  1 0.8471 0.0521 0.0489 0.0519 
          43  1 0.2460 0.3184 0.1130 0.3227 
          44  1 0.7547 0.0813 0.0833 0.0808 
          45  1 0.6809 0.1326 0.0532 0.1332 
          46  1 0.4168 0.1843 0.2035 0.1953 
          47  1 0.3112 0.2135 0.2479 0.2275 
          48  1 0.5921 0.1697 0.0672 0.1710 
          49  1 0.1396 0.2570 0.3172 0.2862 
          50  1 0.1688 0.2617 0.3096 0.2599 
          51  1 0.0533 0.2694 0.3893 0.2880 
          52  1 0.0407 0.3553 0.2720 0.3320 
          53  1 0.0731 0.3153 0.3236 0.2879 
          54  1 0.0417 0.2851 0.3590 0.3143 
          55  1 0.1752 0.2453 0.2947 0.2848 
          56  1 0.0145 0.3542 0.3280 0.3032 
          57  1 0.0464 0.2676 0.3863 0.2996 
          58  1 0.1124 0.2950 0.2999 0.2928 
          59  1 0.1161 0.2795 0.3118 0.2925 
          60  1 0.0386 0.2747 0.3355 0.3513 
          61  1 0.0547 0.2977 0.3493 0.2982 
          62  1 0.1935 0.2522 0.2710 0.2832 
          63  1 0.1676 0.3018 0.2066 0.3240 
          64  1 0.0479 0.2969 0.3557 0.2995 
          65  1 0.0417 0.3336 0.3108 0.3140 
          66  1 0.1916 0.2731 0.2786 0.2566 
          67  1 0.0574 0.2823 0.3529 0.3075 
          68  1 0.0219 0.2853 0.3572 0.3356 
          69  1 0.0314 0.2863 0.4028 0.2794 
          70  1 0.0191 0.2736 0.4004 0.3068 
          71  1 0.2045 0.2602 0.2725 0.2628 
          72  1 0.0237 0.2848 0.3937 0.2978 
          73  1 0.0269 0.2999 0.3947 0.2784 
          74  1 0.0446 0.3002 0.3495 0.3056 
          75  1 0.0499 0.3001 0.3412 0.3088 
          76  1 0.0205 0.2797 0.4158 0.2839 
          77  1 0.0455 0.3312 0.3140 0.3093 
          78  1 0.0288 0.3646 0.2722 0.3343 
          79  1 0.0327 0.2893 0.4065 0.2715 
          80  1 0.0588 0.3526 0.2698 0.3188 
          81  1 0.0428 0.2978 0.3614 0.2980 
          82  1 0.1345 0.2832 0.2703 0.3120 
          83  1 0.0285 0.3124 0.3258 0.3333 
          84  1 0.0411 0.3315 0.3182 0.3092 
          85  1 0.5094 0.1734 0.1602 0.1570 
          86  1 0.4778 0.1834 0.1632 0.1756 
          87  1 0.2864 0.2466 0.2446 0.2225 
          88  1 0.0395 0.3220 0.3474 0.2911 
          89  1 0.0475 0.2907 0.3452 0.3166 
          90  1 0.0513 0.2901 0.3828 0.2759 
          91  1 0.1036 0.2795 0.2869 0.3301 
          92  1 0.2338 0.2757 0.2294 0.2611 
          93  1 0.0400 0.2914 0.3634 0.3052 
          94  1 0.4426 0.1845 0.1958 0.1771 
          95  1 0.0417 0.2823 0.3810 0.2951 
          96  1 0.0636 0.2985 0.3510 0.2869 
          97  1 0.2180 0.2363 0.2761 0.2696 
          98  1 0.2458 0.2530 0.2474 0.2538 
          99  1 0.1222 0.2845 0.2522 0.3411 
         100  1 0.6381 0.1250 0.1128 0.1242 
         101  1 0.1292 0.2703 0.2936 0.3069 
         102  1 0.0382 0.3574 0.3177 0.2866 
         103  1 0.0719 0.2954 0.3350 0.2977 
         104  1 0.0351 0.3148 0.3244 0.3258 
         105  1 0.1951 0.2784 0.2722 0.2543 
         106  1 0.2459 0.2801 0.2056 0.2684 
         107  1 0.7097 0.0922 0.1000 0.0981 
         108  1 0.0375 0.3284 0.3265 0.3076 
         109  1 0.3217 0.2525 0.1889 0.2368 
         110  1 0.0302 0.3174 0.2976 0.3548 
         111  1 0.0615 0.2741 0.3618 0.3026 
         112  1 0.0548 0.3109 0.3521 0.2822 
         113  1 0.0610 0.2916 0.3342 0.3132 
         114  1 0.4421 0.1986 0.1477 0.2116 
         115  1 0.0616 0.3020 0.3183 0.3181 
         116  1 0.0370 0.2877 0.3849 0.2904 
         117  1 0.0767 0.2831 0.3518 0.2884 
         118  1 0.1274 0.2926 0.2544 0.3256 
         119  1 0.0871 0.3150 0.2780 0.3199 
         120  1 0.0192 0.3087 0.3672 0.3049 
         121  1 0.0900 0.3427 0.2688 0.2985 
         122  1 0.0314 0.3409 0.2710 0.3568 
         123  1 0.0790 0.2914 0.3562 0.2734 
         124  1 0.2043 0.2742 0.2283 0.2931 
         125  1 0.0685 0.3017 0.3303 0.2995 
         126  1 0.2736 0.2269 0.2626 0.2369 
         127  1 0.2169 0.2637 0.2720 0.2474 
         128  1 0.0346 0.3393 0.3199 0.3061 
         129  1 0.0380 0.3309 0.3480 0.2830 
         130  1 0.0397 0.3100 0.3551 0.2953 
         131  1 0.0385 0.3375 0.2666 0.3575 
         132  1 0.1301 0.3257 0.2263 0.3179 
         133  1 0.1778 0.2749 0.2938 0.2535 
         134  1 0.0739 0.3365 0.2727 0.3169 
         135  1 0.0572 0.2956 0.3523 0.2950 
         136  1 0.0712 0.2893 0.3514 0.2881 
         137  1 0.0875 0.3171 0.2958 0.2996 
         138  1 0.1115 0.2795 0.3331 0.2759 
         139  1 0.0652 0.2811 0.3771 0.2766 
         140  1 0.1658 0.2648 0.3123 0.2571 
         141  1 0.2251 0.2467 0.2756 0.2527 
         142  1 0.0703 0.3394 0.2304 0.3598 
         143  1 0.0188 0.3160 0.3026 0.3625 
         144  1 0.0333 0.3331 0.3159 0.3177 
         145  1 0.3946 0.2021 0.2019 0.2013 
         146  1 0.1268 0.2926 0.2922 0.2885 
         147  1 0.1032 0.2960 0.2834 0.3174 
         148  1 0.0359 0.3096 0.3547 0.2997 
         149  1 0.1048 0.2774 0.3130 0.3048 
         150  1 0.0530 0.3030 0.3543 0.2897 
         151  1 0.3255 0.2339 0.2308 0.2099 
         152  1 0.0718 0.2955 0.3365 0.2963 
         153  1 0.5695 0.1553 0.1165 0.1588 
         154  1 0.0648 0.3188 0.2924 0.3240 
         155  1 0.1477 0.2729 0.3194 0.2601 
         156  1 0.0380 0.2906 0.3875 0.2839 
         157  1 0.0217 0.3249 0.3431 0.3102 
         158  1 0.1288 0.3033 0.2932 0.2747 
         159  1 0.0683 0.3325 0.2922 0.3070 
         160  1 0.0304 0.3066 0.3695 0.2936 
         161  1 0.0254 0.2904 0.3732 0.3110 
         162  1 0.1205 0.2765 0.3276 0.2754 
         163  1 0.0280 0.3079 0.3821 0.2820 
         164  1 0.0636 0.3071 0.2976 0.3318 
         165  1 0.0357 0.2908 0.3736 0.3000 
         166  1 0.0293 0.2931 0.3968 0.2807 
         167  1 0.0330 0.2999 0.3193 0.3478 
         168  1 0.0341 0.2925 0.3589 0.3144 
         169  1 0.0305 0.2994 0.3703 0.2997 
         170  1 0.0657 0.2950 0.3442 0.2950 
         171  1 0.0303 0.3020 0.3741 0.2936 
         172  1 0.0412 0.3317 0.3201 0.3070 
         173  1 0.0372 0.2892 0.3691 0.3044 
         174  1 0.0410 0.3319 0.3317 0.2953 
         175  1 0.0285 0.3383 0.3463 0.2868 
         176  1 0.0370 0.3169 0.3193 0.3268 
         177  1 0.0788 0.2846 0.3294 0.3073 
         178  1 0.0506 0.3698 0.2498 0.3298 
         179  1 0.0767 0.2717 0.3615 0.2901 
         180  1 0.0409 0.2752 0.3970 0.2869 
         181  1 0.1487 0.2644 0.2973 0.2896 
         182  1 0.3298 0.2279 0.2196 0.2227 
         183  1 0.0493 0.3275 0.3169 0.3063 
         184  1 0.0905 0.2907 0.3334 0.2854 
         185  1 0.0414 0.3347 0.3422 0.2817 
         186  1 0.1388 0.2929 0.2637 0.3046 
         187  1 0.0219 0.2870 0.4168 0.2743 
         188  1 0.0662 0.3391 0.3049 0.2898 
         189  1 0.1445 0.2841 0.2987 0.2727 
         190  1 0.1380 0.2686 0.3005 0.2929 
         191  1 0.0377 0.2823 0.3907 0.2893 
         192  1 0.0834 0.2799 0.3381 0.2986 
         193  1 0.1351 0.2867 0.3053 0.2728 
         194  1 0.5524 0.1315 0.1550 0.1611 
         195  1 0.0524 0.3541 0.2260 0.3676 
         196  1 0.0967 0.2680 0.3293 0.3059 
         197  1 0.2813 0.2243 0.2620 0.2324 
         198  1 0.0990 0.2931 0.3231 0.2848 
         199  1 0.1884 0.2470 0.2941 0.2705 
         200  1 0.2724 0.2577 0.2271 0.2428 
         201  1 0.0389 0.3248 0.2957 0.3406 
         202  1 0.1403 0.2951 0.2888 0.2758 
         203  1 0.0598 0.3002 0.3508 0.2892 
         204  1 0.1523 0.3404 0.1724 0.3349 
         205  1 0.1634 0.2592 0.3085 0.2688 
         206  1 0.0495 0.2969 0.3526 0.3011 
         207  1 0.1037 0.2983 0.3125 0.2856 
         208  1 0.0256 0.3042 0.3588 0.3114 
         209  1 0.3704 0.2160 0.2146 0.1991 
         210  1 0.1237 0.3230 0.2531 0.3002 
         211  1 0.0470 0.3139 0.3303 0.3088 
         212  1 0.0472 0.2776 0.3703 0.3049 
         213  1 0.6388 0.1348 0.0998 0.1266 
         214  1 0.0522 0.2974 0.3513 0.2991 
         215  1 0.1540 0.2653 0.3086 0.2722 
         216  1 0.1342 0.3000 0.2686 0.2972 
         217  1 0.1931 0.3058 0.2060 0.2952 
         218  1 0.2902 0.2326 0.2417 0.2356 
         219  1 0.4419 0.1739 0.2016 0.1826 
         220  1 0.0446 0.3008 0.3526 0.3020 
         221  1 0.1477 0.2989 0.2875 0.2659 
         222  1 0.0445 0.2979 0.3623 0.2953 
         223  1 0.1478 0.2706 0.2984 0.2832 
         224  1 0.0551 0.3054 0.3531 0.2865 
         225  1 0.4475 0.1875 0.1911 0.1739 
         226  1 0.0389 0.3736 0.2295 0.3581 
