

----------------------------------------------------
STRUCTURE by Pritchard, Stephens and Donnelly (2000)
     and Falush, Stephens and Pritchard (2003)
       Code by Pritchard, Falush and Hubisz
             Version 2.3.4 (Jul 2012)
----------------------------------------------------



Command line arguments:   /usr/local/bin/structure -m parameter_job_T9_1 
Input File:    /home/martin/bottleneck/structure_analysis/structure_4/data_job_T9_1

Run parameters:
   226 individuals
   7 loci
   9 populations assumed
   10000 Burn-in period
   100000 Reps


--------------------------------------------
Proportion of membership of each pre-defined
 population in each of the 9 clusters

Given    Inferred Clusters                                                 Number of
 Pop       1      2      3      4      5      6      7      8      9      Individuals

  1:     0.110  0.109  0.111  0.120  0.111  0.110  0.109  0.110  0.110      226
--------------------------------------------

Allele-freq. divergence among pops (Net nucleotide distance),
computed using point estimates of P.

      1       2       3       4       5       6       7       8       9      
 1      -    0.0002  0.0003  0.0759  0.0002  0.0001  0.0001  0.0002  0.0002  
 2   0.0002     -    0.0008  0.0717  0.0007  0.0002  0.0001  0.0007  0.0004  
 3   0.0003  0.0008     -    0.0810  0.0001  0.0003  0.0006  0.0001  0.0001  
 4   0.0759  0.0717  0.0810     -    0.0799  0.0753  0.0737  0.0806  0.0773  
 5   0.0002  0.0007  0.0001  0.0799     -    0.0002  0.0004  0.0001  0.0001  
 6   0.0001  0.0002  0.0003  0.0753  0.0002     -    0.0001  0.0003  0.0001  
 7   0.0001  0.0001  0.0006  0.0737  0.0004  0.0001     -    0.0005  0.0003  
 8   0.0002  0.0007  0.0001  0.0806  0.0001  0.0003  0.0005     -    0.0001  
 9   0.0002  0.0004  0.0001  0.0773  0.0001  0.0001  0.0003  0.0001     -    

Average distances (expected heterozygosity) between individuals in same cluster:
cluster  1  : 0.7972 
cluster  2  : 0.8048 
cluster  3  : 0.7862 
cluster  4  : 0.7516 
cluster  5  : 0.7881 
cluster  6  : 0.7973 
cluster  7  : 0.8010 
cluster  8  : 0.7871 
cluster  9  : 0.7916 

--------------------------------------------
Estimated Ln Prob of Data   = -5297.4
Mean value of ln likelihood = -4246.5
Variance of ln likelihood   = 2101.8
Mean value of alpha         = 0.0974

Mean value of Fst_1         = 0.0608
Mean value of Fst_2         = 0.0352
Mean value of Fst_3         = 0.0886
Mean value of Fst_4         = 0.1868
Mean value of Fst_5         = 0.0821
Mean value of Fst_6         = 0.0585
Mean value of Fst_7         = 0.0424
Mean value of Fst_8         = 0.0825
Mean value of Fst_9         = 0.0697


Inferred ancestry of individuals:
        Label (%Miss) Pop:  Inferred clusters
  1        1   (14)    1 :  0.150 0.203 0.084 0.010 0.066 0.152 0.157 0.073 0.105 
  2        2   (14)    1 :  0.048 0.051 0.037 0.653 0.037 0.046 0.050 0.036 0.042 
  3        3   (71)    1 :  0.096 0.098 0.095 0.233 0.096 0.098 0.093 0.095 0.097 
  4        4    (0)    1 :  0.029 0.029 0.028 0.773 0.027 0.028 0.029 0.029 0.028 
  5        5    (0)    1 :  0.078 0.103 0.068 0.402 0.059 0.077 0.089 0.054 0.071 
  6        6   (28)    1 :  0.031 0.033 0.029 0.752 0.031 0.033 0.032 0.029 0.030 
  7        7   (28)    1 :  0.053 0.059 0.051 0.586 0.048 0.055 0.050 0.047 0.051 
  8        8   (28)    1 :  0.062 0.068 0.059 0.494 0.064 0.063 0.063 0.060 0.068 
  9        9    (0)    1 :  0.028 0.028 0.028 0.780 0.027 0.027 0.028 0.028 0.026 
 10       10   (42)    1 :  0.108 0.115 0.117 0.114 0.108 0.109 0.108 0.106 0.115 
 11       11    (0)    1 :  0.025 0.025 0.025 0.797 0.024 0.028 0.026 0.026 0.025 
 12       12    (0)    1 :  0.086 0.094 0.087 0.284 0.081 0.089 0.094 0.089 0.095 
 13       13    (0)    1 :  0.024 0.024 0.023 0.814 0.023 0.023 0.024 0.022 0.024 
 14       14   (71)    1 :  0.113 0.111 0.121 0.088 0.114 0.118 0.105 0.114 0.115 
 15       15    (0)    1 :  0.048 0.043 0.046 0.636 0.048 0.042 0.041 0.047 0.048 
 16       16   (42)    1 :  0.110 0.112 0.117 0.085 0.114 0.111 0.119 0.113 0.119 
 17       17   (42)    1 :  0.077 0.084 0.082 0.327 0.087 0.087 0.088 0.074 0.094 
 18       18    (0)    1 :  0.092 0.091 0.107 0.161 0.115 0.111 0.104 0.098 0.121 
 19       19   (14)    1 :  0.068 0.073 0.071 0.433 0.072 0.077 0.070 0.066 0.070 
 20       20   (14)    1 :  0.072 0.082 0.072 0.409 0.068 0.072 0.074 0.074 0.076 
 21       21   (28)    1 :  0.086 0.094 0.079 0.356 0.067 0.080 0.091 0.073 0.074 
 22       22   (100)    1 :  0.111 0.112 0.111 0.112 0.111 0.111 0.110 0.110 0.111 
 23       23   (14)    1 :  0.076 0.093 0.062 0.437 0.054 0.075 0.087 0.055 0.061 
 24       24   (28)    1 :  0.049 0.055 0.044 0.619 0.042 0.050 0.054 0.042 0.046 
 25       25   (71)    1 :  0.113 0.138 0.099 0.133 0.090 0.110 0.125 0.092 0.101 
 26       26   (28)    1 :  0.081 0.080 0.084 0.353 0.079 0.082 0.077 0.084 0.079 
 27       27   (28)    1 :  0.067 0.077 0.058 0.462 0.062 0.068 0.075 0.061 0.070 
 28       28   (42)    1 :  0.127 0.115 0.118 0.066 0.113 0.117 0.117 0.116 0.112 
 29       29   (85)    1 :  0.048 0.050 0.048 0.622 0.045 0.047 0.050 0.045 0.045 
 30       30    (0)    1 :  0.057 0.066 0.051 0.547 0.054 0.063 0.061 0.050 0.051 
 31       31    (0)    1 :  0.020 0.022 0.021 0.836 0.020 0.021 0.021 0.019 0.019 
 32       32    (0)    1 :  0.079 0.085 0.070 0.387 0.068 0.079 0.086 0.072 0.074 
 33       33   (85)    1 :  0.068 0.073 0.063 0.470 0.062 0.068 0.068 0.062 0.066 
 34       34    (0)    1 :  0.084 0.088 0.081 0.353 0.076 0.082 0.082 0.076 0.078 
 35       35   (85)    1 :  0.095 0.099 0.096 0.229 0.096 0.099 0.099 0.094 0.094 
 36       36   (85)    1 :  0.106 0.116 0.113 0.097 0.111 0.114 0.115 0.108 0.121 
 37       37   (85)    1 :  0.114 0.112 0.114 0.105 0.108 0.116 0.111 0.109 0.111 
 38       38   (71)    1 :  0.117 0.110 0.119 0.049 0.126 0.120 0.118 0.119 0.122 
 39       39   (28)    1 :  0.043 0.043 0.039 0.663 0.042 0.043 0.043 0.039 0.045 
 40       40   (14)    1 :  0.044 0.047 0.040 0.658 0.040 0.044 0.046 0.041 0.041 
 41       41   (28)    1 :  0.103 0.111 0.109 0.133 0.102 0.112 0.108 0.107 0.113 
 42       42    (0)    1 :  0.063 0.069 0.066 0.476 0.061 0.063 0.068 0.068 0.066 
 43       43   (71)    1 :  0.125 0.153 0.093 0.089 0.087 0.124 0.132 0.091 0.105 
 44       44   (42)    1 :  0.056 0.055 0.053 0.576 0.047 0.053 0.051 0.055 0.054 
 45       45   (71)    1 :  0.074 0.091 0.068 0.423 0.060 0.078 0.081 0.057 0.068 
 46       46   (28)    1 :  0.108 0.110 0.101 0.168 0.104 0.107 0.103 0.099 0.099 
 47       47   (42)    1 :  0.110 0.113 0.112 0.120 0.102 0.115 0.108 0.116 0.105 
 48       48   (42)    1 :  0.090 0.109 0.077 0.287 0.075 0.092 0.101 0.081 0.087 
 49       49    (0)    1 :  0.117 0.121 0.140 0.041 0.117 0.122 0.092 0.130 0.119 
 50       50    (0)    1 :  0.110 0.108 0.138 0.049 0.119 0.121 0.107 0.131 0.117 
 51       51    (0)    1 :  0.132 0.119 0.133 0.024 0.136 0.116 0.085 0.145 0.111 
 52       52    (0)    1 :  0.118 0.131 0.117 0.019 0.127 0.121 0.130 0.112 0.125 
 53       53    (0)    1 :  0.117 0.119 0.123 0.042 0.126 0.114 0.115 0.121 0.123 
 54       54   (14)    1 :  0.130 0.108 0.124 0.025 0.130 0.112 0.113 0.137 0.121 
 55       55    (0)    1 :  0.113 0.117 0.106 0.093 0.116 0.115 0.115 0.109 0.117 
 56       56    (0)    1 :  0.123 0.106 0.114 0.011 0.131 0.115 0.137 0.138 0.126 
 57       57    (0)    1 :  0.134 0.126 0.125 0.024 0.131 0.106 0.101 0.145 0.108 
 58       58   (14)    1 :  0.122 0.131 0.111 0.063 0.110 0.117 0.131 0.107 0.107 
 59       59   (14)    1 :  0.117 0.102 0.133 0.052 0.123 0.113 0.107 0.126 0.127 
 60       60    (0)    1 :  0.136 0.120 0.120 0.024 0.126 0.118 0.122 0.122 0.111 
 61       61   (14)    1 :  0.135 0.119 0.129 0.024 0.115 0.121 0.122 0.116 0.119 
 62       62   (14)    1 :  0.124 0.127 0.106 0.053 0.114 0.119 0.130 0.107 0.120 
 63       63    (0)    1 :  0.119 0.124 0.103 0.113 0.100 0.112 0.127 0.103 0.100 
 64       64    (0)    1 :  0.127 0.126 0.129 0.020 0.122 0.123 0.121 0.116 0.117 
 65       65   (14)    1 :  0.120 0.123 0.114 0.030 0.130 0.117 0.130 0.120 0.115 
 66       66    (0)    1 :  0.110 0.113 0.121 0.050 0.116 0.127 0.121 0.118 0.124 
 67       67    (0)    1 :  0.120 0.123 0.127 0.030 0.113 0.121 0.123 0.123 0.120 
 68       68    (0)    1 :  0.134 0.109 0.128 0.012 0.139 0.117 0.119 0.115 0.128 
 69       69    (0)    1 :  0.122 0.103 0.135 0.016 0.133 0.138 0.097 0.142 0.114 
 70       70    (0)    1 :  0.151 0.118 0.120 0.015 0.148 0.112 0.111 0.121 0.105 
 71       71    (0)    1 :  0.114 0.108 0.116 0.082 0.113 0.113 0.108 0.117 0.129 
 72       72    (0)    1 :  0.129 0.102 0.130 0.016 0.135 0.124 0.108 0.137 0.120 
 73       73    (0)    1 :  0.130 0.104 0.133 0.016 0.133 0.132 0.121 0.121 0.109 
 74       74    (0)    1 :  0.125 0.116 0.123 0.029 0.128 0.113 0.110 0.132 0.124 
 75       75    (0)    1 :  0.119 0.121 0.123 0.027 0.128 0.116 0.119 0.119 0.128 
 76       76    (0)    1 :  0.136 0.116 0.123 0.014 0.139 0.116 0.110 0.136 0.110 
 77       77    (0)    1 :  0.123 0.125 0.124 0.018 0.124 0.125 0.124 0.113 0.124 
 78       78    (0)    1 :  0.135 0.134 0.104 0.017 0.121 0.122 0.136 0.123 0.108 
 79       79   (14)    1 :  0.119 0.106 0.133 0.024 0.139 0.130 0.112 0.132 0.104 
 80       80   (28)    1 :  0.127 0.136 0.112 0.022 0.109 0.120 0.127 0.118 0.129 
 81       81   (28)    1 :  0.129 0.126 0.110 0.026 0.127 0.125 0.122 0.119 0.115 
 82       82   (28)    1 :  0.115 0.118 0.122 0.067 0.114 0.115 0.121 0.114 0.115 
 83       83   (28)    1 :  0.126 0.128 0.122 0.020 0.117 0.119 0.123 0.121 0.125 
 84       84   (28)    1 :  0.120 0.124 0.132 0.020 0.120 0.120 0.126 0.116 0.122 
 85       85   (14)    1 :  0.102 0.108 0.106 0.170 0.103 0.106 0.103 0.100 0.101 
 86       86   (28)    1 :  0.094 0.095 0.090 0.238 0.098 0.090 0.100 0.093 0.103 
 87       87   (14)    1 :  0.099 0.093 0.128 0.069 0.134 0.110 0.103 0.126 0.139 
 88       88   (28)    1 :  0.113 0.092 0.124 0.033 0.142 0.108 0.124 0.136 0.128 
 89       89    (0)    1 :  0.129 0.115 0.119 0.025 0.130 0.116 0.114 0.130 0.122 
 90       90    (0)    1 :  0.120 0.116 0.132 0.024 0.123 0.125 0.118 0.126 0.115 
 91       91    (0)    1 :  0.126 0.132 0.113 0.045 0.113 0.113 0.128 0.120 0.109 
 92       92   (14)    1 :  0.112 0.123 0.117 0.048 0.115 0.127 0.115 0.120 0.123 
 93       93    (0)    1 :  0.125 0.123 0.130 0.026 0.111 0.117 0.128 0.124 0.116 
 94       94   (14)    1 :  0.106 0.109 0.110 0.124 0.115 0.119 0.100 0.110 0.108 
 95       95    (0)    1 :  0.108 0.115 0.118 0.023 0.133 0.134 0.124 0.121 0.124 
 96       96    (0)    1 :  0.102 0.075 0.142 0.024 0.154 0.104 0.103 0.147 0.149 
 97       97    (0)    1 :  0.113 0.102 0.126 0.136 0.109 0.100 0.086 0.130 0.096 
 98       98   (14)    1 :  0.110 0.110 0.116 0.074 0.125 0.118 0.102 0.115 0.130 
 99       99   (14)    1 :  0.122 0.123 0.116 0.046 0.109 0.124 0.130 0.108 0.123 
100      100    (0)    1 :  0.107 0.105 0.112 0.140 0.109 0.110 0.102 0.106 0.109 
101      101   (14)    1 :  0.122 0.117 0.109 0.062 0.113 0.121 0.131 0.112 0.113 
102      102    (0)    1 :  0.121 0.116 0.118 0.016 0.126 0.123 0.127 0.126 0.127 
103      103    (0)    1 :  0.119 0.112 0.116 0.049 0.134 0.109 0.116 0.129 0.117 
104      104   (14)    1 :  0.127 0.128 0.121 0.022 0.122 0.129 0.129 0.107 0.115 
105      105    (0)    1 :  0.118 0.113 0.100 0.098 0.119 0.117 0.121 0.109 0.105 
106      106    (0)    1 :  0.115 0.130 0.104 0.064 0.109 0.121 0.130 0.107 0.121 
107      107   (14)    1 :  0.091 0.097 0.095 0.269 0.089 0.091 0.089 0.091 0.088 
108      108    (0)    1 :  0.112 0.094 0.139 0.016 0.148 0.114 0.100 0.141 0.136 
109      109   (14)    1 :  0.105 0.119 0.120 0.056 0.113 0.127 0.123 0.107 0.129 
110      110    (0)    1 :  0.129 0.137 0.121 0.016 0.110 0.122 0.132 0.115 0.119 
111      111    (0)    1 :  0.119 0.118 0.124 0.043 0.117 0.116 0.118 0.125 0.118 
112      112    (0)    1 :  0.122 0.121 0.116 0.029 0.123 0.128 0.121 0.114 0.126 
113      113    (0)    1 :  0.108 0.088 0.132 0.036 0.137 0.115 0.103 0.133 0.146 
114      114    (0)    1 :  0.109 0.117 0.120 0.099 0.105 0.116 0.117 0.109 0.107 
115      115    (0)    1 :  0.116 0.111 0.131 0.020 0.116 0.130 0.135 0.123 0.119 
116      116   (28)    1 :  0.124 0.119 0.122 0.022 0.124 0.129 0.115 0.128 0.116 
117      117   (14)    1 :  0.118 0.112 0.127 0.039 0.118 0.122 0.116 0.124 0.125 
118      118   (28)    1 :  0.115 0.132 0.112 0.043 0.111 0.128 0.130 0.109 0.119 
119      119   (14)    1 :  0.124 0.119 0.119 0.033 0.121 0.122 0.128 0.112 0.122 
120      120   (14)    1 :  0.114 0.077 0.146 0.011 0.156 0.104 0.094 0.154 0.142 
121      121   (14)    1 :  0.120 0.135 0.108 0.030 0.124 0.118 0.134 0.105 0.126 
122      122   (14)    1 :  0.129 0.132 0.123 0.017 0.112 0.125 0.135 0.108 0.119 
123      123   (14)    1 :  0.125 0.109 0.122 0.043 0.123 0.128 0.117 0.120 0.114 
124      124   (14)    1 :  0.125 0.129 0.107 0.085 0.100 0.117 0.122 0.112 0.104 
125      125   (14)    1 :  0.115 0.107 0.134 0.030 0.132 0.112 0.108 0.131 0.130 
126      126   (28)    1 :  0.111 0.122 0.117 0.070 0.113 0.120 0.110 0.124 0.113 
127      127   (57)    1 :  0.103 0.093 0.132 0.056 0.137 0.108 0.105 0.127 0.139 
128      128   (28)    1 :  0.118 0.113 0.115 0.020 0.127 0.113 0.121 0.136 0.137 
129      129   (14)    1 :  0.119 0.117 0.119 0.018 0.125 0.126 0.128 0.123 0.126 
130      130   (14)    1 :  0.113 0.100 0.135 0.017 0.139 0.115 0.110 0.132 0.139 
131      131   (14)    1 :  0.131 0.134 0.109 0.024 0.120 0.128 0.135 0.107 0.112 
132      132   (28)    1 :  0.127 0.137 0.115 0.035 0.114 0.124 0.126 0.113 0.110 
133      133   (42)    1 :  0.125 0.108 0.113 0.077 0.117 0.117 0.116 0.112 0.115 
134      134   (28)    1 :  0.129 0.139 0.108 0.027 0.113 0.131 0.130 0.107 0.117 
135      135   (42)    1 :  0.119 0.103 0.132 0.028 0.131 0.118 0.107 0.135 0.127 
136      136   (42)    1 :  0.121 0.111 0.132 0.034 0.118 0.133 0.120 0.118 0.114 
137      137   (57)    1 :  0.128 0.134 0.119 0.037 0.110 0.124 0.113 0.118 0.117 
138      138   (42)    1 :  0.117 0.121 0.125 0.044 0.114 0.123 0.112 0.125 0.119 
139      139   (42)    1 :  0.119 0.120 0.127 0.041 0.116 0.128 0.121 0.120 0.107 
140      140   (57)    1 :  0.116 0.114 0.118 0.091 0.107 0.122 0.116 0.116 0.100 
141      141   (42)    1 :  0.114 0.118 0.119 0.060 0.115 0.119 0.108 0.125 0.122 
142      142   (14)    1 :  0.123 0.132 0.109 0.023 0.111 0.133 0.138 0.109 0.122 
143      143   (14)    1 :  0.126 0.132 0.118 0.011 0.115 0.125 0.140 0.114 0.119 
144      144   (14)    1 :  0.123 0.130 0.126 0.019 0.118 0.127 0.133 0.110 0.115 
145      145   (14)    1 :  0.110 0.114 0.108 0.091 0.121 0.126 0.108 0.105 0.116 
146      146   (14)    1 :  0.121 0.103 0.121 0.045 0.130 0.114 0.121 0.116 0.128 
147      147   (28)    1 :  0.115 0.129 0.120 0.037 0.120 0.131 0.113 0.113 0.122 
148      148   (14)    1 :  0.124 0.116 0.113 0.021 0.134 0.121 0.134 0.118 0.119 
149      149   (28)    1 :  0.119 0.111 0.124 0.045 0.117 0.111 0.120 0.128 0.125 
150      150   (14)    1 :  0.112 0.098 0.134 0.029 0.137 0.115 0.121 0.128 0.126 
151      151   (14)    1 :  0.099 0.092 0.109 0.141 0.121 0.099 0.102 0.117 0.120 
152      152   (14)    1 :  0.118 0.104 0.121 0.036 0.126 0.113 0.111 0.145 0.127 
153      153   (14)    1 :  0.105 0.108 0.098 0.166 0.098 0.102 0.111 0.101 0.112 
154      154   (28)    1 :  0.142 0.125 0.121 0.027 0.121 0.115 0.130 0.112 0.108 
155      155   (14)    1 :  0.114 0.116 0.117 0.052 0.132 0.129 0.113 0.119 0.108 
156      156   (14)    1 :  0.120 0.121 0.129 0.017 0.126 0.126 0.115 0.126 0.120 
157      157   (28)    1 :  0.127 0.123 0.124 0.014 0.121 0.112 0.127 0.129 0.123 
158      158   (28)    1 :  0.118 0.110 0.131 0.033 0.122 0.120 0.120 0.121 0.125 
159      159   (14)    1 :  0.117 0.126 0.117 0.023 0.122 0.120 0.128 0.123 0.124 
160      160   (14)    1 :  0.120 0.124 0.132 0.016 0.123 0.123 0.125 0.116 0.120 
161      161   (14)    1 :  0.119 0.107 0.134 0.016 0.134 0.121 0.108 0.141 0.120 
162      162   (28)    1 :  0.104 0.109 0.125 0.037 0.128 0.128 0.109 0.131 0.129 
163      163   (14)    1 :  0.115 0.115 0.136 0.018 0.126 0.126 0.126 0.118 0.119 
164      164   (14)    1 :  0.115 0.118 0.122 0.031 0.116 0.116 0.137 0.118 0.127 
165      165   (14)    1 :  0.123 0.124 0.119 0.019 0.133 0.128 0.115 0.120 0.119 
166      166   (14)    1 :  0.129 0.108 0.130 0.019 0.139 0.131 0.121 0.114 0.108 
167      167   (14)    1 :  0.121 0.127 0.112 0.018 0.116 0.132 0.127 0.124 0.123 
168      168   (14)    1 :  0.133 0.128 0.114 0.020 0.116 0.124 0.128 0.118 0.119 
169      169   (14)    1 :  0.101 0.090 0.136 0.016 0.151 0.119 0.101 0.144 0.140 
170      170   (14)    1 :  0.111 0.097 0.132 0.028 0.134 0.117 0.103 0.141 0.137 
171      171   (14)    1 :  0.114 0.118 0.135 0.018 0.123 0.125 0.119 0.126 0.123 
172      172   (14)    1 :  0.122 0.118 0.122 0.024 0.122 0.106 0.138 0.126 0.122 
173      173   (14)    1 :  0.123 0.120 0.128 0.024 0.122 0.124 0.126 0.115 0.117 
174      174   (14)    1 :  0.124 0.115 0.117 0.023 0.124 0.128 0.123 0.126 0.120 
175      175   (28)    1 :  0.121 0.114 0.117 0.018 0.128 0.110 0.132 0.133 0.126 
176      176   (14)    1 :  0.123 0.123 0.126 0.019 0.123 0.121 0.128 0.110 0.127 
177      177   (28)    1 :  0.121 0.112 0.121 0.038 0.126 0.108 0.114 0.134 0.126 
178      178   (42)    1 :  0.128 0.126 0.116 0.024 0.115 0.117 0.137 0.110 0.127 
179      179   (14)    1 :  0.130 0.129 0.123 0.037 0.126 0.110 0.111 0.130 0.104 
180      180   (14)    1 :  0.132 0.119 0.135 0.021 0.128 0.116 0.099 0.141 0.110 
181      181   (14)    1 :  0.131 0.119 0.125 0.052 0.123 0.119 0.098 0.121 0.112 
182      182   (28)    1 :  0.115 0.112 0.118 0.099 0.107 0.116 0.106 0.114 0.113 
183      183   (14)    1 :  0.113 0.122 0.127 0.021 0.117 0.120 0.118 0.128 0.134 
184      184   (14)    1 :  0.121 0.108 0.124 0.035 0.121 0.121 0.117 0.130 0.122 
185      185   (28)    1 :  0.123 0.105 0.122 0.025 0.136 0.108 0.127 0.133 0.121 
186      186   (28)    1 :  0.118 0.133 0.115 0.042 0.114 0.123 0.121 0.114 0.120 
187      187   (14)    1 :  0.133 0.107 0.130 0.015 0.137 0.125 0.121 0.119 0.113 
188      188   (14)    1 :  0.118 0.117 0.127 0.026 0.119 0.122 0.120 0.126 0.125 
189      189   (28)    1 :  0.118 0.118 0.138 0.028 0.117 0.117 0.116 0.128 0.121 
190      190   (28)    1 :  0.112 0.119 0.122 0.054 0.118 0.121 0.116 0.117 0.120 
191      191   (14)    1 :  0.135 0.125 0.121 0.023 0.142 0.107 0.102 0.134 0.110 
192      192   (14)    1 :  0.133 0.121 0.125 0.053 0.116 0.112 0.104 0.130 0.106 
193      193   (28)    1 :  0.110 0.122 0.119 0.033 0.129 0.130 0.117 0.116 0.124 
194      194   (28)    1 :  0.086 0.092 0.094 0.296 0.082 0.088 0.089 0.089 0.084 
195      195   (14)    1 :  0.130 0.135 0.117 0.019 0.109 0.129 0.131 0.111 0.119 
196      196   (14)    1 :  0.129 0.114 0.115 0.053 0.126 0.112 0.108 0.131 0.114 
197      197   (14)    1 :  0.104 0.114 0.108 0.093 0.120 0.117 0.109 0.115 0.121 
198      198   (28)    1 :  0.126 0.118 0.126 0.037 0.124 0.116 0.120 0.121 0.112 
199      199   (28)    1 :  0.119 0.108 0.120 0.085 0.112 0.113 0.107 0.124 0.112 
200      200   (14)    1 :  0.113 0.114 0.123 0.058 0.116 0.120 0.111 0.122 0.123 
201      201   (14)    1 :  0.135 0.127 0.114 0.024 0.124 0.114 0.125 0.122 0.115 
202      202   (14)    1 :  0.120 0.114 0.134 0.029 0.115 0.123 0.118 0.125 0.122 
203      203   (14)    1 :  0.125 0.119 0.119 0.028 0.116 0.122 0.122 0.127 0.123 
204      204   (14)    1 :  0.124 0.146 0.116 0.027 0.107 0.122 0.138 0.102 0.119 
205      205   (42)    1 :  0.131 0.124 0.121 0.041 0.121 0.117 0.113 0.116 0.116 
206      206   (28)    1 :  0.128 0.112 0.124 0.022 0.126 0.117 0.121 0.121 0.128 
207      207   (57)    1 :  0.111 0.101 0.134 0.035 0.135 0.109 0.111 0.127 0.136 
208      208   (42)    1 :  0.128 0.106 0.123 0.017 0.136 0.125 0.131 0.122 0.112 
209      209   (28)    1 :  0.106 0.100 0.125 0.094 0.121 0.112 0.100 0.122 0.120 
210      210   (42)    1 :  0.125 0.126 0.113 0.053 0.108 0.119 0.117 0.121 0.117 
211      211   (42)    1 :  0.126 0.119 0.114 0.023 0.121 0.126 0.130 0.118 0.123 
212      212   (28)    1 :  0.129 0.128 0.119 0.023 0.132 0.120 0.114 0.127 0.109 
213      213   (42)    1 :  0.101 0.112 0.112 0.132 0.105 0.114 0.110 0.102 0.111 
214      214   (42)    1 :  0.109 0.079 0.141 0.022 0.147 0.111 0.102 0.145 0.145 
215      215   (57)    1 :  0.115 0.109 0.115 0.080 0.121 0.108 0.113 0.124 0.116 
216      216   (28)    1 :  0.111 0.124 0.126 0.027 0.117 0.126 0.127 0.123 0.121 
217      217   (28)    1 :  0.115 0.124 0.109 0.104 0.104 0.113 0.113 0.104 0.113 
218      218   (42)    1 :  0.105 0.110 0.110 0.117 0.114 0.105 0.113 0.114 0.112 
219      219   (71)    1 :  0.101 0.096 0.101 0.191 0.104 0.101 0.101 0.104 0.100 
220      220   (57)    1 :  0.121 0.112 0.129 0.021 0.130 0.119 0.110 0.136 0.122 
221      221   (28)    1 :  0.118 0.118 0.115 0.051 0.125 0.120 0.123 0.110 0.120 
222      222   (42)    1 :  0.114 0.111 0.126 0.023 0.133 0.122 0.113 0.132 0.125 
223      223   (42)    1 :  0.119 0.113 0.117 0.069 0.118 0.118 0.119 0.115 0.113 
224      224   (28)    1 :  0.132 0.112 0.109 0.032 0.128 0.123 0.113 0.127 0.124 
225      225   (57)    1 :  0.098 0.100 0.096 0.209 0.106 0.096 0.101 0.096 0.098 
226      226   (28)    1 :  0.122 0.146 0.110 0.016 0.104 0.140 0.144 0.106 0.113 


Estimated Allele Frequencies in each cluster
First column gives estimated ancestral frequencies


Locus 1 : 
12 alleles
6.6% missing data
 156   (0.072) 0.064 0.067 0.059 0.021 0.064 0.064 0.072 0.063 0.065 
 158   (0.195) 0.189 0.190 0.180 0.265 0.183 0.186 0.189 0.187 0.185 
 160   (0.157) 0.150 0.153 0.147 0.374 0.146 0.156 0.152 0.143 0.148 
 148   (0.011) 0.007 0.008 0.005 0.014 0.005 0.006 0.007 0.005 0.006 
 154   (0.255) 0.291 0.278 0.327 0.105 0.312 0.291 0.282 0.312 0.314 
 146   (0.116) 0.117 0.118 0.114 0.178 0.120 0.119 0.117 0.116 0.114 
 162   (0.011) 0.007 0.008 0.005 0.009 0.005 0.007 0.008 0.005 0.006 
 166   (0.089) 0.097 0.092 0.092 0.020 0.093 0.092 0.089 0.096 0.084 
 164   (0.044) 0.039 0.041 0.035 0.008 0.037 0.039 0.039 0.036 0.038 
 168   (0.032) 0.028 0.029 0.026 0.004 0.026 0.027 0.030 0.027 0.029 
 150   (0.012) 0.007 0.009 0.006 0.001 0.006 0.008 0.008 0.006 0.007 
 152   (0.008) 0.005 0.006 0.004 0.001 0.004 0.005 0.006 0.004 0.004 

Locus 2 : 
11 alleles
25.2% missing data
 224   (0.025) 0.018 0.021 0.016 0.017 0.016 0.018 0.020 0.015 0.017 
 238   (0.261) 0.298 0.278 0.322 0.133 0.325 0.301 0.294 0.321 0.306 
 232   (0.009) 0.006 0.007 0.005 0.010 0.004 0.006 0.006 0.004 0.005 
 242   (0.042) 0.045 0.041 0.038 0.018 0.039 0.037 0.037 0.041 0.036 
 230   (0.142) 0.132 0.137 0.122 0.263 0.131 0.131 0.137 0.126 0.131 
 228   (0.105) 0.108 0.108 0.104 0.182 0.099 0.100 0.104 0.103 0.104 
 234   (0.121) 0.121 0.123 0.125 0.159 0.120 0.126 0.120 0.127 0.127 
 240   (0.071) 0.060 0.065 0.060 0.117 0.058 0.064 0.066 0.057 0.063 
 236   (0.199) 0.197 0.202 0.195 0.073 0.196 0.200 0.197 0.194 0.197 
 226   (0.011) 0.007 0.008 0.006 0.026 0.005 0.007 0.008 0.005 0.006 
 244   (0.014) 0.009 0.011 0.008 0.003 0.007 0.009 0.010 0.008 0.008 

Locus 3 : 
9 alleles
13.7% missing data
 151   (0.093) 0.082 0.088 0.076 0.375 0.075 0.080 0.082 0.079 0.077 
 155   (0.102) 0.096 0.100 0.090 0.057 0.094 0.098 0.098 0.091 0.095 
 153   (0.094) 0.096 0.096 0.102 0.351 0.104 0.098 0.097 0.100 0.106 
 149   (0.203) 0.192 0.197 0.186 0.105 0.181 0.189 0.197 0.185 0.191 
 157   (0.292) 0.334 0.314 0.351 0.076 0.345 0.331 0.315 0.349 0.333 
 165   (0.051) 0.046 0.049 0.045 0.013 0.045 0.048 0.049 0.046 0.046 
 159   (0.063) 0.057 0.059 0.057 0.008 0.058 0.056 0.062 0.056 0.059 
 161   (0.086) 0.086 0.084 0.083 0.013 0.089 0.088 0.088 0.085 0.084 
 163   (0.015) 0.011 0.013 0.010 0.003 0.009 0.011 0.012 0.010 0.010 

Locus 4 : 
11 alleles
39.8% missing data
 120   (0.021) 0.014 0.017 0.012 0.002 0.012 0.015 0.016 0.012 0.013 
 134   (0.219) 0.214 0.217 0.210 0.294 0.213 0.217 0.221 0.212 0.214 
 138   (0.024) 0.016 0.020 0.014 0.219 0.013 0.016 0.018 0.013 0.015 
 126   (0.151) 0.149 0.152 0.144 0.238 0.143 0.148 0.145 0.144 0.147 
 136   (0.126) 0.126 0.127 0.131 0.081 0.125 0.131 0.124 0.128 0.123 
 128   (0.068) 0.058 0.063 0.055 0.050 0.057 0.059 0.063 0.056 0.060 
 130   (0.090) 0.091 0.089 0.086 0.028 0.089 0.087 0.087 0.088 0.086 
 124   (0.026) 0.021 0.023 0.019 0.029 0.019 0.021 0.023 0.018 0.021 
 132   (0.248) 0.292 0.270 0.314 0.055 0.314 0.287 0.283 0.312 0.304 
 122   (0.011) 0.007 0.009 0.006 0.002 0.006 0.007 0.008 0.006 0.007 
 118   (0.016) 0.012 0.014 0.011 0.002 0.011 0.012 0.013 0.010 0.011 

Locus 5 : 
12 alleles
29.2% missing data
 156   (0.014) 0.009 0.011 0.007 0.002 0.007 0.009 0.010 0.006 0.008 
 166   (0.331) 0.349 0.338 0.355 0.254 0.352 0.341 0.349 0.358 0.348 
 170   (0.020) 0.013 0.016 0.011 0.219 0.011 0.014 0.015 0.011 0.012 
 164   (0.068) 0.060 0.067 0.061 0.047 0.061 0.065 0.065 0.058 0.066 
 168   (0.153) 0.154 0.155 0.156 0.299 0.162 0.160 0.155 0.155 0.167 
 174   (0.013) 0.008 0.009 0.006 0.054 0.005 0.008 0.009 0.005 0.006 
 178   (0.145) 0.152 0.150 0.150 0.022 0.148 0.145 0.151 0.148 0.149 
 176   (0.135) 0.149 0.144 0.153 0.071 0.151 0.153 0.136 0.159 0.146 
 180   (0.079) 0.078 0.077 0.076 0.019 0.079 0.077 0.078 0.075 0.072 
 162   (0.014) 0.009 0.011 0.008 0.008 0.007 0.009 0.010 0.007 0.008 
 160   (0.010) 0.006 0.008 0.005 0.004 0.005 0.006 0.007 0.005 0.005 
 172   (0.018) 0.014 0.015 0.012 0.002 0.012 0.013 0.015 0.012 0.013 

Locus 6 : 
11 alleles
15.5% missing data
 166   (0.009) 0.005 0.006 0.004 0.001 0.003 0.005 0.006 0.003 0.004 
 168   (0.009) 0.005 0.006 0.004 0.001 0.004 0.005 0.006 0.003 0.004 
 180   (0.021) 0.015 0.018 0.013 0.270 0.012 0.015 0.015 0.013 0.013 
 182   (0.063) 0.057 0.062 0.060 0.018 0.057 0.061 0.063 0.056 0.058 
 190   (0.155) 0.164 0.159 0.164 0.084 0.159 0.154 0.152 0.170 0.159 
 188   (0.145) 0.143 0.140 0.131 0.078 0.141 0.142 0.146 0.132 0.137 
 184   (0.182) 0.175 0.177 0.174 0.375 0.178 0.175 0.180 0.177 0.180 
 186   (0.367) 0.400 0.391 0.419 0.156 0.415 0.406 0.392 0.413 0.410 
 176   (0.009) 0.005 0.006 0.004 0.009 0.004 0.005 0.006 0.004 0.004 
 178   (0.012) 0.008 0.010 0.007 0.001 0.007 0.008 0.010 0.007 0.008 
 192   (0.028) 0.022 0.025 0.020 0.005 0.020 0.024 0.024 0.020 0.022 

Locus 7 : 
9 alleles
22.1% missing data
 166   (0.010) 0.006 0.007 0.004 0.001 0.004 0.006 0.006 0.004 0.005 
 172   (0.388) 0.416 0.408 0.439 0.153 0.436 0.418 0.420 0.443 0.436 
 170   (0.138) 0.130 0.134 0.126 0.550 0.126 0.131 0.130 0.124 0.129 
 176   (0.120) 0.133 0.124 0.120 0.052 0.124 0.119 0.117 0.130 0.119 
 174   (0.219) 0.207 0.215 0.210 0.190 0.209 0.217 0.215 0.202 0.209 
 178   (0.087) 0.083 0.083 0.079 0.029 0.081 0.084 0.083 0.077 0.079 
 168   (0.016) 0.010 0.013 0.009 0.021 0.008 0.010 0.012 0.008 0.009 
 196   (0.009) 0.006 0.007 0.005 0.001 0.004 0.006 0.007 0.005 0.005 
 180   (0.013) 0.009 0.010 0.008 0.003 0.007 0.009 0.010 0.007 0.008 

Values of parameters used in structure:
DATAFILE=/home/martin/bottleneck/structure_analysis/structure_4/data_job_T9_1,	OUTFILE=/home/martin/bottleneck/structure_analysis/structure_4/structure_results/south_american_fur_seal/results_job_T9_1,	NUMINDS=226,	NUMLOCI=7,	MISSING=-9,	LABEL=1,	POPDATA=1,	POPFLAG=0,	PHENOTYPE=0,	EXTRACOLS=0,	MAXPOPS=9,	BURNIN=10000,	NUMREPS=100000,	USEPOPINFO=0,	INFERALPHA=1,	INFERLAMBDA=0,	POPSPECIFICLAMBDA=0,	POPALPHAS=0,	COMPUTEPROB=1,	NOADMIX=0,	ADMBURNIN=2500,	UPDATEFREQ=1,	PRINTLIKES=0,	INTERMEDSAVE=0,	PRINTKLD=0,	PRINTNET=0,	PRINTLAMBDA=0,	ANCESTDIST=0,	NUMBOXES=1000,	ANCESTPINT=0.90000,	GENSBACK=2,	MIGRPRIOR=0.05000,	PRINTQHAT=1,	PRINTQSUM=0,	ALPHA=1.0000,	FREQSCORR=1,	FPRIORMEAN=0.0100,	FPRIORSD=0.0500,	ONEFST=0,	LAMBDA=1.0000,	UNIFPRIORALPHA=1,	ALPHAMAX=10.0000,	ALPHAPRIORA=1.0000,	ALPHAPRIORB=2.0000,	ALPHAPROPSD=0.0250,	STARTATPOPINFO=0,	RANDOMIZE=1,	LINKAGE=0,	METROFREQ=10,	REPORTHITRATE=0,	MARKOVPHASE=-1,	PHASED=0,	PLOIDY=2,	PHASEINFO=0	LOCPRIOR=0, 	LOCPRIORINIT=1.000000, 	LOCDATA=0, 	LOCISPOP=0, 	LOCPRIORSTEP=0.100000, 	MAXLOCPRIOR=20.000000, 	SEED=1470452810,	
[STRAT parameters]:    NUMSIMSTATS=1000,	PHENOTYPECOL=-9,	POOLFREQ=10,	LOCUSxONLY=0,	EMERROR=0.00100,	MISSINGPHENO=-9,	