		HG4.2a	HG6.1a	HG6.3a	HG8.1a	HG8.9a	HGDIIa	HL16a	HL20a	HL8a	LW7a	PV9a	PVC26a	PVC78a
1215	1	160	135	216	168	186	133	133	108	104	156	162	108	132
1215	1	160	135	222	164	192	133	133	110	116	156	168	108	134
1216	1	148	135	224	170	186	133	135	108	102	156	162	108	132
1216	1	152	135	224	186	186	135	137	112	104	156	168	108	146
1217	1	150	135	222	170	200	133	133	108	112	156	168	108	132
1217	1	164	135	226	192	202	133	135	112	116	172	168	110	132
1218	1	148	135	220	186	190	133	133	102	102	156	162	108	144
1218	1	174	147	220	196	202	145	135	104	104	174	162	110	146
1219	1	148	135	230	168	194	135	131	102	106	156	168	108	132
1219	1	160	135	232	164	200	135	135	112	106	168	168	112	132
1220	1	148	135	230	170	192	131	135	106	104	156	160	108	136
1220	1	148	135	230	188	196	137	135	108	104	160	168	110	146
1221	1	148	135	224	170	190	145	135	106	102	156	162	108	132
1221	1	150	135	236	186	190	145	135	108	106	158	168	108	132
1222	1	148	135	224	170	186	141	133	106	102	156	168	108	132
1222	1	152	135	232	186	202	145	135	112	102	170	168	110	144
1223	1	150	135	222	172	188	133	131	108	106	156	170	110	122
1223	1	158	147	224	178	200	141	133	116	114	156	172	110	122
1224	1	148	135	224	164	190	135	133	106	106	168	162	108	132
1224	1	148	147	238	174	200	135	133	108	106	174	164	108	136
1225	1	150	135	222	176	186	135	133	-9	104	158	168	108	132
1225	1	150	135	228	188	192	135	135	-9	110	172	168	108	148
1226	1	148	135	218	176	188	121	135	106	102	156	166	108	134
1226	1	150	147	236	178	200	133	135	112	120	156	168	108	152
1227	1	148	135	222	176	186	121	131	98	98	156	168	108	122
1227	1	154	155	232	188	200	133	133	116	106	172	168	108	132
1228	1	148	135	220	180	192	131	133	108	102	160	168	110	132
1228	1	158	137	230	190	204	145	135	108	112	160	168	112	148
1229	1	148	135	216	168	198	135	129	108	104	156	168	108	132
1229	1	174	135	224	176	200	135	135	110	112	156	168	110	134
1230	1	148	135	224	178	186	135	133	108	104	160	160	108	132
1230	1	150	135	224	188	186	137	133	122	110	174	162	108	134
1231	1	148	135	222	164	196	135	135	106	106	156	160	108	146
1231	1	154	135	222	188	202	139	135	114	112	160	164	108	148
1232	1	148	135	222	170	188	133	133	104	104	160	162	108	132
1232	1	150	135	226	188	200	143	141	104	106	168	166	108	132
1233	1	148	135	222	164	188	135	133	108	100	156	162	108	136
1233	1	158	135	228	174	206	137	135	108	106	156	170	110	142
1234	1	158	135	220	170	204	131	133	106	102	156	162	108	132
1234	1	160	137	222	162	206	143	135	108	104	160	162	108	134
1235	1	148	135	222	164	192	135	133	106	106	156	162	108	132
1235	1	148	147	222	188	204	145	135	112	110	168	168	108	132
1236	1	160	135	224	170	188	133	135	100	106	160	166	108	132
1236	1	166	147	230	172	204	133	135	108	108	168	168	108	136
1237	1	148	135	220	170	202	135	135	104	104	156	166	108	132
1237	1	162	135	228	186	202	141	135	108	110	168	168	108	144
1238	1	148	135	224	168	186	133	133	104	106	158	168	108	146
1238	1	152	135	230	186	204	143	135	110	106	168	172	110	150
1239	1	150	147	224	164	192	133	135	102	102	156	162	108	132
1239	1	162	147	230	172	206	141	135	106	106	156	168	114	132
1240	1	148	135	224	168	188	131	133	108	106	158	162	108	144
1240	1	160	147	232	170	198	135	135	112	108	174	168	112	148
1241	1	148	135	224	164	188	133	137	106	104	156	168	108	132
1241	1	166	147	236	186	196	135	137	108	114	162	168	110	136
1242	1	148	135	220	170	186	135	135	102	106	156	162	108	146
1242	1	148	135	226	180	188	139	135	108	106	156	168	110	152
1243	1	158	135	222	170	198	133	133	106	104	156	172	108	132
1243	1	160	135	224	182	200	135	135	110	112	160	172	108	148
1244	1	148	135	222	172	188	131	133	106	110	156	160	108	132
1244	1	150	147	230	194	198	135	137	108	110	176	168	108	134
1245	1	148	135	224	168	188	133	131	106	102	156	168	108	132
1245	1	150	147	224	188	202	141	133	112	102	156	168	108	134
1246	1	148	135	230	166	200	141	133	102	104	156	162	108	132
1246	1	156	135	232	172	204	141	135	112	106	158	162	110	148
1247	1	150	135	218	168	192	137	139	108	102	156	168	110	132
1247	1	150	135	222	170	194	137	139	122	106	156	168	114	148
1248	1	148	135	220	164	186	137	135	104	102	156	168	108	122
1248	1	158	135	222	176	198	143	135	112	110	158	170	108	132
1249	1	148	135	220	168	202	133	135	98	102	156	162	108	132
1249	1	168	147	236	176	208	133	137	104	104	158	168	112	136
1250	1	150	135	224	170	192	133	133	108	100	156	168	108	132
1250	1	150	135	228	190	200	139	135	108	106	156	170	110	148
1251	1	148	135	220	170	188	131	135	106	110	156	168	108	134
1251	1	150	135	224	170	198	137	135	108	110	156	168	110	134
1252	1	148	135	224	168	196	135	131	104	110	158	168	108	136
1252	1	166	147	234	170	198	139	139	108	110	168	168	108	144
1253	1	148	135	222	168	188	131	133	110	102	174	168	108	142
1253	1	150	135	226	170	192	135	135	112	104	176	172	110	146
1254	1	148	135	222	174	202	133	135	108	104	160	162	108	132
1254	1	148	135	232	176	204	141	135	108	108	172	162	108	148
1255	1	148	135	230	170	186	131	135	110	106	158	162	108	146
1255	1	148	147	232	176	192	143	139	110	110	158	168	108	148
1256	1	150	135	222	172	188	137	133	98	104	162	166	108	132
1256	1	162	135	226	174	202	141	135	102	106	178	168	108	142
1257	1	158	135	214	164	198	121	135	104	106	156	162	108	132
1257	1	158	147	226	172	198	139	135	108	110	156	168	108	152
1258	1	148	135	224	164	194	121	133	108	104	156	168	108	136
1258	1	150	147	230	170	198	135	133	112	104	170	172	108	144
1259	1	148	135	220	172	188	121	133	-9	104	158	168	108	-9
1259	1	152	135	230	176	200	139	133	-9	104	162	168	108	-9
1260	1	148	135	224	170	186	135	133	110	106	156	162	108	134
1260	1	150	137	228	186	206	145	135	112	114	160	166	112	144
1261	1	148	135	222	170	192	133	135	106	104	156	162	108	144
1261	1	148	147	224	184	204	139	135	110	110	156	162	110	148
1262	1	148	135	222	170	188	135	133	102	106	156	168	108	134
1262	1	150	135	228	170	194	137	135	110	120	172	168	108	142
1263	1	150	135	218	170	180	133	133	98	102	156	160	108	132
1263	1	158	147	232	170	204	139	137	108	114	168	168	108	146
1264	1	148	135	222	170	186	135	133	108	100	158	162	110	136
1264	1	160	135	224	172	200	135	135	112	104	172	162	110	136
1265	1	148	135	224	178	186	131	133	108	102	156	160	106	134
1265	1	166	145	228	162	204	145	135	108	104	156	164	108	144
1266	1	148	135	232	170	200	133	133	108	106	156	162	108	132
1266	1	150	135	234	186	202	149	135	108	106	168	168	108	132
1267	1	152	135	224	164	196	133	131	104	106	156	162	108	132
1267	1	162	145	228	186	202	133	133	106	110	160	162	110	132
1268	1	148	135	222	164	196	133	133	108	106	160	168	110	132
1268	1	148	147	228	170	204	135	135	112	110	170	172	110	144
1269	1	150	135	224	168	196	133	135	104	104	156	168	108	146
1269	1	158	135	240	190	196	143	135	112	110	156	168	108	146
1270	1	148	135	220	170	188	121	133	106	102	168	162	110	134
1270	1	148	147	228	186	202	141	137	108	104	168	168	110	136
1271	1	148	135	222	174	194	131	133	110	106	156	162	108	132
1271	1	158	135	222	176	202	133	135	110	110	156	162	110	144
1272	1	148	135	230	186	194	131	133	104	102	160	162	110	136
1272	1	150	135	236	190	202	133	135	106	104	162	168	110	144
1273	1	158	135	220	170	186	133	133	110	104	156	168	108	132
1273	1	160	147	224	184	198	135	133	112	108	158	172	110	134
1274	1	150	135	226	172	186	135	133	106	104	160	162	108	132
1274	1	160	135	228	176	194	135	135	112	110	168	170	108	134
1275	1	148	135	222	162	198	127	135	108	106	156	168	108	132
1275	1	154	151	228	168	202	133	135	114	106	162	168	110	132
1276	1	150	135	224	176	188	141	133	-9	106	158	162	108	132
1276	1	160	137	224	180	192	143	135	-9	110	172	168	108	134
1277	1	148	135	224	170	186	137	135	112	106	158	168	108	144
1277	1	170	135	228	180	188	141	135	112	110	172	170	110	148
1278	1	148	135	216	172	198	135	135	112	104	168	168	108	132
1278	1	150	147	226	186	200	139	135	112	104	172	168	108	132
1279	1	148	135	224	176	186	133	133	100	104	156	168	108	132
1279	1	160	151	226	184	194	135	133	106	110	156	172	110	132
1280	1	148	135	218	168	186	133	135	106	102	158	162	108	132
1280	1	156	135	224	172	194	139	135	114	110	170	162	108	132
1281	1	156	135	222	170	200	145	135	106	106	156	168	108	132
1281	1	158	135	232	174	206	145	135	112	114	162	168	108	146
1282	1	148	135	222	170	192	127	133	108	104	156	168	108	132
1282	1	156	147	224	170	206	133	135	110	104	172	170	108	144
1283	1	148	135	222	178	186	133	135	106	102	156	168	108	134
1283	1	150	135	224	180	202	139	137	116	110	158	172	108	144
1284	1	148	135	228	168	188	135	135	100	104	156	162	110	132
1284	1	162	147	228	186	200	135	135	110	108	172	168	110	132
1285	1	148	135	220	168	196	135	133	106	108	156	162	108	132
1285	1	158	135	222	170	198	135	135	108	112	172	168	110	144
1286	1	148	135	222	170	194	121	129	108	102	156	168	108	132
1286	1	154	135	222	172	202	131	135	108	118	168	168	108	134
1287	1	148	135	222	168	186	135	135	108	100	156	162	108	132
1287	1	148	151	222	184	202	143	135	110	104	156	170	108	148
1288	1	148	135	222	168	188	135	133	108	102	156	168	108	132
1288	1	148	135	230	196	194	139	135	108	104	174	168	110	132
1289	1	148	147	216	172	202	133	131	102	104	156	170	108	132
1289	1	150	157	222	186	206	137	135	108	104	172	170	108	144
1290	1	150	135	222	168	204	143	133	104	104	156	168	108	132
1290	1	160	135	228	174	206	133	135	112	104	160	168	108	144
1291	1	148	135	228	168	186	131	135	108	110	168	168	108	134
1291	1	150	135	226	170	188	139	137	112	110	170	166	108	146
1292	1	150	135	224	170	194	135	133	104	110	156	162	108	132
1292	1	158	135	224	176	204	135	135	112	110	162	160	108	132
1293	1	148	135	228	166	194	133	131	106	104	170	162	108	132
1293	1	150	147	232	170	208	135	131	110	104	172	168	108	148
1294	1	152	135	228	174	186	139	133	108	108	158	162	108	134
1294	1	158	147	224	188	194	147	135	108	112	174	172	108	146
1295	1	150	135	222	164	194	133	133	108	106	156	168	108	142
1295	1	162	147	228	172	202	139	133	112	114	162	168	108	144
1296	1	148	135	230	170	204	133	135	106	102	156	162	108	132
1296	1	150	135	224	176	204	133	139	108	106	158	168	108	136
1298	1	148	135	222	184	186	137	133	106	104	162	162	108	132
1298	1	162	135	230	164	186	141	135	110	106	172	168	108	136
1299	1	148	135	226	180	190	131	133	108	106	160	162	108	148
1299	1	156	135	224	186	198	133	137	108	106	162	162	108	148
1300	1	148	135	230	170	186	131	135	108	104	156	168	108	132
1300	1	148	147	238	170	188	135	135	112	106	160	168	110	144
1301	1	150	135	222	166	194	131	135	110	104	156	168	108	132
1301	1	158	135	228	172	204	135	137	112	108	158	168	108	146
1302	1	148	135	216	164	204	135	133	106	104	168	160	108	132
1302	1	170	135	222	176	204	141	135	108	104	172	168	110	144
1303	1	148	135	224	166	204	133	135	114	104	156	160	110	132
1303	1	150	147	232	168	206	133	135	114	114	158	166	110	148
1304	1	148	135	222	168	192	121	131	108	104	172	168	110	134
1304	1	150	147	222	186	200	137	135	114	112	178	168	110	148
1305	1	148	135	220	176	196	137	131	108	98	156	162	108	148
1305	1	148	135	224	172	206	139	135	114	110	158	168	108	148
1306	1	148	137	216	170	-9	133	133	108	104	156	162	108	132
1306	1	150	147	228	172	-9	133	135	108	110	168	168	108	144
1307	1	148	135	222	170	188	133	133	108	106	156	168	108	132
1307	1	148	135	228	176	202	137	133	118	110	170	170	108	148
1308	1	148	135	222	176	188	135	135	108	112	156	162	108	132
1308	1	150	147	230	164	200	141	139	108	118	158	168	108	148
1309	1	154	135	222	168	186	133	133	108	104	156	168	108	136
1309	1	160	135	230	172	200	137	139	110	112	156	168	108	144
1310	1	148	135	222	184	186	121	133	106	104	156	168	108	142
1310	1	148	135	234	186	188	133	135	108	110	156	168	108	144
1311	1	146	135	220	164	186	121	131	112	100	156	168	108	132
1311	1	148	135	228	178	204	133	133	112	114	156	170	108	132
1312	1	148	135	220	170	198	133	133	110	100	160	172	108	144
1312	1	150	151	228	174	204	135	133	120	104	168	162	108	148
1313	1	148	135	220	184	202	135	135	108	106	156	166	108	122
1313	1	158	135	222	164	202	143	135	118	106	156	168	108	148
1314	1	150	135	232	174	186	135	133	98	106	156	162	108	132
1314	1	158	135	230	186	202	137	135	116	110	156	162	110	136
1315	1	148	135	222	184	198	133	133	110	106	156	162	108	132
1315	1	160	147	224	172	202	135	137	116	106	168	162	108	146
1316	1	148	135	222	186	204	133	131	104	104	156	168	108	132
1316	1	164	135	224	188	206	137	135	106	104	160	168	110	148
1317	1	150	135	220	170	188	131	135	108	102	156	162	108	134
1317	1	162	135	230	184	196	137	135	112	104	156	162	108	144
1318	1	148	135	224	170	188	133	131	112	106	156	172	108	134
1318	1	160	161	238	184	198	133	135	112	118	156	160	110	136
1319	1	148	135	224	170	186	135	135	108	106	158	168	108	132
1319	1	158	145	232	188	198	139	135	110	110	160	168	110	132
1320	1	148	135	222	168	198	135	133	112	106	156	162	108	132
1320	1	150	147	224	188	200	135	135	112	110	156	166	108	132
1321	1	148	135	216	170	190	133	135	104	104	156	168	108	144
1321	1	158	135	222	186	202	137	141	106	110	156	168	108	150
1322	1	156	135	222	170	186	143	129	110	104	156	168	108	132
1322	1	158	135	232	176	210	143	135	110	106	172	168	110	132
1323	1	148	135	232	170	202	139	131	112	102	160	162	108	134
1323	1	150	147	234	164	204	141	135	112	106	168	168	110	144
1061	2	148	135	226	164	186	135	135	108	106	158	162	108	136
1061	2	160	135	232	192	188	135	135	114	118	170	162	108	144
1063	2	160	135	216	162	198	133	131	106	110	156	168	108	144
1063	2	160	135	230	172	200	135	135	106	112	172	168	108	144
1065	2	148	135	222	164	194	133	135	108	104	156	162	108	148
1065	2	148	135	224	182	204	133	135	112	104	156	168	108	154
1066	2	148	135	220	166	194	133	135	106	104	156	160	110	144
1066	2	158	135	222	170	198	141	135	108	106	168	168	110	152
1067	2	148	147	224	170	186	133	135	-9	106	156	162	100	130
1067	2	148	155	236	184	198	135	135	-9	116	172	166	108	132
1069	2	148	135	224	170	186	133	133	108	106	156	166	108	132
1069	2	148	147	242	182	202	135	135	108	110	168	168	110	134
1070	2	148	135	228	172	198	133	131	106	104	162	160	108	132
1070	2	160	135	240	182	206	135	135	108	110	172	162	110	144
1072	2	148	135	220	170	190	133	135	108	108	170	160	110	132
1072	2	148	147	222	188	202	135	135	110	110	172	162	114	132
1073	2	148	135	220	172	188	133	135	106	104	156	162	108	132
1073	2	148	135	226	180	188	133	135	116	110	158	168	108	134
1074	2	148	135	222	170	184	135	135	108	104	156	168	108	132
1074	2	158	135	224	186	204	135	135	110	106	172	168	108	136
1075	2	152	147	222	168	196	133	135	108	110	156	162	108	132
1075	2	162	147	228	186	200	133	135	108	114	168	168	108	132
1076	2	148	147	222	168	194	131	133	108	104	160	162	108	132
1076	2	162	147	228	182	196	133	135	108	114	168	168	110	142
1077	2	148	135	224	174	198	133	135	114	102	156	162	108	132
1077	2	166	151	228	186	198	141	135	122	108	158	168	110	144
1078	2	148	135	224	168	190	133	131	108	102	156	162	110	132
1078	2	148	151	224	190	202	139	135	108	102	160	168	110	152
1082	2	148	147	222	166	198	133	133	104	104	170	168	108	134
1082	2	150	147	222	174	200	137	135	108	110	172	168	108	136
1083	2	-9	135	224	168	186	117	133	98	106	156	168	108	132
1083	2	-9	135	230	170	198	137	135	108	112	162	168	108	134
1084	2	148	135	222	168	198	135	135	106	104	156	160	110	132
1084	2	152	135	228	170	202	143	135	108	116	160	168	110	132
1085	2	148	135	224	170	186	131	133	108	102	160	162	108	132
1085	2	158	135	230	186	196	133	133	122	112	172	162	108	144
1086	2	148	135	224	166	186	135	133	108	104	156	162	108	146
1086	2	148	145	224	184	198	141	139	110	106	158	168	108	148
1087	2	148	135	220	166	188	133	131	106	106	156	160	108	132
1087	2	152	135	242	166	192	135	137	112	110	160	168	110	142
1088	2	148	135	222	166	-9	133	135	98	102	156	168	108	134
1088	2	162	135	242	170	-9	135	137	106	110	170	168	110	142
1089	2	150	135	216	168	186	131	135	108	100	156	162	108	132
1089	2	150	135	222	172	196	137	135	116	112	160	168	110	142
1090	2	148	147	224	168	196	133	131	108	104	156	168	108	132
1090	2	150	147	226	170	196	145	133	114	110	156	168	108	132
1091	2	148	135	222	168	188	135	135	106	100	156	162	108	132
1091	2	148	157	226	172	206	141	139	110	106	156	168	108	132
1092	2	150	135	224	172	186	135	133	108	106	156	168	108	132
1092	2	158	135	230	188	198	143	139	108	114	156	168	110	132
1093	2	148	135	224	176	186	133	135	108	104	156	168	110	132
1093	2	148	135	228	180	204	137	139	108	108	156	168	112	146
1094	2	148	135	222	168	202	129	135	102	110	156	162	108	132
1094	2	148	147	222	170	204	133	135	104	114	156	168	110	136
1096	2	154	135	222	168	186	135	131	102	106	156	168	108	142
1096	2	162	135	236	168	198	143	135	108	110	160	168	108	144
1098	2	150	135	222	174	186	135	133	108	102	158	168	108	132
1098	2	150	157	226	178	194	137	133	110	110	170	168	110	148
1100	2	148	135	224	164	186	139	131	106	110	158	168	108	132
1100	2	148	135	238	172	202	145	141	116	116	170	172	110	132
1102	2	148	135	222	168	186	127	131	108	106	156	168	108	144
1102	2	154	147	228	176	202	139	135	108	110	156	168	108	144
1104	2	148	135	224	186	200	133	135	110	102	156	168	110	144
1104	2	148	147	234	190	200	145	135	110	104	156	168	110	146
1106	2	148	135	230	172	186	139	131	108	100	158	168	108	132
1106	2	148	135	232	176	198	143	135	108	114	168	168	108	142
1108	2	148	135	226	168	198	139	133	108	104	156	162	108	134
1108	2	148	135	228	186	208	143	135	112	110	158	168	110	144
1110	2	152	135	220	178	186	137	135	102	100	168	168	108	132
1110	2	160	135	222	186	202	141	137	108	106	172	168	110	150
1112	2	148	135	224	176	200	135	135	108	102	156	168	108	132
1112	2	150	135	224	184	202	145	141	110	110	156	172	110	134
1114	2	152	135	224	176	188	121	133	104	102	158	162	108	132
1114	2	172	135	236	190	202	135	135	106	104	160	168	108	132
1116	2	148	135	220	170	186	133	135	104	106	156	160	108	132
1116	2	148	135	228	174	186	143	135	104	108	160	168	110	146
1118	2	148	135	232	170	188	135	133	108	100	156	162	108	132
1118	2	166	135	220	184	196	141	135	110	110	160	162	108	132
1120	2	160	135	222	176	196	117	129	110	106	156	160	108	132
1120	2	170	135	224	190	204	133	135	112	106	156	168	110	144
1122	2	150	135	224	166	188	133	131	98	106	156	160	108	132
1122	2	156	135	224	176	190	137	135	104	106	156	162	108	132
1124	2	148	135	220	170	194	131	133	108	102	156	162	108	132
1124	2	150	135	222	176	208	133	135	110	108	156	168	114	136
1126	2	150	135	224	170	186	133	131	98	106	156	168	108	136
1126	2	150	157	232	172	188	135	133	108	114	168	168	108	148
1128	2	148	135	222	172	198	133	133	102	106	156	162	108	132
1128	2	152	147	230	184	200	135	135	106	110	156	170	108	148
1130	2	148	147	222	164	186	133	133	106	106	160	168	108	142
1130	2	152	151	222	170	202	143	135	110	110	172	168	110	144
1131	2	148	147	222	172	188	131	131	110	104	156	162	108	132
1131	2	154	155	228	174	202	135	135	110	112	172	168	110	144
1132	2	160	147	222	172	204	137	135	-9	106	156	162	108	134
1132	2	168	135	224	176	208	137	135	-9	116	156	172	108	148
1133	2	150	135	224	164	194	135	135	106	110	156	168	108	132
1133	2	158	135	224	168	200	143	139	110	110	158	168	110	134
1134	2	150	135	224	176	196	133	133	112	104	156	162	108	132
1134	2	158	135	224	178	200	137	135	112	104	158	168	108	136
1135	2	148	135	222	164	198	133	129	110	110	168	168	108	132
1135	2	152	135	226	170	198	137	131	110	104	168	168	108	148
1136	2	148	135	220	168	186	137	135	108	100	158	168	108	132
1136	2	148	135	222	186	208	143	135	112	114	172	168	108	148
1137	2	150	135	228	168	186	133	135	108	108	156	162	108	132
1137	2	162	147	230	170	188	137	137	112	110	160	162	112	134
1138	2	160	135	214	168	-9	133	131	104	104	160	162	110	132
1138	2	160	135	226	174	-9	133	133	108	106	168	172	112	146
1139	2	148	149	214	180	188	121	135	98	110	150	166	108	130
1139	2	160	143	222	182	194	123	143	108	110	154	180	104	130
1140	2	150	135	226	168	188	135	135	106	106	156	168	108	132
1140	2	160	135	226	170	198	139	135	106	110	156	168	108	148
1141	2	160	135	222	188	-9	133	135	108	104	156	162	110	132
1141	2	160	151	222	162	-9	135	135	114	110	160	162	108	132
1142	2	148	135	216	170	204	133	131	106	102	156	162	108	132
1142	2	150	147	226	170	206	141	133	110	104	156	168	108	144
1143	2	148	135	222	178	188	131	-9	98	104	156	162	108	134
1143	2	150	135	224	190	204	135	-9	108	114	172	168	110	148
1145	2	148	135	228	164	194	133	133	108	100	156	166	116	132
1145	2	162	147	230	170	202	139	137	108	110	174	168	116	146
1146	2	152	135	224	172	194	131	135	106	106	156	162	108	146
1146	2	158	135	238	176	204	133	135	114	106	160	168	110	146
1147	2	160	135	224	164	192	133	133	108	102	160	168	108	132
1147	2	162	135	224	186	206	139	135	108	102	172	168	110	136
1148	2	148	135	214	186	186	131	135	106	104	156	162	108	136
1148	2	158	147	230	186	202	141	139	120	110	156	162	108	136
1149	2	148	135	224	168	188	137	133	110	102	156	168	108	134
1149	2	164	135	228	190	200	137	135	112	108	172	168	108	134
1150	2	150	135	216	168	202	133	133	108	106	156	168	108	132
1150	2	150	147	232	186	202	133	135	120	116	156	170	108	134
1151	2	148	135	220	168	202	133	133	108	104	156	168	108	146
1151	2	154	135	230	168	208	137	135	112	106	156	168	108	146
1152	2	148	135	222	174	190	137	131	98	104	156	168	108	132
1152	2	162	135	230	176	208	141	137	106	112	158	168	108	132
1153	2	154	135	224	162	198	141	135	104	102	156	168	108	132
1153	2	170	145	238	170	200	143	135	106	104	168	168	110	134
1170	2	148	135	222	172	186	135	133	108	104	160	168	108	132
1170	2	150	135	222	194	186	137	135	108	116	172	168	108	136
1172	2	148	135	216	170	-9	133	133	108	110	158	162	108	132
1172	2	150	135	224	170	-9	139	135	112	110	162	168	108	132
1154	2	148	135	222	168	180	135	135	110	102	156	162	108	132
1154	2	148	135	230	168	194	135	135	112	106	160	168	108	134
1155	2	148	135	220	176	202	135	135	98	104	158	168	108	132
1155	2	164	135	222	188	202	137	137	110	104	174	168	108	132
1156	2	148	147	222	164	196	135	133	108	106	162	168	108	134
1156	2	154	151	230	164	200	135	135	110	116	170	172	108	144
1182	2	154	135	222	176	188	133	133	104	102	158	168	108	132
1182	2	158	135	230	186	200	139	135	112	104	160	172	108	132
1166	2	148	135	224	174	186	139	133	112	100	158	162	108	144
1166	2	160	147	236	190	196	143	135	112	110	162	168	110	148
1167	2	148	135	228	188	196	133	133	108	104	160	168	108	132
1167	2	150	135	234	162	204	137	135	112	104	168	168	108	148
1168	2	148	135	224	168	204	133	135	102	106	156	162	108	134
1168	2	170	135	228	184	204	135	139	114	110	158	162	110	134
1157	2	150	135	216	168	180	133	131	108	102	156	162	108	132
1157	2	160	135	224	170	192	133	139	108	108	162	168	108	132
1185	2	160	135	224	-9	-9	133	131	110	102	156	162	108	144
1185	2	170	135	228	-9	-9	135	135	112	114	156	168	108	144
1173	2	148	135	224	176	186	121	133	108	102	156	162	108	132
1173	2	150	135	230	178	198	133	135	108	106	172	168	108	136
1174	2	148	135	222	168	188	133	131	106	102	156	168	108	132
1174	2	150	135	224	168	188	135	135	112	120	160	172	110	144
1175	2	150	135	216	184	180	131	135	110	102	156	162	108	132
1175	2	158	147	232	190	200	137	135	110	104	160	168	110	144
1176	2	160	135	224	186	196	133	135	104	104	156	160	108	132
1176	2	174	135	230	188	198	135	135	110	106	160	162	110	148
1158	2	160	135	224	168	188	131	133	110	108	160	160	108	144
1158	2	160	135	232	188	192	133	135	110	116	160	168	110	148
1159	2	148	135	224	172	202	139	133	108	100	156	168	110	132
1159	2	150	135	236	162	204	145	133	108	106	156	168	112	148
1160	2	150	135	228	164	200	135	133	116	102	158	162	108	132
1160	2	158	135	236	172	200	137	133	116	114	172	168	108	132
1190	2	148	135	226	176	186	133	129	108	106	172	168	108	132
1190	2	148	147	238	186	200	135	135	114	110	174	170	108	144
1161	2	148	135	220	166	190	137	135	104	104	160	160	108	132
1161	2	152	147	224	186	190	139	137	108	106	160	168	110	132
1162	2	150	135	228	174	188	121	131	106	106	-9	160	108	134
1162	2	168	135	236	186	202	133	135	108	120	-9	162	108	148
1163	2	148	135	216	172	204	131	131	108	104	156	162	108	136
1163	2	158	135	222	184	204	139	135	112	114	162	168	108	148
1164	2	148	151	222	172	180	139	133	108	104	158	162	108	132
1164	2	152	157	222	178	188	139	133	110	104	172	168	108	144
1165	2	152	135	220	164	200	133	133	108	104	156	162	108	132
1165	2	158	147	226	186	204	135	135	112	114	156	168	110	146
1197	2	148	135	230	168	186	135	133	108	100	156	168	108	132
1197	2	148	135	230	186	186	145	135	108	106	168	170	110	132
1199	2	150	135	220	170	184	135	135	106	110	156	162	108	132
1199	2	170	135	224	176	204	135	137	114	114	156	170	112	136
1201	2	148	135	224	172	186	133	135	106	102	172	168	108	132
1201	2	152	135	224	176	202	135	139	108	104	176	168	110	144
1203	2	148	135	224	168	190	131	135	108	104	156	168	108	142
1203	2	148	147	228	186	200	143	135	112	112	160	170	110	142
1205	2	150	135	228	180	188	133	135	108	104	162	162	108	132
1205	2	160	147	236	184	198	139	135	108	104	168	168	108	148
1207	2	148	135	216	164	198	133	133	108	102	162	168	108	146
1207	2	160	147	222	164	200	141	135	122	104	162	170	108	148
1210	2	148	135	226	164	188	133	135	102	106	156	168	110	146
1210	2	158	147	228	188	194	139	135	112	110	168	168	110	148
1212	2	150	135	222	164	186	131	133	110	104	156	160	108	136
1212	2	154	135	226	172	188	135	135	110	116	156	166	108	142
1214	2	148	135	224	184	190	121	133	108	104	156	162	108	132
1214	2	166	135	224	164	204	133	135	108	106	156	168	108	136
2005	3	148	135	228	170	188	133	135	114	110	156	162	108	132
2005	3	148	151	236	170	204	139	135	122	120	170	168	108	132
2007	3	150	135	220	170	198	137	133	108	104	156	168	108	132
2007	3	170	135	224	176	200	139	135	110	106	160	170	108	146
2010	3	148	135	228	170	186	133	131	102	102	156	168	108	132
2010	3	150	135	230	188	200	143	135	110	110	156	170	108	134
2018	3	148	135	214	188	190	133	133	108	106	156	168	110	142
2018	3	162	157	228	164	202	133	135	114	106	158	168	112	144
2020	3	150	135	224	168	198	133	133	108	100	172	168	108	132
2020	3	152	135	226	184	204	135	135	108	104	174	160	108	148
2023	3	148	135	224	170	186	133	133	106	106	156	168	108	142
2023	3	160	135	224	192	188	141	135	122	110	158	168	110	144
2025	3	150	135	216	172	186	137	135	106	102	156	168	108	132
2025	3	150	135	230	180	188	139	139	108	110	158	172	112	144
2026	3	148	135	220	182	186	127	133	110	106	158	166	108	132
2026	3	170	147	232	186	194	133	135	112	110	158	168	108	142
2027	3	150	135	216	170	188	131	133	104	104	172	168	108	132
2027	3	162	135	224	176	202	139	135	112	106	172	168	110	144
2043	3	148	135	222	166	188	133	133	106	102	156	162	108	142
2043	3	162	135	228	170	200	137	135	108	116	158	162	108	144
2051	3	148	135	222	170	-9	123	135	110	106	156	160	108	132
2051	3	148	137	226	188	-9	133	143	110	106	158	162	108	128
2052	3	148	135	220	186	180	135	133	104	106	156	166	108	132
2052	3	156	147	228	186	180	137	135	108	110	172	168	108	134
2054	3	148	147	220	168	188	121	135	106	116	156	162	108	132
2054	3	148	157	222	184	204	137	139	108	116	172	168	108	146
2055	3	148	135	218	164	200	135	131	98	106	160	162	108	132
2055	3	150	147	222	176	200	141	139	110	110	168	168	108	148
2057	3	148	135	228	170	186	133	135	104	104	156	168	108	132
2057	3	156	147	228	176	204	139	135	112	106	156	172	108	132
2059	3	148	135	216	170	186	135	135	108	104	160	168	108	132
2059	3	160	135	226	194	188	139	137	112	110	162	168	110	144
2060	3	148	135	222	166	180	121	135	106	104	156	162	108	132
2060	3	158	147	230	184	180	133	135	110	106	168	168	112	132
2062	3	160	135	220	176	186	133	131	108	100	162	168	108	132
2062	3	164	137	232	180	198	135	135	120	104	168	168	108	134
2063	3	148	135	216	168	186	141	133	106	104	156	162	110	132
2063	3	148	135	226	170	198	145	135	112	114	168	162	114	146
2075	3	150	135	226	186	198	141	131	108	102	172	168	108	132
2075	3	152	147	224	172	200	143	135	108	110	172	168	110	136
2076	3	150	135	216	170	194	133	133	108	106	156	166	108	148
2076	3	158	135	222	172	204	135	135	110	106	156	168	110	148
2078	3	152	135	218	170	186	133	135	106	98	158	162	108	132
2078	3	160	135	228	164	194	137	135	112	102	170	168	108	132
2079	3	150	135	220	170	194	135	135	108	102	156	168	108	132
2079	3	160	155	226	164	202	141	137	110	118	156	168	110	142
2081	3	148	135	218	168	186	135	133	106	102	156	168	108	132
2081	3	156	135	220	168	196	139	135	108	104	160	168	108	132
2082	3	158	135	220	164	190	133	133	104	104	158	162	108	122
2082	3	162	147	222	170	200	143	135	108	110	160	162	110	142
2086	3	148	135	224	170	194	135	131	108	104	156	160	108	136
2086	3	148	147	224	170	206	135	135	112	106	172	162	108	144
2087	3	148	135	222	176	200	131	133	108	104	156	162	108	132
2087	3	150	135	222	194	200	139	133	112	104	158	162	110	148
2089	3	148	147	220	172	192	135	131	108	106	168	162	108	132
2089	3	164	157	220	178	200	135	135	112	110	168	166	112	146
2090	3	150	135	220	170	198	131	133	108	104	156	162	108	132
2090	3	150	147	222	186	202	139	135	112	106	172	162	108	132
2092	3	148	135	216	170	186	135	135	106	104	156	168	108	132
2092	3	150	135	222	176	206	139	135	112	110	156	168	108	150
2093	3	150	135	222	170	192	135	133	108	110	158	168	108	132
2093	3	160	135	228	172	204	139	135	108	116	172	168	110	132
2096	3	146	135	228	170	190	127	133	108	100	156	160	108	144
2096	3	148	147	236	176	202	135	135	116	110	156	162	108	146
1000	4	146	135	222	164	190	135	133	98	102	160	160	108	134
1000	4	160	135	224	170	192	135	135	108	106	170	162	108	146
1001	4	150	135	220	164	194	133	131	106	104	156	162	108	132
1001	4	162	135	222	170	200	135	133	108	104	160	168	110	132
1002	4	148	135	226	164	186	133	133	108	106	168	168	108	132
1002	4	152	135	226	186	200	135	133	110	110	168	168	108	144
1003	4	148	135	220	168	188	139	135	108	106	160	160	108	132
1003	4	150	147	228	172	194	143	135	110	110	174	168	108	136
1004	4	148	135	218	172	188	133	131	106	102	156	168	108	134
1004	4	150	151	222	190	200	145	133	112	106	168	172	110	134
1005	4	150	135	222	170	188	137	131	108	102	172	162	108	132
1005	4	162	151	226	176	206	143	135	108	112	176	162	110	132
1006	4	148	135	224	170	204	135	133	102	107	172	162	108	132
1006	4	158	147	228	172	204	137	135	108	118	174	168	110	134
1007	4	154	135	224	170	200	133	133	110	102	162	160	108	132
1007	4	160	135	234	186	200	135	133	112	102	172	162	114	132
1008	4	148	137	220	164	200	135	135	106	100	156	164	108	132
1008	4	160	151	224	168	202	139	135	114	106	156	168	108	144
1009	4	148	135	224	168	196	135	131	106	102	164	162	110	144
1009	4	150	135	226	170	206	145	135	114	110	172	168	114	148
1010	4	148	135	224	164	188	131	133	98	110	156	168	108	148
1010	4	150	135	228	172	192	141	135	102	112	172	168	108	152
1011	4	148	135	224	172	186	135	133	102	102	156	162	108	132
1011	4	156	135	226	192	202	143	137	106	106	156	168	110	132
1012	4	148	135	224	166	188	133	135	110	100	156	162	108	146
1012	4	160	147	224	176	202	133	135	112	110	156	172	108	148
1013	4	148	135	228	176	188	133	135	108	104	156	166	108	144
1013	4	148	135	228	176	194	137	139	114	106	160	168	110	146
1014	4	148	135	216	164	188	137	139	108	106	156	162	108	132
1014	4	154	135	224	186	188	145	139	110	108	156	164	112	134
1015	4	154	135	222	176	204	133	135	106	106	156	162	108	132
1015	4	164	135	240	188	208	137	139	108	106	168	168	110	148
1016	4	148	135	222	166	188	135	133	106	110	158	162	110	134
1016	4	162	147	224	168	188	143	135	112	110	160	162	112	144
1017	4	154	135	222	168	188	133	131	106	102	164	166	108	134
1017	4	158	135	234	188	202	139	133	106	106	172	168	108	146
1018	4	150	135	220	164	194	121	135	-9	102	156	168	108	132
1018	4	156	147	222	190	198	139	135	-9	104	156	168	108	132
1019	4	150	135	222	172	200	133	131	-9	106	156	162	110	136
1019	4	160	135	234	194	208	135	135	-9	110	172	168	110	146
1020	4	150	135	220	172	196	135	135	98	104	156	162	108	132
1020	4	150	147	236	190	200	135	135	114	114	172	168	108	132
1021	4	148	135	224	168	188	137	133	108	102	156	168	108	132
1021	4	158	147	224	168	188	137	135	108	108	166	168	110	134
1022	4	150	135	224	168	180	135	133	106	110	156	168	108	132
1022	4	158	157	230	172	200	141	135	108	110	156	170	108	132
1023	4	148	135	222	170	200	133	133	106	104	156	168	108	132
1023	4	148	135	238	170	200	135	135	118	106	162	168	110	132
1024	4	148	135	224	176	194	133	131	108	104	160	162	108	132
1024	4	162	135	226	190	202	145	133	108	112	168	168	108	136
1025	4	152	135	224	168	200	121	133	112	102	156	162	108	132
1025	4	156	147	226	172	206	133	135	120	104	160	168	110	132
1026	4	148	135	222	164	186	133	133	110	100	156	162	108	132
1026	4	160	135	228	170	202	141	135	114	110	168	164	108	132
1027	4	158	135	224	182	186	137	133	108	102	156	168	108	132
1027	4	160	135	226	190	204	141	141	114	108	172	168	110	142
1028	4	156	135	226	164	196	131	131	108	98	158	166	108	134
1028	4	158	135	226	166	204	135	133	112	106	170	170	110	144
1030	4	148	135	222	170	200	135	133	102	106	156	164	108	144
1030	4	168	135	228	174	204	135	135	108	114	158	168	108	144
1031	4	156	135	224	172	192	133	135	98	100	156	162	110	132
1031	4	162	135	224	178	202	143	135	108	106	172	168	110	144
1032	4	148	135	216	164	186	121	131	110	104	156	162	108	122
1032	4	168	157	234	166	206	135	135	112	114	160	168	110	146
1033	4	148	135	224	164	186	133	133	98	102	156	168	108	132
1033	4	150	135	228	168	188	133	135	108	102	156	168	108	144
1034	4	150	135	222	176	186	133	133	108	104	156	162	108	132
1034	4	150	135	224	186	204	135	135	110	104	168	166	110	136
1035	4	150	135	222	170	186	131	133	104	106	156	168	108	134
1035	4	154	147	228	172	200	133	137	106	106	156	168	108	134
1036	4	160	135	224	176	186	131	133	106	104	-9	162	108	132
1036	4	160	135	224	184	188	133	135	110	106	-9	168	110	146
1037	4	148	135	222	164	188	135	133	108	106	156	168	108	144
1037	4	148	157	224	188	202	139	135	108	106	156	168	110	144
1038	4	148	135	222	168	188	131	131	108	104	156	162	108	132
1038	4	148	147	226	186	202	133	133	110	104	160	168	110	144
1039	4	150	135	216	168	194	135	133	108	102	162	168	108	132
1039	4	154	135	218	170	198	135	135	110	108	168	168	108	132
1040	4	148	135	218	188	186	137	135	-9	102	172	168	106	132
1040	4	150	135	226	192	192	137	139	-9	104	172	168	108	144
1041	4	148	135	228	180	200	135	133	102	106	156	168	108	132
1041	4	148	135	230	184	202	139	133	112	106	172	168	108	148
1042	4	148	135	214	170	188	133	131	108	106	156	166	108	132
1042	4	166	135	230	170	200	137	135	110	114	172	168	110	132
1043	4	148	135	216	168	202	133	133	102	102	158	162	108	132
1043	4	150	135	228	168	202	133	133	110	110	162	168	110	132
1044	4	148	135	220	168	192	133	135	102	102	156	162	108	144
1044	4	158	135	220	168	198	139	139	106	106	160	168	114	148
1045	4	146	135	220	168	194	127	135	108	106	164	168	108	144
1045	4	158	135	230	174	202	135	139	108	114	168	170	108	146
1046	4	150	135	222	184	202	135	133	106	104	158	168	108	132
1046	4	162	157	232	186	204	135	133	108	110	170	168	108	146
1047	4	160	135	228	172	186	121	133	108	104	158	162	108	132
1047	4	162	135	238	176	198	135	135	118	114	158	162	108	146
1048	4	150	135	222	164	186	127	133	104	104	156	162	108	144
1048	4	168	135	234	172	206	135	135	104	104	158	166	110	146
1049	4	148	135	220	168	186	133	131	108	110	156	164	108	144
1049	4	150	135	234	170	192	133	135	112	110	172	166	110	146
1050	4	148	135	218	168	188	133	135	104	104	156	168	108	132
1050	4	148	135	224	170	202	139	137	110	110	160	172	110	132
1051	4	148	135	224	184	198	137	133	108	110	156	168	110	144
1051	4	162	135	230	186	202	139	135	110	110	156	168	110	148
1052	4	148	135	224	172	192	133	135	108	104	156	164	108	134
1052	4	160	147	228	184	200	141	135	112	104	172	168	110	148
1053	4	148	135	216	184	188	121	131	108	108	158	162	108	132
1053	4	150	151	228	194	192	135	133	112	114	162	162	110	136
1054	4	148	147	226	170	188	133	139	108	106	156	160	108	132
1054	4	150	147	226	170	200	135	139	112	106	158	168	108	144
1055	4	148	135	226	162	188	133	135	104	106	156	162	108	134
1055	4	148	147	234	176	190	135	135	110	116	156	168	108	136
1056	4	158	135	224	184	188	133	131	108	102	156	166	108	132
1056	4	158	145	230	186	204	135	133	114	106	158	168	108	150
1057	4	148	135	216	180	184	135	131	110	106	160	168	108	146
1057	4	148	135	224	192	186	137	135	112	114	162	168	110	146
1058	4	148	135	214	170	192	133	135	108	98	156	162	110	134
1058	4	150	147	232	174	198	135	135	122	116	162	162	112	148
1059	4	148	135	224	170	202	135	135	106	106	158	168	108	134
1059	4	148	147	224	176	204	135	139	112	110	172	168	110	142
1060	4	148	135	220	168	186	135	133	108	110	156	160	108	134
1060	4	158	135	222	176	198	135	135	112	112	156	168	108	134
